#Variance for the Conditional distribution of radius given mass from initial fitting w/o bootstrap
3.124045009636625819e-02
2.938145906097149387e-02
2.938373758591046950e-02
2.939413118371007883e-02
2.942358462666137126e-02
2.948875859954162154e-02
2.961234195791109455e-02
2.982233024347027625e-02
3.014948997600690184e-02
3.062236224583637229e-02
3.125995185450658465e-02
3.206378811300747422e-02
3.301263680860221095e-02
3.406327842136954581e-02
3.515837884924429002e-02
3.623867999455247096e-02
3.725445285374152232e-02
3.817217751724056446e-02
3.897552174298032912e-02
3.966229481348226144e-02
4.023982880412736024e-02
4.072062098859771662e-02
4.111907694792252266e-02
4.144945988695084016e-02
4.172480568633982201e-02
4.195648732814137583e-02
4.215416127331992474e-02
4.232590918480181458e-02
4.247845980452809311e-02
4.261742672851147329e-02
4.274752998659919062e-02
4.287278789086214348e-02
4.299667543508384898e-02
4.312225016896817364e-02
4.325224824776950638e-02
4.338915367244386423e-02
4.353524340052430941e-02
4.369261048689744575e-02
4.386316697302432982e-02
4.404862804299467666e-02
4.425047910498654258e-02
4.446992799297790760e-02
4.470784542307095627e-02
4.496469812279722811e-02
4.524048053427869032e-02
4.553465242597003193e-02
4.584609079193182474e-02
4.617306467901825806e-02
4.651324069736362254e-02
4.686372471675671197e-02
4.722114166720737388e-02
4.758175081366169262e-02
4.794158904722357201e-02
4.829663050632667515e-02
4.864294806647333214e-02
4.897686150643359299e-02
4.929505861447961573e-02
4.959467878517329065e-02
4.987335302643249035e-02
5.012919882085215689e-02
5.036077210402922777e-02
5.056698113238460024e-02
5.074696795303906827e-02
5.089996262161509966e-02
5.102511354032316510e-02
5.112129474646021077e-02
5.118688818752167163e-02
5.121953658976222123e-02
5.121586130854782065e-02
5.117114088850585607e-02
5.107895224539915624e-02
5.093079122908722445e-02
5.071571877721438998e-02
5.042013095924163107e-02
5.002783385234584046e-02
4.952071744993479657e-02
4.888044076215547484e-02
4.809158019846255377e-02
4.714648728085293894e-02
4.605142940399483548e-02
4.483237484273113610e-02
4.353749085392245866e-02
4.223326119035554493e-02
4.099332594337495861e-02
3.988321490661854429e-02
3.894716873897380305e-02
3.820233743084480715e-02
3.764137454942535072e-02
3.724036842606045367e-02
3.696783652755331745e-02
3.679182967535166854e-02
3.668418289146111594e-02
3.662229306858907213e-02
3.658927448767950591e-02
3.657327424966678314e-02
3.656647845353578480e-02
3.656410271665087169e-02
3.656349842712147691e-02
3.656341462999194297e-02
3.646934375542164319e-02
