1.565494843765015503e+03
1.587832740255501903e+03
1.591197364277906672e+03
1.639066353867247017e+03
1.597905189262197155e+03
1.600085549975260847e+03
1.611547668747608668e+03
1.647177442649642217e+03
1.597573574824841216e+03
1.635868396725209095e+03
1.595649561674736560e+03
1.617500981446647074e+03
1.590520671862323297e+03
1.600053653645220948e+03
1.620909843562309788e+03
1.619660173931940335e+03
1.610129990400278530e+03
1.600996680561848052e+03
1.650263174563965322e+03
1.632736708186716669e+03
1.533502227865511259e+03
1.602478940509700124e+03
1.599330949253328072e+03
1.624636577790626461e+03
1.620879112091408615e+03
1.602487361162984598e+03
1.625896232767295487e+03
1.614167857898766215e+03
1.587786473947773175e+03
1.651470836887667474e+03
1.655826389994185774e+03
1.593136548218252301e+03
1.607231985030095075e+03
1.618551170771966781e+03
1.644008645643099953e+03
1.611596172692987238e+03
1.630501990898601207e+03
1.644005612562238184e+03
1.608605563882578736e+03
1.621927576755553218e+03
1.597954867129409649e+03
1.604218930067505426e+03
1.659987833191744357e+03
1.634693620739635207e+03
1.631131513630602058e+03
1.620214800314729928e+03
1.644244231343031970e+03
1.558875332628761953e+03
1.656625399587137281e+03
1.564044008183243022e+03
1.578314273155422370e+03
1.635307704568873987e+03
1.615947307915134161e+03
1.580225243991906382e+03
1.584489132059165058e+03
1.621076111787595437e+03
1.603482582868109603e+03
1.574876151432193865e+03
1.602778654072792278e+03
1.620491321101386802e+03
1.581955215597542065e+03
1.631495363197593178e+03
1.615336469147846628e+03
1.596770476020964452e+03
1.604469542032522440e+03
1.624251695310932746e+03
1.628607598310893991e+03
1.604232585306482633e+03
1.627754837454595418e+03
1.598738901924852598e+03
1.580470023773255889e+03
1.640840894471463798e+03
1.593444296329000053e+03
1.591493266025205912e+03
1.570258994612897141e+03
1.541730039364867253e+03
1.599867934453045336e+03
1.640518546188700157e+03
1.599331544838497621e+03
1.637943364293504828e+03
1.605730625295713935e+03
1.593272233742068465e+03
1.614848226804678234e+03
1.559560190240352085e+03
1.624854506282996681e+03
1.616779815069738106e+03
1.615379737791834259e+03
1.601251873101363799e+03
1.596451283929946158e+03
1.601158918408113777e+03
1.647777094475582999e+03
1.611788645768186370e+03
1.648155598143398038e+03
1.652486467947964684e+03
1.596921579738452010e+03
1.565445702514278537e+03
1.624171137306459059e+03
1.553476686566893932e+03
1.644727554172205600e+03
1.603846681820259846e+03
