-1.121905488020083164e+00
-1.121134624926484413e+00
-1.108819639313276983e+00
-1.046173050036067975e+00
-7.529679480090786248e-01
-1.245575369995754328e-01
1.179210490514355919e-01
2.337536611786164009e-01
2.951188545324704426e-01
3.293312588762663529e-01
3.492271684825872802e-01
3.612818674208723158e-01
3.689065587917929601e-01
3.739785421437352708e-01
3.775873710479729084e-01
3.804126345201965798e-01
3.829241303809528540e-01
3.854949267274184188e-01
3.884716477176043403e-01
3.922247530604158205e-01
3.971914705669307710e-01
4.039194708352971119e-01
4.131176476926531893e-01
4.257201391797476031e-01
4.429697651394920999e-01
4.665243133353718097e-01
4.985730102872734659e-01
5.418857534400631781e-01
5.995079925763846518e-01
6.733592440947488988e-01
7.610647763016100686e-01
8.538060417488002596e-01
9.408371925354398480e-01
1.016054666590745281e+00
1.078394436028075054e+00
1.129119195028035705e+00
1.170047074908478812e+00
1.202910481374593665e+00
1.229202153276434784e+00
1.250170525716989722e+00
1.266849218134360244e+00
1.280089263327403470e+00
1.290587852182390582e+00
1.298913456385473619e+00
1.305528021160782481e+00
1.310806703843502952e+00
1.315055443341038410e+00
1.318526627292745612e+00
1.321433217938227767e+00
1.323961843904806868e+00
1.326285543509223563e+00
1.328577073840411682e+00
1.331024030531926083e+00
1.333847549935635257e+00
1.337327258846578770e+00
1.341836728017545166e+00
1.347896671912232502e+00
1.356259118964038501e+00
1.368048793398638496e+00
1.385019422073064055e+00
1.410069860544540088e+00
1.448454899424617359e+00
1.511383740185460844e+00
1.632126117490517281e+00
1.942755709105626671e+00
2.161839371434539192e+00
2.252160351120902071e+00
2.301700352454889575e+00
2.331954409318814481e+00
2.351368670166956942e+00
2.364145571825176262e+00
2.372661686957560523e+00
2.378367868918504158e+00
2.382192963578254830e+00
2.384749523552652573e+00
2.386448820340902444e+00
2.387569731951205476e+00
2.388302160861287327e+00
2.388775426719649264e+00
2.389077316273088947e+00
2.389267082194110881e+00
2.389384402233519999e+00
2.389455583470518452e+00
2.389497861595156980e+00
2.389522372457336896e+00
2.389536195181087397e+00
2.389543746318008033e+00
2.389547721903972022e+00
2.389549726400798768e+00
2.389550686536435986e+00
2.389551118907569993e+00
2.389551299435978216e+00
2.389551367986753938e+00
2.389551390973582823e+00
2.389551397381805664e+00
2.389551398448633179e+00
2.389551397536740840e+00
2.389551393233427579e+00
2.389551354568478114e+00
2.059551915184206550e+00
