-1.421429422973037315e+00
-1.420660648784618285e+00
-1.408727268591214221e+00
-1.356996056712072907e+00
-1.230047071712651263e+00
-1.021656974121134986e+00
-7.780416407256004474e-01
-5.603063279570541511e-01
-3.975675767766895241e-01
-2.872009710546226113e-01
-2.153313816692053462e-01
-1.688907554355361662e-01
-1.385898889288559310e-01
-1.184395094102904944e-01
-1.046908061618189861e-01
-9.498997522600342858e-02
-8.782328770840293342e-02
-8.217417639327563583e-02
-7.731319437367781267e-02
-7.266682303764836204e-02
-6.773222007784304721e-02
-6.201886142701218407e-02
-5.500666656802421367e-02
-4.611578809584630095e-02
-3.468729147935062374e-02
-1.997729047410733497e-02
-1.169982159317098326e-03
2.258297188350563353e-02
5.208933317626205511e-02
8.800604909372970741e-02
1.306982194058970981e-01
1.800890217139214933e-01
2.355392604723482997e-01
2.958042388161983838e-01
3.591058613095344243e-01
4.233253529601060383e-01
4.862776763520329504e-01
5.459956530570531097e-01
6.009495268613088692e-01
6.501568735649729813e-01
6.931799780772881503e-01
7.300407662805249442e-01
7.610958013248250165e-01
7.869083197829787046e-01
8.081402901880351264e-01
8.254735899094297613e-01
8.395598517333957567e-01
8.509938176908740104e-01
8.603038385185788339e-01
8.679538786497158487e-01
8.743528460122549362e-01
8.798685999450319706e-01
8.848453237703971519e-01
8.896240264775953088e-01
8.945667998488517902e-01
9.000861528061777639e-01
9.066812714350740432e-01
9.149832855878876625e-01
9.258111995443576436e-01
9.402382815792813542e-01
9.596639431687438160e-01
9.858761345704361023e-01
1.021071201009637441e+00
1.067770912092714353e+00
1.128547115278308643e+00
1.205460036600477070e+00
1.299191019088661303e+00
1.408058459355819414e+00
1.527399595554905565e+00
1.649922146985085103e+00
1.767247265082246166e+00
1.872065941485107743e+00
1.959820790351518349e+00
2.029172141168565258e+00
2.081351532447858865e+00
2.119040943485820616e+00
2.145363173184557493e+00
2.163237099965695354e+00
2.175084037537935000e+00
2.182766989899495247e+00
2.187647707786950058e+00
2.190685194872636021e+00
2.192535649733609926e+00
2.193637433199933540e+00
2.194277121129769803e+00
2.194638168657614408e+00
2.194835494687223498e+00
2.194939410411531178e+00
2.194991811472764009e+00
2.195016912384827101e+00
2.195028215730663756e+00
2.195032934481949471e+00
2.195034724978781160e+00
2.195035323057099141e+00
2.195035485352383020e+00
2.195035502494189661e+00
2.195035451603160048e+00
2.195035240527240195e+00
2.195033371220222129e+00
3.103407458939043129e-01
