-1.719003255956407683e+00
-1.718927632894851509e+00
-1.717744503116898080e+00
-1.712404957812191597e+00
-1.697626825608294254e+00
-1.666217615752700221e+00
-1.609169227473271402e+00
-1.512116326431458546e+00
-1.336101637805964915e+00
-9.772195229384538218e-01
-7.492664116306441136e-01
-6.581832559239150227e-01
-6.110839150541327314e-01
-5.835533296517488866e-01
-5.662837397764038938e-01
-5.548952020834015952e-01
-5.470623577528699322e-01
-5.414440725473312899e-01
-5.372121532657385679e-01
-5.338190955527150061e-01
-5.308733248254248194e-01
-5.280668537534990437e-01
-5.251299166763422344e-01
-5.217999494281853057e-01
-5.177983318189464113e-01
-5.128114232967971864e-01
-5.064741950272563242e-01
-4.983558961922203157e-01
-4.879479800058943995e-01
-4.746550173227752634e-01
-4.577894638167047670e-01
-4.365708161211686034e-01
-4.101290111620677359e-01
-3.775117315865766932e-01
-3.376980746576120906e-01
-2.896327579682426712e-01
-2.323281994898233338e-01
-1.651560750736855987e-01
-8.855417569903520358e-02
-5.266194511987691042e-03
7.877708811870046124e-02
1.561232066443871969e-01
2.216320311225163098e-01
2.741602538809686518e-01
3.151433354868993786e-01
3.467944445491177308e-01
3.711996616177171693e-01
3.900605646363900503e-01
4.046953977774702116e-01
4.161094650088246749e-01
4.250695595172090391e-01
4.321657829308250820e-01
4.378595821487278883e-01
4.425207940013110020e-01
4.464569608651748345e-01
4.499378153558160065e-01
4.532174335227859285e-01
4.565563344619063546e-01
4.602457890426957521e-01
4.646367582513357686e-01
4.701761307405892820e-01
4.774531086416000103e-01
4.872584189105865216e-01
5.006581253711214208e-01
5.190820083095686321e-01
5.444248444911093943e-01
5.791623774560374915e-01
6.265060930117758442e-01
6.906945928613502650e-01
7.777283220837003519e-01
8.975102199117002133e-01
1.071117091547858058e+00
1.359456231167307294e+00
1.708070443751885881e+00
1.847450289642500465e+00
1.910124168763459362e+00
1.944111688164026130e+00
1.964021201837224728e+00
1.976081899249985119e+00
1.983480006681992425e+00
1.988020387679916068e+00
1.990786651170722177e+00
1.992450216051175671e+00
1.993433079540234409e+00
1.994001134887962490e+00
1.994320918110447760e+00
1.994495438324282333e+00
1.994587272337803086e+00
1.994633562423376860e+00
1.994655731914348973e+00
1.994665714695832648e+00
1.994669882687254425e+00
1.994671465331301574e+00
1.994671995998364755e+00
1.994672143881508264e+00
1.994672168392771505e+00
1.994672147092288350e+00
1.994672047083318578e+00
1.994671151553876198e+00
-1.275131765333393119e+00
