2.042105506396561451e-02
4.462896293741521608e-03
4.462895017010908884e-03
4.462899373822461040e-03
4.462934102294477574e-03
4.463098523872561195e-03
4.463682980876024567e-03
4.465396720050844419e-03
4.469771304755482122e-03
4.479827779313505683e-03
4.501119274533183987e-03
4.543268654320111594e-03
4.622072100683999839e-03
4.762043051562376422e-03
4.998764005383756100e-03
5.379410567521387791e-03
5.958400670399189268e-03
6.784411672435483771e-03
7.877802864013887935e-03
9.206279120948835520e-03
1.067667557296082814e-02
1.215725181561409102e-02
1.352181811001074152e-02
1.468725841102736657e-02
1.562424304465651753e-02
1.634479779684611805e-02
1.688242915922278167e-02
1.727624565839459489e-02
1.756214635441580643e-02
1.776950316386550002e-02
1.792088711777954299e-02
1.803305917199096720e-02
1.811826636460227638e-02
1.818543247718299588e-02
1.824111788305393320e-02
1.829024663693823091e-02
1.833664059188664167e-02
1.838340670648641595e-02
1.843321730675425915e-02
1.848851360356911291e-02
1.855165382046959632e-02
1.862501980886014860e-02
1.871108997839072280e-02
1.881248144131277000e-02
1.893196019472798836e-02
1.907241486464556976e-02
1.923678720431279757e-02
1.942795169714151698e-02
1.964853810671064391e-02
1.990069568361081329e-02
2.018580687202864432e-02
2.050417187337357297e-02
2.085470182844786219e-02
2.123467387066242662e-02
2.163960981909822390e-02
2.206333500531499139e-02
2.249825020217892380e-02
2.293580940316634550e-02
2.336714875541950204e-02
2.378377251685279831e-02
2.417818519096260471e-02
2.454437180964529064e-02
2.487806586165599090e-02
2.517679260858200069e-02
2.543971836324691524e-02
2.566736251508706240e-02
2.586123560118054956e-02
2.602345733367393554e-02
2.615639012746998407e-02
2.626230277660838303e-02
2.634305947837509501e-02
2.639981256498540041e-02
2.643266210275299968e-02
2.644022991950061713e-02
2.641907787848989456e-02
2.636288127674256410e-02
2.626125726609614131e-02
2.609817559795397229e-02
2.585002409082311561e-02
2.548383739184167593e-02
2.495721584203297594e-02
2.422326909927054878e-02
2.324567855184923176e-02
2.202677691211417377e-02
2.063877489881361590e-02
1.922831115942896449e-02
1.796830138392665685e-02
1.698132082998628223e-02
1.629759759019067805e-02
1.587294951298316714e-02
1.563365948114392792e-02
1.551067445458033899e-02
1.545325265941860718e-02
1.542926320073332962e-02
1.542055644382897724e-02
1.541794855482492461e-02
1.541735976983581342e-02
1.541727562411126552e-02
1.541727048881232423e-02
1.541727044827388010e-02
