3.639512732626715708e-01
-2.873316984963697474e-01
-2.873316995630324500e-01
-2.873316951673194342e-01
-2.873316604470546043e-01
-2.873314961277827484e-01
-2.873309120222182211e-01
-2.873291990121329964e-01
-2.873248241890957733e-01
-2.873147556866819663e-01
-2.872933857589740625e-01
-2.872508676302032438e-01
-2.871706050358933671e-01
-2.870255168542069635e-01
-2.867725096787034911e-01
-2.863442589724118914e-01
-2.856367728794823591e-01
-2.844899465283862727e-01
-2.826555727320804179e-01
-2.797408581647346515e-01
-2.750989795525428105e-01
-2.675905162968358342e-01
-2.549863480616573197e-01
-2.323966710989602003e-01
-1.931504042329568183e-01
-1.541436954468726750e-01
-1.301209733617865183e-01
-1.155447949978736510e-01
-1.062346032160522286e-01
-1.000593272498158520e-01
-9.584976538193674955e-02
-9.291473237150804643e-02
-9.082332104105680926e-02
-8.929629593057965276e-02
-8.814701869335617168e-02
-8.724716211153890622e-02
-8.650581672157638125e-02
-8.585625720826831064e-02
-8.524727455017833133e-02
-8.463730914501239877e-02
-8.399033299122438123e-02
-8.327283070488299133e-02
-8.245146459007568485e-02
-8.149115116958001448e-02
-8.035336452798098883e-02
-7.899453670587083809e-02
-7.736445902544111797e-02
-7.540460644193808237e-02
-7.304631142911359454e-02
-7.020870230260681244e-02
-6.679628678293378363e-02
-6.269599311048146273e-02
-5.777335885816858169e-02
-5.186735171721105347e-02
-4.478297069123714919e-02
-3.628024024991460816e-02
-2.605737997116332194e-02
-1.372475409880453100e-02
1.234920976729232895e-03
1.952275255848949162e-02
4.207863113103220420e-02
7.001111674783956629e-02
1.038937498654438768e-01
1.416136764501771672e-01
1.773613928393939776e-01
2.065805377982866675e-01
2.289231910059454922e-01
2.458138857073279560e-01
2.586783587575996468e-01
2.685871268311466609e-01
2.763067791762202630e-01
2.823937614919465600e-01
2.872661428028933095e-01
2.912533646903024964e-01
2.946322251140562898e-01
2.976562738683468101e-01
3.005844615431320088e-01
3.037146736199257124e-01
3.074288113971070380e-01
3.122583574995402289e-01
3.189829183140197033e-01
3.287795655604727196e-01
3.434523560521495211e-01
3.658149102593203916e-01
4.004968545809891589e-01
4.564240433195050350e-01
5.589500414066967959e-01
7.622089257554180985e-01
8.478808412278459050e-01
8.780362607252581997e-01
8.914822314032555539e-01
8.976865798457476231e-01
9.004431354987064706e-01
9.015701437425077680e-01
9.019757009788149649e-01
9.020968188919978870e-01
9.021241411677004551e-01
9.021280452821801576e-01
9.021282835899916419e-01
9.021282855147931823e-01
