1.131204312275015278e+00
-1.717348858797936029e-01
-1.717349133620724166e-01
-1.717348048566169627e-01
-1.717339461472727480e-01
-1.717298817029179192e-01
-1.717154321457965704e-01
-1.716730417094542438e-01
-1.715646861892042574e-01
-1.713147876257640478e-01
-1.707819644338933185e-01
-1.697119314350677421e-01
-1.676552471482240791e-01
-1.638105692695759064e-01
-1.566875952424083285e-01
-1.432824520076591279e-01
-1.170160053655464882e-01
-6.705596596149474009e-02
-2.596614006761384114e-03
5.061982419300047054e-02
8.949233585277620306e-02
1.174971869893813997e-01
1.375335078656032273e-01
1.517516301172610882e-01
1.617780715688728332e-01
1.688375498494973370e-01
1.738329059881016936e-01
1.774152644198902229e-01
1.800473725672329939e-01
1.820566972814648965e-01
1.836768192979543468e-01
1.850781379335462995e-01
1.863900498582118925e-01
1.877168974201712526e-01
1.891496610666437428e-01
1.907749568228326031e-01
1.926825552260187091e-01
1.949724173351266854e-01
1.977621619193964952e-01
2.011959494815106220e-01
2.054560256854470190e-01
2.107786689010942016e-01
2.174771039076893453e-01
2.259750207172474268e-01
2.368548493069222716e-01
2.509206108118633427e-01
2.692483346007743528e-01
2.930907002554307139e-01
3.232443262124205519e-01
3.585722904416430157e-01
3.953862979931428989e-01
4.298963789134947477e-01
4.603845597071211104e-01
4.867196857363086382e-01
5.093369284097033489e-01
5.287516964101648398e-01
5.454201730812809901e-01
5.597211995087050251e-01
5.719691080440236775e-01
5.824299925377034448e-01
5.913346586349828016e-01
5.988875559943961369e-01
6.052725416026334404e-01
6.106565511651212974e-01
6.151921214187083820e-01
6.190195016357733504e-01
6.222689158629904904e-01
6.250634309012103040e-01
6.275228761453844895e-01
6.297693813533857821e-01
6.319354024484750143e-01
6.341757082410202084e-01
6.366859526452973705e-01
6.397327253306948069e-01
6.437047377482139066e-01
6.492057452007607976e-01
6.572381104278531838e-01
6.696117561369204774e-01
6.900388142670018654e-01
7.281039386109954270e-01
8.216370731568388708e-01
9.658052291210272866e-01
1.036061187024090779e+00
1.076742265239654550e+00
1.103159915552192283e+00
1.120721888033277880e+00
1.132207076495515663e+00
1.139447033303130352e+00
1.143799357160246721e+00
1.146278537513921281e+00
1.147608434812531497e+00
1.148274330104316343e+00
1.148581279610658035e+00
1.148708781779165466e+00
1.148754951272619174e+00
1.148768769192775041e+00
1.148771888181238099e+00
1.148772333916113553e+00
1.148772361127140762e+00
1.148772361350600679e+00
