0.000000000000000000e+00
0.000000000000000000e+00
0.000000000000000000e+00
0.000000000000000000e+00
0.000000000000000000e+00
8.708628126106897259e-13
3.833394776569000484e-12
5.971852819143405217e-12
7.427158735416780068e-12
8.295922215875991581e-12
8.658784782553564065e-12
8.849970756832881558e-12
8.869942987192788610e-12
8.916060658613020399e-12
8.920193438899481903e-12
8.952040714321030342e-12
8.912302685806038954e-12
8.969562433899562891e-12
9.014781574790847488e-12
8.917208151153980638e-12
8.955403198079105488e-12
8.974747999124710392e-12
0.000000000000000000e+00
0.000000000000000000e+00
0.000000000000000000e+00
0.000000000000000000e+00
0.000000000000000000e+00
6.221416772255825204e-13
3.643945034667563543e-12
5.907950655171216591e-12
7.405022186772605658e-12
8.268652056971449005e-12
8.751836747092464325e-12
8.809832248166352144e-12
8.966565585032157643e-12
8.898274890854980954e-12
8.953519030626292133e-12
8.878029773474472315e-12
8.973940718245228621e-12
8.903461532650015289e-12
8.935312954077112561e-12
8.918238295923082833e-12
8.970403162022576668e-12
8.924607276520691906e-12
5.429302334015132653e-02
0.000000000000000000e+00
0.000000000000000000e+00
0.000000000000000000e+00
0.000000000000000000e+00
2.808539546883141254e-13
3.492440870993743069e-12
5.857668099141699275e-12
7.394070511723918904e-12
8.214137230910298765e-12
8.592978327963102163e-12
8.821356564996423739e-12
8.968531822822192378e-12
8.906985110069624415e-12
8.981349727350033587e-12
8.960041463499436021e-12
8.918468125141545014e-12
8.933648097227275359e-12
8.933707400980554379e-12
9.001331986556089897e-12
8.967577595476911657e-12
8.932654783859867160e-12
0.000000000000000000e+00
0.000000000000000000e+00
0.000000000000000000e+00
0.000000000000000000e+00
0.000000000000000000e+00
0.000000000000000000e+00
3.242439177670066309e-12
5.749336994363338973e-12
7.298609967638664187e-12
8.188243837253701367e-12
8.658692377490528836e-12
8.686733692075117986e-12
8.965972143951515252e-12
8.941979273942058430e-12
8.897230351730075964e-12
8.914225469348955992e-12
8.925307750981623449e-12
8.941701499377592042e-12
8.869033808186327427e-12
8.952573025868950224e-12
8.928300559041970798e-12
8.977576109681839656e-12
0.000000000000000000e+00
0.000000000000000000e+00
0.000000000000000000e+00
0.000000000000000000e+00
0.000000000000000000e+00
0.000000000000000000e+00
3.153517617883208538e-12
5.605210837206716593e-12
7.322923578015689382e-12
8.229405919036727979e-12
8.666411768414445013e-12
8.768934365663756595e-12
8.923321643985424092e-12
8.882086023490305615e-12
9.005002072090212144e-12
8.998752707021576090e-12
8.897947774982107367e-12
8.865152912037304438e-12
8.947272999385054038e-12
9.027682772151064910e-12
8.913323126844082467e-12
9.013279818049833452e-12
0.000000000000000000e+00
0.000000000000000000e+00
0.000000000000000000e+00
0.000000000000000000e+00
0.000000000000000000e+00
0.000000000000000000e+00
3.143524342659003502e-12
5.584831101823385943e-12
7.176352601992960114e-12
8.129850791057692695e-12
8.504759928063605732e-12
8.735901893689025367e-12
8.858860324430744101e-12
8.822580549235239282e-12
8.941251414938955063e-12
8.930053622917562684e-12
9.031748977281447308e-12
8.991965840653458593e-12
8.939804141830552939e-12
8.853383535792184659e-12
8.964843028939480511e-12
8.959600635658666750e-12
0.000000000000000000e+00
0.000000000000000000e+00
0.000000000000000000e+00
0.000000000000000000e+00
0.000000000000000000e+00
0.000000000000000000e+00
3.259515865351986136e-12
5.441534364518940507e-12
6.963505334106645640e-12
7.832493199750177026e-12
8.428394540700986608e-12
8.609497186480857758e-12
8.819426961201358727e-12
8.868472002590152124e-12
8.899585026319677813e-12
8.943081012138738234e-12
8.868925646989220260e-12
8.843543233763814954e-12
8.961840469901007462e-12
8.903091379858356237e-12
8.904382103415285841e-12
8.895276284382099712e-12
0.000000000000000000e+00
0.000000000000000000e+00
0.000000000000000000e+00
0.000000000000000000e+00
0.000000000000000000e+00
2.465720760265830558e-13
2.806987682295425848e-12
4.803138821735564628e-12
6.186909780822132360e-12
7.129165629350239275e-12
7.816686027249770530e-12
8.310849225334562075e-12
8.494905048373782878e-12
8.677920824269102237e-12
8.848704735270899668e-12
8.919757161138177912e-12
8.848425847769673600e-12
8.889077562614882514e-12
8.893811177564639479e-12
8.897183323208783764e-12
8.958093366347169948e-12
8.940379053974661989e-12
0.000000000000000000e+00
0.000000000000000000e+00
0.000000000000000000e+00
0.000000000000000000e+00
0.000000000000000000e+00
0.000000000000000000e+00
1.370126647574841774e-12
2.862034986570293546e-12
4.396951145357726711e-12
5.668352964819829915e-12
6.564557376142941614e-12
7.292858008740956618e-12
7.905179532701487888e-12
8.314633116882824819e-12
8.611980926328657600e-12
8.846929055512958454e-12
8.865873323390977771e-12
9.003710498624137823e-12
8.910871958055193747e-12
8.914107572107027981e-12
8.999126940325078766e-12
8.973207403305403231e-12
1.415914325776418304e-12
0.000000000000000000e+00
0.000000000000000000e+00
0.000000000000000000e+00
4.767565175066702521e-01
0.000000000000000000e+00
0.000000000000000000e+00
0.000000000000000000e+00
6.808163595200723936e-13
2.415976251052989840e-12
3.996931444903027816e-12
5.224840041906707981e-12
6.432118633707033864e-12
7.488150035400208656e-12
8.016222121445489758e-12
8.538723984218518844e-12
8.808378261153347016e-12
8.830813720316901353e-12
8.934773756984421932e-12
8.890271380377727575e-12
8.968596375243214426e-12
8.910291979893212280e-12
5.202578269046582460e-12
2.056888420655988345e-12
0.000000000000000000e+00
0.000000000000000000e+00
0.000000000000000000e+00
0.000000000000000000e+00
0.000000000000000000e+00
0.000000000000000000e+00
0.000000000000000000e+00
0.000000000000000000e+00
0.000000000000000000e+00
1.279211103142159847e-12
3.353292986723910564e-12
5.191140919806319292e-12
6.910575139437192214e-12
7.823895681214032128e-12
8.503998684498306721e-12
8.657404393463269794e-12
8.936275424196892999e-12
8.980498766779490839e-12
9.009496064784323158e-12
8.963569576141164015e-12
7.087295387372305270e-12
4.476545602584614508e-12
9.074781974765916934e-13
0.000000000000000000e+00
0.000000000000000000e+00
0.000000000000000000e+00
0.000000000000000000e+00
0.000000000000000000e+00
0.000000000000000000e+00
0.000000000000000000e+00
0.000000000000000000e+00
0.000000000000000000e+00
0.000000000000000000e+00
1.480955077067599906e-12
4.237744150786136266e-12
6.513791566309243813e-12
7.808409212736079887e-12
8.602630695830503700e-12
8.791070698206511299e-12
8.865171696655869182e-12
8.908502755033576416e-12
8.934054043619142689e-12
7.986586371661228566e-12
5.896293956235633162e-12
1.896030611636612767e-12
0.000000000000000000e+00
0.000000000000000000e+00
0.000000000000000000e+00
0.000000000000000000e+00
0.000000000000000000e+00
0.000000000000000000e+00
0.000000000000000000e+00
0.000000000000000000e+00
0.000000000000000000e+00
0.000000000000000000e+00
0.000000000000000000e+00
0.000000000000000000e+00
3.910835702600909762e-12
6.534696471305560967e-12
7.986269163302123642e-12
8.587659235616796660e-12
8.783029511925290126e-12
8.892578329404942651e-12
8.920728264284916723e-12
8.395442307599893670e-12
6.764911466593033999e-12
2.518134599473236729e-12
0.000000000000000000e+00
0.000000000000000000e+00
0.000000000000000000e+00
0.000000000000000000e+00
0.000000000000000000e+00
0.000000000000000000e+00
0.000000000000000000e+00
0.000000000000000000e+00
0.000000000000000000e+00
0.000000000000000000e+00
0.000000000000000000e+00
0.000000000000000000e+00
0.000000000000000000e+00
4.417992974152370841e-12
6.878655640073004669e-12
8.031608601506071272e-12
8.474565677935099179e-12
8.755545787927629939e-12
8.816974340934499364e-12
8.605030072473726777e-12
7.298421998181165803e-12
3.464209273708345583e-12
0.000000000000000000e+00
0.000000000000000000e+00
0.000000000000000000e+00
0.000000000000000000e+00
0.000000000000000000e+00
0.000000000000000000e+00
0.000000000000000000e+00
3.189032955624296894e-01
0.000000000000000000e+00
0.000000000000000000e+00
0.000000000000000000e+00
0.000000000000000000e+00
0.000000000000000000e+00
1.500032947959331805e-12
5.198263168393071280e-12
6.822182739951683245e-12
7.696068034889336016e-12
8.279252425256752413e-12
8.789445651947313406e-12
8.791220695635988732e-12
7.817129974599101967e-12
4.789226915251963271e-12
0.000000000000000000e+00
0.000000000000000000e+00
0.000000000000000000e+00
0.000000000000000000e+00
0.000000000000000000e+00
0.000000000000000000e+00
0.000000000000000000e+00
0.000000000000000000e+00
0.000000000000000000e+00
0.000000000000000000e+00
0.000000000000000000e+00
0.000000000000000000e+00
0.000000000000000000e+00
0.000000000000000000e+00
1.957383225362762047e-12
3.802484534995813249e-12
5.360010402099479035e-12
7.140980023291187173e-12
8.498669324546940687e-12
8.845614740081620410e-12
8.268568521926611376e-12
6.310107818678130416e-12
2.593017819483311713e-12
0.000000000000000000e+00
0.000000000000000000e+00
0.000000000000000000e+00
0.000000000000000000e+00
0.000000000000000000e+00
0.000000000000000000e+00
0.000000000000000000e+00
0.000000000000000000e+00
0.000000000000000000e+00
0.000000000000000000e+00
0.000000000000000000e+00
0.000000000000000000e+00
0.000000000000000000e+00
0.000000000000000000e+00
0.000000000000000000e+00
0.000000000000000000e+00
4.159344164439929888e-12
7.761035798203526294e-12
8.917818520094974082e-12
8.580743298997082619e-12
7.616795279823223223e-12
5.711244243514097655e-12
3.099735514832051269e-12
5.487736517044690437e-13
0.000000000000000000e+00
0.000000000000000000e+00
0.000000000000000000e+00
0.000000000000000000e+00
0.000000000000000000e+00
0.000000000000000000e+00
0.000000000000000000e+00
0.000000000000000000e+00
0.000000000000000000e+00
0.000000000000000000e+00
0.000000000000000000e+00
0.000000000000000000e+00
0.000000000000000000e+00
0.000000000000000000e+00
0.000000000000000000e+00
6.245967907068405243e-12
8.927532135039266167e-12
8.840658977538987501e-12
8.426632450325789418e-12
7.679649455775128643e-12
6.630689300534064126e-12
5.508764920232571258e-12
4.408094800876447534e-12
2.849897560139201097e-12
1.249906625091800027e-14
0.000000000000000000e+00
0.000000000000000000e+00
0.000000000000000000e+00
0.000000000000000000e+00
0.000000000000000000e+00
0.000000000000000000e+00
0.000000000000000000e+00
0.000000000000000000e+00
0.000000000000000000e+00
0.000000000000000000e+00
0.000000000000000000e+00
0.000000000000000000e+00
4.031940846876480754e-12
8.946516446516279677e-12
8.949692267820850700e-12
8.797966409637481584e-12
8.620399885904990840e-12
8.279234243467391279e-12
7.968335650643691783e-12
7.542949032780776817e-12
6.790629442046913472e-12
5.441996350155989733e-12
3.218492978702193499e-12
4.686401415983503443e-13
0.000000000000000000e+00
0.000000000000000000e+00
0.000000000000000000e+00
0.000000000000000000e+00
0.000000000000000000e+00
0.000000000000000000e+00
0.000000000000000000e+00
0.000000000000000000e+00
0.000000000000000000e+00
0.000000000000000000e+00
2.603328409143539644e-12
9.145248904474451976e-12
9.108835498012699807e-12
9.140717778452249776e-12
9.077436995608804713e-12
9.067528656105139661e-12
8.953663202128281056e-12
8.877633349317758479e-12
8.687367212469095005e-12
8.360745642041139369e-12
7.818973555354781749e-12
6.953513168033777846e-12
6.231799529088199511e-12
5.445881744724891939e-12
3.951133435422558826e-12
0.000000000000000000e+00
0.000000000000000000e+00
0.000000000000000000e+00
0.000000000000000000e+00
3.720142084934730670e-02
0.000000000000000000e+00
0.000000000000000000e+00
6.937769381834342194e-12
9.701532564348020066e-12
9.825226764848527599e-12
9.810971920189528773e-12
9.895759505305427343e-12
1.006005915949531183e-11
1.014624718350635171e-11
1.024404076753172439e-11
1.050418382493032292e-11
1.071698341831092219e-11
1.108925238731951387e-11
1.147632917866979018e-11
1.208541724977014359e-11
1.273662449030531648e-11
1.303030341834789337e-11
1.219236541309638294e-11
8.975082329323173735e-12
3.276670002290030958e-12
0.000000000000000000e+00
1.128457437475105379e-01
7.373329344327735444e-12
2.216284630220530482e-11
3.121737074774627445e-11
