#Upper limit for the Conditional distribution of mass given radius from initial fitting w/o bootstrap
7.136865434149257994e-09
-1.161852098262678767e+00
-1.161843795601096962e+00
-1.161622666226315159e+00
-1.159348250057571139e+00
-1.145007863453715968e+00
-1.064798405431315764e+00
1.160877084263835790e-01
4.187187615116377826e-01
5.293523778829095638e-01
5.745921543577782176e-01
5.956314096168179306e-01
6.093649129849202373e-01
6.234167327231939781e-01
6.421233849935015225e-01
6.683806456887023684e-01
7.034391221528438765e-01
7.458476580526157695e-01
7.912443909063491265e-01
8.342698437573226045e-01
8.711630911665925181e-01
9.006960688158734962e-01
9.234655725552786132e-01
9.408548361847769437e-01
9.543601689109471042e-01
9.653080646040766988e-01
9.747986702492746902e-01
9.837419246499160552e-01
9.929122249981813253e-01
1.002985350410257714e+00
1.014538908984528698e+00
1.028006942786639399e+00
1.043592345278255618e+00
1.061165319844863175e+00
1.080205519617883247e+00
1.099852122664924270e+00
1.119080285315311230e+00
1.136941169913519456e+00
1.152757470502423054e+00
1.166201893820437929e+00
1.177262526868926740e+00
1.186148265783536715e+00
1.193188687656554281e+00
1.198759064702865196e+00
1.203238521400844085e+00
1.206997443634760581e+00
1.210407349754286876e+00
1.213868414207016189e+00
1.217852563567509039e+00
1.222961823534548298e+00
1.229999554707470688e+00
1.240041187659230992e+00
1.254462651907355175e+00
1.274827967849647248e+00
1.302472269041643704e+00
1.337675173904752768e+00
1.378768300579605866e+00
1.422186180173031333e+00
1.464039482506942935e+00
1.502032131460670161e+00
1.536192597123380521e+00
1.568468985402931670e+00
1.602125878414626170e+00
1.641557856046129693e+00
1.692655024758845217e+00
1.763342374867661100e+00
1.861798770737535413e+00
1.986185002607710137e+00
2.117560159594555902e+00
2.240232554917672037e+00
2.351049464277978895e+00
2.450699310958119881e+00
2.539387058119980889e+00
2.616910170656404411e+00
2.683509639423892423e+00
2.740100934094328533e+00
2.787992598356986207e+00
2.828549602071718905e+00
2.862992951439885747e+00
2.892323860794941304e+00
2.917318588937867219e+00
2.938553657174160616e+00
2.956437048315802674e+00
2.971229662186879672e+00
2.983043838643350654e+00
2.991803122595087405e+00
2.997137741046825621e+00
2.998171563163912978e+00
2.993131148292346833e+00
2.978708196583760959e+00
2.949267082823087804e+00
2.896707659068575857e+00
2.814425344480251390e+00
2.713838607780277190e+00
2.633289558710744771e+00
2.591669443398058714e+00
2.576517229482420124e+00
2.572727253985767515e+00
2.572219878068820798e+00
7.136865434149257994e-09
