#Conditional distribution of radius given mass from initial fitting w/o bootstrap
5.203520404377511726e-09
-2.580447653878581438e-01
-2.580454580773454132e-01
-2.580455920563446970e-01
-2.580456343946770925e-01
-2.580456449826791787e-01
-2.580456376289155251e-01
-2.580456138587088333e-01
-2.580455612030924106e-01
-2.580454005795338457e-01
-2.580446927140817581e-01
-2.580412647542896232e-01
-2.580255197754549035e-01
-2.579590328668047716e-01
-2.576998833274196654e-01
-2.567544261181944343e-01
-2.534432094199333685e-01
-2.414468903981283887e-01
-1.579725475443001792e-01
-3.090972539989075840e-02
5.653603753029195524e-03
2.564815973849365535e-02
4.136597572110319726e-02
5.741450660370629733e-02
7.566595380637672341e-02
9.649445401393548505e-02
1.189891174063140017e-01
1.415525591229778724e-01
1.629672569423140926e-01
1.828221861181396346e-01
2.012385903555289346e-01
2.185357440960349618e-01
2.350572473063657630e-01
2.511033643993981213e-01
2.669036033453371370e-01
2.825986810608562272e-01
2.982249729807149308e-01
3.137095987173470490e-01
3.288908928260819153e-01
3.435696482024736542e-01
3.575735172090937497e-01
3.708041450774596237e-01
3.832505340983311526e-01
3.949759763487322162e-01
4.060958402826513325e-01
4.167589046776150608e-01
4.271369423782185870e-01
4.374230426991834175e-01
4.478382615657979238e-01
4.586475897080079522e-01
4.701894085259351597e-01
4.829283352145308239e-01
4.975542942099865917e-01
5.151822244204996570e-01
5.377918788466182765e-01
5.692482640016255369e-01
6.167026481746640254e-01
6.808495677342134567e-01
7.419420395487458242e-01
7.972640634297577522e-01
8.533960235158132290e-01
9.098830470648789914e-01
9.571552953374415917e-01
9.913908127941960524e-01
1.015884764850091937e+00
1.034072542156672325e+00
1.048190400820732116e+00
1.059609417469543846e+00
1.069156401138999568e+00
1.077316823577108673e+00
1.084368157711408154e+00
1.090470827888127658e+00
1.095728077825664393e+00
1.100221468969314831e+00
1.104028469266278289e+00
1.107228488076668960e+00
1.109902601992268423e+00
1.112130482796376274e+00
1.113986561228690775e+00
1.115535930661931463e+00
1.116829906737528688e+00
1.117900013474007137e+00
1.118748220976742980e+00
1.119329802525430795e+00
1.119524573668475353e+00
1.119098998517207511e+00
1.117697507744880969e+00
1.114995297460336099e+00
1.111168218888821224e+00
1.107288029318073352e+00
1.104685079524995617e+00
1.103906023347762444e+00
1.104799815236680915e+00
1.107184890610746208e+00
1.111101942010720212e+00
1.116492383464874560e+00
1.122446802072029515e+00
1.127063418249423243e+00
1.129138253447303786e+00
5.203520404377511726e-09
