#Upper limit for the Conditional distribution of mass given radius from initial fitting w/o bootstrap
-1.061457285737615885e+00
-1.005062930056603410e+00
-6.608433261510288093e-01
-1.627812447535196549e-01
4.892842308543927932e-02
1.567227078844308508e-01
2.187392046878069984e-01
2.574954253074048238e-01
2.834695262862442777e-01
3.020663668613757236e-01
3.163161728264021755e-01
3.280683543672792135e-01
3.385668588003354906e-01
3.487487384206741647e-01
3.594118479669596855e-01
3.713186505036468743e-01
3.852687573437107993e-01
4.021565969417928987e-01
4.230212692329552993e-01
4.490866244595280166e-01
4.817737631537089005e-01
5.226341273831665024e-01
5.730871731998606888e-01
6.337837389476917993e-01
7.035677492056793270e-01
7.787315263702879742e-01
8.538805542967512485e-01
9.242210434844777556e-01
9.870788495708382460e-01
1.041733288573609917e+00
1.088573664545176678e+00
1.128434015676863078e+00
1.162246355684518173e+00
1.190896254556901956e+00
1.215174584740748021e+00
1.235768800484375207e+00
1.253268719907093764e+00
1.268176787115271154e+00
1.280919096994806328e+00
1.291855923701008768e+00
1.301291393018765508e+00
1.309482249515694141e+00
1.316645777117336547e+00
1.322966979069052140e+00
1.328605158576498191e+00
1.333700080036111846e+00
1.338377938992392213e+00
1.342757433154529112e+00
1.346956317077008469e+00
1.351098956015283070e+00
1.355325597180951025e+00
1.359804394975322017e+00
1.364747741500924816e+00
1.370435314313164898e+00
1.377247753136966235e+00
1.385717627910619365e+00
1.396609733283970201e+00
1.411054078794422573e+00
1.430781208093447221e+00
1.458577787322623998e+00
1.499285494200785385e+00
1.562400846827813883e+00
1.670365654114210674e+00
1.871931611798350437e+00
2.076642584508020750e+00
2.188629605532399047e+00
2.254748928150982490e+00
2.297239567457130871e+00
2.325703068869734214e+00
2.345196295219382776e+00
2.358735104925913539e+00
2.368247980497947491e+00
2.375015512217355962e+00
2.379905079205653973e+00
2.383509955710013895e+00
2.386237535616153593e+00
2.388367645923957561e+00
2.390092050381055877e+00
2.391541601660338134e+00
2.392805058350909508e+00
2.393942178532729947e+00
2.394992839916508576e+00
2.395983383267687117e+00
2.396931009085563780e+00
2.397846808648428585e+00
2.398737838707031944e+00
2.399608528939017660e+00
2.400461626476175780e+00
2.401298821631300484e+00
2.402121156113284250e+00
2.402929284514621511e+00
2.403723638170097043e+00
2.404504525123969394e+00
2.405272189117673598e+00
2.406026842930045540e+00
2.406768686120905887e+00
2.407497913481259744e+00
2.408214717048058784e+00
2.408919268444380091e+00
1.488940992462080004e+00
