#Lower limit for the Conditional distribution of mass given radius from initial fitting w/o bootstrap
-1.597441531394364178e+00
-1.583712627475730050e+00
-1.575231311658342515e+00
-1.560136794422395168e+00
-1.537624756549955896e+00
-1.506595549058119765e+00
-1.465208285010774603e+00
-1.410077654751592524e+00
-1.334493612538059537e+00
-1.224077790862551529e+00
-1.057219913706990644e+00
-8.867749251017887913e-01
-7.812092309784129940e-01
-7.162818009318159262e-01
-6.726004475062543619e-01
-6.412129985437886592e-01
-6.175379364461771603e-01
-5.989471594980929625e-01
-5.837913202131539414e-01
-5.709562849575656740e-01
-5.596387872620465220e-01
-5.492229163674868797e-01
-5.392074206168681050e-01
-5.291606070310329590e-01
-5.186912844251991839e-01
-5.074296536562012960e-01
-4.950147906346393789e-01
-4.810868442341786344e-01
-4.652827540949658891e-01
-4.472349378021427957e-01
-4.265725928212853457e-01
-4.029258395467392173e-01
-3.759337157968486998e-01
-3.452584872835846586e-01
-3.106110872243745269e-01
-2.717956789637414050e-01
-2.287839888996575366e-01
-1.818273777627314181e-01
-1.315962083879171629e-01
-7.929124937157838726e-02
-2.661786218738615081e-02
2.447137384245003100e-02
7.220711847775705683e-02
1.153763824979659319e-01
1.534438184168675223e-01
1.864349658632052376e-01
2.147254623178236066e-01
2.388536709847322859e-01
2.593972969277980600e-01
2.769072176145931929e-01
2.918790958333243868e-01
3.047461620433764007e-01
3.158826539999396998e-01
3.256119573283592916e-01
3.342166949691073308e-01
3.419495523503094381e-01
3.490446544126544759e-01
3.557298470223159148e-01
3.622406456469713376e-01
3.688369762369175797e-01
3.758241164260601730e-01
3.835798176149126659e-01
3.925898109694060945e-01
4.034942658519210523e-01
4.171476240548219749e-01
4.346934772363465482e-01
4.576547857702579769e-01
4.880392040144383992e-01
5.284650374866669553e-01
5.823395764452383716e-01
6.542017213148736410e-01
7.505627192612914778e-01
8.822645796217505332e-01
1.072003402795816296e+00
1.373724683326619012e+00
1.688031821815961786e+00
1.823497048513591068e+00
1.887660445234765838e+00
1.923090371399903242e+00
1.944041945857028386e+00
1.956810338882757128e+00
1.964673575999158706e+00
1.969510289738700681e+00
1.972458517319337634e+00
1.974228703787540784e+00
1.975270241609508259e+00
1.975867779542893610e+00
1.976200286409150575e+00
1.976378675439238508e+00
1.976470279271094643e+00
1.976514891781447902e+00
1.976535251997819653e+00
1.976543818547294773e+00
1.976547065779107992e+00
1.976548137483788548e+00
1.976548429398908846e+00
1.976548489466404490e+00
1.976548497871093879e+00
1.976548501449724382e+00
2.062412534070486192e+00
