#Conditional distribution of radius given mass from initial fitting w/o bootstrap
6.928426937748256575e-01
-1.444841947748655708e-01
-1.444827986641266104e-01
-1.444711985835976653e-01
-1.444210446350124577e-01
-1.442643676294662058e-01
-1.438640076622393904e-01
-1.429735056928449488e-01
-1.411899285180252817e-01
-1.379138941098081439e-01
-1.323512161629608053e-01
-1.236146162803751086e-01
-1.109827585598355537e-01
-9.429323654278747024e-02
-7.427542566565399629e-02
-5.252346808991798649e-02
-3.100358511043485935e-02
-1.138664068805870198e-02
5.367046225565155412e-03
1.901905795647029426e-02
2.981842113068682715e-02
3.823753252608359104e-02
4.478874033681110728e-02
4.993189544377032996e-02
5.404364148286295438e-02
5.741842637846202024e-02
6.028186334919659328e-02
6.280659245381416123e-02
6.512658929983815292e-02
6.734875737254694683e-02
6.956185796102518082e-02
7.184323063865290238e-02
7.426380481091129915e-02
7.689182270439808009e-02
7.979558227671955384e-02
8.304540065138080185e-02
8.671490494477597510e-02
9.088167854453133021e-02
9.562722589730156264e-02
1.010361680042850957e-01
1.071945474830367090e-01
1.141871133020227885e-01
1.220934816241413812e-01
1.309831429221024468e-01
1.409094172065552542e-01
1.519026516823068773e-01
1.639631957531633710e-01
1.770549413985014475e-01
1.911004210951066651e-01
2.059785306113336989e-01
2.215258126413006123e-01
2.375418572992772648e-01
2.537987737249447484e-01
2.700539743792249037e-01
2.860648657833111397e-01
3.016036415786194635e-01
3.164703492815280628e-01
3.305027607740605444e-01
3.435822100093745002e-01
3.556352885384237994e-01
3.666319274224305591e-01
3.765808190431841895e-01
3.855233057171507105e-01
3.935268200644037040e-01
4.006787834197322873e-01
4.070816397116473473e-01
4.128494939576073941e-01
4.181066828765042098e-01
4.229885536605829111e-01
4.276447743628923326e-01
4.322456470011940000e-01
4.369921395174412027e-01
4.421306820532307502e-01
4.479741393324423449e-01
4.549306332444487122e-01
4.635416832504040685e-01
4.745296129890177461e-01
4.888495865630650417e-01
5.077308348838200924e-01
5.326703016264796586e-01
5.653082517598458923e-01
6.070825403877612159e-01
6.585784903455355055e-01
7.186630284894113263e-01
7.838537009924740895e-01
8.486450668950779042e-01
9.071063624765116629e-01
9.549594208660870942e-01
9.907540850795824028e-01
1.015561702316619686e+00
1.031806087031435837e+00
1.042142341015003026e+00
1.048815295444233575e+00
1.053459784750348405e+00
1.057147905941730581e+00
1.060524687271725108e+00
1.063948867324901126e+00
1.067607839148338122e+00
1.071601055254302937e+00
1.075995145585661339e+00
