#Lower limit for the Conditional distribution of radius given mass from initial fitting w/o bootstrap
2.460945962161144862e-01
-2.068287451952532940e-01
-2.068286104882401388e-01
-2.068275592363348625e-01
-2.068231268835796499e-01
-2.068095585113325918e-01
-2.067754228603435607e-01
-2.067001833665161603e-01
-2.065493575403331561e-01
-2.062677161998444642e-01
-2.057696449471980993e-01
-2.049251669324528846e-01
-2.035389389945831129e-01
-2.013173490939967891e-01
-1.978154042290839743e-01
-1.923535200032078507e-01
-1.839214325675426476e-01
-1.712843797143721591e-01
-1.541286423636457625e-01
-1.351881329701461465e-01
-1.185161922866645318e-01
-1.056395289272904769e-01
-9.611441583984048354e-02
-8.908796951178540868e-02
-8.383719970737663063e-02
-7.983516053353874320e-02
-7.671231585260640529e-02
-7.421082657299545027e-02
-7.214941553747331038e-02
-7.039882692552246191e-02
-6.886511544001494567e-02
-6.747828859233725995e-02
-6.618452314554515437e-02
-6.494075422210654480e-02
-6.371083963282933582e-02
-6.246277059052787739e-02
-6.116657575731766078e-02
-5.979268037467815045e-02
-5.831055743107405043e-02
-5.668755724788285960e-02
-5.488783424260212929e-02
-5.287131032716943513e-02
-5.059262651346533440e-02
-4.800003931602962737e-02
-4.503421677931041672e-02
-4.162687989039651204e-02
-3.769921803278462186e-02
-3.315998184413695982e-02
-2.790312661272808734e-02
-2.180485581705671194e-02
-1.471993133147116856e-02
-6.477261583978590094e-03
3.124730613532766300e-03
1.432109917618733762e-02
2.737645817463876460e-02
4.256122606434688260e-02
6.008114357086262458e-02
7.992119132679811888e-02
1.016036888042926162e-01
1.240305373562423791e-01
1.457300573668958432e-01
1.654658225033464325e-01
1.826347917742286164e-01
1.971937045199458893e-01
2.093955969446801568e-01
2.195888239233813322e-01
2.281184050833822141e-01
2.352907778854013698e-01
2.413674603151841347e-01
2.465696853643353781e-01
2.510864464565322196e-01
2.550832832165560449e-01
2.587112340823335965e-01
2.621163051978168679e-01
2.654503205667020360e-01
2.688844795962992418e-01
2.726275394725957146e-01
2.769513863477553461e-01
2.822279707512689861e-01
2.889832981098122144e-01
2.979767713604632995e-01
3.103193334377670198e-01
3.276584616414855433e-01
3.525087450083330687e-01
3.889977338471136692e-01
4.451299591774432463e-01
5.428315085927263306e-01
7.374849278736702596e-01
8.418723318455314519e-01
8.816018713189114342e-01
9.018485285766174586e-01
9.135379498675110232e-01
9.210392101242863561e-01
9.265418462793504339e-01
9.312477662849192317e-01
9.358318778975830421e-01
9.406703486819221194e-01
9.459745432553837707e-01
9.518757740371887044e-01
9.584775750887671864e-01
