#Upper limit for the Conditional distribution of radius given mass from initial fitting w/o bootstrap
-3.127270932631651817e-02
-3.846150527102345368e-02
-3.846101198174786684e-02
-3.845543852831151410e-02
-3.842516814712687578e-02
-3.831377901895240828e-02
-3.799115230958252654e-02
-3.719598500980368649e-02
-3.545099272053983674e-02
-3.194364363447618066e-02
-2.537351860278422994e-02
-1.381924055704038604e-02
5.097777377547585594e-03
3.292448139579194633e-02
6.754865273874358089e-02
1.027666060771696699e-01
1.331086245696925241e-01
1.567345368790745985e-01
1.741740052348330903e-01
1.867203419748512117e-01
1.956733052026145836e-01
2.020980187749359946e-01
2.067955655557265349e-01
2.103446752209937320e-01
2.131573688755644957e-01
2.155282283081772776e-01
2.176724201165581574e-01
2.197533279091645197e-01
2.219021844924932985e-01
2.242320648503103309e-01
2.268481319121606332e-01
2.298555209524227871e-01
2.333658257704774863e-01
2.375029357270671271e-01
2.424085407720418250e-01
2.482475056323322771e-01
2.552127537680051184e-01
2.635284861297125247e-01
2.734489310224750280e-01
2.852469574048803191e-01
2.991828141670939689e-01
3.154404656479254943e-01
3.340265224757466567e-01
3.546585663848363934e-01
3.767197854532837176e-01
3.993590341078693262e-01
4.217092956168059237e-01
4.430857401000950491e-01
4.630607292274589448e-01
4.814318466614156411e-01
4.981507841055553554e-01
5.132591957394059268e-01
5.268450846141669031e-01
5.390171801086706127e-01
5.498912003670101134e-01
5.595829644163821115e-01
5.682051544032257206e-01
5.758659117995090782e-01
5.826683257295994789e-01
5.887103687052051004e-01
5.940851040823810214e-01
5.988811301638659046e-01
6.031833001605387823e-01
6.070738033712741455e-01
6.106337359429732103e-01
6.139453488168092887e-01
6.170952559825617634e-01
6.201790458482991930e-01
6.233080095728947834e-01
6.266191711081162685e-01
6.302906521224985736e-01
6.345660114643857375e-01
6.397944409996356718e-01
6.465007941045490814e-01
6.555166428167403803e-01
6.682513035478532260e-01
6.873408566276557607e-01
7.186007401630909452e-01
7.796128550250108757e-01
9.250595429878605280e-01
1.033423190603329767e+00
1.087359441403894289e+00
1.120830808400606005e+00
1.143303682279548150e+00
1.158701875720301588e+00
1.169170230365198515e+00
1.176121667094812695e+00
1.180589482969751414e+00
1.183352736178763465e+00
1.184989260285672419e+00
1.185911920605678738e+00
1.186402977678231441e+00
1.186646647467384463e+00
1.186757311404659676e+00
1.186802027438293328e+00
1.186817392667767868e+00
1.186821546351126022e+00
1.186822306825111362e+00
1.186822373812656650e+00
1.186822374823148341e+00
