1.007459280902982951e-01
1.007929343533836980e-01
1.015241201453531972e-01
1.047273110148846942e-01
1.128261660638085473e-01
1.269043849435264049e-01
1.447285879877827641e-01
1.620651944976679304e-01
1.759957267807923387e-01
1.859624887336164822e-01
1.926919689788975376e-01
1.971413824856949881e-01
2.000818151585506965e-01
2.020436119154723487e-01
2.033700545653505942e-01
2.042789205300719613e-01
2.049081022669020369e-01
2.053453678897937118e-01
2.056468991339281405e-01
2.058486788701385239e-01
2.059734941408720432e-01
2.060352850516253553e-01
2.060418952886858279e-01
2.059968708254739378e-01
2.059007118881129306e-01
2.057518405472687772e-01
2.055474575252364267e-01
2.052843975964875056e-01
2.049600340564732281e-01
2.045732186784276208e-01
2.041251745683542174e-01
2.036201984985852587e-01
2.030660008728219779e-01
2.024735405866004145e-01
2.018563072909127232e-01
2.012291421754049958e-01
2.006068183837009522e-01
2.000026668351410075e-01
1.994275041052500363e-01
1.988890128553359171e-01
1.983915917129983331e-01
1.979365823455639106e-01
1.975227253644538661e-01
1.971466931793619537e-01
1.968035780394522538e-01
1.964872547075743048e-01
1.961905730970381068e-01
1.959053589787393690e-01
1.956222093299685438e-01
1.953300651226418383e-01
1.950155311777578282e-01
1.946618925287927349e-01
1.942477513993697280e-01
1.937451806059746484e-01
1.931172623359252438e-01
1.923148657734090050e-01
1.912725343023102542e-01
1.899034453123761290e-01
1.880936499559870967e-01
1.856963223118423545e-01
1.825277197767392057e-01
1.783681338731158417e-01
1.729732093817190064e-01
1.661028155237337933e-01
1.575739237901079282e-01
1.473368956371359506e-01
1.355583186249791350e-01
1.226725926344314904e-01
1.093565616838549498e-01
9.640795588661484061e-02
8.456500213406614730e-02
7.434754514373909107e-02
6.598679089999413827e-02
5.945319994811901904e-02
5.454241493387319839e-02
5.096921884425396898e-02
4.843877727875926797e-02
4.668758217926591292e-02
4.549992218875734823e-02
4.470923372550924396e-02
4.419210618945911689e-02
4.385987302234036628e-02
4.365035866733197462e-02
4.352084699349399038e-02
4.344252904939585602e-02
4.339632033200147010e-02
4.336980895526610508e-02
4.335508116452074096e-02
4.334720160760939522e-02
4.334316945420062933e-02
4.334121349251036232e-02
4.334032468193928928e-02
4.333995244751002313e-02
4.333981205916878632e-02
4.333976600827835896e-02
4.333975361892333789e-02
4.333975127409081529e-02
4.333975148786982368e-02
4.333975421156949920e-02
nan
