-1.082744501209701671e+00
-1.082130620564050849e+00
-1.072378934050410626e+00
-1.024527540700421513e+00
-8.449949248403406665e-01
-3.556341729113582373e-01
-5.905493406631261849e-02
8.430452308454070010e-02
1.614650596455506626e-01
2.051970444114208925e-01
2.310163223725569814e-01
2.469256608853110380e-01
2.572401603336045284e-01
2.643891452030910916e-01
2.698184677544748777e-01
2.744580756059602500e-01
2.789738519068737377e-01
2.839110591229087044e-01
2.897834023255989599e-01
2.971360087846139364e-01
3.065982484018032195e-01
3.189365030152128133e-01
3.351142691009940666e-01
3.563647813765304928e-01
3.842752825295854824e-01
4.208599062113533851e-01
4.685254505771780931e-01
5.296401975997873102e-01
6.051234035800031608e-01
6.919427889489045969e-01
7.822273251039001396e-01
8.672832664219802812e-01
9.421925015182652796e-01
1.005932919618534704e+00
1.059390597981976878e+00
1.103985935237681737e+00
1.141122874552265687e+00
1.172034834547745374e+00
1.197768509978243578e+00
1.219204794244302281e+00
1.237084725142691966e+00
1.252032348525613736e+00
1.264573667268231505e+00
1.275152549521356482e+00
1.284144549420224823e+00
1.291869342297659706e+00
1.298602272231781374e+00
1.304585426303700668e+00
1.310038677352294956e+00
1.315171258509313379e+00
1.320194651025842658e+00
1.325337916107307112e+00
1.330867163783426621e+00
1.337111794187280989e+00
1.344501808875962379e+00
1.353623601683740851e+00
1.365307888597121044e+00
1.380777104941381062e+00
1.401912813366405608e+00
1.431795960531011325e+00
1.475979452096969569e+00
1.546267192230977194e+00
1.677016222145902402e+00
1.967858004901540392e+00
2.165175391104732228e+00
2.251744655496880743e+00
2.300145574690340755e+00
2.330158777745759746e+00
2.349729020714768080e+00
2.362839253318790078e+00
2.371752533260815810e+00
2.377857858702988381e+00
2.382051200746817088e+00
2.384929577533697387e+00
2.386899243508605384e+00
2.388240270465641579e+00
2.389147162268669078e+00
2.389755423580666616e+00
2.390159452982878907e+00
2.390424845848716728e+00
2.390596973279652815e+00
2.390707017054968464e+00
2.390776234690208835e+00
2.390818977757785735e+00
2.390844825190954648e+00
2.390860085864242368e+00
2.390868851255951721e+00
2.390873727648885172e+00
2.390876340885821794e+00
2.390877680564368113e+00
2.390878331694515690e+00
2.390878628184223587e+00
2.390878752620740233e+00
2.390878799651931619e+00
2.390878815101771693e+00
2.390878819238183794e+00
2.390878819949013412e+00
2.390878819636078401e+00
2.390878817367108500e+00
1.107631632704243424e-12
