-1.962177655976945767e-01
-2.270529415032249421e-01
-2.270528233944216490e-01
-2.270514289796311813e-01
-2.270438504252024758e-01
-2.270159649039017735e-01
-2.269352251342701965e-01
-2.267364121809872235e-01
-2.263009668178100342e-01
-2.254288413141463387e-01
-2.238032887279325089e-01
-2.209529310216532261e-01
-2.162236440925587588e-01
-2.087863501550117906e-01
-1.977219866329678055e-01
-1.822260375343577321e-01
-1.619324891690923918e-01
-1.372535121185551321e-01
-1.095229560563537596e-01
-8.076150743304703894e-02
-5.311639245871747211e-02
-2.827850865206525330e-02
-7.175718006952494336e-03
9.994931776179025867e-03
2.353793906043589318e-02
3.400436701766858943e-02
4.200434576871323739e-02
4.810270227801692611e-02
5.277687819680438458e-02
5.641091569275846762e-02
5.930615405997508721e-02
6.169739498183776649e-02
6.376908386635288251e-02
6.566938204546934887e-02
6.752164906356078466e-02
6.943354471065425748e-02
7.150417155502167277e-02
7.382967280534802335e-02
7.650760697897038276e-02
7.964029744361576790e-02
8.333722336758855875e-02
8.771638599906669831e-02
9.290445427137659917e-02
9.903537445707343012e-02
1.062470378234755819e-01
1.146755700750060614e-01
1.244468844798805596e-01
1.356653847581263950e-01
1.484001645273304582e-01
1.626697374564351761e-01
1.784271709811773576e-01
1.955482873122313114e-01
2.138260188271900453e-01
2.329737045027856224e-01
2.526388685184262628e-01
2.724269411785597561e-01
2.919319951415911829e-01
3.107696862217081968e-01
3.286069414873478145e-01
3.451838029273101571e-01
3.603248728098320530e-01
3.739402463519920783e-01
3.860178522995717509e-01
3.966102592984505626e-01
4.058191844233171586e-01
4.137804226183178780e-01
4.206510826761974964e-01
4.266001945051505762e-01
4.318031423061009511e-01
4.364400535894355504e-01
4.406982308583567987e-01
4.447789172505068889e-01
4.489091068690724828e-01
4.533597203652456886e-01
4.584722214081232705e-01
4.646964913821823306e-01
4.726430064218937743e-01
4.831507188672293229e-01
4.973653440519645308e-01
5.168045717158028518e-01
5.433473019609240673e-01
5.790185490683301683e-01
6.253834452600706140e-01
6.824473698879147676e-01
7.474045057044094165e-01
8.142957888821704682e-01
8.756452762328142958e-01
9.254990722158724648e-01
9.615765094645426503e-01
9.850840668434305281e-01
9.990291665417934119e-01
1.006608479203051409e+00
1.010377663276508242e+00
1.012073787549456760e+00
1.012748231040786040e+00
1.012975299975101606e+00
1.013035253790198098e+00
1.013045946607515901e+00
1.013046862030341000e+00
1.013046875217532783e+00
