1.537712785886455089e-10
4.777579894503296970e-11
1.475118995295862254e-11
5.491220586326540941e-12
0.000000000000000000e+00
0.000000000000000000e+00
0.000000000000000000e+00
0.000000000000000000e+00
0.000000000000000000e+00
0.000000000000000000e+00
0.000000000000000000e+00
0.000000000000000000e+00
0.000000000000000000e+00
0.000000000000000000e+00
0.000000000000000000e+00
0.000000000000000000e+00
0.000000000000000000e+00
0.000000000000000000e+00
0.000000000000000000e+00
0.000000000000000000e+00
0.000000000000000000e+00
1.797305567319698691e-10
5.664378514318274588e-11
1.779668484477795389e-11
6.926418449180299757e-12
1.547788141526341564e-13
0.000000000000000000e+00
0.000000000000000000e+00
0.000000000000000000e+00
0.000000000000000000e+00
0.000000000000000000e+00
0.000000000000000000e+00
0.000000000000000000e+00
0.000000000000000000e+00
0.000000000000000000e+00
0.000000000000000000e+00
0.000000000000000000e+00
0.000000000000000000e+00
0.000000000000000000e+00
0.000000000000000000e+00
0.000000000000000000e+00
0.000000000000000000e+00
5.486495714352947195e-02
6.211686988781319367e-11
2.077012923766230556e-11
8.831274357187625059e-12
1.275832685695217277e-12
0.000000000000000000e+00
0.000000000000000000e+00
0.000000000000000000e+00
0.000000000000000000e+00
0.000000000000000000e+00
0.000000000000000000e+00
0.000000000000000000e+00
0.000000000000000000e+00
0.000000000000000000e+00
0.000000000000000000e+00
0.000000000000000000e+00
0.000000000000000000e+00
0.000000000000000000e+00
0.000000000000000000e+00
0.000000000000000000e+00
0.000000000000000000e+00
1.820819305098807169e-10
6.076782956986228320e-11
2.268789071051811703e-11
1.083949122108398581e-11
2.533282607323424744e-12
0.000000000000000000e+00
0.000000000000000000e+00
0.000000000000000000e+00
0.000000000000000000e+00
0.000000000000000000e+00
0.000000000000000000e+00
0.000000000000000000e+00
0.000000000000000000e+00
0.000000000000000000e+00
0.000000000000000000e+00
0.000000000000000000e+00
0.000000000000000000e+00
0.000000000000000000e+00
0.000000000000000000e+00
0.000000000000000000e+00
0.000000000000000000e+00
1.478231303584062931e-10
5.240442941024110258e-11
2.315696005319790806e-11
1.253859265529327708e-11
3.636806229619061734e-12
0.000000000000000000e+00
0.000000000000000000e+00
0.000000000000000000e+00
0.000000000000000000e+00
0.000000000000000000e+00
0.000000000000000000e+00
0.000000000000000000e+00
0.000000000000000000e+00
0.000000000000000000e+00
0.000000000000000000e+00
0.000000000000000000e+00
0.000000000000000000e+00
0.000000000000000000e+00
0.000000000000000000e+00
0.000000000000000000e+00
0.000000000000000000e+00
1.015978156278674394e-10
3.975902451709642348e-11
2.186083980867786725e-11
1.321626353864824553e-11
4.249654271455781305e-12
0.000000000000000000e+00
0.000000000000000000e+00
0.000000000000000000e+00
0.000000000000000000e+00
0.000000000000000000e+00
0.000000000000000000e+00
0.000000000000000000e+00
0.000000000000000000e+00
0.000000000000000000e+00
0.000000000000000000e+00
0.000000000000000000e+00
0.000000000000000000e+00
0.000000000000000000e+00
0.000000000000000000e+00
0.000000000000000000e+00
0.000000000000000000e+00
5.759872959585201583e-11
2.637107422706675019e-11
1.878684397569383189e-11
1.258319337969122494e-11
4.750414944920881808e-12
0.000000000000000000e+00
0.000000000000000000e+00
0.000000000000000000e+00
0.000000000000000000e+00
0.000000000000000000e+00
0.000000000000000000e+00
0.000000000000000000e+00
0.000000000000000000e+00
0.000000000000000000e+00
0.000000000000000000e+00
0.000000000000000000e+00
0.000000000000000000e+00
0.000000000000000000e+00
0.000000000000000000e+00
0.000000000000000000e+00
0.000000000000000000e+00
2.441443658413636089e-11
1.454012168126723953e-11
1.436052196707128744e-11
1.140188339990795255e-11
6.264865091461853976e-12
1.909641948486370393e-12
0.000000000000000000e+00
0.000000000000000000e+00
0.000000000000000000e+00
0.000000000000000000e+00
0.000000000000000000e+00
0.000000000000000000e+00
0.000000000000000000e+00
0.000000000000000000e+00
0.000000000000000000e+00
0.000000000000000000e+00
0.000000000000000000e+00
0.000000000000000000e+00
0.000000000000000000e+00
0.000000000000000000e+00
0.000000000000000000e+00
3.509209763812600339e-12
4.976253928953929154e-12
9.593836267633531456e-12
1.102177340179886635e-11
4.631798946530808481e-01
1.106461244467578761e-11
9.461664210927323974e-12
6.070889174112872343e-12
1.653998321262583789e-12
0.000000000000000000e+00
0.000000000000000000e+00
0.000000000000000000e+00
0.000000000000000000e+00
0.000000000000000000e+00
0.000000000000000000e+00
0.000000000000000000e+00
0.000000000000000000e+00
0.000000000000000000e+00
0.000000000000000000e+00
0.000000000000000000e+00
0.000000000000000000e+00
0.000000000000000000e+00
0.000000000000000000e+00
5.774927777840023093e-12
1.332849727970614398e-11
0.000000000000000000e+00
2.719512514961435197e-11
2.888214807426348429e-11
2.595574298441529197e-11
2.028364544428525402e-11
1.345020787838586743e-11
5.960042965359269957e-12
0.000000000000000000e+00
0.000000000000000000e+00
0.000000000000000000e+00
0.000000000000000000e+00
0.000000000000000000e+00
0.000000000000000000e+00
0.000000000000000000e+00
0.000000000000000000e+00
0.000000000000000000e+00
0.000000000000000000e+00
0.000000000000000000e+00
0.000000000000000000e+00
3.943734614913809999e-12
1.872955745324925689e-11
3.566411914704684649e-11
2.475571864833798643e-11
5.539892381902336700e-11
5.353288275639448738e-11
4.663273849773665190e-11
3.690682231342906012e-11
2.488686154349306139e-11
1.170948795160561659e-11
0.000000000000000000e+00
0.000000000000000000e+00
0.000000000000000000e+00
0.000000000000000000e+00
0.000000000000000000e+00
0.000000000000000000e+00
0.000000000000000000e+00
0.000000000000000000e+00
0.000000000000000000e+00
0.000000000000000000e+00
0.000000000000000000e+00
3.707416393235133491e-12
2.539488351141468909e-11
5.141019310019627288e-11
7.276875687797806187e-11
8.327204138387009061e-11
8.291725118595972003e-11
7.526258398102463111e-11
6.260300097728200418e-11
4.582233176871109051e-11
2.663626108031721599e-11
8.710860328824133206e-12
0.000000000000000000e+00
0.000000000000000000e+00
0.000000000000000000e+00
0.000000000000000000e+00
0.000000000000000000e+00
0.000000000000000000e+00
0.000000000000000000e+00
0.000000000000000000e+00
0.000000000000000000e+00
0.000000000000000000e+00
3.527596390624670289e-12
2.969838388218527525e-11
6.154912805607154687e-11
8.828477607988485970e-11
1.022210820198894298e-10
1.034434923448754368e-10
9.569719895784193394e-11
8.126422223090065021e-11
6.103789966040506378e-11
3.756445817494931239e-11
1.536094930150725989e-11
0.000000000000000000e+00
0.000000000000000000e+00
0.000000000000000000e+00
0.000000000000000000e+00
0.000000000000000000e+00
0.000000000000000000e+00
0.000000000000000000e+00
0.000000000000000000e+00
0.000000000000000000e+00
0.000000000000000000e+00
1.774565173768011839e-12
2.800606109630322296e-11
6.042655112093391967e-11
8.785455760682725781e-11
1.027693176856088810e-10
1.049891485103082476e-10
0.000000000000000000e+00
2.626490420927428682e-01
6.316780046255219615e-11
3.907775016050040927e-11
1.632765117972826341e-11
0.000000000000000000e+00
0.000000000000000000e+00
0.000000000000000000e+00
0.000000000000000000e+00
0.000000000000000000e+00
0.000000000000000000e+00
0.000000000000000000e+00
0.000000000000000000e+00
0.000000000000000000e+00
0.000000000000000000e+00
0.000000000000000000e+00
1.943518240436044762e-11
4.664760154748017052e-11
6.989800213649619659e-11
8.282814596528116410e-11
8.514988489397628284e-11
7.955620713554517137e-11
6.758144488877686965e-11
6.926501699128202738e-02
2.988980605568380597e-11
1.080797023744884503e-11
0.000000000000000000e+00
0.000000000000000000e+00
0.000000000000000000e+00
0.000000000000000000e+00
0.000000000000000000e+00
0.000000000000000000e+00
0.000000000000000000e+00
0.000000000000000000e+00
0.000000000000000000e+00
0.000000000000000000e+00
0.000000000000000000e+00
6.847283408037585396e-12
2.543042318023322521e-11
4.143105415589042627e-11
5.043285168618005005e-11
5.217270044530760379e-11
4.837186375405750991e-11
4.015357664958068398e-11
2.821121897028764135e-11
1.431680530873552767e-11
1.484750278843578390e-12
0.000000000000000000e+00
0.000000000000000000e+00
0.000000000000000000e+00
0.000000000000000000e+00
0.000000000000000000e+00
0.000000000000000000e+00
0.000000000000000000e+00
0.000000000000000000e+00
0.000000000000000000e+00
0.000000000000000000e+00
0.000000000000000000e+00
0.000000000000000000e+00
4.856816345542712038e-12
1.363940802349506202e-11
1.851329858882501639e-11
1.948638566809270631e-11
1.740632200955678358e-11
1.288938236740455611e-11
6.377029595170232264e-12
0.000000000000000000e+00
0.000000000000000000e+00
0.000000000000000000e+00
0.000000000000000000e+00
0.000000000000000000e+00
7.571941550428336407e-12
1.476215577950752421e-11
1.187722659736406006e-11
0.000000000000000000e+00
0.000000000000000000e+00
0.000000000000000000e+00
0.000000000000000000e+00
0.000000000000000000e+00
0.000000000000000000e+00
0.000000000000000000e+00
0.000000000000000000e+00
0.000000000000000000e+00
0.000000000000000000e+00
0.000000000000000000e+00
0.000000000000000000e+00
0.000000000000000000e+00
0.000000000000000000e+00
0.000000000000000000e+00
0.000000000000000000e+00
0.000000000000000000e+00
1.226106419964465995e-11
3.159589352542458902e-11
4.449157858225590931e-11
3.467593204680463282e-11
1.111330471261979599e-11
0.000000000000000000e+00
0.000000000000000000e+00
0.000000000000000000e+00
0.000000000000000000e+00
0.000000000000000000e+00
0.000000000000000000e+00
0.000000000000000000e+00
0.000000000000000000e+00
0.000000000000000000e+00
0.000000000000000000e+00
0.000000000000000000e+00
0.000000000000000000e+00
0.000000000000000000e+00
0.000000000000000000e+00
0.000000000000000000e+00
2.784992591882966836e-12
2.608821466934718163e-11
5.454668358245128579e-11
7.152772173810499000e-11
6.010327019896877592e-11
2.449719804182553860e-11
0.000000000000000000e+00
0.000000000000000000e+00
0.000000000000000000e+00
0.000000000000000000e+00
0.000000000000000000e+00
0.000000000000000000e+00
0.000000000000000000e+00
0.000000000000000000e+00
0.000000000000000000e+00
0.000000000000000000e+00
0.000000000000000000e+00
0.000000000000000000e+00
0.000000000000000000e+00
0.000000000000000000e+00
0.000000000000000000e+00
1.672152076678504645e-12
2.471909169194753448e-11
5.248540539302913086e-11
2.780301353435754574e-02
5.658343096097979986e-11
2.087561379870918578e-11
0.000000000000000000e+00
0.000000000000000000e+00
0.000000000000000000e+00
0.000000000000000000e+00
0.000000000000000000e+00
0.000000000000000000e+00
0.000000000000000000e+00
0.000000000000000000e+00
0.000000000000000000e+00
0.000000000000000000e+00
0.000000000000000000e+00
0.000000000000000000e+00
0.000000000000000000e+00
0.000000000000000000e+00
0.000000000000000000e+00
0.000000000000000000e+00
0.000000000000000000e+00
6.338389220949561469e-12
1.222380774425421424e-01
6.662333505181498821e-10
0.000000000000000000e+00
0.000000000000000000e+00
