#Variance for the Conditional distribution of radius given mass from initial fitting w/o bootstrap
nan
1.062771654913807345e-01
1.062771654913807623e-01
1.062771654913807484e-01
1.062771654913807345e-01
1.062771654913807484e-01
1.062771654913807484e-01
1.062771654913807484e-01
1.062771654913807623e-01
1.062771654913807484e-01
1.062771654913807484e-01
1.062771654913807484e-01
1.062771654913807484e-01
1.062771654913807484e-01
1.062771654913807484e-01
1.062771654913807345e-01
1.062771654913807623e-01
1.062771654913807484e-01
1.062771654913807484e-01
1.062771654913807345e-01
1.062771654913807484e-01
1.062771654913807484e-01
1.062771654913807484e-01
1.062771654913807623e-01
1.062771654913807484e-01
1.062771654913807484e-01
1.062771654913807484e-01
1.062771654913807484e-01
1.062771654913807484e-01
1.062771654913807484e-01
1.062771654913807484e-01
1.062771654913807484e-01
1.062771654913807484e-01
1.062771654913807484e-01
1.062771654913807484e-01
1.062771654913807484e-01
1.062771654913807484e-01
1.062771654913807484e-01
1.062771654913807484e-01
1.062771654913807484e-01
1.062771654913807484e-01
1.062771654913807484e-01
1.062771654913807484e-01
1.062771654913807484e-01
1.062771654913807484e-01
1.062771654913807484e-01
1.062771654913807484e-01
1.062771654913807484e-01
1.062771654913807484e-01
1.062771654913807484e-01
1.062771654913807484e-01
1.062771654913807484e-01
1.062771654913807484e-01
1.062771654913807484e-01
1.062771654913807484e-01
1.062771654913807484e-01
1.062771654913807484e-01
1.062771654913807484e-01
1.062771654913807484e-01
1.062771654913807484e-01
1.062771654913807484e-01
1.062771654913807484e-01
1.062771654913807484e-01
1.062771654913807484e-01
1.062771654913807484e-01
1.062771654913807484e-01
1.062771654913807484e-01
1.062771654913807484e-01
1.062771654913807484e-01
1.062771654913807484e-01
1.062771654913807484e-01
1.062771654913807484e-01
1.062771654913807484e-01
1.062771654913807484e-01
1.062771654913807484e-01
1.062771654913807484e-01
1.062771654913807345e-01
1.062771654913807484e-01
1.062771654913807484e-01
1.062771654913807484e-01
1.062771654913807484e-01
1.062771654913807484e-01
1.062771654913807484e-01
1.062771654913807345e-01
1.062771654913807484e-01
1.062771654913807484e-01
1.062771654913807484e-01
1.062771654913807484e-01
1.062771654913807484e-01
1.062771654913807484e-01
1.062771654913807484e-01
1.062771654913807484e-01
1.062771654913807484e-01
1.062771654913807484e-01
1.062771654913807484e-01
1.062771654913807484e-01
1.062771654913807484e-01
1.062771654913807484e-01
1.062771654913807484e-01
nan
