#Variance for the Conditional distribution of mass given radius from initial fitting w/o bootstrap
1.434955577930311643e-01
1.672428516984166280e-01
1.920153423826937988e-01
2.129493643625514077e-01
2.291398305594245233e-01
2.412748769874471788e-01
2.503307109024868748e-01
2.571414060489141673e-01
2.623283885065012533e-01
2.663333240267810043e-01
2.694659995940690278e-01
2.719440163543359601e-01
2.739214262680481071e-01
2.755084260693200782e-01
2.767847124082831733e-01
2.778085521507783207e-01
2.786230022639259452e-01
2.792602368202467544e-01
2.797446097780345031e-01
2.800948642965563340e-01
2.803257567155350016e-01
2.804492699204341188e-01
2.804755293601499111e-01
2.804134945166783521e-01
2.802714723143487907e-01
2.800574825243130617e-01
2.797794958792578779e-01
2.794455613615928757e-01
2.790638383306442427e-01
2.786425503423270444e-01
2.781898793539995252e-01
2.777138203735518562e-01
2.772220167077843467e-01
2.767215944090319901e-01
2.762190113587276730e-01
2.757199320638702988e-01
2.752291342879781832e-01
2.747504487419045183e-01
2.742867287624937145e-01
2.738398435467928049e-01
2.734106861944000100e-01
2.729991864454380801e-01
2.726043173480208193e-01
2.722240848332281304e-01
2.718554889872972780e-01
2.714944453831789062e-01
2.711356539039906366e-01
2.707724008469531429e-01
2.703962775780128780e-01
2.699967955147169474e-01
2.695608727370299440e-01
2.690721622091682419e-01
2.685101858808099373e-01
2.678492338064687450e-01
2.670569848274673141e-01
2.660928089065452418e-01
2.649057272015277187e-01
2.634320449049631363e-01
2.615927502176357833e-01
2.592909144317743775e-01
2.564095635380986282e-01
2.528108513096486432e-01
2.483378565235786206e-01
2.428208950624861362e-01
2.360906785664370067e-01
2.280005252833026130e-01
2.184584360307854634e-01
2.074664649096930602e-01
1.951594055769445835e-01
1.818291190094435683e-01
1.679188478507737670e-01
1.539780507834991874e-01
1.405831221530961517e-01
1.282459380529226423e-01
1.173394709923749335e-01
1.080619288785003018e-01
1.004432691580907505e-01
9.438206689045985920e-02
8.969444243829377550e-02
8.615977358052952229e-02
8.355505125285445089e-02
8.167619985766133572e-02
8.034844673000035575e-02
7.942908408994010794e-02
7.880573734096772698e-02
7.839245379257822610e-02
7.812509260158782831e-02
7.795684519073389773e-02
7.785427936358343959e-02
7.779404016011967626e-02
7.776020151792387147e-02
7.774219868645600162e-02
7.773324947827406350e-02
7.772917225248562878e-02
7.772751803653521474e-02
7.772694693612822170e-02
7.772679176246256871e-02
7.772676324466909481e-02
7.772676089358762641e-02
2.281049821954187762e-01
