#Variance for the Conditional distribution of radius given mass from initial fitting w/o bootstrap
nan
1.338789807375018875e-02
1.338809605505510494e-02
1.338952327104551282e-02
1.339513124616283427e-02
1.341114746028078744e-02
1.344870947099298386e-02
1.352557825992828887e-02
1.366736415028524908e-02
1.390708314397966910e-02
1.428122686168659811e-02
1.482069445018906369e-02
1.553724318373702305e-02
1.641084416055697479e-02
1.738696735877091892e-02
1.838925205618517980e-02
1.934220748247691968e-02
2.019093900790277368e-02
2.090871918332016036e-02
2.149308445753594227e-02
2.195682850938775188e-02
2.231947177434041168e-02
2.260153606651289782e-02
2.282159139013816354e-02
2.299518942589288267e-02
2.313481978777029435e-02
2.325030905085157668e-02
2.334934426404963043e-02
2.343797344420880599e-02
2.352102886046496949e-02
2.360246334314730285e-02
2.368560778775146217e-02
2.377336311773952174e-02
2.386833952464579092e-02
2.397295339265323108e-02
2.408948954736189751e-02
2.422013400682954468e-02
2.436698050183790099e-02
2.453201275812166848e-02
2.471706393871149834e-02
2.492375476658230046e-02
2.515341271187717179e-02
2.540697621425027156e-02
2.568489010382157128e-02
2.598700091954896096e-02
2.631246325398376232e-02
2.665966995995334987e-02
2.702621933384990668e-02
2.740893062088658322e-02
2.780391505765029622e-02
2.820670338777753541e-02
2.861242319693538608e-02
2.901601188702989526e-02
2.941244523911420994e-02
2.979695865321277393e-02
3.016523898027038617e-02
3.051356914902307593e-02
3.083891447723407717e-02
3.113894709300630073e-02
3.141201171084247179e-02
3.165704093374113043e-02
3.187343072031630781e-02
3.206088670061182228e-02
3.221925011728187654e-02
3.234830899238026053e-02
3.244759637994531348e-02
3.251617389822412246e-02
3.255239573732481712e-02
3.255364670778873593e-02
3.251604871252391366e-02
3.243413516376644767e-02
3.230050554842210653e-02
3.210549769634233469e-02
3.183696045876847902e-02
3.148028193008723524e-02
3.101892964659113544e-02
3.043586997230318322e-02
2.971628682746843900e-02
2.885187163375937947e-02
2.784640501957041936e-02
2.672129249324017158e-02
2.551848468103000075e-02
2.429783610625335655e-02
2.312764641202847207e-02
2.207075250750513071e-02
2.117167150819972490e-02
2.045005144690515905e-02
1.990203158647375209e-02
1.950711098017254841e-02
1.923656063091042784e-02
1.906038015689829127e-02
1.895164687580137841e-02
1.888847297689240368e-02
1.885433240686619147e-02
1.883750902550357723e-02
1.883019608925366739e-02
1.882754967890414369e-02
1.882683701092745590e-02
1.882672672208460241e-02
nan
