#Marginalized radius distribution from initial fitting w/o bootstrap
2.554907311354754371e-10
4.560716643415470284e-02
8.152509615315998992e-02
1.092917525474513818e-01
1.303447115251067101e-01
1.460298800757646731e-01
1.576050562190698667e-01
1.662398377094221891e-01
1.730131422359344195e-01
1.789093821021834618e-01
1.848141397089983484e-01
1.915100151171199860e-01
1.996731621084782693e-01
2.098708931191652360e-01
2.225606148581343036e-01
2.380902540768482512e-01
2.567002455889072499e-01
2.785270810755949844e-01
3.036083563212016445e-01
3.318892052156439676e-01
3.632299701021003413e-01
3.974149288404243419e-01
4.341618783540849846e-01
4.731323615245048853e-01
5.139423182306969151e-01
5.561729412855267451e-01
5.993815232164441120e-01
6.431120895434147000e-01
6.869056277258912546e-01
7.303097376305438537e-01
7.728875485973928372e-01
8.142257693791206119e-01
8.539417598589242875e-01
8.916895370171319390e-01
9.271646516528584403e-01
9.601078964477597344e-01
9.903078296936304037e-01
1.017602122037724266e+00
1.041877755607859335e+00
1.063070125574979263e+00
1.081161113338697133e+00
1.096176217858338076e+00
1.108180847006727809e+00
1.117275884035603184e+00
1.123592655180289945e+00
1.127287432996000094e+00
1.128535616137562592e+00
1.127525729924888420e+00
1.124453393162469839e+00
1.119515395313751549e+00
1.112904024308251305e+00
1.104801779043433685e+00
1.095376592123540327e+00
1.084777677665756501e+00
1.073132106236916350e+00
1.060542194320556186e+00
1.047083779336054787e+00
1.032805433342341317e+00
1.017728649382515949e+00
1.001849014207375932e+00
9.851383601199199536e-01
9.675478671927912888e-01
9.490120654283177304e-01
9.294536648760429731e-01
9.087891206319923532e-01
8.869348193708239680e-01
8.638137549751139233e-01
8.393625433096241206e-01
8.135386106407832552e-01
7.863273770351019154e-01
7.577492457102774637e-01
7.278662021970229157e-01
6.967878237479437908e-01
6.646765001627907843e-01
6.317516725584083614e-01
5.982929070777572855e-01
5.646416365957767081e-01
5.312014256392042499e-01
4.984366424995545497e-01
4.668694583967975542e-01
4.370751370663223945e-01
4.096756298196237434e-01
3.853315515010407033e-01
3.647326823648369132e-01
3.485872202685920684e-01
3.376100972632613550e-01
3.325107752029443642e-01
3.339810469457354380e-01
3.426834936197689641e-01
3.592413848348985916e-01
3.842309581795783080e-01
4.181771774028818500e-01
4.615542458901814027e-01
5.147923439428717662e-01
5.782922655097992859e-01
6.524498529297614313e-01
7.376923674652224872e-01
8.345291894675830324e-01
9.436195154384936501e-01
1.065860010558794979e+00
