#Lower limit for the Conditional distribution of mass given radius from initial fitting w/o bootstrap
-9.847774396779445105e-01
-9.847773934367567428e-01
-9.847771905113608115e-01
-9.847715511617876061e-01
-9.846908539716247022e-01
-9.840388736767325950e-01
-9.803228415430330633e-01
-9.621928498674378050e-01
-8.085392792304733067e-01
-1.360513066940465532e-01
-9.212056389780741428e-02
-7.887003281432586332e-02
-7.324210141232960491e-02
-6.926006696974228161e-02
-6.461370728573744004e-02
-5.786536622572755612e-02
-4.766958151303772595e-02
-3.256686702384932464e-02
-1.104267736501062143e-02
1.818440336231532534e-02
5.557749228384781942e-02
9.983680661391769462e-02
1.470707942336468843e-01
1.916726809369531659e-01
2.292831119856306166e-01
2.586491957151731413e-01
2.807941820271053213e-01
2.975162626516014153e-01
3.105662755556343191e-01
3.214073040464024977e-01
3.312131609372846452e-01
3.409191163921693191e-01
3.512533007454352041e-01
3.627277231076743158e-01
3.755936520927798394e-01
3.897887238812116628e-01
4.049221990608288801e-01
4.203426524295412192e-01
4.352930968712609983e-01
4.490995416851756850e-01
4.613116845830085300e-01
4.717476125091905614e-01
4.804541979243824312e-01
4.876289525660250090e-01
4.935447202358770880e-01
4.984973340067017644e-01
5.027789016253567667e-01
5.066715697814055952e-01
5.104555775352432878e-01
5.144270806227052573e-01
5.189230332881299423e-01
5.243509670692009239e-01
5.312196346395192670e-01
5.401604686900394192e-01
5.519173598493579691e-01
5.672627695242464796e-01
5.867804471689319623e-01
6.104729455060670107e-01
6.372735781002282218e-01
6.647983961255385932e-01
6.898273566694718140e-01
7.095434160237703569e-01
7.226838345457409218e-01
7.297569180429552826e-01
7.324559707487603433e-01
7.329344985984579397e-01
7.333459270225199944e-01
7.356902268181669813e-01
7.418713172712457782e-01
7.538759979160073454e-01
7.740364155110265321e-01
8.053976732703380659e-01
8.522800231061310461e-01
9.211780309710612125e-01
1.021852118854729374e+00
1.166135839516095007e+00
1.356154401790388153e+00
1.559261195751725282e+00
1.719481992829007044e+00
1.828795431683749806e+00
1.905917942782217267e+00
1.964297032553231181e+00
2.011438017221520713e+00
2.051591023157511184e+00
2.087185050696388267e+00
2.119496114620161631e+00
2.148940554487852594e+00
2.175132464677723476e+00
2.196692468827786460e+00
2.210685977162013760e+00
2.211602408873657222e+00
2.190783015691401658e+00
2.141341700738025988e+00
2.073555650870115397e+00
2.015259898469384137e+00
1.982262330644851689e+00
1.969439895516013950e+00
1.966127125970093648e+00
1.965671486903506793e+00
-5.082153934927099437e-01
