#Variance for the Conditional distribution of radius given mass from initial fitting w/o bootstrap
6.517149765023736926e-03
8.981650659286634928e-04
8.965834377456107602e-04
8.963725402958631601e-04
8.963135016819128451e-04
8.962964065217483237e-04
8.962988738778633179e-04
8.963158080459486879e-04
8.963492579253639616e-04
8.964137372468845106e-04
8.965776421451219797e-04
8.971586041643638335e-04
8.995349732090902580e-04
9.092049112213930907e-04
9.463231079243445906e-04
1.078007360137423539e-03
1.494923298078332415e-03
2.565986072164164102e-03
4.435828417584782891e-03
6.345224782529982656e-03
7.564237716749002728e-03
8.202541719328968611e-03
8.568248225265449186e-03
8.833078431417106316e-03
9.065591516576106124e-03
9.289212991806940212e-03
9.510083251741019428e-03
9.728040989669801270e-03
9.940858802009412340e-03
1.014593316062216248e-02
1.034097874451167520e-02
1.052429404520867189e-02
1.069481935209425950e-02
1.085208719550542419e-02
1.099612008576340838e-02
1.112730959480205326e-02
1.124629805011526269e-02
1.135387481567841882e-02
1.145089233297081829e-02
1.153820250150190165e-02
1.161661124174194135e-02
1.168684772596997011e-02
1.174954428067772130e-02
1.180522291172698274e-02
1.185428441927323211e-02
1.189699586206814479e-02
1.193347144211685980e-02
1.196364044768720783e-02
1.198719342669653763e-02
1.200349398548659213e-02
1.201143843708780273e-02
1.200923961822172696e-02
1.199410732543115810e-02
1.196180387370909814e-02
1.190608783934262761e-02
1.181815856622544028e-02
1.168643112038741244e-02
1.149732746225288864e-02
1.123809208985042038e-02
1.090230038167918671e-02
1.049678474610589093e-02
1.004550825656123046e-02
9.585184090388755573e-03
9.153031339706376585e-03
8.774567121053220009e-03
8.459132243104064072e-03
8.203353638078229176e-03
7.997546114444448184e-03
7.830867562729401307e-03
7.694012433279722937e-03
7.580010398701012182e-03
7.484034151294720327e-03
7.402856732075237430e-03
7.334289308981958855e-03
7.276731533827427399e-03
7.228865952305849746e-03
7.189484160212513721e-03
7.157416963497937462e-03
7.131539551852162165e-03
7.110829711722792615e-03
7.094470380292036867e-03
7.082007597101956826e-03
7.073602371088031845e-03
7.070445699838120469e-03
7.075398858000867507e-03
7.093696976477654841e-03
7.132641552940965045e-03
7.197474788665191893e-03
7.282095757775315301e-03
7.365220050253761669e-03
7.425407026927486470e-03
7.456894168764512283e-03
7.464998836877448883e-03
7.453645072547658915e-03
7.416618744960755231e-03
7.329729185056237800e-03
7.160780960468882649e-03
6.971882239368343281e-03
6.897685566971603101e-03
6.892228916441371818e-03
