#Variance for the Conditional distribution of mass given radius from initial fitting w/o bootstrap
6.835968944647696777e-02
7.208642556276032010e-02
8.377323527315265472e-02
1.023144855732638914e-01
1.246609532778167190e-01
1.474018274921724547e-01
1.681141027514669872e-01
1.856960029200145912e-01
2.000118848400676552e-01
2.114154589965590858e-01
2.204178510361798349e-01
2.275192272851885023e-01
2.331452768160811873e-01
2.376355197218901483e-01
2.412522368959739427e-01
2.441950623955929656e-01
2.466151546922920046e-01
2.486270029251350933e-01
2.503176255197575029e-01
2.517535070752937587e-01
2.529857479702037337e-01
2.540538626073164941e-01
2.549885782236150367e-01
2.558139023978706628e-01
2.565486578009528174e-01
2.572076291556913974e-01
2.578024275672056720e-01
2.583421482731412255e-01
2.588338766582079509e-01
2.592830818791363456e-01
2.596939260373746783e-01
2.600695083812715747e-01
2.604120577436233042e-01
2.607230818041433307e-01
2.610034784503840743e-01
2.612536122239734193e-01
2.614733573488171037e-01
2.616621079216778223e-01
2.618187552846147903e-01
2.619416321869521558e-01
2.620284229044530511e-01
2.620760378830896409e-01
2.620804506379018073e-01
2.620364935468959544e-01
2.619376078765568994e-01
2.617755419568515984e-01
2.615399900495293251e-01
2.612181633653897772e-01
2.607942842450510779e-01
2.602489952668614603e-01
2.595586778010706142e-01
2.586946804989606052e-01
2.576224691273351630e-01
2.563007274315124984e-01
2.546804674484497433e-01
2.527042505669365169e-01
2.503056812439531931e-01
2.474094156597485827e-01
2.439320252367080943e-01
2.397841579210266416e-01
2.348745200897424945e-01
2.291162067126976398e-01
2.224357578598087359e-01
2.147849207245893510e-01
2.061543752869241242e-01
1.965876620571831435e-01
1.861924453226435627e-01
1.751455090842048423e-01
1.636881166784042996e-01
1.521100109548195745e-01
1.407232506467323285e-01
1.298303276032434506e-01
1.196931548286311597e-01
1.105094425315317069e-01
1.024006505423966651e-01
9.541222024131390533e-02
8.952367574277035611e-02
8.466450532875501034e-02
8.073166482368911157e-02
7.760556906344807937e-02
7.516283474099398620e-02
7.328526330928125665e-02
7.186536421902009475e-02
7.080911321587420038e-02
7.003673037660280987e-02
6.948217985717770884e-02
6.909194087851440458e-02
6.882344029034774546e-02
6.864340136947136295e-02
6.852626059539566883e-02
6.845273234907976734e-02
6.840855481796143112e-02
6.838342215698682558e-02
6.837009231792649799e-02
6.836365243552397497e-02
6.836092106348252984e-02
6.835996674999941791e-02
6.835972406922670441e-02
6.835969046243149660e-02
6.835968932303382317e-02
