#Marginalized mass distribution from initial fitting w/o bootstrap
1.172779477041756035e-11
1.010796286948570377e-02
2.074169647851451317e-02
3.183784381566391597e-02
4.333524646562581656e-02
5.517492076507982124e-02
6.730003394683960194e-02
7.965588028399853138e-02
9.218985723407581434e-02
1.048514415831621333e-01
1.175921655900660917e-01
1.303655931304596727e-01
1.431272958410242935e-01
1.558348292635970966e-01
1.684477089893163526e-01
1.809273868027677368e-01
1.932372268261300652e-01
2.053424816633216132e-01
2.172102685441455183e-01
2.288095454684362651e-01
2.401110873502051712e-01
2.510874621617862346e-01
2.617130070779830064e-01
2.719638046202132453e-01
2.818176588006559569e-01
2.912540712663967413e-01
3.002542174435732236e-01
3.088009226815228714e-01
3.168786383969262044e-01
3.244734182179553894e-01
3.315728941284183939e-01
3.381662526119058598e-01
3.442442107959363118e-01
3.497989925961026980e-01
3.548243048602182093e-01
3.593153135124623754e-01
3.632686196975259962e-01
3.666822359247586816e-01
3.695555622123131712e-01
3.718893622312928748e-01
3.736857394498961926e-01
3.749481132775639436e-01
3.756811952091242968e-01
3.758909649689387567e-01
3.755846466550490925e-01
3.747706848833217141e-01
3.734587209315952117e-01
3.716595688838250644e-01
3.693851917742302926e-01
3.666486777314388323e-01
3.634642161226342427e-01
3.598470736977011919e-01
3.558135707333707209e-01
3.513810571773675617e-01
3.465678887925552898e-01
3.413934033010821434e-01
3.358778965285273421e-01
3.300425985480464619e-01
3.239096498245185862e-01
3.175020773586908485e-01
3.108437708313244729e-01
3.039594587473423704e-01
2.968746845799731804e-01
2.896157829148980900e-01
2.822098555943962084e-01
2.746847478614915516e-01
2.670690245040981958e-01
2.593919459991657628e-01
2.516834446568267936e-01
2.439741007645411242e-01
2.362951187312432866e-01
2.286783032314870789e-01
2.211560353495921616e-01
2.137612487237905423e-01
2.065274056903714517e-01
1.994884734278277449e-01
1.926789001010022762e-01
1.861335910052331066e-01
1.798878847104996015e-01
1.739775292055690259e-01
1.684386580421416424e-01
1.633077664789971961e-01
1.586216876261404007e-01
1.544175685889472849e-01
1.507328466123110666e-01
1.476052252247878893e-01
1.450726503827429459e-01
1.431732866144962979e-01
1.419454931644688611e-01
1.414278001373284188e-01
1.416588846421353576e-01
1.426775469364889026e-01
1.445226865706727704e-01
1.472332785318012927e-01
1.508483493879652637e-01
1.554069534323780089e-01
1.609481488275208705e-01
1.675109737492901096e-01
1.751344225311416147e-01
1.838574218082379697e-01
