#Variance for the Conditional distribution of radius given mass from initial fitting w/o bootstrap
1.013856303536436396e-02
1.013888139432142337e-02
1.014415066924061887e-02
1.016952094754747411e-02
1.024521831428731183e-02
1.042050039480980385e-02
1.076475112348760678e-02
1.136111181905086719e-02
1.228742461284198714e-02
1.358419580077857049e-02
1.522191495268431297e-02
1.709141589867583383e-02
1.903255130040253096e-02
2.088724825291931111e-02
2.254360164327465915e-02
2.395006177402861022e-02
2.510427712809507397e-02
2.603278806134890280e-02
2.677352891111176719e-02
2.736498812757065177e-02
2.784109720338374949e-02
2.822967535221011098e-02
2.855264240716299737e-02
2.882691320735842819e-02
2.906542485237210288e-02
2.927806562067188437e-02
2.947243453881433217e-02
2.965443096609209073e-02
2.982869888312025125e-02
2.999895564537647524e-02
3.016823212755481015e-02
3.033904606666232642e-02
3.051352532141031124e-02
3.069349349188935788e-02
3.088052703285017186e-02
3.107599055366961141e-02
3.128105527147521242e-02
3.149670441707516644e-02
3.172372865538446163e-02
3.196271416559048201e-02
3.221402584138491343e-02
3.247778803834869277e-02
3.275386533855381699e-02
3.304184584774928768e-02
3.334102951656536806e-02
3.365042381926744430e-02
3.396874878146636384e-02
3.429445279540309366e-02
3.462573990400175800e-02
3.496060831642108097e-02
3.529689891833096699e-02
3.563235156699827433e-02
3.596466613279416386e-02
3.629156467287682902e-02
3.661085087563441948e-02
3.692046302373355737e-02
3.721851716155966799e-02
3.750333784027101713e-02
3.777347463401164313e-02
3.802770344010115294e-02
3.826501226384339954e-02
3.848457163475887954e-02
3.868568992475613505e-02
3.886775358967543836e-02
3.903015170852982413e-02
3.917218314167521948e-02
3.929294317489896715e-02
3.939118468592468780e-02
3.946514674021731062e-02
3.951234130314869308e-02
3.952928695271053228e-02
3.951117821662056273e-02
3.945148275950156186e-02
3.934147057507057788e-02
3.916970756786026381e-02
3.892160328711048722e-02
3.857920643258042764e-02
3.812160676174984608e-02
3.752651588298911572e-02
3.677376774786270119e-02
3.585134598011192886e-02
3.476367587857015495e-02
3.353999582894545695e-02
3.223825258761694318e-02
3.093939569716429305e-02
2.973076602355895909e-02
2.868449022632156911e-02
2.784129369220768313e-02
2.720684673797408443e-02
2.675959999398744293e-02
2.646354119066024468e-02
2.627959916333122078e-02
2.617284205310937972e-02
2.611558487318830363e-02
2.608776348349084104e-02
2.607593204206603774e-02
2.607179384094824096e-02
2.607074108878602164e-02
2.607059509907214481e-02
2.607059063209064137e-02
