#Lower limit for the Conditional distribution of mass given radius from initial fitting w/o bootstrap
-9.860441957124683743e-01
-9.860441914974554800e-01
-9.860441545136399144e-01
-9.860423472825722291e-01
-9.860065973238167913e-01
-9.856338406162492571e-01
-9.830185134340672093e-01
-9.678941368743610996e-01
-8.001604275629602414e-01
-8.918739412526370536e-02
-5.425659755170299248e-02
-4.630016277739426589e-02
-4.446476779149858422e-02
-4.381540957016089033e-02
-4.261860031917666380e-02
-3.979974426449194719e-02
-3.424276264237142986e-02
-2.455736248098468535e-02
-9.039571559079489019e-03
1.419259932882128636e-02
4.681607053113623351e-02
8.947934936200829803e-02
1.402662449107699161e-01
1.932894773200742600e-01
2.407720818970333909e-01
2.781945391880430996e-01
3.056392693501031044e-01
3.253234226584402755e-01
3.396505724047146901e-01
3.505936414746633201e-01
3.596730752982548185e-01
3.680732969727920079e-01
3.767409672438130630e-01
3.864196754026312797e-01
3.976107140331854306e-01
4.104767472892316693e-01
4.247471374866953475e-01
4.397202046223588900e-01
4.544315139849978702e-01
4.679442391253544331e-01
4.796099867811426942e-01
4.891714179120016381e-01
4.967045018118986799e-01
5.024877681854055256e-01
5.068811649536479891e-01
5.102496090761785563e-01
5.129303686685529051e-01
5.152309180462675275e-01
5.174450673165894576e-01
5.198801803251473785e-01
5.228925185612494086e-01
5.269295938877134322e-01
5.325767134795114099e-01
5.405972036724874252e-01
5.519377077625584604e-01
5.676373585060161542e-01
5.885397625163347746e-01
6.147078795745181123e-01
6.446157843182661606e-01
6.746816857230880649e-01
7.001315318964669299e-01
7.172538715175241775e-01
7.251731070450955219e-01
7.256465267348126691e-01
7.216830880603792853e-01
7.163501977332821236e-01
7.122403305915666616e-01
7.114479601610675941e-01
7.157992862244707544e-01
7.271755901675994727e-01
7.478956326640293639e-01
7.812321622261031440e-01
8.322680021906063708e-01
9.094401619497776146e-01
1.026183978853115297e+00
1.193128599868362061e+00
1.392172045984139350e+00
1.587651502654265245e+00
1.741005029349229183e+00
1.845098585297894500e+00
1.918101856120065563e+00
1.973773563503846473e+00
2.019704751319767233e+00
2.060017087823854620e+00
2.096808526520675287e+00
2.130811339298280149e+00
2.161733017695079972e+00
2.188452876889451559e+00
2.208998628684058385e+00
2.220004288380643231e+00
2.215308671685626063e+00
2.184706803885817283e+00
2.120869121050505957e+00
2.041800051259367255e+00
1.983279312121884796e+00
1.955962375570291067e+00
1.947476324235210221e+00
1.945786600593491178e+00
1.945620169413785794e+00
1.959648414875102551e+00
