#Upper limit for the Conditional distribution of mass given radius from initial fitting w/o bootstrap
-8.553217384595480643e-01
-8.553216807763160956e-01
-8.553207639256124040e-01
-8.552724108626222899e-01
-8.543079092410769126e-01
-8.435074449012847086e-01
-2.704075993594966532e-01
3.608957354692057251e-01
4.644280391351271464e-01
4.898495857600029812e-01
4.955794638354654169e-01
4.970346382639155847e-01
4.986719936620706561e-01
5.026781471542052238e-01
5.112545435351544265e-01
5.273877221900777901e-01
5.550080518536207874e-01
5.979060788072515509e-01
6.559192485912228587e-01
7.207619650023463498e-01
7.805628289416521870e-01
8.287160347953095307e-01
8.646398420256135031e-01
8.904093353974729119e-01
9.086012267744877358e-01
9.214976514474068070e-01
9.309089870844041714e-01
9.382250439057461255e-01
9.445301153091660851e-01
9.507139601306811016e-01
9.575490365097224510e-01
9.657155097530504273e-01
9.757580112537496131e-01
9.879702564724504033e-01
1.002243091394172447e+00
1.017972010579077491e+00
1.034140330991291767e+00
1.049599678243823053e+00
1.063409816330323610e+00
1.075049746273638585e+00
1.084428842721785857e+00
1.091765939477438607e+00
1.097442272822429343e+00
1.101893037736838332e+00
1.105553007936745047e+00
1.108846674956715184e+00
1.112209265121884672e+00
1.116129999405122364e+00
1.121215481173876594e+00
1.128275868434406082e+00
1.138436803149981191e+00
1.153267983959455734e+00
1.174869732100339403e+00
1.205710773073358943e+00
1.247715993448497818e+00
1.300129472223872318e+00
1.357646993748993891e+00
1.412515931427578808e+00
1.459226746047946222e+00
1.496216075930234757e+00
1.524654585890890868e+00
1.546997386913494754e+00
1.566155653279303950e+00
1.585182764161256364e+00
1.607298022670094806e+00
1.636146229875174996e+00
1.676274006600440680e+00
1.733857720129334590e+00
1.817274327743054974e+00
1.933242763541850318e+00
2.069288846673672300e+00
2.196739501300983832e+00
2.306669744030637847e+00
2.404006499253627194e+00
2.493872572136980992e+00
2.578339153835778941e+00
2.656269148118871382e+00
2.725165034681284126e+00
2.783711872022274658e+00
2.832394230481799280e+00
2.872591106969320851e+00
2.905768342393060255e+00
2.933159675941714895e+00
2.955721147613168842e+00
2.974176165284665885e+00
2.989068255760001236e+00
3.000782094013723089e+00
3.009494207307973568e+00
3.014975620417014834e+00
3.016057201300591739e+00
3.009318393471629438e+00
2.986241435245105436e+00
2.928730429729843543e+00
2.808800698745659297e+00
2.646204320116587461e+00
2.554093931882253088e+00
2.525924207292532309e+00
2.520309054452795294e+00
2.519740173425173868e+00
2.720783470711424012e+00
