#Conditional distribution of radius given mass from initial fitting w/o bootstrap
-2.728258387756270498e-01
-2.728242101990813739e-01
-2.728211213295782533e-01
-2.728151788995898941e-01
-2.728030556192228007e-01
-2.727649404551720780e-01
-2.724924244878014767e-01
-2.701654884080441077e-01
-2.543821937501347663e-01
-1.873066927034708895e-01
-7.236808443128318891e-02
-5.630947747656343816e-03
1.536275530906442907e-02
2.222313773899548331e-02
2.647809881948340674e-02
3.156553130328937362e-02
3.895331035150416399e-02
4.967864430632758926e-02
6.460416397680540657e-02
8.429046512502492983e-02
1.087498489387570960e-01
1.372582903312503932e-01
1.683866287858040989e-01
2.003042550082595186e-01
2.312316268574670375e-01
2.598219686311100673e-01
2.853244437149625168e-01
3.075337565268855267e-01
3.266270460335310988e-01
3.429891306333794354e-01
3.570800371201782730e-01
3.693557053969533932e-01
3.802313369758776318e-01
3.900721760027143770e-01
3.991993468580040116e-01
4.079027562151870123e-01
4.164565868915012792e-01
4.251350790871942786e-01
4.342273028009073776e-01
4.440497611109152643e-01
4.549551480030168960e-01
4.673346113053798434e-01
4.816097639470403591e-01
4.982101143939635102e-01
5.175327336118049626e-01
5.398853551607749601e-01
5.654225448833044565e-01
5.940951944153713971e-01
6.256399608675911050e-01
6.596278792978306216e-01
6.955648040525768128e-01
7.329986087790441029e-01
7.715623704512595271e-01
8.108965512069935544e-01
8.504607241492746494e-01
8.893467924106061018e-01
9.262665376168492948e-01
9.598087325419805138e-01
9.888544396371505840e-01
1.012894462616207969e+00
1.032075779019540507e+00
1.047015210010169728e+00
1.058538511542952198e+00
1.067472033595201264e+00
1.074527508295535450e+00
1.080262876045483544e+00
1.085086708476525219e+00
1.089280565011275792e+00
1.093024855179142163e+00
1.096422292834873691e+00
1.099517870734898928e+00
1.102316386219473143e+00
1.104798837912140064e+00
1.106938117954459955e+00
1.108712975639082998e+00
1.110118087351539495e+00
1.111168071349120989e+00
1.111894607583990391e+00
1.112337629581558351e+00
1.112532523721574407e+00
1.112494577196718071e+00
1.112199809379196269e+00
1.111559338926725760e+00
1.110387106963530268e+00
1.108381389101127823e+00
1.105202069292444467e+00
1.100786497381614826e+00
1.095799544661966385e+00
1.091476757951332033e+00
1.088645334759893446e+00
1.087261411487276286e+00
1.086914226325485622e+00
1.087387946127136962e+00
1.089001353340425027e+00
1.093160940894398747e+00
1.103301064999670178e+00
1.121553722409461606e+00
1.136273231368903680e+00
1.139952473672667832e+00
1.140130691608914670e+00
