#Weights for Beta densities from initial fitting w/o bootstrap
7.878212223137889131e-03
4.178685127124485054e-09
1.925306701578560488e-09
8.781343043713261841e-10
8.885126099877519473e-10
1.292377259838381764e-09
2.007338163886475735e-09
2.656410543153055597e-09
3.301813198049592470e-09
3.649188516098866835e-09
3.938558496033116853e-09
3.944946160498166180e-09
4.094687694477011978e-09
3.997675175542747016e-09
3.565723090127630536e-09
3.164676427870521011e-09
2.641733248419476988e-09
2.045647626144039106e-09
1.675013510647699698e-09
1.195062253945307312e-09
7.267760519498516765e-10
3.842947126095597892e-10
6.631324444004511924e-11
4.627054777452832868e-14
0.000000000000000000e+00
0.000000000000000000e+00
0.000000000000000000e+00
0.000000000000000000e+00
0.000000000000000000e+00
0.000000000000000000e+00
0.000000000000000000e+00
0.000000000000000000e+00
0.000000000000000000e+00
0.000000000000000000e+00
0.000000000000000000e+00
0.000000000000000000e+00
0.000000000000000000e+00
0.000000000000000000e+00
0.000000000000000000e+00
0.000000000000000000e+00
0.000000000000000000e+00
0.000000000000000000e+00
0.000000000000000000e+00
0.000000000000000000e+00
0.000000000000000000e+00
0.000000000000000000e+00
0.000000000000000000e+00
0.000000000000000000e+00
0.000000000000000000e+00
0.000000000000000000e+00
0.000000000000000000e+00
0.000000000000000000e+00
0.000000000000000000e+00
0.000000000000000000e+00
0.000000000000000000e+00
0.000000000000000000e+00
0.000000000000000000e+00
0.000000000000000000e+00
0.000000000000000000e+00
0.000000000000000000e+00
3.754044119077412111e-09
2.249279472297146972e-09
1.089575117508240259e-09
3.685683847876737405e-10
6.220384614101204532e-10
1.209072366228723997e-09
2.044176312199591297e-09
2.819841171299507458e-09
3.273160973744505056e-09
3.772151954783105974e-09
4.070566000340262713e-09
4.279975417827582390e-09
4.309305216647597541e-09
4.054178315825387073e-09
3.950219934502008995e-09
3.357017370701503467e-09
2.846672890819200289e-09
2.181920285189089121e-09
1.699278006002901954e-09
1.198901839595619309e-09
7.811391697798996232e-10
3.826904007940166383e-10
2.188485437702554303e-10
1.414023647862947337e-13
0.000000000000000000e+00
0.000000000000000000e+00
0.000000000000000000e+00
0.000000000000000000e+00
0.000000000000000000e+00
0.000000000000000000e+00
0.000000000000000000e+00
0.000000000000000000e+00
0.000000000000000000e+00
0.000000000000000000e+00
0.000000000000000000e+00
0.000000000000000000e+00
0.000000000000000000e+00
0.000000000000000000e+00
0.000000000000000000e+00
0.000000000000000000e+00
0.000000000000000000e+00
0.000000000000000000e+00
0.000000000000000000e+00
0.000000000000000000e+00
0.000000000000000000e+00
0.000000000000000000e+00
0.000000000000000000e+00
0.000000000000000000e+00
0.000000000000000000e+00
0.000000000000000000e+00
0.000000000000000000e+00
0.000000000000000000e+00
0.000000000000000000e+00
0.000000000000000000e+00
0.000000000000000000e+00
0.000000000000000000e+00
0.000000000000000000e+00
0.000000000000000000e+00
0.000000000000000000e+00
0.000000000000000000e+00
1.730533737780744037e-09
9.605803186417067593e-10
5.556218939164695288e-11
1.496917813639430708e-11
4.997142247389015012e-10
1.319837659995310695e-09
2.051548227281657226e-09
2.861192727949608772e-09
3.419701681741171067e-09
3.785986455542717025e-09
4.174859539411651466e-09
4.297760154426869117e-09
4.393777927379068491e-09
4.417994936152258999e-09
3.991037896544139133e-09
3.550018304377533258e-09
2.909441315839990746e-09
2.409067639365871832e-09
1.835103442843900322e-09
1.231747011626245490e-09
8.841172386672182168e-10
4.816982622783625027e-10
1.890890438733035701e-10
1.275039260136059189e-13
0.000000000000000000e+00
0.000000000000000000e+00
0.000000000000000000e+00
0.000000000000000000e+00
0.000000000000000000e+00
0.000000000000000000e+00
0.000000000000000000e+00
0.000000000000000000e+00
0.000000000000000000e+00
0.000000000000000000e+00
0.000000000000000000e+00
0.000000000000000000e+00
0.000000000000000000e+00
0.000000000000000000e+00
0.000000000000000000e+00
0.000000000000000000e+00
0.000000000000000000e+00
0.000000000000000000e+00
0.000000000000000000e+00
0.000000000000000000e+00
0.000000000000000000e+00
0.000000000000000000e+00
0.000000000000000000e+00
0.000000000000000000e+00
0.000000000000000000e+00
0.000000000000000000e+00
0.000000000000000000e+00
0.000000000000000000e+00
0.000000000000000000e+00
0.000000000000000000e+00
0.000000000000000000e+00
0.000000000000000000e+00
0.000000000000000000e+00
0.000000000000000000e+00
0.000000000000000000e+00
0.000000000000000000e+00
4.095539791498538491e-10
0.000000000000000000e+00
0.000000000000000000e+00
0.000000000000000000e+00
4.160260384616018440e-10
1.314483591400838082e-09
2.148898637950821781e-09
2.955755722670643698e-09
3.642829510035030284e-09
4.063083084617807800e-09
4.246888500768210018e-09
4.472231545653907501e-09
4.702769463598407675e-09
4.531595169330551291e-09
4.361066296583436127e-09
3.839484762865924571e-09
3.141309680768236139e-09
2.560235736571888388e-09
1.860061660640438011e-09
1.342555414079544341e-09
9.473772997439510572e-10
5.186143945711567582e-10
2.440354518638719235e-10
3.070575747769477750e-11
6.425805732102599726e-14
0.000000000000000000e+00
0.000000000000000000e+00
0.000000000000000000e+00
0.000000000000000000e+00
0.000000000000000000e+00
0.000000000000000000e+00
0.000000000000000000e+00
0.000000000000000000e+00
0.000000000000000000e+00
0.000000000000000000e+00
0.000000000000000000e+00
0.000000000000000000e+00
0.000000000000000000e+00
0.000000000000000000e+00
0.000000000000000000e+00
0.000000000000000000e+00
0.000000000000000000e+00
0.000000000000000000e+00
0.000000000000000000e+00
0.000000000000000000e+00
0.000000000000000000e+00
0.000000000000000000e+00
0.000000000000000000e+00
0.000000000000000000e+00
0.000000000000000000e+00
0.000000000000000000e+00
0.000000000000000000e+00
0.000000000000000000e+00
0.000000000000000000e+00
0.000000000000000000e+00
0.000000000000000000e+00
0.000000000000000000e+00
0.000000000000000000e+00
0.000000000000000000e+00
0.000000000000000000e+00
0.000000000000000000e+00
0.000000000000000000e+00
0.000000000000000000e+00
0.000000000000000000e+00
5.371269271540917806e-10
1.285916081863912909e-09
2.340378855779455295e-09
3.053637889669429390e-09
3.728960232675273229e-09
4.259584135753900478e-09
4.525567595590414902e-09
4.856835372835412396e-09
4.955194717212491564e-09
4.859961142582402811e-09
4.614723691011727152e-09
3.996555390853353475e-09
3.282825031570395685e-09
2.641372997940119347e-09
1.965799139260059924e-09
1.512821973076664003e-09
1.106349298657021398e-09
6.565017967357964232e-10
2.876312975544727989e-10
1.494892167458839630e-11
1.650374118819448910e-13
0.000000000000000000e+00
0.000000000000000000e+00
0.000000000000000000e+00
0.000000000000000000e+00
0.000000000000000000e+00
0.000000000000000000e+00
0.000000000000000000e+00
0.000000000000000000e+00
0.000000000000000000e+00
0.000000000000000000e+00
0.000000000000000000e+00
0.000000000000000000e+00
0.000000000000000000e+00
0.000000000000000000e+00
0.000000000000000000e+00
3.556552332471181763e-11
0.000000000000000000e+00
0.000000000000000000e+00
0.000000000000000000e+00
0.000000000000000000e+00
0.000000000000000000e+00
0.000000000000000000e+00
0.000000000000000000e+00
0.000000000000000000e+00
0.000000000000000000e+00
0.000000000000000000e+00
0.000000000000000000e+00
0.000000000000000000e+00
0.000000000000000000e+00
0.000000000000000000e+00
0.000000000000000000e+00
0.000000000000000000e+00
0.000000000000000000e+00
0.000000000000000000e+00
0.000000000000000000e+00
0.000000000000000000e+00
0.000000000000000000e+00
0.000000000000000000e+00
0.000000000000000000e+00
5.538842392077321182e-10
1.404356980656003533e-09
2.361060385830894314e-09
3.260907582118144061e-09
3.971710960126931966e-09
4.503241517266974164e-09
4.935872122223790467e-09
5.082947937436057774e-09
5.197044565084778612e-09
5.205579762067288437e-09
4.886753377655419075e-09
4.276563579635517948e-09
3.596593086248344870e-09
2.906417597982550781e-09
2.302665512235913374e-09
1.551898139187160190e-09
1.228830721313711382e-09
8.379084029513255849e-10
4.828883062664395447e-10
9.585119204776677270e-11
2.141921911368311271e-13
0.000000000000000000e+00
0.000000000000000000e+00
0.000000000000000000e+00
0.000000000000000000e+00
0.000000000000000000e+00
0.000000000000000000e+00
0.000000000000000000e+00
0.000000000000000000e+00
0.000000000000000000e+00
0.000000000000000000e+00
0.000000000000000000e+00
0.000000000000000000e+00
0.000000000000000000e+00
8.165238304118126070e-11
5.583495446364909872e-11
1.259665347077737064e-11
6.420004120524539120e-11
0.000000000000000000e+00
0.000000000000000000e+00
0.000000000000000000e+00
0.000000000000000000e+00
0.000000000000000000e+00
0.000000000000000000e+00
0.000000000000000000e+00
0.000000000000000000e+00
0.000000000000000000e+00
0.000000000000000000e+00
0.000000000000000000e+00
0.000000000000000000e+00
0.000000000000000000e+00
0.000000000000000000e+00
0.000000000000000000e+00
0.000000000000000000e+00
0.000000000000000000e+00
0.000000000000000000e+00
0.000000000000000000e+00
0.000000000000000000e+00
0.000000000000000000e+00
0.000000000000000000e+00
5.485012752646472462e-10
1.442197226788549760e-09
2.534667713055693102e-09
3.462952042851588848e-09
4.137665574532306372e-09
4.673422338849281607e-09
5.158495662443424139e-09
5.375174291903896430e-09
5.504964936063106734e-09
5.487115627538383023e-09
5.128551862665247950e-09
4.441748948005661305e-09
3.930254526581785995e-09
3.078492418074511109e-09
2.380058299076577363e-09
1.787031497701195432e-09
1.352096825695000806e-09
9.913814420146955208e-10
6.096990220209458057e-10
2.755165741875256660e-10
9.059179910169690171e-12
4.021574841887220959e-14
0.000000000000000000e+00
0.000000000000000000e+00
0.000000000000000000e+00
0.000000000000000000e+00
0.000000000000000000e+00
0.000000000000000000e+00
0.000000000000000000e+00
0.000000000000000000e+00
0.000000000000000000e+00
0.000000000000000000e+00
0.000000000000000000e+00
0.000000000000000000e+00
1.707514304892272265e-10
0.000000000000000000e+00
2.252907009855655584e-10
1.231524430232570658e-10
5.935597403632181559e-11
0.000000000000000000e+00
0.000000000000000000e+00
0.000000000000000000e+00
0.000000000000000000e+00
0.000000000000000000e+00
0.000000000000000000e+00
0.000000000000000000e+00
0.000000000000000000e+00
0.000000000000000000e+00
0.000000000000000000e+00
0.000000000000000000e+00
0.000000000000000000e+00
0.000000000000000000e+00
0.000000000000000000e+00
0.000000000000000000e+00
0.000000000000000000e+00
0.000000000000000000e+00
0.000000000000000000e+00
0.000000000000000000e+00
0.000000000000000000e+00
0.000000000000000000e+00
6.168057102387318525e-10
1.580619041536423397e-09
2.713110951275477189e-09
3.705178757081169625e-09
4.499218300343276207e-09
5.011963760336336113e-09
5.375079610870196209e-09
5.768997017962806967e-09
5.764461132280725168e-09
5.774861570373474337e-09
5.378817918594247164e-09
4.868157468670378685e-09
4.119636494880930507e-09
3.340611387276604091e-09
2.520270993891533322e-09
1.942856906404380849e-09
1.561418632141590529e-09
1.114900990231867216e-09
6.729861970251436694e-10
4.566870295079652674e-10
2.071757435956507756e-10
2.023822969414715202e-13
0.000000000000000000e+00
0.000000000000000000e+00
0.000000000000000000e+00
0.000000000000000000e+00
0.000000000000000000e+00
0.000000000000000000e+00
0.000000000000000000e+00
0.000000000000000000e+00
0.000000000000000000e+00
0.000000000000000000e+00
0.000000000000000000e+00
7.924254536685862587e-11
2.021122491255283672e-10
2.434497872942921307e-10
1.223865711968194274e-10
2.103003621523661025e-10
1.471538609344050457e-10
5.890867700311845682e-11
0.000000000000000000e+00
0.000000000000000000e+00
0.000000000000000000e+00
0.000000000000000000e+00
0.000000000000000000e+00
0.000000000000000000e+00
0.000000000000000000e+00
0.000000000000000000e+00
0.000000000000000000e+00
0.000000000000000000e+00
0.000000000000000000e+00
0.000000000000000000e+00
0.000000000000000000e+00
0.000000000000000000e+00
0.000000000000000000e+00
0.000000000000000000e+00
0.000000000000000000e+00
0.000000000000000000e+00
0.000000000000000000e+00
0.000000000000000000e+00
6.864398563156004013e-10
1.753074378661294719e-09
2.828758195391727906e-09
3.866762956833741571e-09
4.760110314826016902e-09
5.327149107389448302e-09
5.732872465254313779e-09
6.029429386510985578e-09
6.141072988988225403e-09
6.210784955923899718e-09
5.783405724426570554e-09
5.027133228056180057e-09
4.257005906505916037e-09
3.517661223925296764e-09
2.748665186132385171e-09
2.188137450795777391e-09
1.773636504030641858e-09
1.250902319604493400e-09
9.414708690983617637e-10
6.511412793899734288e-10
3.752210889229868221e-10
9.664964818225420434e-11
1.734409429858984151e-14
0.000000000000000000e+00
0.000000000000000000e+00
0.000000000000000000e+00
0.000000000000000000e+00
0.000000000000000000e+00
0.000000000000000000e+00
0.000000000000000000e+00
0.000000000000000000e+00
0.000000000000000000e+00
0.000000000000000000e+00
1.823854785137394316e-10
2.318954660323630813e-10
2.189674771699966844e-10
2.767663124206145252e-10
4.639301613701044942e-10
4.485389300981795394e-10
8.795555062357243361e-11
0.000000000000000000e+00
0.000000000000000000e+00
0.000000000000000000e+00
0.000000000000000000e+00
0.000000000000000000e+00
0.000000000000000000e+00
0.000000000000000000e+00
0.000000000000000000e+00
0.000000000000000000e+00
0.000000000000000000e+00
0.000000000000000000e+00
0.000000000000000000e+00
0.000000000000000000e+00
0.000000000000000000e+00
0.000000000000000000e+00
0.000000000000000000e+00
0.000000000000000000e+00
0.000000000000000000e+00
0.000000000000000000e+00
0.000000000000000000e+00
7.723482667240558970e-10
1.818170403768119601e-09
3.113296725333016486e-09
4.317196555191903006e-09
5.060244596335151181e-09
5.627144960238126519e-09
6.136102947424157966e-09
6.345260195523469884e-09
6.515830120734806401e-09
0.000000000000000000e+00
6.000034274519560812e-09
5.353403552118945185e-09
4.533686719438119531e-09
3.726661458318624216e-09
2.900187795538981262e-09
2.372516103139276559e-09
1.757090722331693810e-09
1.390068835237149186e-09
1.151102255054806403e-09
7.509504924975373270e-10
5.140793805473838504e-10
3.689029629351731042e-10
1.964554854737354363e-13
8.984733296890657171e-14
0.000000000000000000e+00
0.000000000000000000e+00
0.000000000000000000e+00
0.000000000000000000e+00
0.000000000000000000e+00
0.000000000000000000e+00
0.000000000000000000e+00
0.000000000000000000e+00
1.361625238682902101e-10
2.441077885932647277e-10
3.683083069003834960e-10
3.883842859249204474e-10
5.033518515759876139e-10
5.377404979308495739e-10
4.594994873834865519e-10
2.994306106228183496e-10
8.143204259706973198e-11
0.000000000000000000e+00
0.000000000000000000e+00
0.000000000000000000e+00
0.000000000000000000e+00
0.000000000000000000e+00
0.000000000000000000e+00
0.000000000000000000e+00
0.000000000000000000e+00
0.000000000000000000e+00
0.000000000000000000e+00
0.000000000000000000e+00
0.000000000000000000e+00
0.000000000000000000e+00
0.000000000000000000e+00
0.000000000000000000e+00
0.000000000000000000e+00
0.000000000000000000e+00
0.000000000000000000e+00
0.000000000000000000e+00
8.752480794921903891e-10
2.133702727443462810e-09
3.393659902464899391e-09
4.621728309233219333e-09
5.366455631462678525e-09
6.081260032004131732e-09
6.484751215844917538e-09
6.720086045878820014e-09
6.879039263273294997e-09
6.665442278606407788e-09
6.289697734126957439e-09
5.677683362704353128e-09
4.748681505607250833e-09
3.999029375460484623e-09
3.224772123661628465e-09
2.549365318927739931e-09
2.004040391200739843e-09
1.697147349940762970e-09
1.369604144216201975e-09
9.906028690252148351e-10
7.477198862087033840e-10
4.164486801934132911e-10
2.735257536754224986e-10
7.213352444961626689e-13
2.730283382885801701e-14
0.000000000000000000e+00
0.000000000000000000e+00
0.000000000000000000e+00
0.000000000000000000e+00
0.000000000000000000e+00
0.000000000000000000e+00
0.000000000000000000e+00
1.441193700771810181e-10
4.396452801758369277e-10
5.655077908837449010e-10
5.072802022055883794e-10
5.958887882433669744e-10
6.588558209589801891e-10
6.147445004274639617e-10
2.939261646743837278e-10
2.099680455289095738e-10
3.482559417088041238e-11
0.000000000000000000e+00
0.000000000000000000e+00
0.000000000000000000e+00
0.000000000000000000e+00
0.000000000000000000e+00
0.000000000000000000e+00
0.000000000000000000e+00
0.000000000000000000e+00
0.000000000000000000e+00
0.000000000000000000e+00
0.000000000000000000e+00
0.000000000000000000e+00
0.000000000000000000e+00
0.000000000000000000e+00
0.000000000000000000e+00
0.000000000000000000e+00
0.000000000000000000e+00
0.000000000000000000e+00
9.848723838369132387e-10
2.267373162805235202e-09
3.652411551355335312e-09
4.909795480151614213e-09
5.818658643217445950e-09
6.468244735499577478e-09
6.827387947387885328e-09
7.045155211666189145e-09
0.000000000000000000e+00
6.985860847945241967e-09
6.501121464153103740e-09
5.864672362732541049e-09
5.029787364283577224e-09
4.173402484971864990e-09
3.391075890880709054e-09
2.914864824869563430e-09
2.320325700881824850e-09
1.922981262715867361e-09
1.648902958584135745e-09
1.237236598812879718e-09
1.089414044619813927e-09
6.229557726720314653e-10
4.924063024314013726e-10
2.339574776297826931e-10
1.749833168805749205e-13
3.868022204525894128e-14
0.000000000000000000e+00
0.000000000000000000e+00
0.000000000000000000e+00
0.000000000000000000e+00
0.000000000000000000e+00
1.481137194208986806e-10
2.714535751766670438e-10
4.474783300750596040e-10
7.986242785457238578e-10
7.186084141298850269e-10
8.511702969270107489e-10
9.921586991289174109e-10
8.340973124250794765e-10
6.751138247174465153e-10
3.977602120561385488e-10
2.268014831595770644e-10
0.000000000000000000e+00
0.000000000000000000e+00
0.000000000000000000e+00
0.000000000000000000e+00
0.000000000000000000e+00
0.000000000000000000e+00
0.000000000000000000e+00
0.000000000000000000e+00
0.000000000000000000e+00
0.000000000000000000e+00
0.000000000000000000e+00
0.000000000000000000e+00
0.000000000000000000e+00
0.000000000000000000e+00
0.000000000000000000e+00
0.000000000000000000e+00
0.000000000000000000e+00
0.000000000000000000e+00
1.081971926997278182e-09
2.514241404254215767e-09
4.115835475421502631e-09
5.302620269999957607e-09
6.280585729694166434e-09
6.885916288084463481e-09
7.319387291501415960e-09
7.431572829088312759e-09
0.000000000000000000e+00
7.203961141760795092e-09
6.680879425947486189e-09
6.109420357285918804e-09
5.230949912449484688e-09
4.469567795680143576e-09
3.601085472275179614e-09
3.054516805894059871e-09
2.642822584828503556e-09
2.200640705918306654e-09
1.846384516694510235e-09
1.494806031674350279e-09
1.282428086364961888e-09
9.958713113353938037e-10
7.214908560566542053e-10
3.643900415512451922e-10
9.291929439499113109e-11
1.785002885618709840e-13
1.087748628282737674e-14
3.760027848369760480e-14
0.000000000000000000e+00
0.000000000000000000e+00
5.032387287232078881e-11
3.044555679021133869e-10
4.746996028250460626e-10
7.038307089460814239e-10
8.821950895798291203e-10
9.261872495729380606e-10
1.135577377512883620e-09
1.203612402168608951e-09
1.098507819193590071e-09
8.742025277317680249e-10
7.044244668465895932e-10
2.457048366416430337e-10
0.000000000000000000e+00
0.000000000000000000e+00
0.000000000000000000e+00
0.000000000000000000e+00
0.000000000000000000e+00
0.000000000000000000e+00
0.000000000000000000e+00
0.000000000000000000e+00
0.000000000000000000e+00
0.000000000000000000e+00
0.000000000000000000e+00
0.000000000000000000e+00
0.000000000000000000e+00
0.000000000000000000e+00
0.000000000000000000e+00
0.000000000000000000e+00
0.000000000000000000e+00
8.314603962586704925e-12
1.303846357310885582e-09
2.653619288696352317e-09
4.238094933126221212e-09
5.722601224615127797e-09
6.598360468414162599e-09
7.233487081599573154e-09
7.532506605669327409e-09
7.662418733190953462e-09
0.000000000000000000e+00
7.320858937849560903e-09
6.811845519195143445e-09
6.061121214022579387e-09
5.394773481676776751e-09
4.615538886457734876e-09
3.908128492961275079e-09
3.254706537970039340e-09
2.850418496196092601e-09
2.396035022331124497e-09
2.084754533476500713e-09
1.788289121552826090e-09
1.434834677557538786e-09
1.275189793155788246e-09
8.859397093411336784e-10
6.039110838072386549e-10
3.592371645293575768e-10
9.653157539187287283e-11
2.272346169394071548e-13
1.393800294880649568e-13
3.967594868270162385e-12
9.708434705254960604e-11
2.153323182758104262e-10
4.833370742531536238e-10
7.421173332397504912e-10
9.083566591369942619e-10
1.103245994684344296e-09
1.360672117826802092e-09
1.339054937828796192e-09
1.537919146903904882e-09
1.477016556761885803e-09
1.297141202411778148e-09
1.006262730482548382e-09
5.731320257329154090e-10
2.045064013332916030e-10
0.000000000000000000e+00
0.000000000000000000e+00
0.000000000000000000e+00
0.000000000000000000e+00
0.000000000000000000e+00
0.000000000000000000e+00
0.000000000000000000e+00
0.000000000000000000e+00
0.000000000000000000e+00
0.000000000000000000e+00
0.000000000000000000e+00
0.000000000000000000e+00
0.000000000000000000e+00
0.000000000000000000e+00
0.000000000000000000e+00
0.000000000000000000e+00
9.141906757675858755e-11
1.334447882084240728e-09
2.887277552440792466e-09
4.508167526775111181e-09
5.974540174915112226e-09
6.845311817946334759e-09
7.411957297848759737e-09
7.658405098613749430e-09
1.988339537874035320e-02
7.644837665781620414e-09
7.297221878630839746e-09
6.801537077625000148e-09
6.105610244373509252e-09
5.343416114742384010e-09
4.653229862055044066e-09
4.154313819565374446e-09
3.521576370612497789e-09
3.097528585478811800e-09
2.625836273587631036e-09
2.391508225245763630e-09
2.058912406393830494e-09
1.663842930231177892e-09
1.390983748742494850e-09
1.077041421497213610e-09
7.937466150610537776e-10
4.953600689873490903e-10
2.817861762497646330e-10
1.837176797701291363e-10
2.109665700983036112e-10
2.836758964934740904e-10
3.831931173918179367e-10
6.104095084064714500e-10
7.936160889754809250e-10
1.061134377242511233e-09
1.268187185427977163e-09
1.524302591385116167e-09
1.676638215398716691e-09
1.883398640851424109e-09
1.880520498352159636e-09
1.844506363428875388e-09
1.827077566264813617e-09
1.337444822673394646e-09
9.687483293841452102e-10
5.722626613828500529e-10
3.751653833914859068e-10
0.000000000000000000e+00
0.000000000000000000e+00
0.000000000000000000e+00
0.000000000000000000e+00
0.000000000000000000e+00
0.000000000000000000e+00
0.000000000000000000e+00
0.000000000000000000e+00
0.000000000000000000e+00
0.000000000000000000e+00
0.000000000000000000e+00
0.000000000000000000e+00
0.000000000000000000e+00
0.000000000000000000e+00
0.000000000000000000e+00
2.731898744529564396e-11
1.436206247840038471e-09
2.969806673499240300e-09
4.588964402374952170e-09
6.022565859682808475e-09
7.080121980739357069e-09
0.000000000000000000e+00
1.385281312831344869e-02
7.681770059052119565e-09
7.511729071184234639e-09
7.110760083462418299e-09
6.741131575436608210e-09
6.037799841879506642e-09
5.373992096625557033e-09
4.736300086049389592e-09
4.116405556087067945e-09
3.657538082415255610e-09
3.239187313436754365e-09
2.908263521351950208e-09
2.530817413340843936e-09
2.149839222618719332e-09
1.768581646163945583e-09
1.488874022230993346e-09
1.137228557979335290e-09
9.460654563498588157e-10
6.614760732630547838e-10
4.828376608002941180e-10
3.779217318248331996e-10
4.419941980495318306e-10
4.591295688745125122e-10
7.206697661860617532e-10
8.199254334722864476e-10
9.926376685293652654e-10
1.414494534781231181e-09
1.572112265941464011e-09
1.948178888144237258e-09
2.180149029381079255e-09
2.418959440186248066e-09
2.558260918798507109e-09
2.447203314571301621e-09
2.239804958701662924e-09
1.905205029211398541e-09
1.474713783020761909e-09
8.999495567152108666e-10
5.990537686922612177e-10
1.620518256195751444e-10
0.000000000000000000e+00
0.000000000000000000e+00
0.000000000000000000e+00
0.000000000000000000e+00
0.000000000000000000e+00
0.000000000000000000e+00
0.000000000000000000e+00
0.000000000000000000e+00
0.000000000000000000e+00
0.000000000000000000e+00
0.000000000000000000e+00
0.000000000000000000e+00
0.000000000000000000e+00
0.000000000000000000e+00
1.339601124616513177e-10
1.377155773838182360e-09
2.940299114693481356e-09
4.682570663937358143e-09
6.123360824182539682e-09
7.019293393834387529e-09
0.000000000000000000e+00
1.108318762671606333e-07
7.327370012870473417e-09
7.071516500194931853e-09
6.700314283879459738e-09
6.312666084403320411e-09
5.845960008947098535e-09
5.274274648500496560e-09
4.611871779044976336e-09
4.155420145196129313e-09
3.831301513491298272e-09
3.337021925577353781e-09
2.958577574833120432e-09
2.635753754145981512e-09
2.355697261778444767e-09
1.993296138664607790e-09
1.624895059768138752e-09
1.278912837105955099e-09
9.193489876409768286e-10
8.686691925500874724e-10
6.988720522025245309e-10
6.098826155819471346e-10
6.605040051336867580e-10
6.675851875456495996e-10
1.020679675774130764e-09
1.159225888822779951e-09
1.385727402498227445e-09
1.781351679204697164e-09
2.111246957731402811e-09
2.592544947533692502e-09
2.687774788730160043e-09
3.123262120228227982e-09
3.114243175412793287e-09
3.107581143658152748e-09
2.796901769316083714e-09
2.392383133792275330e-09
1.852549414055826433e-09
1.442932855621730145e-09
1.061430647831163168e-09
7.446745054837185575e-10
7.532402681406251254e-11
0.000000000000000000e+00
0.000000000000000000e+00
0.000000000000000000e+00
0.000000000000000000e+00
0.000000000000000000e+00
0.000000000000000000e+00
0.000000000000000000e+00
0.000000000000000000e+00
0.000000000000000000e+00
0.000000000000000000e+00
0.000000000000000000e+00
0.000000000000000000e+00
0.000000000000000000e+00
1.596233396818087725e-10
1.313888751103453264e-09
2.951215146756522428e-09
4.530173121447194795e-09
5.731169414338532770e-09
6.643155659944237422e-09
8.135267939391514460e-09
6.933949742171096929e-09
6.672980392177509254e-09
6.516078573059455027e-09
6.234072775852294039e-09
5.826215226540099351e-09
5.322299513513178134e-09
4.867218894364045564e-09
4.383776149746926931e-09
4.034561684865001366e-09
3.787686543232234786e-09
3.394050758087485998e-09
2.984592555098224220e-09
2.666563267461226188e-09
2.333080312604057117e-09
1.895585239062052830e-09
1.557439429828656458e-09
1.256755338664624056e-09
1.056110036492446448e-09
8.665056364025532123e-10
7.844856629428323918e-10
8.585719328781765736e-10
9.607287151494872678e-10
1.099022909433890754e-09
1.227737190112882480e-09
1.514741155339333020e-09
1.927752902722765676e-09
2.235692736846899552e-09
2.730203858081284023e-09
3.044993144256991319e-09
3.335751231145307745e-09
3.698992076180517122e-09
3.713282128766870161e-09
3.708860499307915875e-09
3.441657058031396600e-09
3.113920345565380971e-09
2.783558799075215675e-09
2.238022764487668218e-09
1.645876626264327851e-09
1.055714280907224716e-09
6.109784639392489978e-10
1.559640583437530242e-10
0.000000000000000000e+00
0.000000000000000000e+00
0.000000000000000000e+00
0.000000000000000000e+00
0.000000000000000000e+00
0.000000000000000000e+00
0.000000000000000000e+00
0.000000000000000000e+00
0.000000000000000000e+00
0.000000000000000000e+00
0.000000000000000000e+00
0.000000000000000000e+00
8.707552365939893404e-11
1.269896205462157057e-09
2.789652402297686593e-09
4.343746444357451272e-09
5.408154363270543688e-09
6.125864743014695932e-09
6.288563517669873998e-09
6.356317588863449335e-09
5.999729175867456106e-09
5.768223958013941027e-09
5.454068086646246599e-09
5.159954470307158228e-09
4.921788147526231643e-09
4.454784934996563434e-09
4.348992370666132169e-09
3.866888029850401269e-09
3.648737016083286066e-09
3.317726853261211375e-09
3.027058452655414800e-09
2.656564440762388490e-09
2.231135330095243531e-09
1.895874102373148972e-09
1.605874577618782442e-09
1.368529573285895135e-09
1.087847974569742105e-09
1.046489472636671588e-09
9.482659538749970889e-10
1.000773835303378076e-09
1.112519220978758813e-09
1.391984492625634353e-09
1.655728220957884001e-09
2.043416949763975408e-09
2.369087545908048951e-09
2.854040298601012480e-09
3.227838296222653850e-09
3.612819450369974076e-09
3.905260175311562406e-09
4.149981600333407416e-09
4.268956165762067321e-09
4.399652331278567323e-09
4.186903349183353863e-09
3.823855072934719175e-09
3.341331392090073513e-09
2.818405861245327189e-09
2.365670736898426062e-09
1.735093930646403582e-09
8.651018265915021195e-10
3.802840656551366789e-10
0.000000000000000000e+00
0.000000000000000000e+00
0.000000000000000000e+00
0.000000000000000000e+00
0.000000000000000000e+00
0.000000000000000000e+00
0.000000000000000000e+00
0.000000000000000000e+00
0.000000000000000000e+00
0.000000000000000000e+00
0.000000000000000000e+00
0.000000000000000000e+00
6.307736699041873034e-11
1.221032298315483472e-09
2.539115054440099860e-09
3.893741440449684789e-09
4.854835452671699861e-09
5.462024370117064618e-09
5.656976538871436891e-09
5.538452238677560804e-09
5.254853386796456367e-09
4.931248710319973466e-09
4.644675407228208919e-09
4.574427624391598278e-09
0.000000000000000000e+00
3.990603453938663620e-09
3.151252906903808253e-07
3.706082711424738743e-09
3.451183615907218342e-09
3.220347155036798570e-09
2.942859952719066227e-09
2.532234405215690788e-09
2.247415667568754078e-09
1.774068346701748568e-09
1.456682966793954626e-09
1.252071577096372925e-09
9.622221587861076103e-10
9.729122458069331707e-10
9.314287794274347846e-10
1.082464821381923054e-09
1.438063633488783058e-09
1.692997682000324812e-09
2.026427719898414547e-09
2.390413381916729248e-09
2.783247776384245803e-09
3.269575441205021154e-09
3.813269256551024545e-09
4.157812084392237130e-09
4.530869869845572544e-09
4.680921269217513687e-09
4.862556566851754756e-09
4.775113891495510106e-09
4.658668921116453685e-09
4.455081685041015590e-09
3.979359668590299543e-09
3.409696124440631444e-09
2.816986400592025054e-09
2.175639725978380193e-09
1.348240792488952851e-09
6.719667863884931294e-10
8.023196639854674849e-11
0.000000000000000000e+00
0.000000000000000000e+00
0.000000000000000000e+00
0.000000000000000000e+00
0.000000000000000000e+00
0.000000000000000000e+00
0.000000000000000000e+00
0.000000000000000000e+00
0.000000000000000000e+00
0.000000000000000000e+00
0.000000000000000000e+00
0.000000000000000000e+00
1.047779789840677125e-09
2.252515718219912650e-09
3.402537478382560872e-09
4.431241519909097650e-09
4.864765214004920157e-09
4.983272462045309630e-09
4.676369829678138151e-09
4.295293490654053362e-09
4.139438867069402135e-09
3.823915977969116133e-09
3.681660220882838732e-09
3.574437066823904268e-09
3.485099243718267653e-09
3.379957028909795168e-09
1.661338740347105547e-01
7.300768933774830043e-03
6.840158460668774062e-07
1.940075408637467319e-08
2.384694655440337727e-09
2.109044132110694003e-09
1.751486937156373636e-09
1.318618271154442926e-09
1.119045785865770365e-09
1.109398756314472557e-09
1.027758958508338682e-09
1.104978253198750136e-09
1.422284239234520486e-09
1.694225134003113969e-09
1.991263275523773057e-09
2.392616010585177515e-09
2.888078500506097384e-09
3.278036575335524028e-09
3.628871754367216512e-09
4.091136530793195120e-09
4.564179041504614770e-09
4.786112511949671262e-09
5.119030587725062438e-09
6.026166497187533273e-08
5.297461305206719826e-09
5.224412871594833089e-09
5.072020479459509532e-09
4.562715353319319775e-09
4.089077152433538095e-09
3.491006291394532359e-09
2.623242321659650348e-09
1.782720353731076663e-09
9.603124067689940105e-10
2.297761402734392614e-10
0.000000000000000000e+00
0.000000000000000000e+00
0.000000000000000000e+00
0.000000000000000000e+00
0.000000000000000000e+00
0.000000000000000000e+00
0.000000000000000000e+00
0.000000000000000000e+00
0.000000000000000000e+00
0.000000000000000000e+00
0.000000000000000000e+00
0.000000000000000000e+00
8.718924930607947100e-10
1.892192052643791339e-09
3.016842399291186489e-09
3.708079338914034523e-09
4.058962277191610187e-09
4.108327946982124785e-09
3.856379866165865571e-09
3.563453081179352555e-09
3.274613365440966804e-09
3.003838997983046151e-09
3.069543166993306821e-09
2.914946457179805145e-09
2.875856306058812705e-09
2.989080027628246237e-09
2.932012238869952315e-09
2.881575133469734717e-09
2.741603809840186574e-09
2.471392441333785926e-09
2.204784937898122890e-09
1.968707221320255884e-09
1.636277993312982637e-09
1.282337645375222044e-09
1.044295184449439708e-09
9.418152665158130848e-10
1.100106065955773269e-09
1.255638744146450226e-09
1.635127942544375349e-09
1.954236549472080720e-09
2.244220666620964114e-09
2.622484842248505494e-09
3.102176910636654262e-09
3.457709165568994328e-09
3.952198972055141629e-09
4.329051645753670151e-09
4.665611065456859369e-09
5.155928295956409751e-09
5.204887711608090952e-09
1.808249363155534431e-02
0.000000000000000000e+00
5.570361410467136663e-09
5.392735857454005795e-09
4.988903676390624966e-09
4.609727200760920447e-09
3.735134747038338514e-09
3.060503687664267798e-09
2.168475825410078774e-09
1.258331959417038653e-09
5.637168259954198583e-10
0.000000000000000000e+00
0.000000000000000000e+00
0.000000000000000000e+00
0.000000000000000000e+00
0.000000000000000000e+00
0.000000000000000000e+00
0.000000000000000000e+00
0.000000000000000000e+00
0.000000000000000000e+00
0.000000000000000000e+00
0.000000000000000000e+00
0.000000000000000000e+00
6.773815733508917619e-10
1.532918698535501867e-09
2.458071858331503897e-09
3.121584597475164467e-09
3.337769572858299126e-09
3.467234101612795289e-09
3.013399384623862784e-09
2.749467996982745601e-09
2.450484546989136813e-09
2.323038320787853381e-09
2.244829194574778525e-09
2.347412485724825769e-09
2.318468883456909512e-09
2.408496133174574055e-09
2.392955125414409291e-09
2.531723848925824505e-09
2.455957405355303216e-09
2.122001428655679173e-09
1.992901224812420658e-09
1.654453806031408924e-09
1.473057861474473077e-09
9.737617462285540926e-07
4.520648518918625458e-02
2.579881565322030834e-01
1.222420439072568508e-09
1.353291389104829872e-09
1.813753085675606443e-09
2.186140449210747066e-09
2.552836272075024108e-09
3.100146366523364902e-09
3.383140014710377730e-09
3.790346484210352090e-09
4.098552261617853830e-09
4.439095262085060608e-09
0.000000000000000000e+00
4.872540260020305349e-09
8.595162907170376610e-08
2.540171682193983690e-02
0.000000000000000000e+00
5.786891087696757932e-09
5.532525187050031570e-09
0.000000000000000000e+00
4.931244605047544442e-09
4.016181355006502486e-09
3.236916732901146716e-09
2.328519912961996411e-09
1.381421298217971485e-09
5.582811292432813492e-10
0.000000000000000000e+00
0.000000000000000000e+00
0.000000000000000000e+00
0.000000000000000000e+00
0.000000000000000000e+00
0.000000000000000000e+00
0.000000000000000000e+00
0.000000000000000000e+00
0.000000000000000000e+00
0.000000000000000000e+00
0.000000000000000000e+00
0.000000000000000000e+00
3.962506947084343395e-10
1.216494700529031274e-09
1.895174824683362364e-09
2.424297516117734200e-09
2.779651864139566672e-09
2.598167634304589098e-09
2.311999918178010969e-09
1.996788560287257787e-09
1.899312827192569393e-09
1.667240670178782486e-09
1.610676098115150959e-09
1.740306967828453927e-09
1.812274391912257220e-09
1.976197137152575020e-09
2.045562902447707059e-09
2.026190455432938133e-09
2.103686951522087250e-09
1.926724305536089746e-09
1.772945772914653130e-09
1.610743098842180530e-09
1.265993858343552335e-09
1.098805745802177446e-09
1.032281742217901357e-09
1.100831871699516052e-09
9.625969790333848013e-07
1.734952955257565441e-07
2.067322334245339978e-09
2.476985119417874456e-09
2.782591471663164636e-09
3.276263631919828149e-09
3.564769910146364334e-09
3.872340063048490342e-09
4.166993851898227188e-09
4.227939721095968998e-09
4.544136119481616735e-09
4.653442394209906887e-09
4.851736827373544578e-09
5.313030521357730582e-09
5.384701039742400972e-09
5.554232736575761326e-09
5.466804566123597217e-09
0.000000000000000000e+00
5.036037699641360133e-09
4.277310020561573822e-09
3.411963342023421775e-09
2.303832855049959946e-09
1.344801228666796247e-09
5.009753242708840474e-10
0.000000000000000000e+00
0.000000000000000000e+00
0.000000000000000000e+00
0.000000000000000000e+00
0.000000000000000000e+00
0.000000000000000000e+00
0.000000000000000000e+00
0.000000000000000000e+00
0.000000000000000000e+00
0.000000000000000000e+00
0.000000000000000000e+00
0.000000000000000000e+00
2.097042135690020911e-10
9.379609221159686412e-10
1.450783660362934176e-09
1.862277344328042896e-09
2.081478619175032702e-09
1.880897354511921555e-09
1.591039232923244705e-09
1.457642967752283654e-09
1.225202092217760219e-09
1.161944411680510908e-09
1.055141992333907791e-09
1.166697571092491602e-09
1.329853008639208154e-09
1.456102028056705738e-09
1.520676936564509207e-09
1.672473118019935951e-09
1.560270996449431588e-09
1.623195893557080360e-09
1.492345266701970868e-09
1.281465910145245161e-09
1.093984979377119801e-09
1.016010849458278333e-09
1.033858444872885279e-09
1.200641768662107249e-09
1.370537314774064132e-09
1.880728878389148840e-09
2.248335099126241884e-09
2.727253213045200591e-09
3.085097273671996668e-09
3.454066555956505238e-09
3.817166231082262352e-09
4.038707203300141218e-09
4.024912133306920114e-09
4.040151447206740524e-09
4.034369058323182421e-09
4.181208778616647362e-09
4.508690889027931365e-09
4.876766449816255485e-09
5.140326975747952053e-09
3.219242353785082101e-08
0.000000000000000000e+00
5.595157518180933939e-09
5.097108316260691527e-09
4.372042304312454466e-09
3.435521497082327396e-09
2.359672226359977433e-09
1.329046159989182269e-09
4.865223375044159159e-10
0.000000000000000000e+00
0.000000000000000000e+00
0.000000000000000000e+00
0.000000000000000000e+00
0.000000000000000000e+00
0.000000000000000000e+00
0.000000000000000000e+00
0.000000000000000000e+00
0.000000000000000000e+00
0.000000000000000000e+00
0.000000000000000000e+00
0.000000000000000000e+00
5.562560882545909840e-11
5.506386915966740929e-10
1.047793711701836369e-09
1.314565377036998965e-09
1.457757784997207952e-09
1.362666768074507265e-09
1.073014804640567898e-09
9.197830752324298424e-10
7.624658078502173546e-10
6.648107134728695788e-10
7.582754018759531643e-10
8.197011399859776176e-10
8.192566776495401488e-10
9.647137624797791885e-10
1.018409516552388066e-09
1.135399060220120804e-09
1.280575905633727670e-09
1.284350910501355344e-09
1.249355137280725190e-09
1.079511408974446383e-09
1.032209748235578898e-09
1.089545525531422646e-09
1.039655559325755960e-09
1.300595743098000343e-09
1.644145157847133314e-09
2.087766122228601382e-09
2.619333569137268686e-09
3.109669273483951492e-09
3.501537333083146766e-09
3.753891961128320051e-09
4.030531916105267245e-09
4.005128845045457635e-09
3.964753138368226918e-09
3.966715100603134833e-09
3.811719928907547574e-09
3.849301348981397748e-09
3.974317196585026944e-09
4.350697566254494351e-09
4.793811366915990795e-09
5.144005107410517126e-09
5.412213364480895222e-09
5.410746151712717750e-09
5.023615371916236185e-09
4.405688629629584604e-09
3.434660853678055770e-09
2.427217301113448991e-09
1.457973210518524693e-09
4.223681595314026825e-10
0.000000000000000000e+00
0.000000000000000000e+00
0.000000000000000000e+00
0.000000000000000000e+00
0.000000000000000000e+00
0.000000000000000000e+00
0.000000000000000000e+00
0.000000000000000000e+00
0.000000000000000000e+00
0.000000000000000000e+00
0.000000000000000000e+00
0.000000000000000000e+00
0.000000000000000000e+00
3.479960443717455181e-10
6.363524686726786107e-10
8.981818678012700255e-10
9.509888869021611038e-10
7.970514356921508588e-10
6.782603105614921937e-10
4.372287138374902029e-10
3.187714354918055156e-10
2.364207920575554220e-10
2.492658833148143338e-10
1.913874834532960860e-10
3.987067325240343366e-10
6.998244681635002492e-10
8.056751129267766472e-10
8.393632526777486516e-10
1.033339868570271365e-09
9.803462599196250497e-10
1.005501155548934599e-09
1.057877077026295097e-09
8.589423274228608697e-10
9.742593706130589036e-10
1.117967501733918884e-09
1.322417531041930791e-09
1.862997055008744219e-09
2.481353245426413052e-09
2.895371383362048351e-09
3.430788854000272682e-09
3.909540749137463161e-09
4.088928920045620262e-09
4.213871590646341041e-09
4.102234040252268181e-09
2.991667421054307321e-08
3.750794165738863649e-09
3.575557997249127938e-09
3.609347077061231980e-09
3.677186857223988345e-09
4.125823406161981858e-09
4.669936355158353080e-09
5.025453148615197934e-09
5.389053986091090504e-09
5.342634160554527933e-09
4.970321068795011535e-09
4.449667412308064529e-09
3.473429230685263873e-09
2.391152057848534695e-09
1.395107822253344794e-09
3.597666911098393214e-10
0.000000000000000000e+00
0.000000000000000000e+00
0.000000000000000000e+00
0.000000000000000000e+00
0.000000000000000000e+00
0.000000000000000000e+00
0.000000000000000000e+00
0.000000000000000000e+00
0.000000000000000000e+00
0.000000000000000000e+00
0.000000000000000000e+00
0.000000000000000000e+00
0.000000000000000000e+00
5.676024659509266040e-11
3.282748265096488020e-10
5.753418226757455871e-10
5.168847180771715302e-10
3.962992125301800710e-10
3.011353648563276067e-10
1.546188632907583550e-10
8.118693648872616337e-12
0.000000000000000000e+00
0.000000000000000000e+00
0.000000000000000000e+00
0.000000000000000000e+00
1.137100889243680918e-10
2.642809577604396941e-10
4.045009726944543307e-10
6.116233579664218341e-10
6.362898215757979953e-10
6.361654830918778931e-10
7.228325982199040922e-10
7.223831520616928891e-10
8.989657653048550397e-10
1.164673249669172705e-09
1.535083040788767104e-09
1.960939125664801525e-09
2.621491661042669603e-09
3.211723707755012724e-09
3.724921104528933727e-09
4.323634911294724232e-09
4.462614877952128261e-09
4.561653907889198968e-09
4.336408203475295290e-09
4.033897881985874498e-09
1.393942987887345081e-07
0.000000000000000000e+00
3.253493467261451544e-09
3.584479488018521946e-09
3.820308300204643129e-09
4.479339481986854043e-09
5.119838678726958993e-09
5.486616244482519887e-09
5.412028558095901957e-09
5.121009611802862065e-09
4.355478265121128155e-09
3.395616963356006998e-09
2.219153294574581455e-09
1.234863090602184308e-09
2.977133778413090930e-10
0.000000000000000000e+00
0.000000000000000000e+00
0.000000000000000000e+00
0.000000000000000000e+00
0.000000000000000000e+00
0.000000000000000000e+00
0.000000000000000000e+00
0.000000000000000000e+00
0.000000000000000000e+00
0.000000000000000000e+00
0.000000000000000000e+00
0.000000000000000000e+00
0.000000000000000000e+00
0.000000000000000000e+00
0.000000000000000000e+00
1.948184871836923521e-10
1.741658243410282113e-10
1.444874215951758516e-10
0.000000000000000000e+00
0.000000000000000000e+00
0.000000000000000000e+00
0.000000000000000000e+00
0.000000000000000000e+00
0.000000000000000000e+00
0.000000000000000000e+00
0.000000000000000000e+00
0.000000000000000000e+00
3.411286395915930586e-11
2.445468531489327940e-10
3.958198528822032984e-10
3.770406867534904194e-10
4.614192356453102198e-10
6.419500987545243590e-10
7.790172473143833130e-10
1.073410411707559986e-09
1.561726623896094078e-09
2.252917579240117236e-09
2.752437463313689583e-09
3.484344470665804544e-09
4.097723224542758116e-09
4.660256818187662677e-09
4.816175005439911389e-09
4.954373306325038148e-09
4.494200376094790256e-09
4.189818895482201683e-09
5.420962174410282053e-02
1.469164292128127246e-07
3.098688853565369528e-09
3.465226672886396589e-09
9.756129511322126019e-08
2.069921196497206851e-07
5.118599350958309300e-09
5.595126106430373342e-09
5.644154801094960147e-09
5.232268554724256490e-09
4.425877074178368447e-09
3.353331409992078416e-09
2.377311989672482290e-09
1.367981456587964300e-09
3.282527297263896848e-10
0.000000000000000000e+00
0.000000000000000000e+00
0.000000000000000000e+00
0.000000000000000000e+00
0.000000000000000000e+00
0.000000000000000000e+00
0.000000000000000000e+00
0.000000000000000000e+00
0.000000000000000000e+00
0.000000000000000000e+00
0.000000000000000000e+00
0.000000000000000000e+00
0.000000000000000000e+00
0.000000000000000000e+00
0.000000000000000000e+00
0.000000000000000000e+00
0.000000000000000000e+00
0.000000000000000000e+00
0.000000000000000000e+00
0.000000000000000000e+00
0.000000000000000000e+00
0.000000000000000000e+00
0.000000000000000000e+00
0.000000000000000000e+00
0.000000000000000000e+00
0.000000000000000000e+00
0.000000000000000000e+00
0.000000000000000000e+00
0.000000000000000000e+00
0.000000000000000000e+00
3.035553665528404208e-11
1.749037128562339443e-10
3.955358732090170643e-10
6.573854444852440750e-10
1.060271225683332330e-09
1.554444247649618372e-09
2.246057639413182180e-09
2.889166542025886249e-09
3.818187919223739658e-09
4.412469299298410994e-09
5.036866550193970065e-09
5.292371911979748047e-09
5.338680508527311224e-09
4.991330115096190936e-09
4.498355408954795867e-09
0.000000000000000000e+00
0.000000000000000000e+00
3.216511395506500267e-09
3.597688375725536360e-09
0.000000000000000000e+00
0.000000000000000000e+00
5.292983391798154644e-09
5.707159568962073945e-09
5.617269255439896791e-09
5.169198292091178276e-09
4.466650108793985092e-09
3.386484685516094691e-09
2.298539735976414297e-09
1.417882488400725278e-09
4.085832957418164473e-10
0.000000000000000000e+00
0.000000000000000000e+00
0.000000000000000000e+00
0.000000000000000000e+00
0.000000000000000000e+00
0.000000000000000000e+00
0.000000000000000000e+00
0.000000000000000000e+00
0.000000000000000000e+00
0.000000000000000000e+00
0.000000000000000000e+00
0.000000000000000000e+00
0.000000000000000000e+00
0.000000000000000000e+00
0.000000000000000000e+00
0.000000000000000000e+00
0.000000000000000000e+00
0.000000000000000000e+00
0.000000000000000000e+00
0.000000000000000000e+00
0.000000000000000000e+00
0.000000000000000000e+00
0.000000000000000000e+00
0.000000000000000000e+00
0.000000000000000000e+00
0.000000000000000000e+00
0.000000000000000000e+00
0.000000000000000000e+00
0.000000000000000000e+00
0.000000000000000000e+00
0.000000000000000000e+00
0.000000000000000000e+00
7.248345682982522158e-11
4.369671178477185257e-10
9.341738543342827678e-10
1.625515466346275685e-09
2.235800603839652729e-09
3.117131538582348298e-09
3.928867587758483763e-09
4.735299089902539362e-09
5.264146337932910076e-09
5.688638648475161504e-09
5.638000922364589805e-09
5.424955295308093014e-09
4.755196959108372900e-09
4.234890386102068862e-09
3.680513527639672743e-09
3.549172330264694380e-09
3.659586092385317085e-09
4.085643365066264161e-09
4.144601402728783843e-03
5.348316323424051010e-09
5.712928913027097999e-09
5.534423671294306062e-09
5.278861058682575779e-09
4.422891553589634117e-09
3.468233805734453686e-09
2.458783223877600546e-09
1.596039924015842612e-09
7.232589879106111433e-10
0.000000000000000000e+00
0.000000000000000000e+00
0.000000000000000000e+00
0.000000000000000000e+00
0.000000000000000000e+00
0.000000000000000000e+00
0.000000000000000000e+00
0.000000000000000000e+00
0.000000000000000000e+00
0.000000000000000000e+00
0.000000000000000000e+00
0.000000000000000000e+00
0.000000000000000000e+00
0.000000000000000000e+00
0.000000000000000000e+00
0.000000000000000000e+00
0.000000000000000000e+00
0.000000000000000000e+00
0.000000000000000000e+00
0.000000000000000000e+00
0.000000000000000000e+00
0.000000000000000000e+00
0.000000000000000000e+00
0.000000000000000000e+00
0.000000000000000000e+00
0.000000000000000000e+00
0.000000000000000000e+00
0.000000000000000000e+00
0.000000000000000000e+00
0.000000000000000000e+00
0.000000000000000000e+00
0.000000000000000000e+00
0.000000000000000000e+00
2.524698439062249077e-10
7.557668830368672930e-10
1.382090567951381527e-09
2.264594706107113115e-09
3.106464105765515568e-09
4.173575403990700768e-09
5.007937374463343796e-09
5.594559115632930119e-09
5.944666671056311876e-09
5.902410923743422875e-09
5.659076932494754846e-09
4.995074121979109386e-09
4.342792193124581797e-09
3.878717815235848537e-09
3.608494056796966941e-09
3.729423945723737776e-09
4.084049003976620613e-09
4.495975105142851227e-09
3.328164028816039954e-02
5.423022522007008391e-09
5.434382711501099836e-09
5.032487552784743965e-09
4.361960831826922553e-09
3.353355284317371345e-09
2.519468606362387641e-09
1.689003021409115067e-09
1.003721742580314668e-09
3.197667763198627534e-10
0.000000000000000000e+00
0.000000000000000000e+00
0.000000000000000000e+00
0.000000000000000000e+00
0.000000000000000000e+00
0.000000000000000000e+00
0.000000000000000000e+00
0.000000000000000000e+00
0.000000000000000000e+00
0.000000000000000000e+00
0.000000000000000000e+00
0.000000000000000000e+00
0.000000000000000000e+00
0.000000000000000000e+00
0.000000000000000000e+00
0.000000000000000000e+00
0.000000000000000000e+00
0.000000000000000000e+00
0.000000000000000000e+00
0.000000000000000000e+00
0.000000000000000000e+00
0.000000000000000000e+00
0.000000000000000000e+00
0.000000000000000000e+00
0.000000000000000000e+00
0.000000000000000000e+00
0.000000000000000000e+00
0.000000000000000000e+00
0.000000000000000000e+00
0.000000000000000000e+00
0.000000000000000000e+00
0.000000000000000000e+00
0.000000000000000000e+00
4.085443561389704525e-10
1.197111266407384910e-09
2.117850467627385759e-09
3.115324804737127536e-09
4.070552486749761182e-09
4.899222797846582955e-09
5.651859065030761434e-09
6.060893468414724171e-09
6.006112938334789392e-09
5.843297766750124902e-09
5.216994494095520661e-09
4.534726051113851734e-09
4.006285775061798792e-09
3.756614953098542312e-09
3.773206938034164802e-09
3.969197781878637537e-09
4.428382089276708690e-09
4.406337373264166920e-08
5.130056440371454788e-09
5.180170423800952941e-09
4.885139139636941580e-09
4.274868442968522734e-09
3.431748341380421249e-09
2.682380950226479455e-09
1.762472814309932683e-09
1.248356207750771104e-09
7.335588689330019742e-10
3.685423554753785755e-10
3.442375674131132198e-10
2.785993858771805786e-10
5.228851535868101760e-10
4.956299717556202756e-10
0.000000000000000000e+00
0.000000000000000000e+00
0.000000000000000000e+00
0.000000000000000000e+00
0.000000000000000000e+00
0.000000000000000000e+00
0.000000000000000000e+00
0.000000000000000000e+00
0.000000000000000000e+00
0.000000000000000000e+00
0.000000000000000000e+00
0.000000000000000000e+00
0.000000000000000000e+00
0.000000000000000000e+00
0.000000000000000000e+00
0.000000000000000000e+00
0.000000000000000000e+00
0.000000000000000000e+00
0.000000000000000000e+00
0.000000000000000000e+00
0.000000000000000000e+00
0.000000000000000000e+00
0.000000000000000000e+00
0.000000000000000000e+00
0.000000000000000000e+00
0.000000000000000000e+00
0.000000000000000000e+00
0.000000000000000000e+00
2.767043094431478067e-10
1.064653604818632659e-09
1.940671207726824020e-09
2.891751871011348988e-09
3.789600763346189077e-09
4.862188676958590944e-09
5.505153788496259976e-09
5.979093608884595780e-09
6.049088828099326519e-09
5.771129951192782955e-09
5.125859017368398600e-09
4.596395862809335040e-09
4.004594975491773408e-09
3.547325548652228120e-09
3.511187877093744155e-09
3.607377904186799650e-09
4.062275597231257332e-09
4.424779569335784353e-09
9.988865310334778692e-04
4.745900272506547593e-09
4.562450482601201543e-09
4.041174504130571679e-09
3.519238713373177791e-09
2.895166833180002584e-09
2.233058047672455141e-09
1.544961790827457015e-09
1.275792051073047878e-09
9.600752711800788981e-10
1.168197754540622131e-09
1.263178127550078712e-09
1.229036922648241125e-09
1.296390455704858764e-09
7.233145895053905915e-10
0.000000000000000000e+00
0.000000000000000000e+00
0.000000000000000000e+00
0.000000000000000000e+00
0.000000000000000000e+00
0.000000000000000000e+00
0.000000000000000000e+00
0.000000000000000000e+00
0.000000000000000000e+00
0.000000000000000000e+00
0.000000000000000000e+00
0.000000000000000000e+00
0.000000000000000000e+00
0.000000000000000000e+00
0.000000000000000000e+00
0.000000000000000000e+00
0.000000000000000000e+00
0.000000000000000000e+00
0.000000000000000000e+00
0.000000000000000000e+00
0.000000000000000000e+00
0.000000000000000000e+00
0.000000000000000000e+00
0.000000000000000000e+00
0.000000000000000000e+00
0.000000000000000000e+00
0.000000000000000000e+00
1.928880955916142092e-11
7.390978281095034350e-10
1.767692921517870948e-09
2.615026051208776191e-09
3.609014997917299085e-09
4.528773745767625574e-09
5.275833090393571172e-09
5.610607655867710314e-09
5.750461938529078867e-09
5.435595730897480552e-09
5.042708654585450740e-09
4.377541214705777126e-09
3.774511164907439468e-09
3.283750701804329250e-09
3.267213183357159284e-09
3.410893187206620934e-09
3.653689099267498219e-09
3.924631882168138842e-09
4.140476567160608640e-09
4.655924619832947660e-09
4.359697129387287866e-09
3.943378190743881959e-09
3.489368339708042018e-09
2.980788220324328350e-09
2.620017312452683188e-09
2.098696999599002356e-09
1.693818804605980167e-09
1.592944000123566840e-09
1.714409716491622486e-09
1.924245175628793296e-09
2.226150792861091815e-09
2.195251385967125211e-09
1.421731792451260123e-09
5.457413851744131894e-10
0.000000000000000000e+00
0.000000000000000000e+00
0.000000000000000000e+00
0.000000000000000000e+00
0.000000000000000000e+00
0.000000000000000000e+00
0.000000000000000000e+00
0.000000000000000000e+00
0.000000000000000000e+00
0.000000000000000000e+00
0.000000000000000000e+00
0.000000000000000000e+00
0.000000000000000000e+00
0.000000000000000000e+00
0.000000000000000000e+00
0.000000000000000000e+00
0.000000000000000000e+00
0.000000000000000000e+00
0.000000000000000000e+00
0.000000000000000000e+00
0.000000000000000000e+00
0.000000000000000000e+00
0.000000000000000000e+00
0.000000000000000000e+00
0.000000000000000000e+00
0.000000000000000000e+00
0.000000000000000000e+00
4.823950275402964508e-10
1.394977551856752386e-09
2.394240648029649987e-09
3.205427571843473216e-09
4.082389667250806071e-09
4.713737659556233957e-09
5.096823689603193479e-09
5.259659355824978795e-09
5.057312126078755227e-09
4.461498936637250024e-09
3.938851572320628805e-09
3.391173318034866490e-09
2.981200619671955756e-09
2.644240234917203639e-09
2.988095411544714791e-09
3.077133614306998605e-09
3.440687701664507554e-09
3.739009994518160235e-09
6.267383100578993836e-08
3.850146064528834339e-09
3.759517267510148201e-09
3.532362525456142099e-09
3.198051358965977492e-09
2.697763858625341036e-09
2.524150910693248424e-09
2.352110714340656855e-09
2.289963046188644518e-09
2.393284451874668377e-09
2.844081816678540009e-09
3.188181395043969774e-09
3.294395277931377814e-09
2.517765261169741396e-09
1.242550336895001878e-09
0.000000000000000000e+00
0.000000000000000000e+00
0.000000000000000000e+00
0.000000000000000000e+00
0.000000000000000000e+00
0.000000000000000000e+00
0.000000000000000000e+00
0.000000000000000000e+00
0.000000000000000000e+00
0.000000000000000000e+00
0.000000000000000000e+00
0.000000000000000000e+00
0.000000000000000000e+00
0.000000000000000000e+00
0.000000000000000000e+00
0.000000000000000000e+00
0.000000000000000000e+00
0.000000000000000000e+00
0.000000000000000000e+00
0.000000000000000000e+00
0.000000000000000000e+00
0.000000000000000000e+00
0.000000000000000000e+00
0.000000000000000000e+00
0.000000000000000000e+00
0.000000000000000000e+00
0.000000000000000000e+00
2.318343332733982136e-10
1.015920133354675955e-09
1.884909297386220977e-09
2.690267324367798298e-09
3.375430368696823670e-09
4.136638815339429109e-09
4.414174978654616091e-09
4.406201014776670351e-09
4.281899340181469598e-09
3.852782948788223536e-09
3.359520870835565271e-09
2.868326911205598214e-09
2.435904789876313618e-09
2.292846296819845050e-09
2.364321839365052736e-09
2.559498084805090348e-09
2.759327460889095578e-09
3.115791315151405295e-09
3.494611306858632768e-09
1.345158572578948036e-08
3.664059480996634786e-09
3.595638591869821849e-09
3.445035856809909405e-09
3.297402970746720758e-09
3.043952574638457979e-09
2.724747851193340240e-09
2.805584951462744909e-09
3.073100474964418219e-09
3.567198063925033930e-09
4.254328750004476852e-09
4.411973358239003295e-09
3.594355097380825310e-09
2.338468420301155868e-09
0.000000000000000000e+00
0.000000000000000000e+00
0.000000000000000000e+00
0.000000000000000000e+00
0.000000000000000000e+00
0.000000000000000000e+00
0.000000000000000000e+00
0.000000000000000000e+00
0.000000000000000000e+00
0.000000000000000000e+00
0.000000000000000000e+00
0.000000000000000000e+00
0.000000000000000000e+00
0.000000000000000000e+00
0.000000000000000000e+00
0.000000000000000000e+00
0.000000000000000000e+00
0.000000000000000000e+00
0.000000000000000000e+00
0.000000000000000000e+00
0.000000000000000000e+00
0.000000000000000000e+00
0.000000000000000000e+00
0.000000000000000000e+00
0.000000000000000000e+00
0.000000000000000000e+00
0.000000000000000000e+00
0.000000000000000000e+00
5.035160082446776012e-10
1.284531340413397038e-09
2.034677134819456256e-09
2.703563064660436179e-09
3.286310030400701929e-09
3.593822656233141669e-09
3.638792514878469528e-09
3.348328267597418035e-09
3.116465087289685171e-09
2.720296627011594852e-09
2.184692935260057494e-09
1.917605379199078292e-09
1.605472601499270486e-09
1.747573284135998319e-09
1.949824264829549580e-09
2.205915417525792397e-09
2.654314477699276338e-09
3.126774424377408980e-09
0.000000000000000000e+00
3.551306394899024802e-09
3.660884457221806268e-09
3.622842742397254281e-09
3.679610523736056067e-09
3.409345872899540629e-09
3.274023335408463751e-09
3.448523739310801915e-09
3.748277701777478681e-09
4.615137316374588043e-09
5.385952129381423764e-09
5.437610624344347690e-09
4.487153268942755279e-09
3.102763511317000852e-09
0.000000000000000000e+00
0.000000000000000000e+00
0.000000000000000000e+00
0.000000000000000000e+00
0.000000000000000000e+00
0.000000000000000000e+00
0.000000000000000000e+00
0.000000000000000000e+00
0.000000000000000000e+00
0.000000000000000000e+00
0.000000000000000000e+00
0.000000000000000000e+00
0.000000000000000000e+00
0.000000000000000000e+00
0.000000000000000000e+00
0.000000000000000000e+00
0.000000000000000000e+00
0.000000000000000000e+00
0.000000000000000000e+00
0.000000000000000000e+00
0.000000000000000000e+00
0.000000000000000000e+00
0.000000000000000000e+00
0.000000000000000000e+00
0.000000000000000000e+00
0.000000000000000000e+00
0.000000000000000000e+00
0.000000000000000000e+00
1.241269320763269294e-10
7.603815367703569979e-10
1.410855695764752443e-09
2.051517351903531959e-09
2.521691135192266134e-09
2.707730550235399767e-09
2.671884592575208519e-09
2.622742727074312160e-09
2.263240897994418312e-09
2.054838185489099064e-09
1.612479965213734938e-09
1.473369288418372137e-09
1.296720990999822626e-09
1.426966764497139378e-09
1.621639443925788003e-09
1.938407728726711111e-09
2.230341323029290562e-09
2.640803117606816419e-09
3.304810946177165131e-09
1.209510934404739620e-02
3.674609830462451719e-09
3.823123232795870102e-09
3.853004800731393627e-09
3.890014310731411151e-09
3.895769731490043778e-09
3.997755366661631303e-09
4.463787652724060052e-09
5.284099218734193035e-09
6.088768361219585573e-09
6.284099178285904661e-09
5.583779055721053706e-09
4.153187999987786254e-09
0.000000000000000000e+00
0.000000000000000000e+00
0.000000000000000000e+00
0.000000000000000000e+00
0.000000000000000000e+00
0.000000000000000000e+00
0.000000000000000000e+00
0.000000000000000000e+00
0.000000000000000000e+00
0.000000000000000000e+00
0.000000000000000000e+00
0.000000000000000000e+00
0.000000000000000000e+00
0.000000000000000000e+00
0.000000000000000000e+00
0.000000000000000000e+00
0.000000000000000000e+00
0.000000000000000000e+00
0.000000000000000000e+00
0.000000000000000000e+00
0.000000000000000000e+00
0.000000000000000000e+00
0.000000000000000000e+00
0.000000000000000000e+00
0.000000000000000000e+00
0.000000000000000000e+00
0.000000000000000000e+00
0.000000000000000000e+00
0.000000000000000000e+00
1.095989401080615540e-10
6.357319970864508373e-10
1.131349012776392188e-09
1.567199221534294889e-09
1.774431957553805334e-09
1.784681191983756964e-09
1.536970101066556082e-09
1.507723569044691407e-09
1.325552962019949197e-09
1.130139976141252592e-09
8.165074272919772829e-10
8.250879403076573346e-10
1.047607436830659380e-09
1.260737992101011740e-09
1.763022011517983790e-09
2.170312920490866248e-09
2.580019765359863723e-09
3.036912865754878672e-09
3.672489859136803322e-09
9.777219023230365735e-02
4.050209807116641529e-09
4.195297341911845508e-09
4.185696747611766130e-09
4.239679436319222434e-09
4.532622235936314415e-09
5.025528432100086207e-09
5.711056765138966640e-09
6.629399824688486910e-09
7.004905165412226107e-09
6.429016165768976847e-09
5.288513162878441691e-09
0.000000000000000000e+00
0.000000000000000000e+00
0.000000000000000000e+00
0.000000000000000000e+00
0.000000000000000000e+00
0.000000000000000000e+00
0.000000000000000000e+00
0.000000000000000000e+00
0.000000000000000000e+00
0.000000000000000000e+00
0.000000000000000000e+00
0.000000000000000000e+00
0.000000000000000000e+00
0.000000000000000000e+00
0.000000000000000000e+00
0.000000000000000000e+00
0.000000000000000000e+00
0.000000000000000000e+00
0.000000000000000000e+00
0.000000000000000000e+00
0.000000000000000000e+00
0.000000000000000000e+00
0.000000000000000000e+00
0.000000000000000000e+00
0.000000000000000000e+00
0.000000000000000000e+00
0.000000000000000000e+00
0.000000000000000000e+00
0.000000000000000000e+00
0.000000000000000000e+00
2.945863009970952563e-11
4.361797750670812126e-10
6.553019724390760278e-10
8.652848112615607150e-10
7.621152263047085459e-10
8.428022325119208033e-10
6.395471270813590359e-10
5.661213647804452614e-10
4.820423827753073558e-10
2.660211336297204293e-10
5.495616704706464409e-10
7.207251895090384546e-10
9.261104135684859964e-10
1.534379714509264660e-09
2.008141781795734378e-09
2.487188675966987332e-09
3.033259465851063305e-09
3.555022109741138877e-09
3.856526710206914830e-09
1.279229331568549011e-06
4.377974983304589220e-09
4.480745419126266622e-09
4.459104830619886925e-09
4.704599980474698255e-09
5.169465371784493888e-09
5.860502888966060660e-09
1.789531906804776316e-08
2.533612291688488657e-02
6.813156577786725387e-09
6.073546989776116963e-09
0.000000000000000000e+00
0.000000000000000000e+00
0.000000000000000000e+00
0.000000000000000000e+00
0.000000000000000000e+00
0.000000000000000000e+00
0.000000000000000000e+00
0.000000000000000000e+00
0.000000000000000000e+00
0.000000000000000000e+00
0.000000000000000000e+00
0.000000000000000000e+00
0.000000000000000000e+00
0.000000000000000000e+00
0.000000000000000000e+00
0.000000000000000000e+00
0.000000000000000000e+00
0.000000000000000000e+00
0.000000000000000000e+00
0.000000000000000000e+00
0.000000000000000000e+00
0.000000000000000000e+00
0.000000000000000000e+00
0.000000000000000000e+00
0.000000000000000000e+00
0.000000000000000000e+00
0.000000000000000000e+00
0.000000000000000000e+00
0.000000000000000000e+00
0.000000000000000000e+00
0.000000000000000000e+00
0.000000000000000000e+00
4.103577704116098847e-12
7.608770299639473766e-11
1.637643054440167255e-11
1.106610873717416845e-10
0.000000000000000000e+00
0.000000000000000000e+00
0.000000000000000000e+00
0.000000000000000000e+00
1.327892444094234785e-10
4.517493759959737686e-10
9.281907243454698697e-10
1.505679537446513853e-09
2.069526251878931281e-09
2.541789786501914673e-09
2.939418878689392025e-09
3.464429507919226639e-09
3.840334366462439213e-09
8.085135029704933557e-09
0.000000000000000000e+00
4.495111176611885669e-09
4.685436557610245725e-09
4.908066666268819291e-09
5.084974843336573746e-09
5.643857413000262488e-09
6.221951844885637993e-09
6.799002534542605946e-09
6.796835743146248791e-09
6.615284585526298611e-09
0.000000000000000000e+00
0.000000000000000000e+00
0.000000000000000000e+00
0.000000000000000000e+00
0.000000000000000000e+00
0.000000000000000000e+00
0.000000000000000000e+00
0.000000000000000000e+00
0.000000000000000000e+00
0.000000000000000000e+00
0.000000000000000000e+00
0.000000000000000000e+00
0.000000000000000000e+00
0.000000000000000000e+00
0.000000000000000000e+00
0.000000000000000000e+00
0.000000000000000000e+00
0.000000000000000000e+00
0.000000000000000000e+00
0.000000000000000000e+00
0.000000000000000000e+00
0.000000000000000000e+00
0.000000000000000000e+00
0.000000000000000000e+00
0.000000000000000000e+00
0.000000000000000000e+00
0.000000000000000000e+00
0.000000000000000000e+00
0.000000000000000000e+00
0.000000000000000000e+00
0.000000000000000000e+00
0.000000000000000000e+00
0.000000000000000000e+00
0.000000000000000000e+00
0.000000000000000000e+00
0.000000000000000000e+00
0.000000000000000000e+00
0.000000000000000000e+00
0.000000000000000000e+00
0.000000000000000000e+00
1.434510543796215470e-10
5.835854798710374496e-10
8.311564055979246766e-10
1.382849946144248557e-09
1.835974908775109680e-09
2.581142915080024658e-09
3.019421267540011980e-09
3.563996366012710541e-09
3.942340331984609235e-09
4.267838182357797869e-09
3.993625773588918847e-08
6.694099200913136705e-02
4.661409135033203349e-09
4.688141749949040757e-09
4.869448464400242832e-09
5.223305229641561008e-09
5.873032600142721263e-09
6.301513138348756021e-09
6.477279217192688827e-09
6.526807135411456472e-09
0.000000000000000000e+00
0.000000000000000000e+00
0.000000000000000000e+00
0.000000000000000000e+00
0.000000000000000000e+00
0.000000000000000000e+00
0.000000000000000000e+00
0.000000000000000000e+00
0.000000000000000000e+00
0.000000000000000000e+00
0.000000000000000000e+00
0.000000000000000000e+00
0.000000000000000000e+00
0.000000000000000000e+00
0.000000000000000000e+00
0.000000000000000000e+00
0.000000000000000000e+00
0.000000000000000000e+00
0.000000000000000000e+00
0.000000000000000000e+00
0.000000000000000000e+00
0.000000000000000000e+00
0.000000000000000000e+00
0.000000000000000000e+00
0.000000000000000000e+00
0.000000000000000000e+00
0.000000000000000000e+00
0.000000000000000000e+00
0.000000000000000000e+00
0.000000000000000000e+00
0.000000000000000000e+00
0.000000000000000000e+00
0.000000000000000000e+00
0.000000000000000000e+00
0.000000000000000000e+00
0.000000000000000000e+00
0.000000000000000000e+00
0.000000000000000000e+00
0.000000000000000000e+00
0.000000000000000000e+00
0.000000000000000000e+00
1.996587027031433794e-10
8.856899126027996718e-10
1.292504191623477698e-09
1.877741544433837809e-09
2.286378628148545639e-09
2.862722691587086217e-09
3.225515405971986796e-09
3.784346874183838573e-09
4.130451111510533668e-09
4.332511620105493800e-09
1.615147432319138990e-12
4.670925550272590285e-09
4.709478241356403089e-09
4.756684876510426898e-09
4.968670506681173088e-09
4.950730329207318967e-09
5.459509755986608658e-09
5.745898980406762949e-09
6.101769594302164035e-09
0.000000000000000000e+00
0.000000000000000000e+00
0.000000000000000000e+00
0.000000000000000000e+00
0.000000000000000000e+00
0.000000000000000000e+00
0.000000000000000000e+00
0.000000000000000000e+00
0.000000000000000000e+00
0.000000000000000000e+00
0.000000000000000000e+00
0.000000000000000000e+00
0.000000000000000000e+00
0.000000000000000000e+00
0.000000000000000000e+00
0.000000000000000000e+00
0.000000000000000000e+00
0.000000000000000000e+00
0.000000000000000000e+00
0.000000000000000000e+00
0.000000000000000000e+00
0.000000000000000000e+00
0.000000000000000000e+00
0.000000000000000000e+00
0.000000000000000000e+00
0.000000000000000000e+00
0.000000000000000000e+00
0.000000000000000000e+00
0.000000000000000000e+00
0.000000000000000000e+00
0.000000000000000000e+00
0.000000000000000000e+00
0.000000000000000000e+00
0.000000000000000000e+00
0.000000000000000000e+00
0.000000000000000000e+00
0.000000000000000000e+00
0.000000000000000000e+00
0.000000000000000000e+00
0.000000000000000000e+00
0.000000000000000000e+00
2.233128195309812531e-10
6.544577428595418663e-10
1.300877163712484324e-09
1.753477706741647226e-09
2.270458992804268301e-09
2.846986687619476197e-09
3.326868524466867677e-09
3.722165190051149599e-09
4.181713125846374295e-09
4.372362313291179332e-09
4.616550255688122189e-09
4.667345346841257579e-09
4.593042424455110529e-09
4.463256617081044630e-09
4.348270128026777067e-09
4.432273460491287118e-09
4.552480641618825895e-09
4.951643530973159258e-09
5.405034407642209652e-09
0.000000000000000000e+00
0.000000000000000000e+00
0.000000000000000000e+00
0.000000000000000000e+00
0.000000000000000000e+00
0.000000000000000000e+00
0.000000000000000000e+00
0.000000000000000000e+00
0.000000000000000000e+00
0.000000000000000000e+00
0.000000000000000000e+00
0.000000000000000000e+00
0.000000000000000000e+00
0.000000000000000000e+00
0.000000000000000000e+00
0.000000000000000000e+00
0.000000000000000000e+00
0.000000000000000000e+00
0.000000000000000000e+00
0.000000000000000000e+00
0.000000000000000000e+00
0.000000000000000000e+00
0.000000000000000000e+00
0.000000000000000000e+00
0.000000000000000000e+00
0.000000000000000000e+00
0.000000000000000000e+00
0.000000000000000000e+00
0.000000000000000000e+00
0.000000000000000000e+00
0.000000000000000000e+00
0.000000000000000000e+00
0.000000000000000000e+00
0.000000000000000000e+00
0.000000000000000000e+00
0.000000000000000000e+00
0.000000000000000000e+00
0.000000000000000000e+00
0.000000000000000000e+00
0.000000000000000000e+00
0.000000000000000000e+00
0.000000000000000000e+00
3.846316818752236003e-10
1.061033397623101115e-09
1.561832102821608837e-09
2.156425746651369039e-09
2.508315389933467193e-09
3.207620044572684107e-09
3.597654622023401842e-09
4.107729364588465035e-09
4.535624484892126260e-09
0.000000000000000000e+00
4.717025220301945327e-09
4.563017754303985267e-09
4.183522465782958052e-09
3.947381570572271087e-09
3.652566923551851783e-09
3.523907731061099953e-09
3.800790342817545837e-09
4.299940315898291881e-09
0.000000000000000000e+00
0.000000000000000000e+00
0.000000000000000000e+00
0.000000000000000000e+00
0.000000000000000000e+00
0.000000000000000000e+00
0.000000000000000000e+00
0.000000000000000000e+00
0.000000000000000000e+00
0.000000000000000000e+00
0.000000000000000000e+00
0.000000000000000000e+00
0.000000000000000000e+00
0.000000000000000000e+00
0.000000000000000000e+00
0.000000000000000000e+00
0.000000000000000000e+00
0.000000000000000000e+00
0.000000000000000000e+00
0.000000000000000000e+00
0.000000000000000000e+00
0.000000000000000000e+00
0.000000000000000000e+00
0.000000000000000000e+00
0.000000000000000000e+00
0.000000000000000000e+00
0.000000000000000000e+00
0.000000000000000000e+00
0.000000000000000000e+00
0.000000000000000000e+00
0.000000000000000000e+00
0.000000000000000000e+00
0.000000000000000000e+00
0.000000000000000000e+00
0.000000000000000000e+00
0.000000000000000000e+00
0.000000000000000000e+00
0.000000000000000000e+00
0.000000000000000000e+00
0.000000000000000000e+00
0.000000000000000000e+00
0.000000000000000000e+00
3.709579713770292102e-10
8.504638210135003938e-10
1.340493099025709189e-09
1.899129043901452470e-09
2.437483001796384278e-09
3.040736886449764373e-09
3.542599285855330570e-09
4.251769437842453309e-09
4.508143508741496633e-09
1.130805506227734042e-01
4.798018173335601537e-09
4.512097929555659505e-09
4.144484493512802473e-09
3.548187893021291494e-09
3.013036436859634893e-09
2.648866196379713564e-09
2.689727879737082340e-09
3.103023904553452157e-09
0.000000000000000000e+00
0.000000000000000000e+00
0.000000000000000000e+00
0.000000000000000000e+00
0.000000000000000000e+00
0.000000000000000000e+00
0.000000000000000000e+00
0.000000000000000000e+00
0.000000000000000000e+00
0.000000000000000000e+00
0.000000000000000000e+00
0.000000000000000000e+00
0.000000000000000000e+00
0.000000000000000000e+00
0.000000000000000000e+00
0.000000000000000000e+00
0.000000000000000000e+00
0.000000000000000000e+00
0.000000000000000000e+00
0.000000000000000000e+00
0.000000000000000000e+00
0.000000000000000000e+00
0.000000000000000000e+00
0.000000000000000000e+00
0.000000000000000000e+00
0.000000000000000000e+00
0.000000000000000000e+00
0.000000000000000000e+00
0.000000000000000000e+00
0.000000000000000000e+00
0.000000000000000000e+00
0.000000000000000000e+00
0.000000000000000000e+00
0.000000000000000000e+00
0.000000000000000000e+00
0.000000000000000000e+00
0.000000000000000000e+00
0.000000000000000000e+00
0.000000000000000000e+00
0.000000000000000000e+00
0.000000000000000000e+00
0.000000000000000000e+00
4.366879586759035510e-11
5.683244612128199410e-10
1.159486819903426864e-09
1.600186309238195747e-09
2.235655935457422915e-09
2.835858062334989637e-09
3.458699990394973589e-09
4.124788057665786291e-09
4.594738429954092751e-09
3.115156470362823502e-07
0.000000000000000000e+00
4.520591946139416767e-09
3.974714140290303228e-09
3.281267172061546041e-09
2.527376829738080038e-09
1.849503472277534100e-09
1.738464647915490428e-09
1.822291561513974036e-09
0.000000000000000000e+00
0.000000000000000000e+00
0.000000000000000000e+00
0.000000000000000000e+00
0.000000000000000000e+00
0.000000000000000000e+00
0.000000000000000000e+00
0.000000000000000000e+00
0.000000000000000000e+00
0.000000000000000000e+00
0.000000000000000000e+00
0.000000000000000000e+00
0.000000000000000000e+00
0.000000000000000000e+00
0.000000000000000000e+00
0.000000000000000000e+00
0.000000000000000000e+00
0.000000000000000000e+00
0.000000000000000000e+00
0.000000000000000000e+00
0.000000000000000000e+00
0.000000000000000000e+00
0.000000000000000000e+00
0.000000000000000000e+00
0.000000000000000000e+00
0.000000000000000000e+00
0.000000000000000000e+00
0.000000000000000000e+00
0.000000000000000000e+00
0.000000000000000000e+00
0.000000000000000000e+00
0.000000000000000000e+00
0.000000000000000000e+00
0.000000000000000000e+00
0.000000000000000000e+00
0.000000000000000000e+00
0.000000000000000000e+00
0.000000000000000000e+00
0.000000000000000000e+00
0.000000000000000000e+00
0.000000000000000000e+00
0.000000000000000000e+00
0.000000000000000000e+00
3.244853425065951290e-10
8.708017196587932106e-10
1.411948251426240456e-09
2.071734340304423288e-09
2.633145205385447753e-09
3.642499768285201438e-09
4.271407276083094782e-09
4.869386251702410822e-09
5.119984841995679093e-09
3.191551977049194548e-07
4.751976622183175931e-09
3.776854938846320368e-09
3.011892179252367920e-09
2.152036613083117561e-09
1.363484026682871423e-09
9.811943229590384760e-10
9.917736790970846261e-10
0.000000000000000000e+00
0.000000000000000000e+00
0.000000000000000000e+00
0.000000000000000000e+00
0.000000000000000000e+00
0.000000000000000000e+00
0.000000000000000000e+00
0.000000000000000000e+00
0.000000000000000000e+00
0.000000000000000000e+00
0.000000000000000000e+00
0.000000000000000000e+00
0.000000000000000000e+00
0.000000000000000000e+00
0.000000000000000000e+00
0.000000000000000000e+00
0.000000000000000000e+00
0.000000000000000000e+00
0.000000000000000000e+00
0.000000000000000000e+00
0.000000000000000000e+00
0.000000000000000000e+00
0.000000000000000000e+00
0.000000000000000000e+00
0.000000000000000000e+00
0.000000000000000000e+00
0.000000000000000000e+00
0.000000000000000000e+00
0.000000000000000000e+00
0.000000000000000000e+00
0.000000000000000000e+00
0.000000000000000000e+00
0.000000000000000000e+00
0.000000000000000000e+00
0.000000000000000000e+00
0.000000000000000000e+00
0.000000000000000000e+00
0.000000000000000000e+00
0.000000000000000000e+00
0.000000000000000000e+00
0.000000000000000000e+00
0.000000000000000000e+00
0.000000000000000000e+00
8.821476617709092595e-11
5.108171773232839151e-10
1.145948345834314143e-09
1.941908368492051754e-09
2.756496545237332964e-09
3.420547782570682312e-09
4.460159386051538963e-09
5.056492382894539917e-09
5.409520974632869999e-09
5.340022814318895099e-09
4.669156881259081588e-09
3.650748328360042716e-09
2.692349748490138166e-09
1.603864296529756687e-09
7.992731283870437726e-10
6.427380039996075866e-11
4.827155027355344523e-14
0.000000000000000000e+00
0.000000000000000000e+00
0.000000000000000000e+00
0.000000000000000000e+00
0.000000000000000000e+00
0.000000000000000000e+00
0.000000000000000000e+00
0.000000000000000000e+00
0.000000000000000000e+00
0.000000000000000000e+00
0.000000000000000000e+00
0.000000000000000000e+00
0.000000000000000000e+00
0.000000000000000000e+00
0.000000000000000000e+00
0.000000000000000000e+00
0.000000000000000000e+00
0.000000000000000000e+00
0.000000000000000000e+00
0.000000000000000000e+00
0.000000000000000000e+00
0.000000000000000000e+00
0.000000000000000000e+00
0.000000000000000000e+00
0.000000000000000000e+00
0.000000000000000000e+00
0.000000000000000000e+00
0.000000000000000000e+00
0.000000000000000000e+00
0.000000000000000000e+00
0.000000000000000000e+00
0.000000000000000000e+00
0.000000000000000000e+00
0.000000000000000000e+00
0.000000000000000000e+00
0.000000000000000000e+00
0.000000000000000000e+00
0.000000000000000000e+00
0.000000000000000000e+00
0.000000000000000000e+00
0.000000000000000000e+00
0.000000000000000000e+00
0.000000000000000000e+00
0.000000000000000000e+00
2.855952242499171742e-10
8.984761426466324605e-10
1.795581637334844314e-09
2.740707890237239586e-09
3.807121991908461963e-09
4.755351372417195691e-09
5.319415838334295542e-09
5.691957607043516864e-09
5.400350891641090667e-09
4.640594643108592707e-09
3.512654675627127503e-09
2.220228897866448036e-09
1.176261829896857519e-09
3.064518962363970729e-10
0.000000000000000000e+00
0.000000000000000000e+00
0.000000000000000000e+00
0.000000000000000000e+00
0.000000000000000000e+00
0.000000000000000000e+00
0.000000000000000000e+00
0.000000000000000000e+00
0.000000000000000000e+00
0.000000000000000000e+00
0.000000000000000000e+00
0.000000000000000000e+00
0.000000000000000000e+00
0.000000000000000000e+00
0.000000000000000000e+00
0.000000000000000000e+00
0.000000000000000000e+00
0.000000000000000000e+00
0.000000000000000000e+00
0.000000000000000000e+00
0.000000000000000000e+00
0.000000000000000000e+00
0.000000000000000000e+00
0.000000000000000000e+00
0.000000000000000000e+00
0.000000000000000000e+00
0.000000000000000000e+00
0.000000000000000000e+00
0.000000000000000000e+00
0.000000000000000000e+00
0.000000000000000000e+00
0.000000000000000000e+00
0.000000000000000000e+00
0.000000000000000000e+00
0.000000000000000000e+00
0.000000000000000000e+00
0.000000000000000000e+00
0.000000000000000000e+00
0.000000000000000000e+00
0.000000000000000000e+00
0.000000000000000000e+00
0.000000000000000000e+00
0.000000000000000000e+00
0.000000000000000000e+00
0.000000000000000000e+00
0.000000000000000000e+00
1.351946005236340916e-10
9.713336433406734152e-10
1.877032021548065604e-09
2.778703932695886525e-09
3.965115711244262211e-09
5.117937784485374717e-09
5.852467130861403132e-09
6.153447806472995390e-09
5.501910941658606448e-09
4.541569106209532554e-09
3.169235946292345358e-09
1.911659471047518274e-09
9.108368936074487311e-10
0.000000000000000000e+00
0.000000000000000000e+00
0.000000000000000000e+00
0.000000000000000000e+00
0.000000000000000000e+00
0.000000000000000000e+00
0.000000000000000000e+00
0.000000000000000000e+00
0.000000000000000000e+00
0.000000000000000000e+00
0.000000000000000000e+00
0.000000000000000000e+00
0.000000000000000000e+00
0.000000000000000000e+00
0.000000000000000000e+00
0.000000000000000000e+00
0.000000000000000000e+00
0.000000000000000000e+00
0.000000000000000000e+00
0.000000000000000000e+00
0.000000000000000000e+00
0.000000000000000000e+00
0.000000000000000000e+00
0.000000000000000000e+00
0.000000000000000000e+00
0.000000000000000000e+00
0.000000000000000000e+00
0.000000000000000000e+00
0.000000000000000000e+00
0.000000000000000000e+00
0.000000000000000000e+00
0.000000000000000000e+00
0.000000000000000000e+00
0.000000000000000000e+00
0.000000000000000000e+00
0.000000000000000000e+00
0.000000000000000000e+00
0.000000000000000000e+00
0.000000000000000000e+00
0.000000000000000000e+00
0.000000000000000000e+00
0.000000000000000000e+00
0.000000000000000000e+00
0.000000000000000000e+00
0.000000000000000000e+00
0.000000000000000000e+00
0.000000000000000000e+00
1.247064090554358511e-10
1.051645431394735177e-09
2.024278005778506481e-09
3.181864619544325552e-09
4.435563959249994300e-09
5.624262690926778084e-09
6.442256142314597571e-09
6.499996437925360045e-09
5.872151382556204172e-09
4.645380851000804377e-09
2.953948121434016461e-09
1.529030182320768137e-09
4.124997485973375778e-10
0.000000000000000000e+00
0.000000000000000000e+00
0.000000000000000000e+00
0.000000000000000000e+00
0.000000000000000000e+00
0.000000000000000000e+00
0.000000000000000000e+00
0.000000000000000000e+00
0.000000000000000000e+00
0.000000000000000000e+00
0.000000000000000000e+00
0.000000000000000000e+00
0.000000000000000000e+00
0.000000000000000000e+00
0.000000000000000000e+00
0.000000000000000000e+00
0.000000000000000000e+00
0.000000000000000000e+00
0.000000000000000000e+00
0.000000000000000000e+00
0.000000000000000000e+00
0.000000000000000000e+00
0.000000000000000000e+00
0.000000000000000000e+00
0.000000000000000000e+00
0.000000000000000000e+00
0.000000000000000000e+00
0.000000000000000000e+00
0.000000000000000000e+00
0.000000000000000000e+00
0.000000000000000000e+00
0.000000000000000000e+00
0.000000000000000000e+00
0.000000000000000000e+00
0.000000000000000000e+00
0.000000000000000000e+00
0.000000000000000000e+00
0.000000000000000000e+00
0.000000000000000000e+00
0.000000000000000000e+00
0.000000000000000000e+00
0.000000000000000000e+00
0.000000000000000000e+00
0.000000000000000000e+00
0.000000000000000000e+00
0.000000000000000000e+00
0.000000000000000000e+00
1.109975259153240649e-10
1.160121866280752132e-09
2.241933334211840392e-09
3.621004546053650347e-09
5.031356831922741244e-09
6.334781049737879534e-09
6.940810271924663486e-09
6.825459749563740856e-09
5.949878133936013913e-09
4.354824267703121952e-09
2.877117476186596905e-09
1.143722737624969930e-09
0.000000000000000000e+00
0.000000000000000000e+00
0.000000000000000000e+00
0.000000000000000000e+00
0.000000000000000000e+00
0.000000000000000000e+00
0.000000000000000000e+00
0.000000000000000000e+00
0.000000000000000000e+00
0.000000000000000000e+00
0.000000000000000000e+00
0.000000000000000000e+00
0.000000000000000000e+00
0.000000000000000000e+00
0.000000000000000000e+00
0.000000000000000000e+00
0.000000000000000000e+00
0.000000000000000000e+00
0.000000000000000000e+00
0.000000000000000000e+00
0.000000000000000000e+00
0.000000000000000000e+00
0.000000000000000000e+00
0.000000000000000000e+00
0.000000000000000000e+00
0.000000000000000000e+00
0.000000000000000000e+00
0.000000000000000000e+00
0.000000000000000000e+00
0.000000000000000000e+00
0.000000000000000000e+00
0.000000000000000000e+00
0.000000000000000000e+00
0.000000000000000000e+00
0.000000000000000000e+00
0.000000000000000000e+00
0.000000000000000000e+00
0.000000000000000000e+00
0.000000000000000000e+00
0.000000000000000000e+00
0.000000000000000000e+00
0.000000000000000000e+00
0.000000000000000000e+00
0.000000000000000000e+00
0.000000000000000000e+00
0.000000000000000000e+00
0.000000000000000000e+00
0.000000000000000000e+00
3.780782739910507590e-10
1.242683800410014058e-09
2.403609253435065918e-09
3.875110420604359745e-09
5.461344635224637595e-09
6.541602898195892538e-09
1.882165131636555355e-02
7.004580114837428007e-09
5.936801878684840431e-09
4.144019770125005949e-09
2.419925135018062602e-09
1.028155568908402635e-09
0.000000000000000000e+00
0.000000000000000000e+00
0.000000000000000000e+00
0.000000000000000000e+00
0.000000000000000000e+00
0.000000000000000000e+00
0.000000000000000000e+00
0.000000000000000000e+00
0.000000000000000000e+00
0.000000000000000000e+00
0.000000000000000000e+00
0.000000000000000000e+00
0.000000000000000000e+00
0.000000000000000000e+00
0.000000000000000000e+00
0.000000000000000000e+00
0.000000000000000000e+00
0.000000000000000000e+00
0.000000000000000000e+00
0.000000000000000000e+00
0.000000000000000000e+00
0.000000000000000000e+00
0.000000000000000000e+00
0.000000000000000000e+00
0.000000000000000000e+00
0.000000000000000000e+00
0.000000000000000000e+00
0.000000000000000000e+00
0.000000000000000000e+00
0.000000000000000000e+00
0.000000000000000000e+00
0.000000000000000000e+00
0.000000000000000000e+00
0.000000000000000000e+00
0.000000000000000000e+00
0.000000000000000000e+00
0.000000000000000000e+00
0.000000000000000000e+00
0.000000000000000000e+00
0.000000000000000000e+00
0.000000000000000000e+00
0.000000000000000000e+00
0.000000000000000000e+00
0.000000000000000000e+00
0.000000000000000000e+00
0.000000000000000000e+00
0.000000000000000000e+00
0.000000000000000000e+00
3.760547101718346759e-10
1.324822360497669647e-09
2.476394734560877592e-09
3.969947986677533392e-09
5.369484730484632020e-09
6.327105127099045436e-09
3.366077655056424773e-03
6.439516706401832718e-09
5.356037809252914882e-09
3.805837903693358037e-09
2.025476973159666019e-09
5.072632118185794208e-10
0.000000000000000000e+00
0.000000000000000000e+00
0.000000000000000000e+00
0.000000000000000000e+00
0.000000000000000000e+00
0.000000000000000000e+00
0.000000000000000000e+00
0.000000000000000000e+00
0.000000000000000000e+00
0.000000000000000000e+00
0.000000000000000000e+00
0.000000000000000000e+00
0.000000000000000000e+00
0.000000000000000000e+00
0.000000000000000000e+00
0.000000000000000000e+00
0.000000000000000000e+00
0.000000000000000000e+00
0.000000000000000000e+00
0.000000000000000000e+00
0.000000000000000000e+00
0.000000000000000000e+00
0.000000000000000000e+00
0.000000000000000000e+00
0.000000000000000000e+00
0.000000000000000000e+00
0.000000000000000000e+00
0.000000000000000000e+00
0.000000000000000000e+00
0.000000000000000000e+00
0.000000000000000000e+00
0.000000000000000000e+00
0.000000000000000000e+00
0.000000000000000000e+00
0.000000000000000000e+00
0.000000000000000000e+00
0.000000000000000000e+00
0.000000000000000000e+00
0.000000000000000000e+00
0.000000000000000000e+00
0.000000000000000000e+00
0.000000000000000000e+00
0.000000000000000000e+00
0.000000000000000000e+00
0.000000000000000000e+00
0.000000000000000000e+00
0.000000000000000000e+00
0.000000000000000000e+00
6.660235130148608650e-11
1.078244482031557334e-09
2.146942399290519301e-09
3.263883596073030366e-09
4.356041342765687846e-09
5.147901529982359101e-09
5.490035620950448852e-09
5.094638964424931566e-09
4.065021613168203103e-09
2.592167012122108154e-09
1.326034220788116389e-09
0.000000000000000000e+00
0.000000000000000000e+00
0.000000000000000000e+00
0.000000000000000000e+00
0.000000000000000000e+00
0.000000000000000000e+00
0.000000000000000000e+00
0.000000000000000000e+00
0.000000000000000000e+00
0.000000000000000000e+00
0.000000000000000000e+00
0.000000000000000000e+00
0.000000000000000000e+00
0.000000000000000000e+00
0.000000000000000000e+00
0.000000000000000000e+00
0.000000000000000000e+00
0.000000000000000000e+00
0.000000000000000000e+00
0.000000000000000000e+00
0.000000000000000000e+00
0.000000000000000000e+00
0.000000000000000000e+00
0.000000000000000000e+00
0.000000000000000000e+00
0.000000000000000000e+00
0.000000000000000000e+00
0.000000000000000000e+00
0.000000000000000000e+00
0.000000000000000000e+00
0.000000000000000000e+00
0.000000000000000000e+00
0.000000000000000000e+00
0.000000000000000000e+00
0.000000000000000000e+00
0.000000000000000000e+00
0.000000000000000000e+00
0.000000000000000000e+00
0.000000000000000000e+00
0.000000000000000000e+00
0.000000000000000000e+00
0.000000000000000000e+00
0.000000000000000000e+00
0.000000000000000000e+00
0.000000000000000000e+00
0.000000000000000000e+00
0.000000000000000000e+00
0.000000000000000000e+00
0.000000000000000000e+00
0.000000000000000000e+00
3.958521477515390430e-10
1.265569653871716564e-09
1.966133121539856220e-09
2.754553535494134015e-09
3.197541751071330252e-09
3.387690639234395819e-09
3.124280633007900854e-09
2.333485608444538619e-09
1.537695113851215731e-09
7.196056897296111920e-10
0.000000000000000000e+00
0.000000000000000000e+00
0.000000000000000000e+00
0.000000000000000000e+00
0.000000000000000000e+00
0.000000000000000000e+00
0.000000000000000000e+00
0.000000000000000000e+00
0.000000000000000000e+00
0.000000000000000000e+00
0.000000000000000000e+00
0.000000000000000000e+00
0.000000000000000000e+00
0.000000000000000000e+00
0.000000000000000000e+00
0.000000000000000000e+00
0.000000000000000000e+00
0.000000000000000000e+00
0.000000000000000000e+00
0.000000000000000000e+00
0.000000000000000000e+00
0.000000000000000000e+00
0.000000000000000000e+00
0.000000000000000000e+00
0.000000000000000000e+00
0.000000000000000000e+00
0.000000000000000000e+00
0.000000000000000000e+00
0.000000000000000000e+00
0.000000000000000000e+00
0.000000000000000000e+00
0.000000000000000000e+00
0.000000000000000000e+00
0.000000000000000000e+00
0.000000000000000000e+00
0.000000000000000000e+00
0.000000000000000000e+00
0.000000000000000000e+00
0.000000000000000000e+00
0.000000000000000000e+00
0.000000000000000000e+00
0.000000000000000000e+00
0.000000000000000000e+00
0.000000000000000000e+00
0.000000000000000000e+00
0.000000000000000000e+00
0.000000000000000000e+00
0.000000000000000000e+00
0.000000000000000000e+00
0.000000000000000000e+00
0.000000000000000000e+00
9.377613543235092721e-11
8.919857606802187116e-10
1.556041960359495568e-09
1.887361222223621588e-09
2.303818221092929283e-09
2.322410962693891284e-09
2.091220702724536852e-09
1.318380433256002925e-09
8.362891141335429920e-10
0.000000000000000000e+00
0.000000000000000000e+00
0.000000000000000000e+00
0.000000000000000000e+00
0.000000000000000000e+00
0.000000000000000000e+00
0.000000000000000000e+00
0.000000000000000000e+00
0.000000000000000000e+00
0.000000000000000000e+00
0.000000000000000000e+00
0.000000000000000000e+00
0.000000000000000000e+00
0.000000000000000000e+00
0.000000000000000000e+00
0.000000000000000000e+00
0.000000000000000000e+00
0.000000000000000000e+00
0.000000000000000000e+00
0.000000000000000000e+00
0.000000000000000000e+00
0.000000000000000000e+00
0.000000000000000000e+00
0.000000000000000000e+00
0.000000000000000000e+00
0.000000000000000000e+00
0.000000000000000000e+00
0.000000000000000000e+00
0.000000000000000000e+00
0.000000000000000000e+00
0.000000000000000000e+00
0.000000000000000000e+00
0.000000000000000000e+00
0.000000000000000000e+00
0.000000000000000000e+00
0.000000000000000000e+00
0.000000000000000000e+00
0.000000000000000000e+00
0.000000000000000000e+00
0.000000000000000000e+00
0.000000000000000000e+00
0.000000000000000000e+00
0.000000000000000000e+00
0.000000000000000000e+00
0.000000000000000000e+00
0.000000000000000000e+00
0.000000000000000000e+00
0.000000000000000000e+00
0.000000000000000000e+00
0.000000000000000000e+00
0.000000000000000000e+00
4.273746114180036243e-10
1.398744761488694296e-09
2.462006934323719833e-09
3.617917376637171423e-09
4.737413258008571491e-09
5.658106322127956621e-09
8.220096689838200105e-03
5.073155617013104383e-09
3.606903963497005182e-09
2.167562907515768425e-09
6.848677660643126195e-10
0.000000000000000000e+00
0.000000000000000000e+00
0.000000000000000000e+00
