#Akaike Information Criterion from bootstrap run
1.158614831152596480e+03
1.133465260081720089e+03
1.143556482896326088e+03
1.094046958818451685e+03
1.167537481079614963e+03
1.175141862101407014e+03
1.187680387838966453e+03
1.159708593195890444e+03
1.138575221636004699e+03
1.120075150723666638e+03
1.149094208890515802e+03
1.172296214063765547e+03
1.217027311151964568e+03
1.180793603408767694e+03
1.125451098362521179e+03
1.143711559967593303e+03
1.198498979548384341e+03
1.153836249706411763e+03
1.168885068164969653e+03
1.131956455949929932e+03
1.159547538510355253e+03
1.166520930549156674e+03
1.182078318102377125e+03
1.142565376520366499e+03
1.125568391271535575e+03
1.119341570737572283e+03
1.164300034554543799e+03
1.150851109927865309e+03
1.133797145400386171e+03
1.189829465809030808e+03
1.131697883755482962e+03
1.196218452909192365e+03
1.170467236062075472e+03
1.196123590135448922e+03
1.118698357666685524e+03
1.089016753784384036e+03
1.125933932544737900e+03
1.154025639099804266e+03
1.152225999247721347e+03
1.197083129177694900e+03
1.136722044938393992e+03
1.107745947592710081e+03
1.138961053122809517e+03
1.193650713661000509e+03
1.188718172422495627e+03
1.107248228619905376e+03
1.143412396891732669e+03
1.156565247973382611e+03
1.091420845133087369e+03
1.158380831093693587e+03
1.137427277314108551e+03
1.165342912435741255e+03
1.136197525785281186e+03
1.188600296948535060e+03
1.175744330449060044e+03
1.145144248414451567e+03
1.164919104633201641e+03
1.223091922262136222e+03
1.177171528685535122e+03
1.187107608826506066e+03
1.227843393313313072e+03
1.161152771526368724e+03
1.091718200099816841e+03
1.165440663008470892e+03
1.136361897625073198e+03
1.187328750817466926e+03
1.146716341794409800e+03
1.152447620997196054e+03
1.188073480278108036e+03
1.184858680532129029e+03
1.149557772312946781e+03
1.143161948210294213e+03
1.223391816726116531e+03
1.189876987797424135e+03
1.198007694841463262e+03
1.133734186320067920e+03
1.085351137846366100e+03
1.158658730016965819e+03
1.175956947533261882e+03
1.154334405769900513e+03
1.156385151455790037e+03
1.167536260415807192e+03
1.164029253208967248e+03
1.173200601805982160e+03
1.111768711620236445e+03
1.097054024636111080e+03
1.151259467794351622e+03
1.170536609718562886e+03
1.139804891099927545e+03
1.187044463617309248e+03
1.210845800586855830e+03
1.210449921928438471e+03
1.174129684056380029e+03
1.120806840935688115e+03
1.151606562167793300e+03
1.215213904111727970e+03
1.153953425506408166e+03
1.139837274734910352e+03
1.148129826665419387e+03
1.193420094964516466e+03
