#Bayesian Information Criterion from bootstrap run
1.326020471941748156e+03
1.335517513080362278e+03
1.347547250390586214e+03
1.330835861369323538e+03
1.307980510166630893e+03
1.325161716183917633e+03
1.404524300355386004e+03
1.376351338209448159e+03
1.316779120723420874e+03
1.339641739617146413e+03
1.358726389887554660e+03
1.406964633873463299e+03
1.312685016128871212e+03
1.348082401067934370e+03
1.333018245706603466e+03
1.296395838492726625e+03
1.407119270994191538e+03
1.339942341452670462e+03
1.330292633911420126e+03
1.313380004858175198e+03
1.300432818386380859e+03
1.327442313802467197e+03
1.385894378109402396e+03
1.343223814559506536e+03
1.262389508567826169e+03
1.334247827976734015e+03
1.291399275655694510e+03
1.352767607575125339e+03
1.370499360950363098e+03
1.359685278597047727e+03
1.356089305646389448e+03
1.383502032673587564e+03
1.305569902711040640e+03
1.340054151096343048e+03
1.355795018199157312e+03
1.339681407082670603e+03
1.285003639120595381e+03
1.310641373218779563e+03
1.350804116762479680e+03
1.356013910598775283e+03
1.402066572374262023e+03
1.407317605044233915e+03
1.321763857291325621e+03
1.370771084140137646e+03
1.403564559397685116e+03
1.356235038187699729e+03
1.336617079007946813e+03
1.316493912876130935e+03
1.366479596303038534e+03
1.357458181676764752e+03
1.349914818713623617e+03
1.369655425988726165e+03
1.336693001508555199e+03
1.321555582667501085e+03
1.313489710657941259e+03
1.326778360358810914e+03
1.344261961789493625e+03
1.402486059304421815e+03
1.328889134008048586e+03
1.334175558933301090e+03
1.380874924076284060e+03
1.305008616810920103e+03
1.360852306456094539e+03
1.362627812207558691e+03
1.374609351936764824e+03
1.354023233657331730e+03
1.337476950995683637e+03
1.307712710662171730e+03
1.390203135551593277e+03
1.325472498667221316e+03
1.387485142620853367e+03
1.358467975806727054e+03
1.365502352574975475e+03
1.330861663220746550e+03
1.353469228831043438e+03
1.359774445015581023e+03
1.336094020576789717e+03
1.317150700921423550e+03
1.361784722009796724e+03
1.330385400072864741e+03
1.326023529107717877e+03
1.382410497580967103e+03
1.316428966460708580e+03
1.355562209498926677e+03
1.368200870135192645e+03
1.312709252510860551e+03
1.359255719232654883e+03
1.363321629578955935e+03
1.366464214193382759e+03
1.371247895174579980e+03
1.342803275030380064e+03
1.325411179634968448e+03
1.323757604987441482e+03
1.316205572312114782e+03
1.375291172673757274e+03
1.314235423988333196e+03
1.372796837125056754e+03
1.379240540003175965e+03
1.333515176916770997e+03
1.368297323279551620e+03
