#Variance for the Conditional distribution of mass given radius from initial fitting w/o bootstrap
nan
7.878279659369737120e-02
8.870706195349589707e-02
1.030297092694661271e-01
1.188708929598123742e-01
1.339238297021322077e-01
1.469779272339988008e-01
1.577106905981371099e-01
1.662841012110239103e-01
1.730413159510823806e-01
1.783459252646544813e-01
1.825170268654412453e-01
1.858128360563277015e-01
1.884343335920004026e-01
1.905351252073199109e-01
1.922317722819650576e-01
1.936126387953968353e-01
1.947448731744683414e-01
1.956797090416489970e-01
1.964564153571090321e-01
1.971052172434775707e-01
1.976494533857257596e-01
1.981071760305611051e-01
1.984923486796643655e-01
1.988157568774578388e-01
1.990857174046370137e-01
1.993086480313518705e-01
1.994895412250554112e-01
1.996323690290779662e-01
1.997404319933590300e-01
1.998166530535644136e-01
1.998638091179983367e-01
1.998846905317140932e-01
1.998821822750591337e-01
1.998592695271683151e-01
1.998189809251150473e-01
1.997642914764401201e-01
1.996980105400786021e-01
1.996226777003708985e-01
1.995404821743600454e-01
1.994532123785003608e-01
1.993622341158209632e-01
1.992684901463961933e-01
1.991725110048609415e-01
1.990744262229812989e-01
1.989739655951928421e-01
1.988704408043806826e-01
1.987626978415700518e-01
1.986490296825157154e-01
1.985270362531730282e-01
1.983934144865965032e-01
1.982436548420096756e-01
1.980716114874885025e-01
1.978689007630493879e-01
1.976240658033413811e-01
1.973214237843011754e-01
1.969394865224976532e-01
1.964488178008905461e-01
1.958091698661021118e-01
1.949657461954522053e-01
1.938445083787429801e-01
1.923466597726255778e-01
1.903429324587288252e-01
1.876692758601308242e-01
1.841272003256225476e-01
1.794943389085804086e-01
1.735529047562685556e-01
1.661430583099792468e-01
1.572401950753005706e-01
1.470363858959052306e-01
1.359829393251190677e-01
1.247461044884627251e-01
1.140652347702412334e-01
1.045684868858529765e-01
9.663651620771654405e-02
9.037044770218968792e-02
8.565123170711286260e-02
8.223647066722317156e-02
7.984678604909727084e-02
7.822113686169003544e-02
7.714231298693097205e-02
7.644244990111456750e-02
7.599826086177190188e-02
7.572252231274470557e-02
7.555530942020924345e-02
7.545646223415644616e-02
7.539967288527721356e-02
7.536809184107425008e-02
7.535118091420085762e-02
7.534252045276831899e-02
7.533831619926538437e-02
7.533640429856199028e-02
7.533560294972001248e-02
7.533530042704823793e-02
7.533520101628234100e-02
7.533517407068471283e-02
7.533516857367794639e-02
7.533516786473663795e-02
7.533516782566465619e-02
nan
