#Weights for Beta densities from initial fitting w/o bootstrap
9.460281405476769050e-11
0.000000000000000000e+00
6.751287175402644691e-12
8.168190593696124504e-12
9.341800555310185253e-12
1.079870062131673233e-11
1.184029055553196678e-11
1.226354223542760696e-11
1.260189597582454917e-11
1.249809701616776743e-11
1.255880045365520654e-11
1.240114565034634415e-11
1.244390462246942566e-11
1.251941594126364277e-11
4.854136472847529055e-02
0.000000000000000000e+00
5.079433175558729920e-12
7.344619055217649839e-12
9.022489561637874650e-12
1.064085344104491504e-11
1.176681854406596028e-11
1.228490202824090520e-11
1.243650979674906808e-11
1.258779857121802535e-11
1.239225585197499587e-11
1.248445480242319625e-11
1.241419324343872694e-11
1.245111898469292198e-11
0.000000000000000000e+00
0.000000000000000000e+00
2.293595854681662400e-12
6.021300027301161347e-12
8.384080284633754272e-12
1.032976020295304965e-11
1.159711447083849292e-11
1.223742179457624539e-11
1.246107947180632851e-11
1.244828540786294649e-11
1.253254847747580921e-11
1.245980674716520977e-11
1.252972385827881116e-11
1.242691620656825467e-11
0.000000000000000000e+00
0.000000000000000000e+00
0.000000000000000000e+00
4.547381740774797695e-12
7.572272768510120639e-12
9.782478092297263287e-12
1.108560462896310368e-11
1.176016370567800114e-11
1.204604486026828187e-11
1.222312070200483955e-11
1.239216110679946079e-11
1.252591302875382278e-11
1.243559704904719856e-11
1.243034039923591327e-11
0.000000000000000000e+00
0.000000000000000000e+00
0.000000000000000000e+00
3.767613911831021491e-12
6.742123656167581876e-12
8.541848322233271734e-12
9.455949975085129625e-12
1.007042236175451798e-11
1.078906046390702689e-11
1.146429428535238817e-11
1.204371762687881893e-11
1.234641252052903461e-11
1.253087851208525492e-11
1.249475789728495449e-11
0.000000000000000000e+00
0.000000000000000000e+00
4.565073361503945160e-01
4.273183001304091321e-12
5.852351487839183077e-12
5.923048559659017357e-12
5.386759526708571937e-12
5.446142259227377995e-12
6.885938171849254705e-12
8.965586480837744731e-12
1.085902587598430219e-11
1.194319399773526512e-11
1.233881307333797783e-11
1.245635876342849018e-11
4.239435410241899250e-12
3.022593207050877623e-12
4.712424461405003487e-12
5.920657715916151148e-12
4.727057380198790925e-12
1.103484737229980831e-12
0.000000000000000000e+00
0.000000000000000000e+00
0.000000000000000000e+00
2.999809705797971998e-12
7.872469263960385207e-12
1.086708964250157755e-11
1.211578880071143645e-11
1.244338948282265720e-11
8.993128414844658353e-12
8.035276352002008900e-12
8.632386361747297203e-12
7.944418591246461525e-12
3.129696562416843628e-12
0.000000000000000000e+00
0.000000000000000000e+00
0.000000000000000000e+00
0.000000000000000000e+00
0.000000000000000000e+00
2.279054638200046344e-12
8.812633914867731417e-12
1.162000130791872774e-11
1.239883948464968890e-11
1.133910414844816999e-11
1.118537046495121393e-11
1.147488776767406371e-11
9.098663994668850652e-12
1.068096857376060057e-12
2.973362776796741880e-01
0.000000000000000000e+00
0.000000000000000000e+00
0.000000000000000000e+00
0.000000000000000000e+00
0.000000000000000000e+00
5.854778419589911758e-12
1.070051418244855583e-11
1.215284785530970207e-11
1.227587977395195637e-11
1.257124044707550003e-11
1.308629392886462075e-11
9.071170331846251010e-12
0.000000000000000000e+00
0.000000000000000000e+00
7.207358977611384721e-02
0.000000000000000000e+00
0.000000000000000000e+00
0.000000000000000000e+00
0.000000000000000000e+00
2.446695598382786727e-12
9.010039271616688145e-12
1.165470177863562098e-11
1.252111219389617913e-11
1.303189791836350920e-11
1.247092174272805060e-11
1.105031659898003801e-11
5.942749029870647595e-13
0.000000000000000000e+00
0.000000000000000000e+00
0.000000000000000000e+00
0.000000000000000000e+00
0.000000000000000000e+00
0.000000000000000000e+00
0.000000000000000000e+00
5.748524630237701247e-12
1.039563627873833109e-11
1.241375502940559561e-11
1.266104718821371677e-11
1.249724540761042035e-11
1.082052311057299613e-11
4.405931088259552751e-12
0.000000000000000000e+00
0.000000000000000000e+00
0.000000000000000000e+00
0.000000000000000000e+00
0.000000000000000000e+00
0.000000000000000000e+00
0.000000000000000000e+00
4.349461056905496945e-13
8.039455634461452249e-12
1.251822285840366952e-11
1.252997250922097932e-11
1.238392367449803961e-11
1.142374088730608517e-11
8.858532717378022780e-12
3.842329062952560399e-12
0.000000000000000000e+00
0.000000000000000000e+00
0.000000000000000000e+00
0.000000000000000000e+00
0.000000000000000000e+00
0.000000000000000000e+00
0.000000000000000000e+00
5.026269046353150516e-12
1.218196107691323053e-11
1.208753153660317382e-11
1.199714999847375163e-11
1.175623320222393981e-11
1.115514010926931740e-11
9.868673004322111101e-12
8.171870284190066020e-12
6.484849643821713263e-12
4.480095966806325247e-12
1.105840143070432296e-12
0.000000000000000000e+00
1.255414315422060667e-01
0.000000000000000000e+00
0.000000000000000000e+00
