-6.264580438951194985e-01
-6.508819421280447326e-01
-6.694680530750114489e-01
-6.694965797096429361e-01
-5.813709543876184327e-01
2.410105046720701916e-01
5.414566147816466390e-01
6.697928571385097785e-01
7.339663164762240122e-01
7.703896438982618111e-01
7.943733429389355782e-01
8.127133152926367954e-01
8.285708606476723803e-01
8.435032396387209808e-01
8.583305511127780063e-01
8.735168051465960204e-01
8.893414801249464041e-01
9.059769034279536726e-01
9.235218388350320273e-01
9.420147459000655088e-01
9.614385121340265350e-01
9.817230169388183603e-01
1.002749019413788689e+00
1.024355085266663190e+00
1.046347996004690639e+00
1.068516118619423194e+00
1.090644525633575945e+00
1.112530273910421474e+00
1.133996202557098210e+00
1.154901875458943961e+00
1.175150788218282782e+00
1.194693548965594321e+00
1.213527285619860452e+00
1.231691923272734579e+00
1.249264171966570691e+00
1.266350085497681910e+00
1.283076952095186796e+00
1.299585123290234012e+00
1.316020232036237747e+00
1.332526128465727933e+00
1.349238784678064240e+00
1.366281386619087268e+00
1.383760830198105696e+00
1.401765854353351770e+00
1.420367057905727037e+00
1.439619041308878744e+00
1.459564871152223553e+00
1.480242969733701619e+00
1.501696375804024264e+00
1.523984108324170084e+00
1.547194110360174735e+00
1.571456988340158567e+00
1.596959536601396668e+00
1.623956890873517134e+00
1.652782111326588588e+00
1.683852043772225970e+00
1.717668379541904544e+00
1.754812788365885057e+00
1.795934590207074244e+00
1.841728292035818892e+00
1.892895998374102939e+00
1.950086047944364909e+00
2.013795592584789240e+00
2.084226919895358687e+00
2.161108043631212450e+00
2.243539979980887722e+00
2.329992603838711762e+00
2.418545833033777903e+00
2.507301947560919064e+00
2.594730838301155806e+00
2.679769265083897345e+00
2.761699119251536771e+00
2.839943606937164411e+00
2.913901656362559045e+00
2.982885455740810432e+00
3.046181307311783826e+00
3.103204337607521346e+00
3.153662083184527898e+00
3.197628459779256804e+00
3.235487449691594630e+00
3.267781573250891913e+00
3.295023426850930637e+00
3.317496134124988671e+00
3.335017659482192531e+00
3.346591335252011135e+00
3.349793700507049721e+00
3.339624463011406252e+00
3.306349891340831793e+00
3.231860009542863565e+00
3.085191423201995242e+00
2.818021423591536401e+00
2.347356724259534122e+00
3.809280202092480305e+00
3.802442848949688425e+00
3.798682221659372082e+00
3.796643545347687887e+00
3.795549021949245372e+00
3.794966544156375132e+00
3.794659993318933555e+00
3.794501902330787768e+00
