2.036376486716701562e-03
2.857448790600922248e-03
4.859276309823841108e-03
6.601817902523007993e-03
7.773202472618294216e-03
8.527695133677628062e-03
9.019704600436648234e-03
9.346479162823596171e-03
9.566263232097763081e-03
9.715135393852401824e-03
9.816579191209451674e-03
9.886514881502465532e-03
9.935968875755098531e-03
9.972560803447506547e-03
1.000140550935306287e-02
1.002573110475465760e-02
1.004736139498284622e-02
1.006712616224524244e-02
1.008521529607254823e-02
1.010147137694377729e-02
1.011561253492089529e-02
1.012738455073020592e-02
1.013665006151847833e-02
1.014342838973402577e-02
1.014790072528815902e-02
1.015039337980133509e-02
1.015134848794203674e-02
1.015128830714863428e-02
1.015077686338785971e-02
1.015038120715565199e-02
1.015063376444862685e-02
1.015199689432061576e-02
1.015483055613918516e-02
1.015936381169296569e-02
1.016567070801373610e-02
1.017365094046619386e-02
1.018301563724734876e-02
1.019327867152492600e-02
1.020375408672831961e-02
1.021356045178054353e-02
1.022163314017580753e-02
1.022674552304598736e-02
1.022753976854073356e-02
1.022256728755041415e-02
1.021033788672579337e-02
1.018937551876753465e-02
1.015827738904832855e-02
1.011577236970857309e-02
1.006077444487785827e-02
9.992427410206207450e-03
9.910138248982342316e-03
9.813598291024520220e-03
9.702793073640662500e-03
9.578003360825045054e-03
9.439800684578440737e-03
9.289040829299950036e-03
9.126857832551692890e-03
8.954659433184096462e-03
8.774122712318737499e-03
8.587186316755349505e-03
8.396033611449133308e-03
8.203059954383754709e-03
8.010817630845960477e-03
7.821934316064427239e-03
7.639005391487342471e-03
7.464466533574943240e-03
7.300459465186874726e-03
7.148708727282120090e-03
7.010428836790494507e-03
6.886278029657234151e-03
6.776367181922189273e-03
6.680322308307245008e-03
6.597389142108110380e-03
6.526561524943130799e-03
6.466713402078858725e-03
6.416717303605034076e-03
6.375539240150770309e-03
6.342309527094654349e-03
6.316380384651297704e-03
6.297395051179175383e-03
6.285413077969293459e-03
6.281170523250365761e-03
6.286619125794015196e-03
6.306023561183925728e-03
6.348195898049676343e-03
6.431185311868958462e-03
6.592847041104441669e-03
6.917973978979681179e-03
7.624796214826355147e-03
9.462332685040628771e-03
1.778840273369446459e-02
-2.252322106751743561e-02
-3.680433416353262946e-03
-1.057805984791493348e-03
-1.228908184461761314e-04
3.071518846221985466e-04
5.303877719619414215e-04
6.550920480007364375e-04
7.285068420989882724e-04
7.735968372910220900e-04
