1.327321497156828798e+02
1.330038645871030951e+02
1.643447167044671460e+02
2.140167898372099557e+02
2.707277570734353844e+02
3.272705607984119638e+02
3.800442431594611890e+02
4.278638061303350923e+02
4.709122773005992144e+02
5.100304201890538707e+02
5.463010533044699741e+02
5.808278986212928885e+02
6.146209767390132583e+02
6.485315334696067566e+02
6.832084693352884415e+02
7.190681202976187478e+02
7.562792688451912682e+02
7.947675622515654368e+02
8.342411448648388159e+02
8.742351916954526132e+02
9.141693344233718790e+02
9.534099126498415444e+02
9.913288889696700608e+02
1.027352816325466165e+03
1.060997776684963128e+03
1.091888989869766192e+03
1.119766217250113641e+03
1.144477783161503339e+03
1.165966878469461790e+03
1.184253868062115316e+03
1.199417796994603805e+03
1.211579428194649836e+03
1.220887184041960836e+03
1.227506486583089554e+03
1.231612307898937388e+03
1.233384297094727799e+03
1.233003635614454879e+03
1.230650748739874189e+03
1.226503116412964573e+03
1.220732630423085538e+03
1.213502195506690214e+03
1.204961536798101861e+03
1.195242430444126967e+03
1.184453796713127304e+03
1.172677264966791654e+03
1.159963916958531854e+03
1.146332920818380444e+03
1.131772670703427366e+03
1.116244845109685230e+03
1.099691503280813322e+03
1.082044982639757563e+03
1.063239983066724108e+03
1.043226877188270009e+03
1.021985021880970407e+03
9.995347098582268472e+02
9.759464211345418789e+02
9.513462208723467484e+02
9.259164875574904272e+02
8.998916064043271490e+02
8.735487730957726171e+02
8.471945590285698700e+02
8.211483280085725482e+02
7.957239121315978991e+02
7.712111147405651081e+02
7.478585960697330393e+02
7.258595209365195160e+02
7.053410372914767095e+02
6.863582553880036130e+02
6.688929644360159728e+02
6.528569119451619827e+02
6.380991276794470650e+02
6.244165312115176221e+02
6.115669313032102536e+02
5.992834964142432455e+02
5.872898173560439545e+02
5.753147475126160089e+02
5.631062337017594928e+02
5.504432738436786394e+02
5.371448756364503652e+02
5.230743304933416766e+02
5.081360674413850802e+02
4.922604531762594888e+02
4.753684742221782358e+02
4.573020080908547129e+02
4.376940815829096891e+02
4.157331248535980990e+02
3.897388715832661887e+02
3.564035182436371088e+02
3.094402918241283373e+02
2.371895735783649002e+02
1.184049201419419006e+02
-8.511412552070572701e+01
-4.413105555506359110e+02
-1.069912609667028619e+03
-2.180168015462370477e+03
-4.135020424232292498e+03
-7.559588375630110932e+03
-1.352347387531663480e+04
-2.384549201964840540e+04
-4.160044095824413671e+04
