#Conditional distribution of mass given radius from initial fitting w/o bootstrap
-1.346419608469375362e+00
-1.346419339334945064e+00
-1.346401075438629524e+00
-1.345668363115656296e+00
-1.335526686467470636e+00
-1.261376447386610700e+00
-9.598512402310672709e-01
-4.129605176846296022e-01
-9.875459468650009051e-03
1.574854551109511336e-01
2.166143841715371388e-01
2.393612244096881558e-01
2.513595350171032305e-01
2.618974208447200636e-01
2.752087120545715360e-01
2.938561619532892855e-01
3.193798643607292376e-01
3.519414237660029587e-01
3.898829924778136613e-01
4.299658078540685158e-01
4.684856120682453495e-01
5.025930082049773207e-01
5.309638244256086326e-01
5.536427677109553303e-01
5.714887092383228451e-01
5.856614463893489164e-01
5.973178611855086695e-01
6.074912336277071834e-01
6.170734687394722195e-01
6.268339668834591594e-01
6.374341302452743996e-01
6.494151886372430127e-01
6.631512330446273085e-01
6.787757307761409509e-01
6.961105014942297053e-01
7.146424894004370643e-01
7.335878336116784526e-01
7.520447236928586854e-01
7.691850453772947072e-01
7.844100486326570643e-01
7.974186729474755930e-01
8.081870985178114530e-01
8.168952763518915194e-01
8.238427460706138072e-01
8.293817290048876023e-01
8.338778071592929386e-01
8.376972696589600753e-01
8.412163323928993908e-01
8.448479127658031773e-01
8.490831796146854904e-01
8.545448549941612182e-01
8.620439325544402287e-01
8.726164973962688975e-01
8.874887924704546460e-01
9.078845137693181133e-01
9.345933572720944715e-01
9.673562969084068541e-01
1.004422909802372255e+00
1.042823380284080725e+00
1.079491023734125088e+00
1.112554050706069164e+00
1.141923971705177454e+00
1.169030794490640623e+00
1.196204134965701771e+00
1.226167286636423714e+00
1.261767093251047855e+00
1.305834753144394345e+00
1.361018681766102079e+00
1.429463417671757108e+00
1.512288368867809041e+00
1.608957027279029672e+00
1.716804076278809266e+00
1.831088498264406672e+00
1.945791206917960592e+00
2.054958397834751871e+00
2.154006498222457822e+00
2.240420668542223659e+00
2.313686472552133999e+00
2.374711272421522246e+00
2.425122068746671022e+00
2.466704922782041898e+00
2.501069094299039897e+00
2.529500539540537218e+00
2.552928907418975601e+00
2.571935490490023124e+00
2.586743573062084689e+00
2.597138507247171546e+00
2.602255574900655066e+00
2.600158913670847394e+00
2.587189848784973378e+00
2.557496737688179866e+00
2.504666202698444533e+00
2.429125590039785898e+00
2.347917126153791223e+00
2.286382240580088432e+00
2.253906442027707957e+00
2.241804359306145855e+00
2.238764653958251305e+00
2.238366471445384143e+00
2.354619118489568397e+00
