#Upper limit for the Conditional distribution of mass given radius from initial fitting w/o bootstrap
-1.161851283740638063e+00
-1.161850775191358043e+00
-1.161840689510601266e+00
-1.161453923617232320e+00
-1.155991545181581648e+00
-1.107514104350119322e+00
9.183023898147145425e-02
4.568569297367727211e-01
5.578041387813447161e-01
5.888009106369620493e-01
6.001310559867738537e-01
6.069368438738945715e-01
6.145166934412054083e-01
6.257457490318523163e-01
6.430404104188691683e-01
6.685091673944263402e-01
7.030934447049110858e-01
7.452451728334533732e-01
7.905723708423861851e-01
8.336676462762686590e-01
8.706997129039661942e-01
9.003819990354421376e-01
9.232803600034816816e-01
9.407686501988467009e-01
9.543447767623246536e-01
9.653405649096489238e-01
9.748617075329888415e-01
9.838226340956294225e-01
9.930009593043379601e-01
1.003074599500963338e+00
1.014622557524026636e+00
1.028079920450367224e+00
1.043650684244648463e+00
1.061206536046366278e+00
1.080229067693441181e+00
1.099859555855233761e+00
1.119074863057744285e+00
1.136927003218640264e+00
1.152738588035254752e+00
1.166181594749319927e+00
1.177243144602989400e+00
1.186131250977738416e+00
1.193174849371947399e+00
1.198748844716114315e+00
1.203232240199473280e+00
1.206995504428867827e+00
1.210410410601301612e+00
1.213877543696546102e+00
1.217869387691160821e+00
1.222988649490125201e+00
1.230039412527175635e+00
1.240097646998044478e+00
1.254539142982403765e+00
1.274926238870552231e+00
1.302589893635762941e+00
1.337803350512969391e+00
1.378893151204824807e+00
1.422295319632129296e+00
1.464129077313308214e+00
1.502108307664590470e+00
1.536268443591558785e+00
1.568562062410278513e+00
1.602258623577086150e+00
1.641760986570183434e+00
1.692973140577624713e+00
1.763836096280484877e+00
1.862515688641285694e+00
1.987087890400564660e+00
2.118603282261627196e+00
2.241498989636017125e+00
2.352699079151808981e+00
2.452895634961967275e+00
2.542247236443060388e+00
2.620475133630019826e+00
2.687740868712146902e+00
2.744890553143168876e+00
2.793173436855733716e+00
2.833903803414402844e+00
2.868261514537830958e+00
2.897217976889280067e+00
2.921532305232391824e+00
2.941777179132420983e+00
2.958370144450281458e+00
2.971594999151330185e+00
2.981600832042431648e+00
2.988364359293064432e+00
2.991592904129459107e+00
2.990528077654679429e+00
2.983584835063592067e+00
2.967752428276146937e+00
2.937811588027471110e+00
2.886107935703476901e+00
2.806313181028841530e+00
2.709301930346525111e+00
2.631474496804171004e+00
2.591094522731255623e+00
2.576382201861703525e+00
2.572712018677339785e+00
2.572234129730371688e+00
2.761280285540010038e+00
