#Upper limit for the Conditional distribution of radius given mass from initial fitting w/o bootstrap
1.463976351060797265e-01
-2.538311163040638530e-01
-2.538671970506577447e-01
-2.538720116014197559e-01
-2.538733623319253674e-01
-2.538737573390276725e-01
-2.538737091022627568e-01
-2.538733367368972149e-01
-2.538725970774364793e-01
-2.538711581101880110e-01
-2.538674241168074053e-01
-2.538539533406322657e-01
-2.537984886688665620e-01
-2.535719936631634641e-01
-2.526868038271590788e-01
-2.492680660705667295e-01
-2.335340465504618379e-01
-3.872811038425009317e-02
6.404540043521031456e-02
1.286473085301506336e-01
1.740086435560623535e-01
2.074089830112566257e-01
2.350474643764161042e-01
2.601634662558936495e-01
2.842736625245733117e-01
3.082027815546929395e-01
3.324129698317812576e-01
3.569828513334143416e-01
3.815056759925805618e-01
4.051863099989437833e-01
4.272318819415080737e-01
4.472104782439980108e-01
4.650920197305990489e-01
4.810909889380192150e-01
4.955156073779482528e-01
5.086864338722042467e-01
5.209065128304675163e-01
5.324576305954198396e-01
5.436080790276379693e-01
5.546258758525703936e-01
5.657962774790039617e-01
5.774449300947833708e-01
5.899700066530949583e-01
6.038873444957794101e-01
6.198865285806464120e-01
6.388556618271236109e-01
6.616687264281020386e-01
6.882451558325058949e-01
7.163295175305630647e-01
7.428798775986030778e-01
7.666799307902204541e-01
7.881476849275940166e-01
8.082564861209576845e-01
8.281370441445783381e-01
8.491077618602089760e-01
8.728675273427540793e-01
9.017099665969551259e-01
9.381370265115156482e-01
9.816548327740153290e-01
1.025128067624173411e+00
1.062402815050221383e+00
1.093056244426278578e+00
1.118290838239391904e+00
1.138969463953399819e+00
1.155609024768115667e+00
1.168670180571405481e+00
1.178684017154042918e+00
1.186214061741585724e+00
1.191778909193265346e+00
1.195810259875877524e+00
1.198650042184424613e+00
1.200566199575992865e+00
1.201771330204250088e+00
1.202437461298974108e+00
1.202705834421333053e+00
1.202692796244772877e+00
1.202493261038239947e+00
1.202182838305905443e+00
1.201819172180027095e+00
1.201442490045260714e+00
1.201074945543003647e+00
1.200717651298425226e+00
1.200343531031007105e+00
1.199882923600211315e+00
1.199198616368847725e+00
1.198053581585013294e+00
1.196106950739230346e+00
1.193053104194737646e+00
1.189027052669515028e+00
1.184926315354280391e+00
1.181849794096569983e+00
1.180203166011778659e+00
1.179774931391465609e+00
1.180372457156663391e+00
1.182295571446008609e+00
1.186645342951972548e+00
1.194420355652933807e+00
1.202054820177426375e+00
1.204765928256755769e+00
1.204959247094207209e+00
