#Upper limit for the Conditional distribution of mass given radius from initial fitting w/o bootstrap
2.033244068583027975e+00
-4.052573665459743846e-01
-3.916045293963602569e-01
-3.817593644153678967e-01
-3.725669584957960745e-01
-3.615160497376854187e-01
-3.460208174228284195e-01
-3.232457203318932493e-01
-2.910876538632620192e-01
-2.509570154140993714e-01
-2.083416587345645887e-01
-1.678200530051990047e-01
-1.304144813846708495e-01
-9.512003345512548558e-02
-6.045624190184381574e-02
-2.518739222751851733e-02
1.136193681159648750e-02
4.922807445865786530e-02
8.796756630251091613e-02
1.269756961806217666e-01
1.657848618708834543e-01
2.042184514409206009e-01
2.423921063252854891e-01
2.806058967119157699e-01
3.191689484462267856e-01
3.582002097179848299e-01
3.974841993075279301e-01
4.364908017596577094e-01
4.745935716040233232e-01
5.113518775188177212e-01
5.466688607148663115e-01
5.807725984951040976e-01
6.140951807307111210e-01
6.471295183170108212e-01
6.802984495481088079e-01
7.138489860577281743e-01
7.477934964224001169e-01
7.819294980626236846e-01
8.159465197008975990e-01
8.495747228787934313e-01
8.826998736373697918e-01
9.153983195216679469e-01
9.478968124806393947e-01
9.804876597970584307e-01
1.013428641434925170e+00
1.046854026009013561e+00
1.080727566413641760e+00
1.114865706597579109e+00
1.149029335046966249e+00
1.183037603308036978e+00
1.216841421176263927e+00
1.250523791984812227e+00
1.284234609783684533e+00
1.318089260751195368e+00
1.352069724667712913e+00
1.385976159278615061e+00
1.419469921709175297e+00
1.452199979417288622e+00
1.483941876997455944e+00
1.514672493463195879e+00
1.544560360869661420e+00
1.573900826325488778e+00
1.603030985801341179e+00
1.632243939724500326e+00
1.661714509193644718e+00
1.691455013841277166e+00
1.721325304404336398e+00
1.751104130400943149e+00
1.780590049626399773e+00
1.809676431619257730e+00
1.838364572836018507e+00
1.866720331143825851e+00
1.894807392582891659e+00
1.922637438325716763e+00
1.950169553781915921e+00
1.977365512259277480e+00
2.004269983619488382e+00
2.031063461460923314e+00
2.058048012791492187e+00
2.085552155140269370e+00
2.113767574839028551e+00
2.142586353672884414e+00
2.171593959005233110e+00
2.200333675697554892e+00
2.228687747063348379e+00
2.257060011723042603e+00
2.286188713925487725e+00
2.316431744833695294e+00
2.346498749075232038e+00
2.373422890226122739e+00
2.395214047804822055e+00
2.412012997860721430e+00
2.424811649417430548e+00
2.434548708827317665e+00
2.441938073007151377e+00
2.447528122375586701e+00
2.451778589071584413e+00
2.455109075750627756e+00
2.457919309871511970e+00
1.795337890189503405e+00
