#Conditional distribution of mass given radius from initial fitting w/o bootstrap
1.026249445556317808e+00
-4.923151457572084722e-01
-4.830769113406181980e-01
-4.760349896415384530e-01
-4.694760598282467501e-01
-4.620121936463376100e-01
-4.524032899079715730e-01
-4.395862603423075776e-01
-4.228378812365503614e-01
-4.019663558758286293e-01
-3.773950296582010977e-01
-3.500379836506981035e-01
-3.209941988327205675e-01
-2.912108327987000811e-01
-2.612732225929656482e-01
-2.313773871214259703e-01
-2.014359833961242019e-01
-1.712315909251613810e-01
-1.405506568477703777e-01
-1.092667310474867981e-01
-7.736896433257424432e-02
-4.494750261533005109e-02
-1.215438747014449886e-02
2.084093475599160458e-02
5.388704752921871094e-02
8.687008119645904525e-02
1.197178735378724157e-01
1.523940609752979236e-01
1.848885858919479819e-01
2.172095623115124219e-01
2.493786802682853576e-01
2.814297407756501945e-01
3.134083283859067648e-01
3.453702826935893810e-01
3.773773307342501715e-01
4.094895684288590854e-01
4.417559411874723008e-01
4.742050118400408243e-01
5.068387526775178786e-01
5.396316524308609752e-01
5.725361250540741409e-01
6.054933788292951036e-01
6.384471354170603297e-01
6.713565234515729285e-01
7.042045441991671151e-01
7.369997367583384085e-01
7.697706494546238121e-01
8.025547999472892879e-01
8.353853397509281020e-01
8.682792034999912145e-01
9.012299963103005407e-01
9.342074365981378747e-01
9.671632637526204057e-01
1.000041723501158053e+00
1.032791613283420729e+00
1.065376729941316380e+00
1.097782376203733978e+00
1.130016978142885042e+00
1.162109308440843591e+00
1.194102829181079795e+00
1.226049016319768148e+00
1.258001222564485877e+00
1.290009895661458961e+00
1.322119115574128978e+00
1.354363769070774159e+00
1.386766486954155164e+00
1.419333826615805094e+00
1.452051998795513832e+00
1.484883417221862345e+00
1.517766047952346931e+00
1.550617500372183377e+00
1.583344797227632439e+00
1.615858972738687171e+00
1.648091727944968055e+00
1.680010203246801170e+00
1.711626163953653412e+00
1.742997541176154908e+00
1.774222594279557752e+00
1.805428822750767104e+00
1.836759190795016261e+00
1.868357000697998593e+00
1.900348662308476877e+00
1.932822417126496051e+00
1.965802846637062506e+00
1.999226657383527783e+00
2.032932671069185737e+00
2.066682009239181994e+00
2.100215477538307063e+00
2.133331918169396602e+00
2.165943791927783746e+00
2.198054367567349399e+00
2.229622308047736201e+00
2.260339267758417758e+00
2.289432201982534831e+00
2.315669244304761953e+00
2.337704053906326074e+00
2.354677265335657577e+00
2.366745931399690583e+00
2.375228883230340315e+00
8.178184970665148823e-01
