#Lower limit for the Conditional distribution of radius given mass from initial fitting w/o bootstrap
3.918955577974899684e-01
-2.321805695365440347e-01
-2.321797452241523840e-01
-2.321737987192861175e-01
-2.321504185290923228e-01
-2.320835260050283233e-01
-2.319259518062844749e-01
-2.316004145343562304e-01
-2.309888932007903573e-01
-2.299210212067251125e-01
-2.281631105999445686e-01
-2.254110042137236480e-01
-2.212924986307082675e-01
-2.153899506397485009e-01
-2.073044441284462858e-01
-1.968003464172361494e-01
-1.840596873235500475e-01
-1.699324846427952007e-01
-1.558228721730808564e-01
-1.430701262126206630e-01
-1.323961643254046583e-01
-1.238889323075229726e-01
-1.172850657359397475e-01
-1.122147039735843371e-01
-1.083248796635279260e-01
-1.053212236748780894e-01
-1.029722107163495576e-01
-1.011002661113017398e-01
-9.957018196031064416e-02
-9.827857990018160073e-02
-9.714538124450199097e-02
-9.610723329789068459e-02
-9.511254488373746541e-02
-9.411775417455697790e-02
-9.308450626886366486e-02
-9.197748807305231034e-02
-9.076273084337443953e-02
-8.940623961918675588e-02
-8.787285133431814443e-02
-8.612524457469222794e-02
-8.412301686107785670e-02
-8.182186332468033285e-02
-7.917271651170892932e-02
-7.612088994238398743e-02
-7.260516265174468686e-02
-6.855677715012188644e-02
-6.389831995854429458e-02
-5.854246669203162778e-02
-5.239061801780350164e-02
-4.533152450776177511e-02
-3.724025541652915133e-02
-2.797825167936407106e-02
-1.739612202256036327e-02
-5.342404534741595004e-03
8.315899269774777031e-03
2.365257310104359675e-02
4.061366456872218117e-02
5.892874052050939976e-02
7.804776935335966392e-02
9.718499240299398323e-02
1.155046495224859859e-01
1.323487788083792527e-01
1.473569278988713371e-01
1.604419043296640701e-01
1.716957940743319422e-01
1.812999209648104293e-01
1.894654956810845337e-01
1.964022318683521784e-01
2.023049561318408518e-01
2.073500784007124564e-01
2.116971332047746235e-01
2.154929599657030848e-01
2.188775997728401868e-01
2.219918792813519171e-01
2.249873057293058087e-01
2.280395246639050910e-01
2.313673688167842690e-01
2.352606009709211354e-01
2.401209702365836030e-01
2.465233311185837106e-01
2.553066629594142323e-01
2.677106352962597691e-01
2.855888490243755906e-01
3.117846570016599150e-01
3.509647969635929510e-01
4.121190428417779716e-01
5.193240549811592999e-01
7.215589127276399450e-01
8.270017980011423742e-01
8.660156972083095095e-01
8.842880200075219355e-01
8.933282516211601409e-01
8.977260221175921151e-01
8.997422008244683189e-01
9.005803730816687169e-01
9.008815411156284592e-01
9.009683876469153363e-01
9.009859230157599708e-01
9.009877497609917185e-01
9.009877887264531315e-01
