#Lower limit for the Conditional distribution of Radius given Mass from initial fitting w/o bootstrap
9.964104086170753649e-09
-9.232687549619882084e-02
-9.232567905420209498e-02
-9.231516693817168329e-02
-9.226602690249557925e-02
-9.210242284153670467e-02
-9.166214365507642514e-02
-9.064055877761986735e-02
-8.852232424460250437e-02
-8.451487549007277722e-02
-7.751451866720376893e-02
-6.625857328143257285e-02
-5.045098010691637103e-02
-3.324345542868262920e-02
-1.926428032449948105e-02
-9.660020056832576904e-03
-3.362960424552336337e-03
7.963020949443844199e-04
3.626052524023351455e-03
5.635921493729321649e-03
7.145351949921266953e-03
8.360370605654319012e-03
9.421201992483665272e-03
1.043123787918137993e-02
1.147502598391525984e-02
1.262993474687162422e-02
1.397422186829970145e-02
1.559295565035486580e-02
1.758274755099586278e-02
2.005570054312033612e-02
2.314291741198375163e-02
2.699788477718339727e-02
3.180020861780511604e-02
3.776038660104821809e-02
4.512623711408554616e-02
5.419026865241332452e-02
6.529179019381665949e-02
7.879020605112810327e-02
9.494248768054557031e-02
1.135650638031400622e-01
1.335278982275132920e-01
1.528148758884674274e-01
1.696905273455887042e-01
1.835732862178594826e-01
1.947327292987410530e-01
2.037196894037402728e-01
2.110780315593264456e-01
2.172650167941627686e-01
2.226499395146759597e-01
2.275324370946100183e-01
2.321619183699479561e-01
2.367537046804258360e-01
2.415015736960077763e-01
2.465873459618700692e-01
2.521881232009992035e-01
2.584816751767219367e-01
2.656499298930811159e-01
2.738800931208669187e-01
2.833616176613053539e-01
2.942750228306481031e-01
3.067646903038160344e-01
3.208833716518613155e-01
3.364987409718338540e-01
3.531821874949968021e-01
3.701698663880578777e-01
3.865172579136155750e-01
4.014144502742937881e-01
4.144249535905152326e-01
4.254983857441149153e-01
4.348459513067335913e-01
4.428183111765196522e-01
4.498419478631092150e-01
4.564118404552492403e-01
4.631274813986026029e-01
4.707664981993173736e-01
4.803980034216633332e-01
4.935453284680514363e-01
5.124343651077567507e-01
5.404966598792099175e-01
5.839315462090288733e-01
6.591701213778852209e-01
8.197910044117080464e-01
9.010309154035582857e-01
9.279994211423914230e-01
9.402744196040954128e-01
9.462980332443233777e-01
9.492700677833516565e-01
9.506989397032813427e-01
9.513551241361509758e-01
9.516382157450963275e-01
9.517510073799486658e-01
9.517916821053608034e-01
9.518046179860634171e-01
9.518081191880317649e-01
9.518088848371967226e-01
9.518090094183286887e-01
9.518090222675830159e-01
9.518090226372187823e-01
9.518090224989587123e-01
9.964104086170753649e-09
