#Upper limit for the Conditional distribution of Mass given Radius from initial fitting w/o bootstrap
9.110903009043410299e-09
-2.547316813029155136e-01
-2.140094701333013771e-01
-6.365293290445811492e-02
1.472816479813645885e-01
2.563265614015040050e-01
3.172481081844931716e-01
3.544343628661159595e-01
3.786862222238218667e-01
3.956745144459634100e-01
4.087234869482174737e-01
4.200215107296224049e-01
4.312453258389851163e-01
4.439337957272454505e-01
4.597614502395596103e-01
4.807897441175512099e-01
5.097078552370578608e-01
5.498570989226175820e-01
6.040810756515381241e-01
6.707373733012401695e-01
7.406047183889631347e-01
8.037393260976289922e-01
8.563874910432597298e-01
8.990541120095051353e-01
9.334356166596268212e-01
9.612470099091823261e-01
9.839688676749528407e-01
1.002843625090320545e+00
1.018918645316000404e+00
1.033090597893570939e+00
1.046144535046000801e+00
1.058788160367936992e+00
1.071681804551368300e+00
1.085463151333712073e+00
1.100763391650294798e+00
1.118207417822710603e+00
1.138384132615481992e+00
1.161765501922472854e+00
1.188555238847842421e+00
1.218485907398229484e+00
1.250675292909058767e+00
1.283720364773418332e+00
1.316073866217154720e+00
1.346472789736492315e+00
1.374148109402455686e+00
1.398787970459612451e+00
1.420394415290483714e+00
1.439148101527106371e+00
1.455317874676227197e+00
1.469210435475559517e+00
1.481146558756297971e+00
1.491453604534914268e+00
1.500468980354903392e+00
1.508553120747571530e+00
1.516113710595782926e+00
1.523646420116422817e+00
1.531803224373440964e+00
1.541511598383862314e+00
1.554197938478902197e+00
1.572256761031201933e+00
1.600227290039998973e+00
1.648765829390978155e+00
1.759312501931239892e+00
2.066939577494325775e+00
2.196758300533658836e+00
2.257731579467804117e+00
2.293256087474676796e+00
2.315568898045039070e+00
2.330004899086668857e+00
2.339427790297449850e+00
2.345569453803421300e+00
2.349546659798980475e+00
2.352099701108598229e+00
2.353722453737821407e+00
2.354743081869154153e+00
2.355377870431846432e+00
2.355767983157804224e+00
2.356004644505306445e+00
2.356146196425245254e+00
2.356229550736815170e+00
2.356277792630454559e+00
2.356305179184990717e+00
2.356320393447110195e+00
2.356328641829905202e+00
2.356332991674630062e+00
2.356335214323643790e+00
2.356336309572784504e+00
2.356336827063789663e+00
2.356337059864183292e+00
2.356337158743921023e+00
2.356337198067160799e+00
2.356337212750152954e+00
2.356337218347528850e+00
2.356337221665449455e+00
2.356337226572727150e+00
2.356337239056806254e+00
2.356337282705346148e+00
2.356337528567141071e+00
2.356341823747987618e+00
9.110903009043410299e-09
