#Conditional distribution of mass given radius from initial fitting w/o bootstrap
-1.173330045660908372e+00
-1.234392360139603850e+00
-1.116380008913225197e+00
-9.627982197131177422e-01
-8.090159730507244795e-01
-6.742870163750988022e-01
-5.640831046137597671e-01
-4.767706166258414147e-01
-4.083324357613101196e-01
-3.545959385154914822e-01
-3.119985197223013595e-01
-2.777137863406514695e-01
-2.495567722303360936e-01
-2.258410768681453351e-01
-2.052478584308245202e-01
-1.867217471023568942e-01
-1.693932725334607037e-01
-1.525233394083924943e-01
-1.354651869428331323e-01
-1.176402618274230011e-01
-9.852548616642116397e-02
-7.765016896913762290e-02
-5.460119037994120433e-02
-2.903506599884656675e-02
-6.951077470152007120e-04
3.056876663635058750e-02
6.478078052185691493e-02
1.018243875990470781e-01
1.414355774391025389e-01
1.832075992976833489e-01
2.266087823565023640e-01
2.710129444951797084e-01
3.157395090491112999e-01
3.600985224546475183e-01
4.034348424886983198e-01
4.451661020556353376e-01
4.848104981285988879e-01
5.220025329099116096e-01
5.564969470481629932e-01
5.881627377615888941e-01
6.169700924255046015e-01
6.429732887729423529e-01
6.662922904942165658e-01
6.870951432994235608e-01
7.055825721288953023e-01
7.219755487990181519e-01
7.365061199878937259e-01
7.494114780786846897e-01
7.609311059504738628e-01
7.713067997196126901e-01
7.807854372114892971e-01
7.896244859973268193e-01
7.981004105641719137e-01
8.065203236495975814e-01
8.152374071049235393e-01
8.246707600337526145e-01
8.353303341954486649e-01
8.478473333186636873e-01
8.630096059052300150e-01
8.817996897191374694e-01
9.054295894668862310e-01
9.353602686642985553e-01
9.732846878313770045e-01
1.021041967822354568e+00
1.080421600440662822e+00
1.152821904248851004e+00
1.238764196480501178e+00
1.337347856346048580e+00
1.445845324656359621e+00
1.559704912703853141e+00
1.673142762669802774e+00
1.780232149912944317e+00
1.876094601545345908e+00
1.957715315016379520e+00
2.024128462879926538e+00
2.076056009255769386e+00
2.115285130215094345e+00
2.144059186144234186e+00
2.164631675072139938e+00
2.179010496585596979e+00
2.188853342867380203e+00
2.195458405521531375e+00
2.199803695321320252e+00
2.202604197839281852e+00
2.204369833822424241e+00
2.205456434385292486e+00
2.206107249755071109e+00
2.206485160077724217e+00
2.206696852917294116e+00
2.206810519137369919e+00
2.206868534569390583e+00
2.206896372214591562e+00
2.206908741310552813e+00
2.206913723267364347e+00
2.206915485877367633e+00
2.206916007359283505e+00
2.206916126048490412e+00
2.206916143711515232e+00
2.206916144565933990e+00
nan
