#Upper limit for the Conditional distribution of mass given radius from initial fitting w/o bootstrap
-7.364708022360484385e-01
-9.268267736953603730e-01
-6.644869069182253174e-01
-2.245194860214502208e-01
-2.662916732935852616e-04
1.169885335085279199e-01
1.870085916973276696e-01
2.323376266592664663e-01
2.634676882586581836e-01
2.859655155525337999e-01
3.030669960114749650e-01
3.168017200914751141e-01
3.285401217764952198e-01
3.392832254416170978e-01
3.498273756045094940e-01
3.608644794849389381e-01
3.730475525492144007e-01
3.870368883916394664e-01
4.035345200333012028e-01
4.233095054950395397e-01
4.472113210085512658e-01
4.761608127678921831e-01
5.110951652937368861e-01
5.528252372405143555e-01
6.017542352138364192e-01
6.574559019869724574e-01
7.182891895167881069e-01
7.814473757094584361e-01
8.436812287899377871e-01
9.022794244835585786e-01
9.556093368756033435e-01
1.003053936508519373e+00
1.044669764393534539e+00
1.080863223326265166e+00
1.112180219623359889e+00
1.139193371750934825e+00
1.162449201795649589e+00
1.182447007347523504e+00
1.199633053907701585e+00
1.214401691475168743e+00
1.227099370748987006e+00
1.238029727225451238e+00
1.247458947235415838e+00
1.255621114993692000e+00
1.262723465469608009e+00
1.268951581597897116e+00
1.274474646244867060e+00
1.279450923616407998e+00
1.284033720744070184e+00
1.288378183032266477e+00
1.292649428060628436e+00
1.297032749382697636e+00
1.301746979485538080e+00
1.307062684122380469e+00
1.313327852536851248e+00
1.321005522332358906e+00
1.330731140944912960e+00
1.343404303337443428e+00
1.360344639867245631e+00
1.383578839683901940e+00
1.416430433073354811e+00
1.464936164165539623e+00
1.542144971052153313e+00
1.686905841702382336e+00
1.986559617916031195e+00
2.172071212035698640e+00
2.257039566413848064e+00
2.305776596400738843e+00
2.336652266837667913e+00
2.357211116353960190e+00
2.371281077449541197e+00
2.381059412453123691e+00
2.387910118408595128e+00
2.392725105823402032e+00
2.396108407035123289e+00
2.398478867218785116e+00
2.400131391227901201e+00
2.401275575511974125e+00
2.402061095592602502e+00
2.402594968980824142e+00
2.402953590749913548e+00
2.403191280351984371e+00
2.403346428456127448e+00
2.403445953140023406e+00
2.403508543752681970e+00
2.403547024466487159e+00
2.403570073418832109e+00
2.403583468064401707e+00
2.403590981735931997e+00
2.403595023768195560e+00
2.403597091755314885e+00
2.403598086950302193e+00
2.403598530732742322e+00
2.403598710271058980e+00
2.403598774146739725e+00
2.403598793179916537e+00
2.403598797549188149e+00
2.403598798197012165e+00
2.403598798192206676e+00
9.119173891686267044e-09
