#Lower limit for the Conditional distribution of mass given radius from initial fitting w/o bootstrap
-1.599757376100334305e+00
-1.563137827422537596e+00
-1.549740425005670552e+00
-1.527257981217104987e+00
-1.495467084985126816e+00
-1.453567110899726345e+00
-1.399678993338109079e+00
-1.330180970731604795e+00
-1.239193223895296292e+00
-1.122751908815602384e+00
-9.987573566746636988e-01
-8.999418717754409380e-01
-8.306038520537174508e-01
-7.814215185383290851e-01
-7.450570426889536746e-01
-7.170271250272259866e-01
-6.945725165430411963e-01
-6.759073202585145212e-01
-6.598092056079490897e-01
-6.453942562226124835e-01
-6.319880405073976526e-01
-6.190484604105386257e-01
-6.061177685102679957e-01
-5.927918228372656140e-01
-5.787000167206620693e-01
-5.634921220272687270e-01
-5.468298033271825620e-01
-5.283814290279574832e-01
-5.078193634647871768e-01
-4.848193877143618380e-01
-4.590624417021128001e-01
-4.302396833280321409e-01
-3.980631150371047311e-01
-3.622858948762535114e-01
-3.227388269350364713e-01
-2.793913842875800357e-01
-2.324435897500930215e-01
-1.824420116717843932e-01
-1.303812328964553957e-01
-7.771019367658381360e-02
-2.616034958513641442e-02
2.259146354132811688e-02
6.726950264468421758e-02
1.071752563596595625e-01
1.421505019253193891e-01
1.724187257342734148e-01
1.984138882083248123e-01
2.206522851110219174e-01
2.396553070853165990e-01
2.559107797182778032e-01
2.698583007712551662e-01
2.818878583983364661e-01
2.923452154518230151e-01
3.015405718101541455e-01
3.097588873717776470e-01
3.172713469153691790e-01
3.243480573253231802e-01
3.312725820005327781e-01
3.383590372838780058e-01
3.459728854902290318e-01
3.545566240963120563e-01
3.646617168948767529e-01
3.769878922642469488e-01
3.924307532638486862e-01
4.121379776814022566e-01
4.375745416158024481e-01
4.706000285722224397e-01
5.135713393477989719e-01
5.695126245337245319e-01
6.424659554930998162e-01
7.383243086439075231e-01
8.670361143628203537e-01
1.049375269945742817e+00
1.337467130674509619e+00
1.675180246455761468e+00
1.827710828618886785e+00
1.899089645414293592e+00
1.938948220812938272e+00
1.963086106827781618e+00
1.978271641464451891e+00
1.987985503512401664e+00
1.994225257783044380e+00
1.998217204620063470e+00
2.000745399309055816e+00
2.002322587254312225e+00
2.003287391411314733e+00
2.003863517126359017e+00
2.004197712161881917e+00
2.004384974412704690e+00
2.004485649227189192e+00
2.004537136698897992e+00
2.004561908177209695e+00
2.004572952247224649e+00
2.004577419467902466e+00
2.004579008502642701e+00
2.004579481914293915e+00
2.004579590637116659e+00
2.004579606932914704e+00
2.004579607419416210e+00
9.119173891686267044e-09
