#Upper limit for the Conditional distribution of radius given mass from initial fitting w/o bootstrap
-1.364931323874457418e-02
-9.754295710482403445e-03
-9.748274057588603506e-03
-9.704851371844186100e-03
-9.534164217756407878e-03
-9.046152642244509323e-03
-7.898599332667961825e-03
-5.537293725077227849e-03
-1.139314944503068200e-03
6.405043537948443624e-03
1.837629739756041838e-02
3.578633902827465380e-02
5.849259505533406511e-02
8.444582238968630084e-02
1.103476219660491642e-01
1.334409139325969385e-01
1.524794175032389287e-01
1.674393035172895838e-01
1.788916713773520406e-01
1.875684824250957172e-01
1.941558397957365567e-01
1.992236130022126128e-01
2.032191081091337392e-01
2.064850144457487102e-01
2.092830399788105922e-01
2.118158160062476592e-01
2.142448835355220960e-01
2.167047407103500078e-01
2.193136614425227893e-01
2.221821247797608756e-01
2.254195865147525235e-01
2.291401475918585784e-01
2.334675864196508188e-01
2.385398536480994591e-01
2.445130298724871032e-01
2.515642029698821336e-01
2.598919985666638954e-01
2.697122157811138732e-01
2.812441192578838400e-01
2.946809278104073893e-01
3.101381664346463674e-01
3.275813241038929569e-01
3.467548326964690619e-01
3.671595012123344270e-01
3.881209266858295925e-01
4.089330997866583717e-01
4.290001288876093000e-01
4.479086813007029377e-01
4.654258926931034712e-01
4.814579870332607037e-01
4.960030390215854346e-01
5.091134750798355091e-01
5.208709549601741040e-01
5.313710680816126075e-01
5.407145526014500714e-01
5.490024318361849121e-01
5.563333966868431180e-01
5.628024361350102422e-01
5.685001709735791886e-01
5.735126135009588344e-01
5.779212285369437208e-01
5.818032561995734042e-01
5.852323064869681124e-01
5.882792708706146012e-01
5.910136314310383554e-01
5.935052955420927479e-01
5.958271566951217624e-01
5.980586980336390912e-01
6.002911449709205094e-01
6.026349921352548433e-01
6.052312841340807825e-01
6.082690354095324770e-01
6.120130999735636790e-01
6.168507411388886030e-01
6.233739093448167345e-01
6.325358794539014395e-01
6.459822795727175881e-01
6.668661229210203212e-01
7.023846574234006157e-01
7.748795371190637660e-01
9.216929637202549985e-01
1.018704121742198820e+00
1.071717622663751923e+00
1.105689954616038362e+00
1.128757047013484671e+00
1.144583063686413382e+00
1.155286527407352937e+00
1.162321229938575895e+00
1.166775554203471454e+00
1.169476485563045953e+00
1.171035660014407842e+00
1.171886000239874770e+00
1.172319209022635755e+00
1.172521891777532188e+00
1.172606731852646522e+00
1.172637205415942185e+00
1.172645950701204809e+00
1.172647700752372568e+00
1.172647880324867886e+00
1.172647884046302380e+00
