#Weights for Beta densities from initial fitting w/o bootstrap
4.061149713720003508e-11
4.097475523024773988e-11
1.663287598438432710e-11
1.945446022421717696e-12
0.000000000000000000e+00
0.000000000000000000e+00
0.000000000000000000e+00
0.000000000000000000e+00
0.000000000000000000e+00
0.000000000000000000e+00
0.000000000000000000e+00
0.000000000000000000e+00
0.000000000000000000e+00
0.000000000000000000e+00
0.000000000000000000e+00
0.000000000000000000e+00
0.000000000000000000e+00
4.234080396132061266e-11
4.146249459226317158e-02
1.817053521063917674e-11
2.731487922160541110e-12
0.000000000000000000e+00
0.000000000000000000e+00
0.000000000000000000e+00
0.000000000000000000e+00
0.000000000000000000e+00
0.000000000000000000e+00
0.000000000000000000e+00
0.000000000000000000e+00
0.000000000000000000e+00
0.000000000000000000e+00
0.000000000000000000e+00
0.000000000000000000e+00
0.000000000000000000e+00
3.475078326240603639e-11
3.643819370528123799e-11
1.590614253265954561e-11
2.790459047947691455e-12
0.000000000000000000e+00
0.000000000000000000e+00
0.000000000000000000e+00
0.000000000000000000e+00
0.000000000000000000e+00
0.000000000000000000e+00
0.000000000000000000e+00
0.000000000000000000e+00
0.000000000000000000e+00
0.000000000000000000e+00
0.000000000000000000e+00
0.000000000000000000e+00
0.000000000000000000e+00
2.196670766759324676e-11
2.485790550024273356e-11
1.142792760603042332e-11
2.293926046917497556e-12
0.000000000000000000e+00
0.000000000000000000e+00
0.000000000000000000e+00
0.000000000000000000e+00
0.000000000000000000e+00
0.000000000000000000e+00
0.000000000000000000e+00
0.000000000000000000e+00
0.000000000000000000e+00
0.000000000000000000e+00
0.000000000000000000e+00
0.000000000000000000e+00
0.000000000000000000e+00
9.328292706653787505e-12
1.315952356507729333e-11
6.630946941776793552e-12
1.659807645705015958e-12
6.392978300309075063e-14
0.000000000000000000e+00
0.000000000000000000e+00
0.000000000000000000e+00
0.000000000000000000e+00
0.000000000000000000e+00
0.000000000000000000e+00
0.000000000000000000e+00
0.000000000000000000e+00
0.000000000000000000e+00
0.000000000000000000e+00
0.000000000000000000e+00
0.000000000000000000e+00
4.117505907413408278e-13
4.133593431702612513e-12
2.250877500749215173e-12
8.215566138338562517e-13
1.163610699514239121e-12
1.551822498847059642e-12
8.660296050602740326e-13
0.000000000000000000e+00
0.000000000000000000e+00
0.000000000000000000e+00
0.000000000000000000e+00
0.000000000000000000e+00
0.000000000000000000e+00
0.000000000000000000e+00
0.000000000000000000e+00
0.000000000000000000e+00
0.000000000000000000e+00
0.000000000000000000e+00
0.000000000000000000e+00
0.000000000000000000e+00
4.518538324724692412e-01
3.316071047247948923e-12
5.583190474091415641e-12
5.875866078556559009e-12
3.979971348869798275e-12
6.596599851364206923e-13
0.000000000000000000e+00
0.000000000000000000e+00
0.000000000000000000e+00
0.000000000000000000e+00
0.000000000000000000e+00
0.000000000000000000e+00
0.000000000000000000e+00
0.000000000000000000e+00
0.000000000000000000e+00
0.000000000000000000e+00
0.000000000000000000e+00
9.609323580400963665e-13
3.323296411633337111e-10
1.185779696056605101e-11
1.401518698298142862e-11
1.264222506411142126e-11
8.523885202527916053e-12
3.094887702213830808e-12
0.000000000000000000e+00
0.000000000000000000e+00
0.000000000000000000e+00
0.000000000000000000e+00
0.000000000000000000e+00
0.000000000000000000e+00
0.000000000000000000e+00
0.000000000000000000e+00
0.000000000000000000e+00
0.000000000000000000e+00
2.292264234464507051e-12
1.117327546726100163e-11
1.949234704874670318e-11
2.419946246874003140e-11
2.395764024041932296e-11
1.900947832042705087e-11
1.145420503894522133e-11
3.556407116658128835e-12
0.000000000000000000e+00
0.000000000000000000e+00
0.000000000000000000e+00
0.000000000000000000e+00
0.000000000000000000e+00
0.000000000000000000e+00
0.000000000000000000e+00
0.000000000000000000e+00
0.000000000000000000e+00
3.475789159274516635e-12
1.457420489195148603e-11
2.569480477665374353e-11
7.367087556526610840e-11
3.397514228602244971e-11
2.891243894890033541e-11
2.000265497711651026e-11
9.962418096857964528e-12
1.346221720432133850e-12
0.000000000000000000e+00
0.000000000000000000e+00
0.000000000000000000e+00
0.000000000000000000e+00
0.000000000000000000e+00
0.000000000000000000e+00
0.000000000000000000e+00
0.000000000000000000e+00
3.088731607037861488e-12
1.468782713783102047e-11
2.684985330846314236e-11
3.545872798406686841e-11
3.734029188375752595e-01
3.393256874834303845e-11
2.533240371550487969e-11
1.480466552135560136e-11
4.977919210199918291e-12
0.000000000000000000e+00
0.000000000000000000e+00
0.000000000000000000e+00
0.000000000000000000e+00
0.000000000000000000e+00
0.000000000000000000e+00
0.000000000000000000e+00
0.000000000000000000e+00
6.057167422067623984e-13
1.054852597736883342e-11
2.133532875795775599e-11
2.958580359552245748e-11
3.298963384623369890e-11
8.153285663371874492e-03
7.341921857810510903e-11
1.602796725145030898e-11
6.908592362254634219e-12
0.000000000000000000e+00
0.000000000000000000e+00
0.000000000000000000e+00
0.000000000000000000e+00
0.000000000000000000e+00
0.000000000000000000e+00
0.000000000000000000e+00
0.000000000000000000e+00
0.000000000000000000e+00
3.611590692357456947e-12
1.127019696017840497e-11
1.761815320237196609e-11
2.123031985044464458e-11
2.146876987630427595e-11
1.839901735702747988e-11
1.280772518927655741e-11
6.407261542163915695e-12
1.548789568386507294e-12
0.000000000000000000e+00
0.000000000000000000e+00
0.000000000000000000e+00
0.000000000000000000e+00
0.000000000000000000e+00
0.000000000000000000e+00
0.000000000000000000e+00
0.000000000000000000e+00
0.000000000000000000e+00
1.083028310540846060e-12
4.974889174669537254e-12
7.860914767620089863e-12
9.183112203792136103e-12
8.650367364223264923e-12
6.445344036467719376e-12
4.233444414245319090e-12
5.289072490478549776e-12
6.980415879969490992e-12
5.712610850600402581e-12
7.831572521942545943e-13
0.000000000000000000e+00
0.000000000000000000e+00
0.000000000000000000e+00
0.000000000000000000e+00
0.000000000000000000e+00
0.000000000000000000e+00
0.000000000000000000e+00
0.000000000000000000e+00
0.000000000000000000e+00
0.000000000000000000e+00
0.000000000000000000e+00
0.000000000000000000e+00
1.771713190444349141e-12
7.204204708086458524e-12
1.316749167930227484e-11
1.610795474894398778e-11
8.781989415355754114e-12
0.000000000000000000e+00
0.000000000000000000e+00
0.000000000000000000e+00
0.000000000000000000e+00
0.000000000000000000e+00
0.000000000000000000e+00
0.000000000000000000e+00
0.000000000000000000e+00
0.000000000000000000e+00
0.000000000000000000e+00
0.000000000000000000e+00
0.000000000000000000e+00
0.000000000000000000e+00
7.673348613767502243e-12
1.777326729637856078e-11
4.334778745178635012e-03
1.243717475511675865e-11
0.000000000000000000e+00
0.000000000000000000e+00
0.000000000000000000e+00
0.000000000000000000e+00
0.000000000000000000e+00
0.000000000000000000e+00
0.000000000000000000e+00
0.000000000000000000e+00
0.000000000000000000e+00
0.000000000000000000e+00
0.000000000000000000e+00
0.000000000000000000e+00
0.000000000000000000e+00
1.487545699390868316e-12
8.478518836889790559e-12
1.207926893022976539e-01
6.491332425366842641e-12
0.000000000000000000e+00
