#Weights for Beta densities from initial fitting w/o bootstrap
0.000000000000000000e+00
0.000000000000000000e+00
0.000000000000000000e+00
0.000000000000000000e+00
0.000000000000000000e+00
0.000000000000000000e+00
0.000000000000000000e+00
0.000000000000000000e+00
0.000000000000000000e+00
0.000000000000000000e+00
0.000000000000000000e+00
0.000000000000000000e+00
0.000000000000000000e+00
0.000000000000000000e+00
0.000000000000000000e+00
0.000000000000000000e+00
0.000000000000000000e+00
0.000000000000000000e+00
0.000000000000000000e+00
0.000000000000000000e+00
0.000000000000000000e+00
0.000000000000000000e+00
0.000000000000000000e+00
0.000000000000000000e+00
7.559982050749411431e-02
1.651013841206445245e-07
4.621723644173514317e-11
7.964269983598103317e-14
5.298221383046247088e-17
6.672963628292133532e-21
1.578623108753040089e-25
8.981436419634477302e-31
2.220423212402462180e-36
7.732768465124222363e-42
1.503745405259070656e-46
1.851371873279520421e-50
4.334137948640743554e-54
1.095618838737209014e-57
2.066378874984706728e-60
6.362517624689455978e-61
4.424828347783595018e-60
1.139372622618635289e-59
1.353373675498595386e-60
2.231433336509498980e-63
1.045099806274696755e-68
0.000000000000000000e+00
0.000000000000000000e+00
1.005884420737262162e-03
2.616497758891273963e-05
1.000410977736185444e-06
7.840025048631925922e-09
8.959458475543954256e-12
1.688479703435033311e-15
6.841413144236237539e-20
9.424139440648547680e-25
1.014376663533786237e-29
2.687676843232951602e-34
3.197735698196452230e-38
8.553767552973929716e-42
1.527141587081829447e-45
8.919738700494034341e-50
2.781019549927222818e-54
8.632086188546287999e-58
5.267777757047919835e-59
3.037040417244591744e-59
2.594298506779046612e-60
4.001728451324001105e-63
1.848975996889664287e-68
0.000000000000000000e+00
0.000000000000000000e+00
9.985243122435239881e-04
3.109318871094642837e-03
6.761928343090856238e-04
1.238433700386439017e-05
2.698286580810921324e-08
1.005874005300717154e-11
1.026162378497203862e-15
6.013268538248328780e-20
5.755829951397405232e-24
1.932713608695140674e-27
1.641150863750932120e-30
1.192161933320510805e-33
2.865227154241941592e-37
1.350476217432160644e-41
1.182568439687439281e-46
5.379623034248502235e-52
3.680274118119891953e-56
3.317321141305974662e-58
8.213688399504452352e-60
9.621748438090042078e-63
4.194730613962904058e-68
0.000000000000000000e+00
0.000000000000000000e+00
1.354522986293079040e-03
3.427998895378749078e-02
2.316704764255043611e-02
1.008015201450104120e-03
4.999166306907088315e-06
4.866778798867131122e-09
1.892952621349726504e-12
7.772757159898155916e-16
8.084451443142673066e-19
2.179571709542709465e-21
6.529046958695854889e-24
8.445974461639117576e-27
2.529153692137142346e-30
1.247955557357032695e-34
8.867800776510325185e-40
1.176444579928251138e-45
1.430125880760053290e-51
5.328106288033888121e-56
7.582010181180089549e-59
3.932391860504671651e-62
1.415764343199963502e-67
0.000000000000000000e+00
0.000000000000000000e+00
4.084319269311959227e-04
4.418934343513832019e-02
8.908903804529334780e-02
1.024649540452315932e-02
1.409547502052939025e-04
4.890810957456317059e-07
1.072608617218285625e-09
3.760276879502703564e-12
2.962716880704721711e-14
3.111821517079304690e-16
1.861539650551644011e-18
3.283348541004958381e-21
1.154789510689983998e-24
6.484357101625998097e-29
5.151932256057938704e-34
6.026834838849945111e-40
1.948185956205705640e-46
1.642324619008970740e-52
4.646012673713474014e-57
4.303514456247870287e-61
9.420180933750470510e-67
0.000000000000000000e+00
0.000000000000000000e+00
2.844035748054601139e-05
1.192639301676439931e-02
7.515962768470059452e-02
2.592398587797375975e-02
1.228707976008912035e-03
2.018489723460881297e-05
2.954974810686208258e-07
6.916355803884856843e-09
2.224604371430290795e-10
5.142290415093040502e-12
4.511191774252418609e-14
9.835084337033658634e-17
4.167311376926550477e-20
2.967735723141597567e-24
3.249687105831834043e-29
5.380214257487285551e-35
1.713074660366572087e-41
3.184100829895412787e-48
3.416041529616862171e-54
2.564860145506307365e-59
2.067654243186137849e-65
0.000000000000000000e+00
0.000000000000000000e+00
7.145803654548498478e-07
1.139157284946519088e-03
2.358789589423983604e-02
2.759995244138638282e-02
5.368930846227350402e-03
4.650232495245835681e-04
3.811512448601732313e-05
3.617229227503376964e-06
2.794919033992992105e-07
1.031440427555465106e-08
1.188774946419616079e-10
3.286014804179637708e-13
1.872450598726520764e-16
2.010362631334416682e-20
3.823131936742349528e-25
1.236060958747946641e-30
7.178653465351418502e-37
1.202552034593607516e-43
2.345047901448614600e-50
1.607557404193402507e-56
3.177393916049251555e-63
0.000000000000000000e+00
0.000000000000000000e+00
9.704602997620281504e-09
5.631534887253018123e-05
3.921128606669947204e-03
1.664286378949139666e-02
1.370538961332610009e-02
5.402971179033187049e-03
1.680540814271242345e-03
4.079007158375871716e-04
5.539477421219898107e-05
2.914680743940958677e-06
4.562829181544208599e-08
1.816699219918319773e-10
1.684541374877743923e-13
3.429289546202669371e-17
1.437191794103229520e-21
1.134014183268745647e-26
1.563848648306634171e-32
4.398625040326536667e-39
5.715599042603546344e-46
1.023863953767049763e-52
6.305353440904977944e-60
0.000000000000000000e+00
0.000000000000000000e+00
8.869160325180527575e-11
1.716375397627838396e-06
3.873709247688857083e-04
5.698552552257066424e-03
1.720023267173251616e-02
2.286229711770419032e-02
1.855476764319134372e-02
8.689604842350776015e-03
1.862917306435892461e-03
1.461125122195842930e-04
3.602896822507297735e-06
2.553975459207461075e-08
4.890651453186026035e-11
2.352490767453245902e-14
2.535479809262411272e-18
5.200099430891724258e-23
1.735081776300193278e-28
9.948540182848189582e-35
1.881182916571253621e-41
3.115814329358899254e-48
1.459583060182734943e-55
0.000000000000000000e+00
0.000000000000000000e+00
5.370789298839270295e-13
3.037191951682175147e-08
1.988336460775761349e-05
8.715841744946127784e-04
7.628595214955469390e-03
2.566146609019149746e-02
4.308178856699369091e-02
3.556057291700608081e-02
1.276169915168070754e-02
1.767058145175288628e-03
8.650642563085278924e-05
1.390630027095036300e-06
6.697916408458298603e-09
8.449292063513711675e-12
2.319846977785497212e-15
1.119952435199186756e-19
8.144000065109814656e-25
1.024452302485390549e-30
4.875394565135999029e-37
2.113803679162727522e-43
1.865948846115997884e-50
0.000000000000000000e+00
0.000000000000000000e+00
1.731330564334193871e-15
2.437194570986272804e-10
3.954132984287736539e-07
4.282270604455390141e-05
8.805953099389345106e-04
6.305959594121078593e-03
2.058773829118998658e-02
3.235672673073040212e-02
2.351164040291136084e-02
7.361816469977367113e-03
9.076404057304178269e-04
3.901247463880959084e-05
4.970951008102349615e-07
1.537869450129480872e-09
9.265585244575369321e-13
8.921822522659193539e-17
1.304286405835424153e-21
4.275551254539896365e-27
9.091614546310594530e-33
2.137467690619962092e-38
5.653938100529035090e-45
0.000000000000000000e+00
0.000000000000000000e+00
2.136226467570346893e-18
6.387183907349789823e-13
2.202204708148345236e-09
5.065140272049704296e-07
2.179561784260003929e-05
3.241753572469760936e-04
2.280291663663390565e-03
8.448664431606141278e-03
1.614200751677599688e-02
1.433156323102158063e-02
5.034867678660854239e-03
5.749628181287172674e-04
1.722569417909978074e-05
1.090336006600728709e-07
1.198293851241548357e-10
2.047713949987369288e-14
6.440872524148101862e-19
8.314199121594917546e-24
1.494028713950749333e-28
2.603225784827909496e-33
2.044736400235233985e-39
0.000000000000000000e+00
0.000000000000000000e+00
7.135753444610831309e-22
3.982608751630248381e-16
2.615838492209167727e-12
1.191795725284387426e-09
1.087621094242405707e-07
3.842419393840339892e-06
7.427209656294027091e-05
8.559137359130402798e-04
5.306078064838272434e-03
1.440619596838702693e-02
1.351411906395989099e-02
3.483059491153273589e-03
2.002952917253703611e-04
2.145388259687986530e-06
3.792918533988794404e-09
1.176682294635811382e-12
1.109614664331945448e-16
1.126605385656475999e-20
2.697646999019521975e-24
2.913837510013495217e-28
5.163353477428491253e-34
0.000000000000000000e+00
0.000000000000000000e+00
4.729494094271162399e-26
4.540319467070528546e-20
5.468890093646737900e-16
5.158305749158274690e-13
1.180631344846104475e-10
1.313718379083192496e-08
9.442717326567547849e-07
4.117076063023134024e-05
8.479645024677579272e-04
6.213124229532351016e-03
1.268366902945658632e-02
5.929038873480120021e-03
5.420040666916035301e-04
8.674773547801001164e-06
2.464360385814489259e-08
1.809290031473261294e-11
1.031293433451532715e-14
1.730311623725134696e-17
5.082903221026465201e-20
2.043519176950432069e-23
5.975131006351851382e-29
0.000000000000000000e+00
0.000000000000000000e+00
4.769565933072973434e-31
7.716765193060493826e-25
1.814100145874882511e-20
4.304805343444025859e-17
3.430340150323730151e-14
1.696653322201438392e-11
5.494402419569218395e-09
8.810362769717156650e-07
5.001864767015349879e-05
7.742417634398204244e-04
2.727356099102812119e-03
1.921667471483323253e-03
2.479047886500991278e-04
5.851535064108061857e-06
3.307877767956832608e-08
1.115513802650968335e-10
1.021735853065879584e-12
3.580919821322488714e-14
6.852012174334395150e-16
5.986266327224880018e-19
2.291161505289811267e-24
0.000000000000000000e+00
0.000000000000000000e+00
5.927676700436873408e-37
1.702853051198785587e-30
9.586594734248328188e-26
8.292684781011457584e-22
3.451199746532336850e-18
9.345883880003922623e-15
1.264645916824681038e-11
5.803530463760009133e-09
6.818561339340452478e-07
1.743609842181029703e-05
8.833491936602528346e-05
8.380216251940455867e-05
1.498320587618228795e-05
6.238274099895901469e-07
1.298463590209460151e-08
6.201718657234977360e-10
1.724104144092031169e-10
6.943704864049274358e-11
4.000812074961483777e-12
5.191213929780921771e-15
2.277429892157877045e-20
0.000000000000000000e+00
0.000000000000000000e+00
1.484819075996142275e-43
5.673294991092984530e-37
9.993653343727324573e-32
4.852117372452390559e-27
1.332844234868444280e-22
1.754090598449202899e-18
7.189912927676609371e-15
6.759236610544752885e-12
1.263021056819677296e-09
4.449228757671662400e-08
2.911899147588511608e-07
3.651099032422016967e-07
1.061576947280959475e-07
1.397696594227564012e-08
3.659098336699287510e-09
6.961165578094398814e-09
3.819188821005983599e-08
6.605896306986264973e-08
6.537558690041473668e-09
1.024563625690296419e-11
4.908663296448678831e-17
0.000000000000000000e+00
0.000000000000000000e+00
1.366186505129485241e-45
6.041566676908886260e-42
2.238856656051007369e-37
2.213791717132839490e-32
2.072683901618066905e-27
7.280791350975661197e-23
5.633283921441743599e-19
7.860789115717774917e-16
1.910624720758048680e-13
8.301969777258943301e-12
6.894670138816398312e-11
1.337119320340372674e-10
1.137306262213173724e-10
1.809494480480298519e-10
2.424167125519464284e-09
1.492307374408220386e-07
4.973348122060136122e-06
1.710903331038994340e-05
2.162539881207597378e-06
3.809339423878044294e-09
2.138576212610741817e-14
0.000000000000000000e+00
0.000000000000000000e+00
9.774913411154118691e-37
3.105985542352876024e-36
2.851207516605637246e-35
2.079822321810068369e-33
1.776178178105843428e-30
5.733846632375225091e-27
1.526152877236080797e-23
1.359033349301730252e-20
2.846178618592665805e-18
1.311993778381507793e-16
1.559071497249406142e-15
8.684603605357802944e-15
9.271192828397704864e-14
9.064551150242678192e-12
5.341683578782816475e-09
2.458288689632486047e-06
1.763584929256373950e-04
7.996929132032213347e-04
1.175344450096859104e-04
2.565553936900354761e-07
2.691723056740994815e-12
0.000000000000000000e+00
0.000000000000000000e+00
8.880730311796881281e-27
1.707527865407030592e-26
3.778378985903639931e-26
1.066984861247096922e-25
4.586864460541688683e-25
3.586084071631649714e-24
5.177712983114607711e-23
1.086628409680838360e-21
2.280805940684477996e-20
3.667757098004844019e-19
5.008848608485039238e-18
1.219148466334909566e-16
1.700469874124732460e-14
1.672307598618560554e-11
2.887629458002015167e-08
1.742776582039701400e-05
1.310101835592601335e-03
6.509249379566213467e-03
1.286945093499559283e-03
6.353453945916213028e-06
7.245479549793237259e-10
0.000000000000000000e+00
0.000000000000000000e+00
4.615737981255392968e-18
8.720325644264511526e-18
1.807513991475660496e-17
4.168562425190270977e-17
1.088572455343283998e-16
3.280272977599277661e-16
1.156727502202278392e-15
4.782367593227454084e-15
2.296833236863891931e-14
1.284677135162798603e-13
9.003188728567321204e-13
9.924507494005569783e-12
2.506107875329104858e-10
1.805892611303037540e-08
2.544163887093828914e-06
2.802993908648999835e-04
9.230657805011345529e-03
4.497906707791243103e-02
2.227087446960678355e-02
1.216593609613337863e-03
1.724388411981566549e-05
0.000000000000000000e+00
0.000000000000000000e+00
0.000000000000000000e+00
0.000000000000000000e+00
0.000000000000000000e+00
0.000000000000000000e+00
0.000000000000000000e+00
0.000000000000000000e+00
0.000000000000000000e+00
0.000000000000000000e+00
0.000000000000000000e+00
0.000000000000000000e+00
0.000000000000000000e+00
0.000000000000000000e+00
0.000000000000000000e+00
0.000000000000000000e+00
0.000000000000000000e+00
0.000000000000000000e+00
0.000000000000000000e+00
0.000000000000000000e+00
0.000000000000000000e+00
0.000000000000000000e+00
0.000000000000000000e+00
0.000000000000000000e+00
