#Conditional distribution of Radius given Mass from initial fitting w/o bootstrap
9.964104086170753649e-09
-2.190379317541090581e-02
-2.167980192059978245e-02
-2.107258599605532287e-02
-1.980347907540426847e-02
-1.751687197530603368e-02
-1.380262037961622543e-02
-8.261792497680546521e-03
-6.391960737862113773e-04
8.984439890692266784e-03
2.004643526172027526e-02
3.159511637064309902e-02
4.265425753088124966e-02
5.257531759096664703e-02
6.112552800168400552e-02
6.836944059529218021e-02
7.451516318252705828e-02
7.981002037906485824e-02
8.448958850537199861e-02
8.876001495192099855e-02
9.279652921637741858e-02
9.674829902072991372e-02
1.007449212317296366e-01
1.049025957324147135e-01
1.093293084991102671e-01
1.141289018160716318e-01
1.194039513922836165e-01
1.252575128822923656e-01
1.317934943660947489e-01
1.391153197926246476e-01
1.473222667875114245e-01
1.565026507843780279e-01
1.667229818147175913e-01
1.780127631421224432e-01
1.903460887511450594e-01
2.036241715620049630e-01
2.176662512711597663e-01
2.322173667402183395e-01
2.469767425082439738e-01
2.616404664221478882e-01
2.759437709952495266e-01
2.896889672599277099e-01
3.027538369713211330e-01
3.150844538406471496e-01
3.266801286165463836e-01
3.375770101206296836e-01
3.478339467389254813e-01
3.575217757808845653e-01
3.667158635456710392e-01
3.754912183268872550e-01
3.839194475686662500e-01
3.920669541302692629e-01
3.999939259784600631e-01
4.077538146983467615e-01
4.153931082080361548e-01
4.229512850374495536e-01
4.304608970372830190e-01
4.379477876015990812e-01
4.454314450821587612e-01
4.529256157474437217e-01
4.604392174129886550e-01
4.679777183413723618e-01
4.755451383670920018e-01
4.831468950265634943e-01
4.907937980364587838e-01
4.985076307686943098e-01
5.063289831457769008e-01
5.143283748164805269e-01
5.226223257571864789e-01
5.313970591186253367e-01
5.409442778121238415e-01
5.517166406102392839e-01
5.644168885343667785e-01
5.801491208061607674e-01
6.006995891902682239e-01
6.291390400927222570e-01
6.714116122258794173e-01
7.414177563857929920e-01
8.576605876693754738e-01
9.458496731363066345e-01
9.903374941352813821e-01
1.015548017177293483e+00
1.030800962615414873e+00
1.040247488830606359e+00
1.046127962362669805e+00
1.049780080364866253e+00
1.052039826585750681e+00
1.053438056778184029e+00
1.054311868103515293e+00
1.054873289611340192e+00
1.055253507647047728e+00
1.055531863824348493e+00
1.055754944200191892e+00
1.055949081609905305e+00
1.056128445533199844e+00
1.056300179020539520e+00
1.056467574360917983e+00
1.056631963920454664e+00
1.056793786645723987e+00
9.964104086170753649e-09
