#Upper limit for the Conditional distribution of Radius given Mass from initial fitting w/o bootstrap
9.964104086170753649e-09
7.208278292993838821e-02
7.258291274011097194e-02
7.396039736357540306e-02
7.685247697404150313e-02
8.201927841195341684e-02
9.018588488286316540e-02
1.017125468345224798e-01
1.161734098993549569e-01
1.322344897327787649e-01
1.481833922807233306e-01
1.627094934433095941e-01
1.752364932370466533e-01
1.857678832192278806e-01
1.946039830650609093e-01
2.021387470500783656e-01
2.087581617277485257e-01
2.148037106882499936e-01
2.205677628180135186e-01
2.263015967894349556e-01
2.322266924911611519e-01
2.385452639623764082e-01
2.454483784479087605e-01
2.531207731645612746e-01
2.617414063969711879e-01
2.714783073709727823e-01
2.824758377967967471e-01
2.948328579208182587e-01
3.085726921136091594e-01
3.236114169790222928e-01
3.397384385171206000e-01
3.566260036766918384e-01
3.738743574926776669e-01
3.910787993390281714e-01
4.078912771308679241e-01
4.240554710624704349e-01
4.394123774886292133e-01
4.538865442475063516e-01
4.674651098553848083e-01
4.801776152567542866e-01
4.920798217050059153e-01
5.032419985481176861e-01
5.137408995289416413e-01
5.236544699199713326e-01
5.330584432239892090e-01
5.420241845807538539e-01
5.506173868918393666e-01
5.588973052932600938e-01
5.669163649430954965e-01
5.747200155172050851e-01
5.823467921466537467e-01
5.898284917412188744e-01
5.971905095461377266e-01
6.044522995646360863e-01
6.116279838665237278e-01
6.187271326472175703e-01
6.257557462097553813e-01
6.327174836254327861e-01
6.396152019751822904e-01
6.464529023745287928e-01
6.532382323889309728e-01
6.599857816992018567e-01
6.667215495685905324e-01
6.734891947275407631e-01
6.803590617001753493e-01
6.874416712804838347e-01
6.949085184604374410e-01
7.030254885044733282e-01
7.122089835626012055e-01
7.231261000934526839e-01
7.368885871935250131e-01
7.554730399437604715e-01
7.827799900201350969e-01
8.277457319822455473e-01
9.082596963286004854e-01
9.974364406743195799e-01
1.053529169729236603e+00
1.089350877836657849e+00
1.113721618704978988e+00
1.130677109040785222e+00
1.142458752644237130e+00
1.150541731874283435e+00
1.155994098734387299e+00
1.159611306120859719e+00
1.161979162063507154e+00
1.163517559889308828e+00
1.164518537044537450e+00
1.165179506643963414e+00
1.165630475076837369e+00
1.165954918399035423e+00
1.166205099307819681e+00
1.166412816849515810e+00
1.166596800935773226e+00
1.166767653389146897e+00
1.166931081978494378e+00
1.167089964856016682e+00
1.167245629615007108e+00
1.167398615367910564e+00
1.167549102562370100e+00
9.964104086170753649e-09
