#Lower limit for the Conditional distribution of Mass given Radius from initial fitting w/o bootstrap
9.110903009043410299e-09
-4.755972879185632052e-01
-4.640796771685105071e-01
-4.497892238081806493e-01
-4.323643092981602765e-01
-4.113122785649781510e-01
-3.860462607630325005e-01
-3.560840600793153121e-01
-3.215789796770714415e-01
-2.840801966722363292e-01
-2.465088100796197224e-01
-2.116153543306719953e-01
-1.806329693905433520e-01
-1.534615711524714154e-01
-1.294167496931139527e-01
-1.077041556056091420e-01
-8.759589101111898979e-02
-6.846706683795049375e-02
-4.978579065944892940e-02
-3.109321542815081385e-02
-1.198554420637426912e-02
7.898725809484181612e-03
2.888549731451479571e-02
5.126500335204183662e-02
7.528373310377786676e-02
1.011264388052331431e-01
1.288864473913785280e-01
1.585248661716677221e-01
1.898257762566322449e-01
2.223652266415945267e-01
2.555208712961672957e-01
2.885426505066868708e-01
3.206748960987023667e-01
3.512845668534556598e-01
3.799437905602917054e-01
4.064456356424671069e-01
4.307688593051410275e-01
4.530217763084027904e-01
4.733885117778537932e-01
4.920879406494547692e-01
5.093465051685326372e-01
5.253821795941771011e-01
5.403961565284627344e-01
5.545694192325968386e-01
5.680622540961504097e-01
5.810153908729376315e-01
5.935521243151782311e-01
6.057809725809353285e-01
6.177987462478438108e-01
6.296940229542510314e-01
6.415511395699926567e-01
6.534549061369883116e-01
6.654963324524767465e-01
6.777797452074424411e-01
6.904317725678144058e-01
7.036127248054649952e-01
7.175310110414744313e-01
7.324611334696260467e-01
7.487656738234201859e-01
7.669212561805773820e-01
7.875477585803145608e-01
8.114392240755055052e-01
8.395946453563121192e-01
8.732489410767397819e-01
9.139124084439809170e-01
9.634479228829078146e-01
1.024261551471950416e+00
1.099794508118104197e+00
1.195836166704071779e+00
1.324430145177321716e+00
1.515564296169296332e+00
1.749262709789718651e+00
1.864321626296996604e+00
1.918715763625585824e+00
1.949639345728884754e+00
1.968870718275602893e+00
1.981397117271799679e+00
1.989772300799444782e+00
1.995463895764859608e+00
1.999378920206711818e+00
2.002104729142750728e+00
2.004033279535345269e+00
2.005431173383471322e+00
2.006481927279057498e+00
2.007312856272476687e+00
2.008012872558409434e+00
2.008644638286179340e+00
2.009253073798160205e+00
2.009871459860226306e+00
2.010525953413031530e+00
2.011239109470952524e+00
2.012032904120804933e+00
2.012931782778458967e+00
2.013966492828761723e+00
2.015180181173544582e+00
2.016640408848136889e+00
2.018468180030122738e+00
2.020926997471554465e+00
2.024810118056581398e+00
9.110903009043410299e-09
