1.621130947528278739e+03
1.609007560687100067e+03
1.609794541400599201e+03
1.610823636891859223e+03
1.647326275517375279e+03
1.577646741737089542e+03
1.600051942953078651e+03
1.614506441270117421e+03
1.592732583702779266e+03
1.599983661093691353e+03
1.604872021344172936e+03
1.615262553390055245e+03
1.633385429375039166e+03
1.607106791474374404e+03
1.585397797884354986e+03
1.667884029668139647e+03
1.629294892343480115e+03
1.647592708497465310e+03
1.613955751602356486e+03
1.632971705842806841e+03
1.578745709542462464e+03
1.655444269904387511e+03
1.633359252606490827e+03
1.608781488182309886e+03
1.613264961144221161e+03
1.611965555509864771e+03
1.610605403401367084e+03
1.596718846849886177e+03
1.597069451265375392e+03
1.604465443073625465e+03
1.641631033979895165e+03
1.598087903717041854e+03
1.565469007105766877e+03
1.599964701477952531e+03
1.589846928242522154e+03
1.600605304520133814e+03
1.612037275549377682e+03
1.625764858249173813e+03
1.635138811248573347e+03
1.594337150864981140e+03
1.610288591937163119e+03
1.660492106902725482e+03
1.632642666118823172e+03
1.630619903159866453e+03
1.616311542211305550e+03
1.596158630766244187e+03
1.663034317045304761e+03
1.611303211040416045e+03
1.581805512859355758e+03
1.596994259212112411e+03
1.628807379168196348e+03
1.562349409457116735e+03
1.643748369018764606e+03
1.574872879156496538e+03
1.618811972962564596e+03
1.641231508356472432e+03
1.554296784659738023e+03
1.616302618250500245e+03
1.556533196481771256e+03
1.625389873099174338e+03
1.657854434487182743e+03
1.569734063957792159e+03
1.615925789295947197e+03
1.606129165262592778e+03
1.630999659577856846e+03
1.618562473738503058e+03
1.600010362166592358e+03
1.645257132286364140e+03
1.597972854699590698e+03
1.528158975052200958e+03
1.610540295171407706e+03
1.648836263121255342e+03
1.586343270877132909e+03
1.665925198671553744e+03
1.624534248726363330e+03
1.609049422146676989e+03
1.601692990784757058e+03
1.618320298666361396e+03
1.590168124940544431e+03
1.616894556616767204e+03
1.658137321273834004e+03
1.662825717900624568e+03
1.630292786370525391e+03
1.593365458400925263e+03
1.572707857802323133e+03
1.538673591584047017e+03
1.626469177797117027e+03
1.677245406215661205e+03
1.613236313070698770e+03
1.579670749394819950e+03
1.652111091511441373e+03
1.623179725278261913e+03
1.617987103603769356e+03
1.620844968484245328e+03
1.599182190624673467e+03
1.620846676162401081e+03
1.617369725940683566e+03
1.608472101934648890e+03
1.650607554424950649e+03
1.580496607679424869e+03
