-1.650037234715699519e+00
-1.650028295592994132e+00
-1.649736203903437781e+00
-1.647637065017954594e+00
-1.639501753650285609e+00
-1.617113878502093316e+00
-1.567946711118702652e+00
-1.473039306225277345e+00
-1.282138599095279163e+00
-8.544205787841079314e-01
-6.620031758950312151e-01
-5.924783532194797253e-01
-5.589541241470108446e-01
-5.407596318337903885e-01
-5.301755074880963869e-01
-5.237001363114630603e-01
-5.195612137845250222e-01
-5.167896288069229183e-01
-5.148178913823678871e-01
-5.132869110443858407e-01
-5.119446348154296222e-01
-5.105878202145931466e-01
-5.090245443639098699e-01
-5.070463158474910470e-01
-5.044038819141182239e-01
-5.007835001986625789e-01
-4.957820820855698973e-01
-4.888809339623558792e-01
-4.794191354437187247e-01
-4.665688390649938011e-01
-4.493153816061086214e-01
-4.264439015015449308e-01
-3.965298744176009582e-01
-3.579240404385718444e-01
-3.087194815230263623e-01
-2.467168135620213809e-01
-1.695553214322128854e-01
-7.572941462956020442e-02
3.173497836760731661e-02
1.399463044750090812e-01
2.319271935045519040e-01
3.012645638191625563e-01
3.512479149181934601e-01
3.871378700736177181e-01
4.131597191055570995e-01
4.322743380711814853e-01
4.465075691631735233e-01
4.572550447082466274e-01
4.654922932410472947e-01
4.719118206692964335e-01
4.770127309606486676e-01
4.811605321226238852e-01
4.846282288690945683e-01
4.876256753986860093e-01
4.903217507793050101e-01
4.928625928522031852e-01
4.953885045741965309e-01
4.980520409876549315e-01
5.010401321158788335e-01
5.046039088845273302e-01
5.091012065943985032e-01
5.150584644573396043e-01
5.232605376606084269e-01
5.348776734088004359e-01
5.516363655739249250e-01
5.760328123324680583e-01
6.115792188935740281e-01
6.630985295289200110e-01
7.372566968741749438e-01
8.441889500860508821e-01
1.003883777764962293e+00
1.280996882071061327e+00
1.711244018744204176e+00
1.854390751305393215e+00
1.911963066298552727e+00
1.942036691708417750e+00
1.959595184021621472e+00
1.970680688100898248e+00
1.978256803809116393e+00
1.983926454077267199e+00
1.988602158265579067e+00
1.992818340802766652e+00
1.996894390089250626e+00
2.001026005611230119e+00
2.005338485974059282e+00
2.009918486652759739e+00
2.014833168607348846e+00
2.020141874482763278e+00
2.025903404128321483e+00
2.032180754952357393e+00
2.039044452415878617e+00
2.046575118418379358e+00
2.054865588092528395e+00
2.064022599788235102e+00
2.074167768583039084e+00
2.085437124429897704e+00
2.097977860256232674e+00
2.111940036005200305e+00
2.127459957473177177e+00
2.144631122808289714e+00
