-2.000000000000000000e+00
-1.955194871526245937e+00
-1.910389743052491651e+00
-1.865584614578737588e+00
-1.820779486104983302e+00
-1.775974357631229239e+00
-1.731169229157474954e+00
-1.686364100683720890e+00
-1.641558972209966605e+00
-1.596753843736212541e+00
-1.551948715262458256e+00
-1.507143586788704193e+00
-1.462338458314949907e+00
-1.417533329841195844e+00
-1.372728201367441780e+00
-1.327923072893687495e+00
-1.283117944419933210e+00
-1.238312815946179146e+00
-1.193507687472425083e+00
-1.148702558998670797e+00
-1.103897430524916512e+00
-1.059092302051162449e+00
-1.014287173577408385e+00
-9.694820451036540998e-01
-9.246769166299000364e-01
-8.798717881561457510e-01
-8.350666596823916876e-01
-7.902615312086374022e-01
-7.454564027348833388e-01
-7.006512742611290534e-01
-6.558461457873749900e-01
-6.110410173136207046e-01
-5.662358888398666412e-01
-5.214307603661125778e-01
-4.766256318923582924e-01
-4.318205034186042290e-01
-3.870153749448499436e-01
-3.422102464710958802e-01
-2.974051179973415948e-01
-2.525999895235875314e-01
-2.077948610498332460e-01
-1.629897325760791826e-01
-1.181846041023248972e-01
-7.337947562857083383e-02
-2.857434715481654841e-02
1.623078131893773701e-02
6.103590979269180039e-02
1.058410382664458638e-01
1.506461667401999271e-01
1.954512952139539905e-01
2.402564236877084980e-01
2.850615521614625614e-01
3.298666806352166248e-01
3.746718091089706881e-01
4.194769375827251956e-01
4.642820660564792590e-01
5.090871945302333224e-01
5.538923230039873857e-01
5.986974514777418932e-01
6.435025799514959566e-01
6.883077084252500200e-01
7.331128368990040833e-01
7.779179653727585908e-01
8.227230938465126542e-01
8.675282223202667176e-01
9.123333507940207809e-01
9.571384792677748443e-01
1.001943607741529352e+00
1.046748736215283415e+00
1.091553864689037479e+00
1.136358993162791542e+00
1.181164121636546049e+00
1.225969250110300113e+00
1.270774378584054176e+00
1.315579507057808240e+00
1.360384635531562747e+00
1.405189764005316810e+00
1.449994892479070874e+00
1.494800020952824937e+00
1.539605149426579445e+00
1.584410277900333508e+00
1.629215406374087571e+00
1.674020534847841635e+00
1.718825663321595698e+00
1.763630791795350206e+00
1.808435920269104269e+00
1.853241048742858332e+00
1.898046177216612396e+00
1.942851305690366903e+00
1.987656434164120967e+00
2.032461562637875474e+00
2.077266691111629093e+00
2.122071819585383601e+00
2.166876948059137220e+00
2.211682076532891728e+00
2.256487205006646235e+00
2.301292333480399854e+00
2.346097461954154362e+00
2.390902590427907981e+00
2.435707718901662489e+00
