-1.117798830122482129e-01
-1.946873609979332675e-01
-1.946885167784147552e-01
-1.946886498941174382e-01
-1.946886203879640842e-01
-1.946882168730996732e-01
-1.946863965270447527e-01
-1.946800257266259049e-01
-1.946610916718169992e-01
-1.946112353188856614e-01
-1.944916799276491803e-01
-1.942253551789652199e-01
-1.936655424335345932e-01
-1.925397086927424506e-01
-1.903421280130614679e-01
-1.861025786823098938e-01
-1.777898815912677399e-01
-1.603436769549826391e-01
-1.178094220702293887e-01
-3.570184476556644698e-02
2.993509279126501180e-02
7.337091211429966342e-02
1.031193239961865071e-01
1.236306267492635058e-01
1.376628421845561834e-01
1.471692875900983688e-01
1.535717956481263968e-01
1.578858017832360239e-01
1.608172964605846800e-01
1.628476376698238248e-01
1.643025520639433412e-01
1.654038873100654450e-01
1.663063696717423101e-01
1.671230198509915665e-01
1.679427175037950803e-01
1.688426995384328388e-01
1.698980697949349361e-01
1.711898810410342475e-01
1.728130673270165951e-01
1.748854667985163813e-01
1.775594264220119178e-01
1.810381539292030273e-01
1.856003916727016756e-01
1.916398118300175202e-01
1.997311771748427611e-01
2.107462371056410266e-01
2.260591628090631300e-01
2.478690631044386528e-01
2.793091687934169398e-01
3.220755274027669035e-01
3.700063016208170463e-01
4.134037001409716638e-01
4.492881770947030340e-01
4.786052767013200260e-01
5.027151152316313709e-01
5.226664207419740027e-01
5.392192991568236504e-01
5.529438821026061435e-01
5.642916770197795584e-01
5.736379337335359985e-01
5.813047459541160755e-01
5.875728956916518309e-01
5.926878237579480402e-01
5.968630605181592941e-01
6.002829918393457476e-01
6.031058719094627429e-01
6.054674416147550753e-01
6.074852789025848576e-01
6.092640134906606164e-01
6.109017314521081321e-01
6.124982809621895008e-01
6.141668620459102002e-01
6.160514883578247503e-01
6.183552225317665574e-01
6.213888877805249233e-01
6.256608882093929180e-01
6.320568249311276920e-01
6.422425766873611774e-01
6.597524726997120448e-01
6.941026111930551634e-01
7.942775180041367067e-01
9.788719099107449084e-01
1.048061307576631407e+00
1.086179552582994257e+00
1.109780813213371076e+00
1.124567526758921021e+00
1.133665891200552167e+00
1.139192030670766576e+00
1.142619749184945022e+00
1.144925570143847438e+00
1.146719286809861682e+00
1.148367608938749784e+00
1.150093190726722225e+00
1.152045262186256691e+00
1.154348067269165057e+00
1.157136147230255485e+00
1.160585631045818467e+00
1.164951291480031292e+00
1.170622317812757940e+00
1.178218849900320109e+00
