5.031006553730877316e-03
3.058557007112129838e-03
3.058521445057608198e-03
3.058517422685457128e-03
3.058519053134941754e-03
3.058535824854480972e-03
3.058610799279384233e-03
3.058872919426110573e-03
3.059651600561772659e-03
3.061700282465633881e-03
3.066603236907261814e-03
3.077475915411189214e-03
3.100110663026210429e-03
3.144748058864960377e-03
3.228610703876529792e-03
3.379074393656164663e-03
3.636582865926170794e-03
4.054780292188538138e-03
4.693037287769661128e-03
5.595985739052180934e-03
6.761528010291266259e-03
8.115486974597786035e-03
9.521359043532065178e-03
1.083083703926327086e-02
1.193980530516365254e-02
1.281051047087172247e-02
1.345751803408415555e-02
1.392093871876501528e-02
1.424558309484519510e-02
1.447051390209721199e-02
1.462601257641157546e-02
1.473413593345768505e-02
1.481043857186744618e-02
1.486574608392530680e-02
1.490760566036494934e-02
1.494136534644790147e-02
1.497094318819282809e-02
1.499936728904708617e-02
1.502915686700019571e-02
1.506259686586197862e-02
1.510194261003706961e-02
1.514957808317195405e-02
1.520814112273697477e-02
1.528062004446740021e-02
1.537041787612710569e-02
1.548137177325500762e-02
1.561770627340065311e-02
1.578389096354517254e-02
1.598436886771309809e-02
1.622312671641669424e-02
1.650309939973463799e-02
1.682544463019516531e-02
1.718878960885394241e-02
1.758862392207396347e-02
1.801705764342963895e-02
1.846313672735064651e-02
1.891378350649546708e-02
1.935523383968708669e-02
1.977465709645036956e-02
2.016156875089715125e-02
2.050872296706846010e-02
2.081236119392786479e-02
2.107189348578269658e-02
2.128921598277493110e-02
2.146789320419159944e-02
2.161238392775973599e-02
2.172741075947564118e-02
2.181750240376891317e-02
2.188669003396684354e-02
2.193831474125407244e-02
2.197489386115570112e-02
2.199799076878787216e-02
2.200802754338572476e-02
2.200396621874902217e-02
2.198275647064803009e-02
2.193840147186172998e-02
2.186043344178216843e-02
2.173155255578050962e-02
2.152430487518430108e-02
2.119735275578311928e-02
2.069398765059915143e-02
1.995000542748192815e-02
1.892263215204765744e-02
1.764346366911894587e-02
1.625845786842956830e-02
1.498508561006438138e-02
1.399170505365866790e-02
1.331893865144899089e-02
1.290750044801426862e-02
1.266785603901529958e-02
1.252430024598445539e-02
1.242609936765832167e-02
1.234293516032099539e-02
1.225715941683914664e-02
1.215733549488065383e-02
1.203351338050776161e-02
1.187329760829551085e-02
1.165705324960337325e-02
1.134896536171930807e-02
1.087471740336451789e-02
