3.848208322686955282e-08
1.875646193181364912e-03
1.185177093042814184e-02
3.151697782973075096e-02
5.871717779415223937e-02
8.990698711462978554e-02
1.214806363935187900e-01
1.504420300891920470e-01
1.746648195734663012e-01
1.929138947297838191e-01
2.047422719604339025e-01
2.103363457464590969e-01
2.103535908740383209e-01
2.057768290136907374e-01
1.977957129871064923e-01
1.877173751234554322e-01
1.769029437344155076e-01
1.667239051279642836e-01
1.585313683100399440e-01
1.536316316189351994e-01
1.532626253061080135e-01
1.585674632364798553e-01
1.705631945216496970e-01
1.901046690602881117e-01
2.178450361137295732e-01
2.541956474429297175e-01
2.992889501037820366e-01
3.529482902232426444e-01
4.146684139561437887e-01
4.836098906050828039e-01
5.586097727524607093e-01
6.382096493987925445e-01
7.207009539236672868e-01
8.041860758504111306e-01
8.866526045138349854e-01
9.660570003119308691e-01
1.040413221394602017e+00
1.107881381962081635e+00
1.166851407813033203e+00
1.216016884013077171e+00
1.254434832873107197e+00
1.281567971551142326e+00
1.297307015463312618e+00
1.301971743990521180e+00
1.296290751836623789e+00
1.281360996914781003e+00
1.258589353717017412e+00
1.229619329477731116e+00
1.196246851515255338e+00
1.160329554846906586e+00
1.123694271528934419e+00
1.088047443846680284e+00
1.054892962522047117e+00
1.025461490008554577e+00
1.000654698314424884e+00
9.810070678493042484e-01
9.666669999276884528e-01
9.573980341504564340e-01
9.525999764192456531e-01
9.513487760036691832e-01
9.524530807376954122e-01
9.545245849323684695e-01
9.560585983972780255e-01
9.555207367591688206e-01
9.514352886365819995e-01
9.424706750999213289e-01
9.275174966480921324e-01
9.057549714325178192e-01
8.767021062719950741e-01
8.402506998793036752e-01
7.966782348023073723e-01
7.466398368475575253e-01
6.911397199952300507e-01
6.314838284514744382e-01
5.692166595647256688e-01
5.060464149761747521e-01
4.437635888450205957e-01
3.841587664162755544e-01
3.289456847678156604e-01
2.796954257735322358e-01
2.377869175713023531e-01
2.043776945496227071e-01
1.803971238177632663e-01
1.665621056256902099e-01
1.634126928635989962e-01
1.713622793274904577e-01
1.907541245778296146e-01
2.219131578285797324e-01
2.651793442246226928e-01
3.209064453351130330e-01
3.894076949116845321e-01
4.708275267271927467e-01
5.649156382125085640e-01
6.706757538241077121e-01
7.858556648509257281e-01
9.062364925505664859e-01
1.024666564296883742e+00
1.129767718101415852e+00
1.204218306332809352e+00
1.222487001718723265e+00
