-1.673817059929135764e+00
-1.673125332360438922e+00
-1.668001336735385642e+00
-1.653382044163381304e+00
-1.623967366408019197e+00
-1.574449237120999712e+00
-1.498349268865351913e+00
-1.384745329170480099e+00
-1.218849856326705394e+00
-1.032179217675529337e+00
-9.020030031822505734e-01
-8.236612788290045284e-01
-7.739616343143366217e-01
-7.402687656213778888e-01
-7.160930599118014994e-01
-6.978559348659961747e-01
-6.834367139273250791e-01
-6.714959866406375877e-01
-6.611354724107117997e-01
-6.517145656707072909e-01
-6.427452410205177769e-01
-6.338286327938640330e-01
-6.246149922822741285e-01
-6.147774346904582021e-01
-6.039942716586834681e-01
-5.919370452517289660e-01
-5.782626489967951366e-01
-5.626086193836510319e-01
-5.445910509649667386e-01
-5.238047809938151111e-01
-4.998256467801667768e-01
-4.722149338843488753e-01
-4.405269116977202914e-01
-4.043220780558265393e-01
-3.631921092658670913e-01
-3.168082969174392804e-01
-2.650132038240058385e-01
-2.079803441336788294e-01
-1.464504846819946471e-01
-8.197953098280424955e-02
-1.699488623503777468e-02
4.559149429986059099e-02
1.031651749251700639e-01
1.540893482930309200e-01
1.978524435270793969e-01
2.347711177700161633e-01
2.655902105205336650e-01
2.911881130438022658e-01
3.124171270971543568e-01
3.300371985036905653e-01
3.446997837605810799e-01
3.569544816010256638e-01
3.672642928253102568e-01
3.760231490702612978e-01
3.835733282478140937e-01
3.902222827071420430e-01
3.962593165033291842e-01
4.019730239793992688e-01
4.076707171689563092e-01
4.137013437720159503e-01
4.204836580291323456e-01
4.285416056373403948e-01
4.385488917309536827e-01
4.513843155904971316e-01
4.681985075343962910e-01
4.904914448096875934e-01
5.202002249712719406e-01
5.598031295391986406e-01
6.124710009409739531e-01
6.823664601421625120e-01
7.753718451088399410e-01
9.010474576649055711e-01
1.078391682354366887e+00
1.348943618183535476e+00
1.655754957294250929e+00
1.807013036406600826e+00
1.880047954910539998e+00
1.921373810184653808e+00
1.946855678705712744e+00
1.963402010540043152e+00
1.974570585772196907e+00
1.982388960603881811e+00
1.988085002372064425e+00
1.992428737350524948e+00
1.995911672755616983e+00
1.998849291309968246e+00
2.001443430305664517e+00
2.003821919172001476e+00
2.006064443375819017e+00
2.008219641890032658e+00
2.010316435684223801e+00
2.012371487297520911e+00
2.014394047602257931e+00
2.016389042501192108e+00
2.018358986082049444e+00
2.020305124562629118e+00
2.022228087795248985e+00
2.024128232822811846e+00
2.026005761633564273e+00
-1.309444770342331088e+00
