1.194584109867341398e-01
1.199332841234593688e-01
1.233493960875571421e-01
1.321616870618621820e-01
1.464652054323594965e-01
1.634026236068677751e-01
1.793773122470540271e-01
1.923468051184246130e-01
2.020104645552869560e-01
2.089233290480176086e-01
2.138051701742690602e-01
2.172626113278666726e-01
2.197383590973919498e-01
2.215371542338112898e-01
2.228641245023127992e-01
2.238565214313806284e-01
2.246062311766387487e-01
2.251748327514887793e-01
2.256034558624226971e-01
2.259192123454595302e-01
2.261394274429465723e-01
2.262744807182608953e-01
2.263297860009810258e-01
2.263072587634028521e-01
2.262065018399433414e-01
2.260258592777152908e-01
2.257634246175745929e-01
2.254180325801735107e-01
2.249902076165270215e-01
2.244829922486790141e-01
2.239025426939040553e-01
2.232583726393406187e-01
2.225631586994669120e-01
2.218320921354301756e-01
2.210818537934221839e-01
2.203293732425315732e-01
2.195905785277896538e-01
2.188793335432376863e-01
2.182067013369812514e-01
2.175805872089332238e-01
2.170057342126142375e-01
2.164839871370028979e-01
2.160147169379160736e-01
2.155953013053397149e-01
2.152215775849278256e-01
2.148882102040249875e-01
2.145889378068882303e-01
2.143166811765404300e-01
2.140635005341341157e-01
2.138203905289654816e-01
2.135768942948289284e-01
2.133205053269688067e-01
2.130358081901199407e-01
2.127032864867118289e-01
2.122976996510434755e-01
2.117859009702068862e-01
2.111239433938048859e-01
2.102533105910375233e-01
2.090961468295128300e-01
2.075494959262680073e-01
2.054788950155067850e-01
2.027123579896463745e-01
1.990370236623203448e-01
1.942026694211501092e-01
1.879386576602423975e-01
1.799924296360539133e-01
1.701953766662656076e-01
1.585514244249688898e-01
1.453231789367495086e-01
1.310688916097683676e-01
1.165837864957939146e-01
1.027406690979340703e-01
9.028911957450749814e-02
7.970474748719859337e-02
7.114643465030932867e-02
6.451226276506732971e-02
5.954177695263962455e-02
5.591380779186219674e-02
5.331434891528435971e-02
5.147205562782189436e-02
5.016995604700353467e-02
4.924352088147731371e-02
4.857270667759476523e-02
4.807249405776144874e-02
4.768412747437025118e-02
4.736787522709194620e-02
4.709742109596530557e-02
4.685569783785679954e-02
4.663188282981077515e-02
4.641928208630852898e-02
4.621387042789600746e-02
4.601330439278498996e-02
4.581626894435452541e-02
4.562205552841312045e-02
4.543029742886252331e-02
4.524080977946678267e-02
4.505349744052141586e-02
4.486830578056905799e-02
4.468520244702140626e-02
1.588110887393905379e-01
