8.136756928708697555e-10
3.161678591655715537e-03
1.073272150029003051e-02
2.045957799399232557e-02
3.076529597747423156e-02
4.059671365357914175e-02
4.930293705988847419e-02
5.653938619820667727e-02
6.219234202366089731e-02
6.631963380675669206e-02
6.910381972255508209e-02
7.081489641782814926e-02
7.178020085074393597e-02
7.235972433626576550e-02
7.292553631184399421e-02
7.384441143704803534e-02
7.546307014155370640e-02
7.809568464090763107e-02
8.201347688111619572e-02
8.743635030326409041e-02
9.452656285585162022e-02
1.033844735919305230e-01
1.140463884870390743e-01
1.264845012717575601e-01
1.406088798007281426e-01
1.562713945929996850e-01
1.732714295168754637e-01
1.913631599928435623e-01
2.102641353942109603e-01
2.296648624282940920e-01
2.492390571846141156e-01
2.686542164363794893e-01
2.875821541569455464e-01
3.057091569247242235e-01
3.227454312795797198e-01
3.384335460818735375e-01
3.525556121067682236e-01
3.649389878390920106e-01
3.754603529211236190e-01
3.840480470694573878e-01
3.906826306243723068e-01
3.953956813738082610e-01
3.982668991407417036e-01
3.994196432021229759e-01
3.990150764439252540e-01
3.972451329579094192e-01
3.943245614606129545e-01
3.904823245858832781e-01
3.859526531112386638e-01
3.809660640908210105e-01
3.757406524715117269e-01
3.704739570713817542e-01
3.653356840229217695e-01
3.604615443568215394e-01
3.559484279545283014e-01
3.518510944488648651e-01
3.481805138011324630e-01
3.449039363988064544e-01
3.419467159242368659e-01
3.391958494070461683e-01
3.365051393804924240e-01
3.337018246083655049e-01
3.305944702076424324e-01
3.269818569892218862e-01
3.226625653197103816e-01
3.174449125969385221e-01
3.111568772911950109e-01
3.036556280767702676e-01
2.948362753321971952e-01
2.846394754488826284e-01
2.730575468692836849e-01
2.601388010984525545e-01
2.459898521447881348e-01
2.307757434383463091e-01
2.147178211000492498e-01
1.980893846270307401e-01
1.812092579669535575e-01
1.644335420872216624e-01
1.481459301439596310e-01
1.327470829917875850e-01
1.186436699931251726e-01
1.062377710972708666e-01
9.591740360718528646e-02
8.804897325362863458e-02
8.297244649185818444e-02
8.099999215623823745e-02
8.241873968906104908e-02
8.749814393021000669e-02
9.650223162386407927e-02
1.097067351823309417e-01
1.274208032617465680e-01
1.500126311763526621e-01
1.779380025109343344e-01
2.117704140395047507e-01
2.522312219647474540e-01
3.002181700444797596e-01
3.568308337456038704e-01
4.233920612310149711e-01
5.014655670367876850e-01
5.928716326136436177e-01
