2.344832081146956335e-02
5.825531926647804608e-03
5.825582721587951873e-03
5.825976487200919436e-03
5.827547753758320279e-03
5.832105310621084164e-03
5.842989122825354743e-03
5.865781804838937283e-03
5.909169359143474215e-03
5.985893033994172871e-03
6.113626112019309236e-03
6.315427351357998445e-03
6.619175941209421744e-03
7.055176300903590048e-03
7.651184285710271524e-03
8.424832716110521730e-03
9.375039558211088406e-03
1.047589640142874284e-02
1.167710314586100501e-02
1.291265806807379013e-02
1.411500494932823799e-02
1.522862801884199146e-02
1.621791934607772628e-02
1.706796839883996386e-02
1.778037651328041521e-02
1.836727737730976112e-02
1.884591177340071491e-02
1.923475907759569781e-02
1.955126246733370279e-02
1.981076375532680664e-02
2.002620435624294370e-02
2.020824219379725728e-02
2.036555487658192956e-02
2.050519699422944861e-02
2.063294442313870838e-02
2.075359691506134183e-02
2.087123065652221957e-02
2.098940206448819332e-02
2.111130762938883548e-02
2.123990504302419174e-02
2.137799980762811192e-02
2.152829991821638561e-02
2.169343955220992201e-02
2.187597132146162568e-02
2.207832582941946648e-02
2.230273733494046381e-02
2.255113558197919740e-02
2.282500660477198781e-02
2.312522969507712495e-02
2.345190350912240360e-02
2.380418073633711051e-02
2.418013641905359182e-02
2.457669790028174997e-02
2.498966235596622454e-02
2.541381947554710238e-02
2.584318221619410355e-02
2.627130998940098786e-02
2.669169044031618684e-02
2.709813320000563006e-02
2.748512556205455828e-02
2.784810712574119218e-02
2.818363591681609381e-02
2.848943776904576050e-02
2.876434864100981675e-02
2.900817208266496389e-02
2.922147950920036055e-02
2.940537971588145366e-02
2.956127798165403622e-02
2.969063632794016749e-02
2.979473676141237634e-02
2.987443955558044886e-02
2.992991888226036179e-02
2.996034780803314215e-02
2.996349298197930819e-02
2.993516587907256790e-02
2.986846386692806193e-02
2.975272787540221911e-02
2.957216485005170065e-02
2.930418253880116494e-02
2.891776583055150757e-02
2.837286362411320720e-02
2.762292413684927853e-02
2.662417190238538026e-02
2.535527057660378128e-02
2.384565631038859657e-02
2.219731247595646551e-02
2.057341812896830088e-02
1.914328408226679060e-02
1.801599359599111161e-02
1.721194012594493353e-02
1.668352919845010607e-02
1.635566018122640644e-02
1.615677029866314021e-02
1.603242370299173131e-02
1.594674912018332474e-02
1.587868123423874858e-02
1.581721775366197458e-02
1.575740452418928836e-02
1.569745693129393285e-02
1.563693757770888079e-02
