7.459163819964117481e-01
-2.197579695337212313e-01
-2.197572012616282322e-01
-2.197503374954037636e-01
-2.197228377002126698e-01
-2.196429782906892114e-01
-2.194520845520481489e-01
-2.190519481979775474e-01
-2.182895603449274413e-01
-2.169401708406151208e-01
-2.146915872842455608e-01
-2.111358484026599480e-01
-2.057787910087829075e-01
-1.980819103957049132e-01
-1.875498876583666652e-01
-1.738644201619445329e-01
-1.570366384991608855e-01
-1.375163824599615336e-01
-1.161861731382761859e-01
-9.420899528711329518e-02
-7.277867590227861394e-02
-5.287888316762783675e-02
-3.514263080992847260e-02
-1.983681323518712847e-02
-6.935078137982065780e-03
3.777066059045380928e-03
1.260653485094210234e-02
1.988425688867692318e-02
2.592487779634853121e-02
3.100788108688408776e-02
3.537232552454726980e-02
3.921901600661866633e-02
4.271604046049429226e-02
4.600532326704839803e-02
4.920899300808090349e-02
5.243503867003836832e-02
5.578208558684697588e-02
5.934328558370099288e-02
6.320936954432722354e-02
6.747090639590695715e-02
7.221977984669258888e-02
7.754985013983976827e-02
8.355672364696621612e-02
9.033651770786368940e-02
9.798349212307529144e-02
1.065864347205365548e-01
1.162237507667343572e-01
1.269573280344940547e-01
1.388254380851011160e-01
1.518351825493938767e-01
1.659552707865812327e-01
1.811101637871095904e-01
1.971767552935863033e-01
2.139846947504059627e-01
2.313211238837691863e-01
2.489400006280915734e-01
2.665754135091055743e-01
2.839575237227788818e-01
3.008292230710254977e-01
3.169614327367903384e-01
3.321652466732177844e-01
3.462997621224147560e-01
3.592752527828120268e-01
3.710521132920989174e-01
3.816365713569945806e-01
3.910744532140339458e-01
3.994443196005414420e-01
4.068511456102550938e-01
4.134215029513285677e-01
4.193010118610792647e-01
4.246547326137094513e-01
4.296712088271146257e-01
4.345710837151113837e-01
4.396215971326706273e-01
4.451588158796817019e-01
4.516200439820541868e-01
4.595891556989832871e-01
4.698566616673286456e-01
4.834919655098673386e-01
5.019129738676768593e-01
5.269104444573621260e-01
5.605340461446568501e-01
6.046851809235243014e-01
6.602621853430061805e-01
7.259395186558998958e-01
7.972478905893011225e-01
8.671016901390548037e-01
9.282089372268359506e-01
9.759364335229367970e-01
1.009505951508937072e+00
1.031063297342778240e+00
1.043912008197671382e+00
1.051173713356333472e+00
1.055210683079309986e+00
1.057573183062190836e+00
1.059168218162749087e+00
1.060467779000788369e+00
1.061683564385701883e+00
1.062891447947963641e+00
1.064109807670687413e+00
