0.000000000000000000e+00
0.000000000000000000e+00
0.000000000000000000e+00
0.000000000000000000e+00
0.000000000000000000e+00
5.430683651839746341e-12
9.978250846074212832e-12
1.260018196558159681e-11
1.397726209691788723e-11
1.457312727490799329e-11
1.476908505112807200e-11
1.485735504639520908e-11
1.482760583227579553e-11
1.479281065945614158e-11
1.485065413327693834e-11
1.481364388727423189e-11
1.477605658040431546e-11
1.483987019649647002e-11
1.487275759639108688e-11
0.000000000000000000e+00
0.000000000000000000e+00
0.000000000000000000e+00
0.000000000000000000e+00
0.000000000000000000e+00
5.087252621148241614e-12
9.826322113008857527e-12
1.258708128474941853e-11
1.402060103708346655e-11
1.455852258137455462e-11
1.473531526572269441e-11
1.479836736996636220e-11
1.490902715899731371e-11
1.488696009023461534e-11
1.490869688609089732e-11
1.483203840643951318e-11
1.486683139230108347e-11
1.483088407274786774e-11
1.477629182336832210e-11
5.562265782845065426e-02
0.000000000000000000e+00
0.000000000000000000e+00
0.000000000000000000e+00
0.000000000000000000e+00
4.549978518707827237e-12
9.567487078392879986e-12
1.246511888609833949e-11
1.393495517208993081e-11
1.453203910751080625e-11
1.476901137476238578e-11
1.481319458754861265e-11
1.476736723559334579e-11
1.484867560390386959e-11
1.487914665911338621e-11
1.477891103781985866e-11
1.480595451366600530e-11
1.483115650326408134e-11
1.484391937780741431e-11
0.000000000000000000e+00
0.000000000000000000e+00
0.000000000000000000e+00
0.000000000000000000e+00
0.000000000000000000e+00
4.086377971565941354e-12
9.388214904818509267e-12
1.237739477276407058e-11
1.392042020041644413e-11
1.449709976259130244e-11
1.473560878441613432e-11
1.487905601927178551e-11
1.481488546889524745e-11
1.479090895918415830e-11
1.486222500153653253e-11
1.479810879315643465e-11
1.479362442788365729e-11
1.483023701477968505e-11
1.483614322393706935e-11
0.000000000000000000e+00
0.000000000000000000e+00
0.000000000000000000e+00
0.000000000000000000e+00
0.000000000000000000e+00
3.948082765042358449e-12
9.374314916083758264e-12
1.238603487397470627e-11
1.387936272393999016e-11
1.448921970309576238e-11
1.469853094190710250e-11
1.468740636679908851e-11
1.480243636009826857e-11
1.481038556760552770e-11
1.491738761368955756e-11
1.481428894171111477e-11
1.486639806904009769e-11
1.476099905052621861e-11
1.483507711571037861e-11
0.000000000000000000e+00
0.000000000000000000e+00
0.000000000000000000e+00
0.000000000000000000e+00
0.000000000000000000e+00
4.434435704066764998e-12
9.682631463370285232e-12
1.239785947086977244e-11
1.370648423733060448e-11
1.416396894091344650e-11
1.446873752163860798e-11
1.463329041336580887e-11
1.475958533715701676e-11
1.482492451715526988e-11
1.480951557129433502e-11
1.477203514429279442e-11
1.480771960431240314e-11
1.484078949485137334e-11
1.486068146072444034e-11
0.000000000000000000e+00
0.000000000000000000e+00
0.000000000000000000e+00
0.000000000000000000e+00
0.000000000000000000e+00
5.626998380855088940e-12
9.992839618288241409e-12
1.209647487558435993e-11
1.290557643775875404e-11
1.329883071556125509e-11
1.370624660768022673e-11
1.405211965614574344e-11
1.444875000132996082e-11
1.463825268636244459e-11
1.468499455979571577e-11
1.479850477966163807e-11
1.481641059704379484e-11
1.482532524085572824e-11
1.479915341654772791e-11
0.000000000000000000e+00
0.000000000000000000e+00
0.000000000000000000e+00
2.828113337916237646e-01
1.074358783210409753e-12
6.804952073799925706e-12
9.592254926487386722e-12
1.035445151769708757e-11
1.044425746069695782e-11
1.070709762379275911e-11
1.152093289304003116e-11
1.255625253992092843e-11
1.355286259588930409e-11
1.426610253370927098e-11
1.466158857770891424e-11
1.472682833209600201e-11
1.474769853420680720e-11
1.487364724944516191e-11
1.483121332289380800e-11
3.335379440056088612e-12
0.000000000000000000e+00
0.000000000000000000e+00
0.000000000000000000e+00
1.846044227639295487e-01
6.759870478299368023e-12
7.211676479698112247e-12
6.038830184682294602e-12
4.919484794494957019e-12
5.001536161679291347e-12
6.545813354904317773e-12
8.887703962714874755e-12
1.120801624920621155e-11
1.301924749141803432e-11
1.405925573875872976e-11
1.459345943670565981e-11
1.474774845135526269e-11
1.474116529990995646e-11
1.473750956539047484e-11
9.020625036230325488e-12
4.004605672933740963e-12
1.654631055259934875e-12
2.905400290773196380e-12
4.765159595643402115e-12
4.649033189459060408e-12
2.032349328226185267e-12
0.000000000000000000e+00
0.000000000000000000e+00
0.000000000000000000e+00
0.000000000000000000e+00
1.433590157222738998e-12
6.349639887342319028e-12
1.043637583986459799e-11
1.294320300470720874e-11
1.415795031781385516e-11
1.464274575009715248e-11
1.484831825039780530e-11
1.484408843376065807e-11
1.209859042975695767e-11
8.690746869786208013e-12
6.422905287721076387e-12
5.602040155705241100e-12
4.281359049029052834e-12
8.298398782515459680e-13
0.000000000000000000e+00
0.000000000000000000e+00
0.000000000000000000e+00
0.000000000000000000e+00
0.000000000000000000e+00
0.000000000000000000e+00
0.000000000000000000e+00
5.273801917283133419e-12
1.059901533238229165e-11
1.336645823830458922e-11
1.441426192974499629e-11
1.474120437611420616e-11
1.480468189619934557e-11
1.363801223439960675e-11
1.161953366701756408e-11
9.443899545622085943e-12
7.045445313648664432e-12
3.374875113278972967e-12
0.000000000000000000e+00
0.000000000000000000e+00
0.000000000000000000e+00
0.000000000000000000e+00
0.000000000000000000e+00
0.000000000000000000e+00
0.000000000000000000e+00
0.000000000000000000e+00
0.000000000000000000e+00
6.669426061687416960e-12
1.164177596289134709e-11
1.372120258926414564e-11
1.441376631836873434e-11
1.471077915537576194e-11
1.429504806625537802e-11
1.313233712812026110e-11
1.122628084647381123e-11
8.248991064734144739e-12
3.585556936703042348e-12
0.000000000000000000e+00
0.000000000000000000e+00
0.000000000000000000e+00
2.535817614151861243e-01
7.335099362336898465e-02
0.000000000000000000e+00
0.000000000000000000e+00
0.000000000000000000e+00
0.000000000000000000e+00
1.245561854299425576e-12
8.726343546996372479e-12
1.184745355840537318e-11
1.357524583882871132e-11
1.447668724739744605e-11
1.465665241679388359e-11
1.390219156347658511e-11
1.251653100873449893e-11
9.858665338485303952e-12
5.577234878161680638e-12
0.000000000000000000e+00
0.000000000000000000e+00
0.000000000000000000e+00
0.000000000000000000e+00
0.000000000000000000e+00
0.000000000000000000e+00
0.000000000000000000e+00
0.000000000000000000e+00
0.000000000000000000e+00
0.000000000000000000e+00
3.391239180488884107e-12
7.516256533752060542e-12
1.092836136126014358e-11
1.381084981594358294e-11
1.477996789007558120e-11
1.439849622976819089e-11
1.349700737399636068e-11
1.175125392354436153e-11
8.707309675451703821e-12
3.162556723334578803e-12
0.000000000000000000e+00
0.000000000000000000e+00
0.000000000000000000e+00
0.000000000000000000e+00
0.000000000000000000e+00
0.000000000000000000e+00
0.000000000000000000e+00
0.000000000000000000e+00
0.000000000000000000e+00
0.000000000000000000e+00
0.000000000000000000e+00
4.744308881298944583e-12
1.193047571345608894e-11
1.483790010852351791e-11
1.463373734662803003e-11
1.425531482743632653e-11
1.337211911586088942e-11
1.163771390708604426e-11
8.251102153417538989e-12
1.715796279851849582e-12
0.000000000000000000e+00
0.000000000000000000e+00
0.000000000000000000e+00
0.000000000000000000e+00
0.000000000000000000e+00
0.000000000000000000e+00
0.000000000000000000e+00
0.000000000000000000e+00
0.000000000000000000e+00
0.000000000000000000e+00
0.000000000000000000e+00
8.678407586427613444e-12
1.488527892241750411e-11
1.478461510262046099e-11
1.469592745869306533e-11
1.434196249311308106e-11
1.365694223786737709e-11
1.207590694288121039e-11
8.823826054467741547e-12
3.130967742319084620e-12
0.000000000000000000e+00
0.000000000000000000e+00
0.000000000000000000e+00
0.000000000000000000e+00
0.000000000000000000e+00
0.000000000000000000e+00
0.000000000000000000e+00
0.000000000000000000e+00
0.000000000000000000e+00
0.000000000000000000e+00
5.021802547644049995e-12
1.498492868118050501e-11
1.493319932614964356e-11
1.494848620464436961e-11
1.488157293170336227e-11
1.471540979606399847e-11
1.426231880610887773e-11
1.328195324804132822e-11
1.141336302228028132e-11
8.747435325246670127e-12
5.941396466634205571e-12
3.673668051414218457e-12
1.478217298549156904e-12
0.000000000000000000e+00
0.000000000000000000e+00
0.000000000000000000e+00
1.161802679739561486e-02
0.000000000000000000e+00
0.000000000000000000e+00
7.430917871455495120e-12
1.574249818447761632e-11
1.575250936520050350e-11
1.580682188106052269e-11
1.587626809766947868e-11
1.604411309333642984e-11
1.616872662185088946e-11
1.629008223862347169e-11
1.634664011453372771e-11
1.654176030635439516e-11
1.671411966236517206e-11
1.691809233386802360e-11
1.674946697656595669e-11
1.445348140968022402e-11
8.260335651401453008e-12
0.000000000000000000e+00
0.000000000000000000e+00
1.384108037870248331e-01
1.819833242025997262e-11
3.512080945682256404e-11
