#Conditional distribution of mass given radius from initial fitting w/o bootstrap
nan
-1.748732809456566770e-02
-9.288570862942973488e-03
-1.137146033714026266e-03
6.968227081366121754e-03
1.502813509715415254e-02
2.304306302379816734e-02
3.101348570875627972e-02
3.893989796759902977e-02
4.682283248793386171e-02
5.466287556579552120e-02
6.246068367967039930e-02
7.021700218879442512e-02
7.793268696299368581e-02
8.560872963475117670e-02
9.324628717820081236e-02
1.008467165936026005e-01
1.084116155864914416e-01
1.159428702713597575e-01
1.234427111000239302e-01
1.309137784173375341e-01
1.383591992859266595e-01
1.457826775027496469e-01
1.531885990601883074e-01
1.605821556909350079e-01
1.679694895879931260e-01
1.753578629186730298e-01
1.827558563654898827e-01
1.901736016390283002e-01
1.976230537302001988e-01
2.051183096133886441e-01
2.126759811877702022e-01
2.203156314578718633e-01
2.280602843060810792e-01
2.359370196882633053e-01
2.439776676605161787e-01
2.522196162654378182e-01
2.607067498753177781e-01
2.694905359541889256e-01
2.786312791234804020e-01
2.881995615407395017e-01
2.982778874058430452e-01
3.089625461465990153e-01
3.203657024568342115e-01
3.326177104251460404e-01
3.458696315726487724e-01
3.602959102040145800e-01
3.760971209240411839e-01
3.935026487435303588e-01
4.127730877908190044e-01
4.342020463624293170e-01
4.581169213250600447e-01
4.848780544549542992e-01
5.148755142930107054e-01
5.485225774290606315e-01
5.862448470678420787e-01
6.284639005113851207e-01
6.755744822955285223e-01
7.279146592018509443e-01
7.857291347108272817e-01
8.491271579383677937e-01
9.180381359266260866e-01
9.921699798763130573e-01
1.070976970107498039e+00
1.153644879286337632e+00
1.239100536059075219e+00
1.326050427382458707e+00
1.413048361052401170e+00
1.498586461724067398e+00
1.581198381928277330e+00
1.659560315856770885e+00
1.732575427343924890e+00
1.799430747853927981e+00
1.859621366003370690e+00
1.912943005926852402e+00
1.959459135518983208e+00
1.999451520733320331e+00
2.033363525932657456e+00
2.061744034011708582e+00
2.085197500059234876e+00
2.104343161741504264e+00
2.119784338394108403e+00
2.132087286998558096e+00
2.141768246864939496e+00
2.149286971568781013e+00
2.155045053884578898e+00
2.159387548979669003e+00
2.162606681745713466e+00
2.164946714144896589e+00
2.166609308626203934e+00
2.167758937563163624e+00
2.168528053724538385e+00
2.169021857755007332e+00
2.169322583219106981e+00
2.169493276101392976e+00
2.169581081093029162e+00
2.169620067517822104e+00
2.169633637651560143e+00
2.169636558111134317e+00
nan
