#Upper limit for the Conditional distribution of mass given radius from initial fitting w/o bootstrap
5.490909520458612038e-09
7.317134829804952112e-01
7.431856337240234645e-01
7.545435161656861567e-01
7.657833786353840377e-01
7.769015002059777020e-01
7.878944531864340295e-01
7.987591520226325903e-01
8.094928752330424748e-01
8.200932815290227218e-01
8.305584247952305654e-01
8.408867696814850135e-01
8.510772088972231586e-01
8.611290831690041614e-01
8.710422048511801130e-01
8.808168862738948723e-01
8.904539740444121776e-01
8.999548906813281679e-01
9.093216851585189664e-01
9.185570941721294957e-01
9.276646162277695229e-01
9.366486009865739870e-01
9.455143567212966893e-01
9.542682792329808539e-01
9.629180061857828266e-01
9.714726015571876205e-01
9.799427758057527305e-01
9.883411484693784832e-01
9.966825612766194720e-01
1.004984450599579970e+00
1.013267296761744207e+00
1.021555150864836614e+00
1.029876275248986950e+00
1.038263906165634909e+00
1.046757171487434190e+00
1.055402197025954170e+00
1.064253444954932348e+00
1.073375339717607790e+00
1.082844252559929998e+00
1.092750936982355148e+00
1.103203536414475883e+00
1.114331323619144332e+00
1.126289388669357683e+00
1.139264562885051069e+00
1.153483016431101849e+00
1.169220018134592420e+00
1.186812766864701274e+00
1.206677380605377659e+00
1.229331764585592346e+00
1.255426825413231917e+00
1.285789604734536740e+00
1.321483261214004834e+00
1.363889714419296295e+00
1.414817876596746515e+00
1.476621013878077759e+00
1.552226351055570497e+00
1.644708475118421998e+00
1.755408667812492940e+00
1.879673975662860208e+00
2.004540982351551648e+00
2.116502366682537772e+00
2.210184896256264242e+00
2.286692970106618983e+00
2.349076661811178912e+00
2.400241649232598640e+00
2.442491302245585860e+00
2.477573987417948764e+00
2.506817504206269032e+00
2.531246296310989408e+00
2.551667062857812862e+00
2.568728114102826865e+00
2.582960051493886855e+00
2.594803727349551004e+00
2.604629687031961627e+00
2.612751946193411445e+00
2.619437978077239215e+00
2.624916250537722373e+00
2.629382036743874718e+00
2.633002117153385946e+00
2.635918681490204474e+00
2.638252646044861649e+00
2.640106522641699538e+00
2.641566922676960250e+00
2.642706751635388596e+00
2.643587133279029278e+00
2.644259093860470422e+00
2.644765031921762599e+00
2.645139996490264434e+00
2.645412794638940746e+00
2.645606947855283941e+00
2.645741515197508331e+00
2.645831799722252242e+00
2.645889953143170992e+00
2.645925492156955272e+00
2.645945738390403701e+00
2.645956192508078786e+00
2.645960851674607817e+00
2.645962478146432595e+00
2.645962823401302177e+00
5.490909520458612038e-09
