#Lower limit for the Conditional distribution of mass given radius from initial fitting w/o bootstrap
-1.688872086681737716e+00
-1.684362430103527153e+00
-1.669895246916477172e+00
-1.643141913095346851e+00
-1.599721971145821264e+00
-1.530806742913515039e+00
-1.416256580552751831e+00
-1.219387379443002795e+00
-1.011897423006915542e+00
-8.887374627716044806e-01
-8.145350320706531422e-01
-7.650592128285413906e-01
-7.295206709143146062e-01
-7.025008949525927138e-01
-6.809577352645436177e-01
-6.630348424950853747e-01
-6.475241303708477725e-01
-6.335968953772439516e-01
-6.206584385120061942e-01
-6.082645681620427736e-01
-5.960714056957047147e-01
-5.838041375886281470e-01
-5.712371072255536530e-01
-5.581809712266586621e-01
-5.444744533089667105e-01
-5.299792044484231690e-01
-5.145768520897634479e-01
-4.981676601734518206e-01
-4.806704272658052224e-01
-4.620233720801037447e-01
-4.421858195238600464e-01
-4.211405171132062142e-01
-3.988963847642271188e-01
-3.754914320734565325e-01
-3.509954718629345605e-01
-3.255121337287117389e-01
-2.991795708660144326e-01
-2.721692108908138064e-01
-2.446819897558401846e-01
-2.169417753135882976e-01
-1.891861320409510272e-01
-1.616551175949302033e-01
-1.345792928896575036e-01
-1.081683765393743751e-01
-8.260190083359046642e-02
-5.802281823361803148e-02
-3.453441667959506606e-02
-1.220031175095457471e-02
8.953148613905398054e-03
2.893293520055986029e-02
4.777472848661082350e-02
6.553834320743889830e-02
8.230379289674963350e-02
9.816829862814616114e-02
1.132444776308486611e-01
1.276598711952774412e-01
1.415578409602677168e-01
1.551000032190286981e-01
1.684702854866498289e-01
1.818808169905185290e-01
1.955799054945979165e-01
2.098624258230544215e-01
2.250830001345967557e-01
2.416723782772716989e-01
2.601574149256516977e-01
2.811849906654585451e-01
3.055501857806758315e-01
3.342291486575763582e-01
3.684177948026173821e-01
4.095794986382441105e-01
4.595098020567689456e-01
5.204362237586176443e-01
5.951908118369559908e-01
6.875276760986002156e-01
8.027030431327085713e-01
9.483439042800478891e-01
1.133905059046860675e+00
1.354733462111683995e+00
1.551437650827448111e+00
1.678521156941062742e+00
1.755253888736755030e+00
1.803419630362973036e+00
1.834814550328590643e+00
1.855744677871850490e+00
1.869839105417228087e+00
1.879336550079653723e+00
1.885693170729722867e+00
1.889891986918219580e+00
1.892612606783302009e+00
1.894330871135933236e+00
1.895381025067312208e+00
1.895996641296369800e+00
1.896338809292358096e+00
1.896516264352193559e+00
1.896600139987381972e+00
1.896634956390804705e+00
1.896646864987737047e+00
1.896649830790480218e+00
1.896650233816643105e+00
1.476640231535346848e+00
