#Lower limit for the Conditional distribution of radius given mass from initial fitting w/o bootstrap
-2.786199674019365080e-01
-2.786194506303452667e-01
-2.786110240169005214e-01
-2.785709972524539890e-01
-2.784525403111314801e-01
-2.781775640935661986e-01
-2.776261569239292237e-01
-2.766223041433637508e-01
-2.749137114486107647e-01
-2.721423023992773360e-01
-2.678013724189897693e-01
-2.611814734982847996e-01
-2.513467219631850269e-01
-2.373385741185396469e-01
-2.190720047482081489e-01
-1.986524855537799006e-01
-1.795185413168580713e-01
-1.637270709068825714e-01
-1.514706604103399912e-01
-1.421423908493694155e-01
-1.350331847219908843e-01
-1.295507039627469825e-01
-1.252463822564577056e-01
-1.217914355731417458e-01
-1.189468033013370840e-01
-1.165381653155464076e-01
-1.144373330329147287e-01
-1.125489060099902072e-01
-1.108008380923807129e-01
-1.091377485703751149e-01
-1.075162224932526139e-01
-1.059014131220934046e-01
-1.042646138680018292e-01
-1.025814878324961127e-01
-1.008307647285385661e-01
-9.899326935253091597e-02
-9.705118651442046218e-02
-9.498749539834965006e-02
-9.278552579845134041e-02
-9.042860231886321043e-02
-8.789975232608596145e-02
-8.518146049245793605e-02
-8.225545808711545726e-02
-7.910253942856738940e-02
-7.570240164002940697e-02
-7.203350750099192512e-02
-6.807297275980410400e-02
-6.379650436926929957e-02
-5.917834827634734646e-02
-5.419136921805652041e-02
-4.880718809147981119e-02
-4.299649552019962906e-02
-3.672957667599151266e-02
-2.997713362628865938e-02
-2.271150281618023251e-02
-1.490837371240524498e-02
-6.549098026105680710e-03
2.376346116744558999e-03
1.186584898404095464e-02
2.190134841326847256e-02
3.244526946206607865e-02
4.343805825348559524e-02
5.479783820256830390e-02
6.642307940756618512e-02
7.819866003767449170e-02
9.000476680195169943e-02
1.017272400365862167e-01
1.132675272806690919e-01
1.245506768015762072e-01
1.355306535438915994e-01
1.461931273809517484e-01
1.565566820260369529e-01
1.666736369701083686e-01
1.766316982225790144e-01
1.865576348935266415e-01
1.966239914477752593e-01
2.070600164520196296e-01
2.181681780283810657e-01
2.303481375782383267e-01
2.441309364641486845e-01
2.602278976834531687e-01
2.796026349137528122e-01
3.035840526843169296e-01
3.340627624426608655e-01
3.738803280934647200e-01
4.277166605506078634e-01
5.043480727544671360e-01
6.204024659360178884e-01
7.603409330724630877e-01
8.428122448931896216e-01
8.839460337815756574e-01
9.063703519708542489e-01
9.190651684684049139e-01
9.261921688461198787e-01
9.300185966832374973e-01
9.319084670521112779e-01
9.327209420266815432e-01
9.329960625141640040e-01
9.330542204225128478e-01
9.330578034089421768e-01
