#Weights for Beta densities from initial fitting w/o bootstrap
0.000000000000000000e+00
0.000000000000000000e+00
8.824349396834586706e-13
8.403920970263941615e-13
1.320747468976766187e-12
2.160541772019094533e-12
2.883268260513889164e-12
3.408848950741891909e-12
3.615740638614560509e-12
3.732491603142968155e-12
3.666192444938402216e-12
3.729055871048539541e-12
3.743094854857309096e-12
4.936924259879299504e-02
0.000000000000000000e+00
2.814185948027549693e-13
5.888391818021283924e-13
1.182831509199232887e-12
2.023497343751147362e-12
2.910904037027041667e-12
3.476994758687810145e-12
3.640440335342203223e-12
3.712460160352537155e-12
3.738400647387818430e-12
3.716239960211699251e-12
3.690389891484497432e-12
0.000000000000000000e+00
0.000000000000000000e+00
0.000000000000000000e+00
2.034045742329135108e-13
8.691225135023898990e-13
1.823355286034491342e-12
2.716408776359839927e-12
3.306442174361132061e-12
3.602546674754594669e-12
3.701412363600885133e-12
3.674086633283508448e-12
3.735240460314879637e-12
3.692670652861806850e-12
0.000000000000000000e+00
0.000000000000000000e+00
0.000000000000000000e+00
0.000000000000000000e+00
2.398034003715080902e-13
1.223680185600514220e-12
2.237190557705850197e-12
2.962637042900430678e-12
3.343941923992474513e-12
3.626274868964814766e-12
3.683135153688881435e-12
3.684192417275653005e-12
3.680145702843463009e-12
0.000000000000000000e+00
6.575423800753542325e-02
0.000000000000000000e+00
0.000000000000000000e+00
0.000000000000000000e+00
0.000000000000000000e+00
9.072774018523209957e-13
1.997855628322018763e-12
2.759005743535032542e-12
3.270256065274829054e-12
3.642929396446286045e-12
3.726593297876221112e-12
3.704754274560483140e-12
1.691523259190159070e-13
1.542554408800316215e-13
4.285256926188554805e-01
0.000000000000000000e+00
0.000000000000000000e+00
0.000000000000000000e+00
0.000000000000000000e+00
0.000000000000000000e+00
1.369775542620185079e-12
2.609808194857659192e-12
3.327879849436484487e-12
3.644884146225954616e-12
3.730379240809277473e-12
2.178724005727134531e-12
1.225099379849185734e-12
0.000000000000000000e+00
0.000000000000000000e+00
0.000000000000000000e+00
0.000000000000000000e+00
0.000000000000000000e+00
0.000000000000000000e+00
0.000000000000000000e+00
1.111770166813398241e-12
2.723726957915331675e-12
3.537796894274465380e-12
3.653238246464689123e-12
3.028714931443217098e-12
1.660223399514043418e-12
0.000000000000000000e+00
0.000000000000000000e+00
0.000000000000000000e+00
0.000000000000000000e+00
0.000000000000000000e+00
0.000000000000000000e+00
0.000000000000000000e+00
0.000000000000000000e+00
1.779821336771164567e-12
3.136743382808040278e-12
3.639860312587915790e-12
3.383919616238693359e-12
2.082073403174857098e-12
0.000000000000000000e+00
0.000000000000000000e+00
0.000000000000000000e+00
3.312681014499017085e-01
0.000000000000000000e+00
0.000000000000000000e+00
0.000000000000000000e+00
0.000000000000000000e+00
4.009921185238166927e-13
2.391537423420408000e-12
3.336856268194348338e-12
3.512330371303062113e-12
2.628698412663993595e-12
5.225012184192743108e-13
0.000000000000000000e+00
0.000000000000000000e+00
0.000000000000000000e+00
0.000000000000000000e+00
0.000000000000000000e+00
0.000000000000000000e+00
0.000000000000000000e+00
0.000000000000000000e+00
7.246505111869154415e-13
2.628334702837024985e-12
3.613099566844051849e-12
3.136176610739154755e-12
2.081067003257497859e-12
3.050619076136036092e-13
0.000000000000000000e+00
0.000000000000000000e+00
0.000000000000000000e+00
0.000000000000000000e+00
0.000000000000000000e+00
0.000000000000000000e+00
0.000000000000000000e+00
0.000000000000000000e+00
1.305443392055039352e-12
3.722178402202608380e-12
3.560622587149407603e-12
3.151396518252275057e-12
2.525366839883860576e-12
1.407452854617415939e-12
0.000000000000000000e+00
0.000000000000000000e+00
0.000000000000000000e+00
0.000000000000000000e+00
0.000000000000000000e+00
0.000000000000000000e+00
0.000000000000000000e+00
0.000000000000000000e+00
3.638360661368505615e-12
3.652558113779563245e-12
3.609861427810846300e-12
3.435683374763708353e-12
3.202606372488036404e-12
2.789986666432566883e-12
2.325705629710842956e-12
1.612837514551966104e-12
6.576856002321971126e-14
0.000000000000000000e+00
0.000000000000000000e+00
1.250827255617346367e-01
0.000000000000000000e+00
