#Lower limit for the Conditional distribution of Radius given Mass from initial fitting w/o bootstrap
9.964104086170753649e-09
-9.232687558659935512e-02
-9.232568199130300468e-02
-9.231519004956005581e-02
-9.226612785046725551e-02
-9.210274168012268226e-02
-9.166296162712485318e-02
-9.064236724228441622e-02
-8.852587962341175454e-02
-8.452118088199282731e-02
-7.752456032062632341e-02
-6.627212487199506119e-02
-5.046334758471943127e-02
-3.324654723523377819e-02
-1.925680829654439347e-02
-9.645758520051280621e-03
-3.345219543723566141e-03
8.155270440814053282e-04
3.645640337334089820e-03
5.655241098596442730e-03
7.164038753408203189e-03
8.378203859286198485e-03
9.438037154925610350e-03
1.044696844100242994e-02
1.148956129022338235e-02
1.264318708617827823e-02
1.398609913652715080e-02
1.560335807572357097e-02
1.759156792049406878e-02
2.006282803937136858e-02
2.314824555248747029e-02
2.700132417755896422e-02
3.180170550946076480e-02
3.775994840444023976e-02
4.512396695475285463e-02
5.418641058504215097e-02
6.528678125252632136e-02
7.878470292099255812e-02
9.493724541276754580e-02
1.135604118855522565e-01
1.335228989237155217e-01
1.528074848753349091e-01
1.696791653536635913e-01
1.835576123669643012e-01
1.947132021621175713e-01
2.036970539644749056e-01
2.110530848151191408e-01
2.172385417733737056e-01
2.226227030532145490e-01
2.275052061962557770e-01
2.321354798618964488e-01
2.367288837750154973e-01
2.414792507172683622e-01
2.465684714867439065e-01
2.521737321371511631e-01
2.584729003272622783e-01
2.656480137325062385e-01
2.738863939984064744e-01
2.833775974465190250e-01
2.943021842260006848e-01
3.068043968198718718e-01
3.209364404062383103e-01
3.365647200867831201e-01
3.532585029911359809e-01
3.702515953991633579e-01
3.865983306259503371e-01
4.014896962642095501e-01
4.144913413021709681e-01
4.255548910343603386e-01
4.348927787740198281e-01
4.428561599905388446e-01
4.498715199216483662e-01
4.564335325580354263e-01
4.631411612390090582e-01
4.707712890385611915e-01
4.803920312579234575e-01
4.935253890481824390e-01
5.123953588361077616e-01
5.404300687947950488e-01
5.838194517397222727e-01
6.589500995677906037e-01
8.194618793067337537e-01
9.009474442256389937e-01
9.279654590819420568e-01
9.402587473177067556e-01
9.462906342907159152e-01
9.492666338834055972e-01
9.506974046484928387e-01
9.513544699210575439e-01
9.516379493486455399e-01
9.517509007113723607e-01
9.517916366201670808e-01
9.518045947705986443e-01
9.518081044930886137e-01
9.518088743639709914e-01
9.518090019058710327e-01
9.518090172443739450e-01
9.518090197820147091e-01
9.518090215077777971e-01
9.964104086170753649e-09
