#Upper limit for the Conditional distribution of Mass given Radius from initial fitting w/o bootstrap
9.110903009043410299e-09
-2.547503018474043257e-01
-2.141037589145761144e-01
-6.396172880683292927e-02
1.471415208270799857e-01
2.562765139469267983e-01
3.172308328022354074e-01
3.544287434479030940e-01
3.786828710211734839e-01
3.956691699938105211e-01
4.087145361472860894e-01
4.200089108219400291e-01
4.312301469982574575e-01
4.439181033729164838e-01
4.597484404870427754e-01
4.807841515771242857e-01
5.097166550621092806e-01
5.498899758093354073e-01
6.041474798485225728e-01
6.708347764553093118e-01
7.407125662567302093e-01
8.038380087020853271e-01
8.564695017696746238e-01
8.991193678907294373e-01
9.334866972928872464e-01
9.612871702157436138e-01
9.840013867431700589e-01
1.002871643385034650e+00
1.018945185189632063e+00
1.033118665731783015e+00
1.046177268418335471e+00
1.058829003687624004e+00
1.071734700437507071e+00
1.085532726843181139e+00
1.100855092955902226e+00
1.118327491061448020e+00
1.138539249940446751e+00
1.161961717497980162e+00
1.188795995932071081e+00
1.218769397311732616e+00
1.250992723543171259e+00
1.284057231438768376e+00
1.316414136340985142e+00
1.346803053786118864e+00
1.374459336619460625e+00
1.399075138436652432e+00
1.420655361727007682e+00
1.439382461897519505e+00
1.455526341096695209e+00
1.469394289577492740e+00
1.481307377822504545e+00
1.491593061474646209e+00
1.500588686576043607e+00
1.508654478732089244e+00
1.516197748391199029e+00
1.523713573112645880e+00
1.531853005760147157e+00
1.541542039270879627e+00
1.554204516529039237e+00
1.572230023202969118e+00
1.600146301975519769e+00
1.648572175100525117e+00
1.758683802274932262e+00
2.066192091271799924e+00
2.196454598468371433e+00
2.257558938749022914e+00
2.293146742531823712e+00
2.315496153597509377e+00
2.329955140325116414e+00
2.339392999442334808e+00
2.345544518786771615e+00
2.349528201011517048e+00
2.352085462518138659e+00
2.353710935331362553e+00
2.354733296044003499e+00
2.355369174559311052e+00
2.355759964266900486e+00
2.355997040480249716e+00
2.356138843031704067e+00
2.356222346444620808e+00
2.356270675564452688e+00
2.356298112211018037e+00
2.356313354642290303e+00
2.356321618472224877e+00
2.356325976504276554e+00
2.356328203251519593e+00
2.356329300297177465e+00
2.356329818246380547e+00
2.356330050641347373e+00
2.356330148429040872e+00
2.356330185947646871e+00
2.356330197905868840e+00
2.356330199414026882e+00
2.356330196419462286e+00
2.356330191072490532e+00
2.356330185672299571e+00
2.356330195712641906e+00
2.356330388671706633e+00
2.356335705250160562e+00
9.110903009043410299e-09
