#Lower limit for the Conditional distribution of mass given radius from initial fitting w/o bootstrap
9.119173891686267044e-09
-1.563135226992194315e+00
-1.549730030595091623e+00
-1.527234682401020338e+00
-1.495425457930192437e+00
-1.453500376564019092e+00
-1.399577201672066895e+00
-1.330028082505969822e+00
-1.238965446648567115e+00
-1.122442594603422883e+00
-9.984453482770051513e-01
-8.996941318115004860e-01
-8.304127873580334773e-01
-7.812679146792821383e-01
-7.449269942058673877e-01
-7.169112154585930430e-01
-6.944639801877469099e-01
-6.758008922908500526e-01
-6.597004706187771239e-01
-6.452792798531916674e-01
-6.318631628701601999e-01
-6.189101887966043103e-01
-6.059627372097770026e-01
-5.926168032430010335e-01
-5.785019686415645568e-01
-5.632682811099044562e-01
-5.465778018099594071e-01
-5.280994492416138941e-01
-5.075063269010193778e-01
-4.844751884890192151e-01
-4.586882431340399968e-01
-4.298383108223945426e-01
-3.976395960556408093e-01
-3.618482100512439570e-01
-3.222989233512175700e-01
-2.789664120177830497e-01
-2.320570703649981747e-01
-1.821241728831961004e-01
-1.301672491114951036e-01
-7.763533316016366093e-02
-2.625290471609639451e-02
2.231609184981199479e-02
6.681020794933852092e-02
1.065420117288227997e-01
1.413592552820118475e-01
1.714870179322187660e-01
1.973581655489688447e-01
2.194866883087091547e-01
2.383913795891170750e-01
2.545576373212204424e-01
2.684229863676932948e-01
2.803757456883566035e-01
2.907604073033793202e-01
2.998862821086263342e-01
3.080378168944619688e-01
3.154860754478729379e-01
3.225014820718912212e-01
3.293684392473091305e-01
3.364025509824727367e-01
3.439715915104542554e-01
3.525214186540373551e-01
3.626081602891594868e-01
3.749377510973067595e-01
3.904136441964918269e-01
4.101927213615376711e-01
4.357492942646635226e-01
4.689490223063108587e-01
5.121428011406280456e-01
5.683122489608829486e-01
6.413433184126132725e-01
7.365737954989820535e-01
8.617184169375987635e-01
1.026560009878404900e+00
1.226435638411326412e+00
1.401785930745477193e+00
1.512461720927283482e+00
1.578144055731148354e+00
1.618489680462675384e+00
1.644053033765700222e+00
1.660528268963116449e+00
1.671210980018886350e+00
1.678125274152142188e+00
1.682566119093071633e+00
1.685382936099300455e+00
1.687140021310833404e+00
1.688213514363135603e+00
1.688853147562124457e+00
1.689223085158363835e+00
1.689429609663830156e+00
1.689540143727874089e+00
1.689596370350752608e+00
1.689623247410690920e+00
1.689635136199173271e+00
1.689639898415086661e+00
1.689641571589829416e+00
1.689642062140409795e+00
1.689642172457002767e+00
1.689642188673912804e+00
1.689642189695648611e+00
9.119173891686267044e-09
