-2.431988836158308076e-01
-1.246257920755423632e-01
-2.640495601018063437e-02
3.135622963175030420e-02
6.506673665014502117e-02
8.651314084807536220e-02
1.012521562880238091e-01
1.120023232728986629e-01
1.202128067783656967e-01
1.267185814050459935e-01
1.320325887549387012e-01
1.364869137233554741e-01
1.403061141355736730e-01
1.436477260330052130e-01
1.466258312688551446e-01
1.493253889172975746e-01
1.518112862301753963e-01
1.541342451956884962e-01
1.563347893584374482e-01
1.584459765556004429e-01
1.604953249418902550e-01
1.625061988952188341e-01
1.644988255373872887e-01
1.664910538280154617e-01
1.684989312319546406e-01
1.705371491880212365e-01
1.726193929983194653e-01
1.747586213160065849e-01
1.769672933048158647e-01
1.792575566340964266e-01
1.816414060321125401e-01
1.841308196772873385e-01
1.867378789520172944e-01
1.894748758091477914e-01
1.923544110661923046e-01
1.953894862495762774e-01
1.985935910922181358e-01
2.019807883936692028e-01
2.055657976466790937e-01
2.093640785897825929e-01
2.133919156397759420e-01
2.176665039709475835e-01
2.222060378206749398e-01
2.270298013903759571e-01
2.321582624620796842e-01
2.376131685124458492e-01
2.434176446702166763e-01
2.495962922474551371e-01
2.561752857299431363e-01
2.631824649361663715e-01
2.706474174242045061e-01
2.786015439747332456e-01
2.870780968870593197e-01
2.961121766110089149e-01
3.057406665467086726e-01
3.160020782543121465e-01
3.269362693616975069e-01
3.385839837082862958e-01
3.509861474851819763e-01
3.641828366197374933e-01
3.782118108115648525e-01
3.931064919347062592e-01
4.088932559490780494e-01
4.255879202581517307e-01
4.431913616515122945e-01
4.616843190394803176e-01
4.810216464795049052e-01
5.011265975720502475e-01
5.218861121820771443e-01
5.431484346561739063e-01
5.647245230696061880e-01
5.863943753831962757e-01
6.079184685979309721e-01
6.290531369768136427e-01
6.495674088154348436e-01
6.692582132417393970e-01
6.879613123073298198e-01
7.055566073183319187e-01
7.219679884471623676e-01
7.371590215272032509e-01
7.511262140478898175e-01
7.638914644628608253e-01
7.754948491646251885e-01
7.859883988064916283e-01
7.954311103185637277e-01
8.038851782003664237e-01
8.114132919816958722e-01
8.180767978032623677e-01
8.239345242979075890e-01
8.290420996487067873e-01
8.334516217262623039e-01
8.372115785138238842e-01
8.403669492757396275e-01
8.429594504867262694e-01
8.450279336204774561e-01
8.466090212775148061e-01
8.477382711637267976e-01
8.484528270311622045e-01
8.487993790704502217e-01
8.488690958060518543e-01
