1.381247507948473938e-02
0.000000000000000000e+00
8.069830146645399563e-12
1.723998184520238564e-11
4.906925678459035770e-11
6.914792596981514698e-12
3.534028608238004576e-02
5.890070551883482830e-01
9.025313014604026141e-12
2.907515366581700219e-11
1.313978185156363574e-11
2.959903103918531278e-13
1.336553003526822886e-13
2.887379352162810114e-13
1.269626505177078402e-13
3.296357065528828828e-11
1.433531494914360863e-11
1.902842210157840986e-12
3.552519801487037873e-13
3.387368175544180904e-01
2.183671345248216882e-11
4.915296952420398129e-11
3.411546346803846746e-11
0.000000000000000000e+00
2.310336590259682438e-02
