#Variance for the Conditional distribution of radius given mass from initial fitting w/o bootstrap
nan
3.194247054617778414e-02
3.198797974956057305e-02
3.206532541806173670e-02
3.217518177488249559e-02
3.231767941520412996e-02
3.249237296981960510e-02
3.269823381380022875e-02
3.293366958518706422e-02
3.319657016862516408e-02
3.348437754454298282e-02
3.379417488731694535e-02
3.412278879288956762e-02
3.446689771271353037e-02
3.482313963241160520e-02
3.518821270256665412e-02
3.555896374697844337e-02
3.593246112167271245e-02
3.630605004364532984e-02
3.667739004728318847e-02
3.704447550937363387e-02
3.740564112753492348e-02
3.775955482124780660e-02
3.810520077797325406e-02
3.844185534893043016e-02
3.876905828372873702e-02
3.908658145391533806e-02
3.939439681699783563e-02
3.969264496493119659e-02
3.998160521952220242e-02
4.026166790291241249e-02
4.053330913417808185e-02
4.079706828477327324e-02
4.105352806224407680e-02
4.130329707647829862e-02
4.154699466754751408e-02
4.178523773068577168e-02
4.201862925453528352e-02
4.224774828693569906e-02
4.247314105288849118e-02
4.269531296771603146e-02
4.291472131172764659e-02
4.313176835867686687e-02
4.334679477744701054e-02
4.356007315380970579e-02
4.377180150626924782e-02
4.398209669675287592e-02
4.419098766326547828e-02
4.439840842777389301e-02
4.460419085877048023e-02
4.480805719448402447e-02
4.500961235984595604e-02
4.520833613836597320e-02
4.540357528927121966e-02
4.559453573083898509e-02
4.578027494300929146e-02
4.595969477629576611e-02
4.613153488994200385e-02
4.629436708046697629e-02
4.644659080257205336e-02
4.658643022832170688e-02
4.671193323819401028e-02
4.682097278978844535e-02
4.691125116754522872e-02
4.698030768061414730e-02
4.702553044663091569e-02
4.704417297665706987e-02
4.703337635987043380e-02
4.699019793290364067e-02
4.691164740239173875e-02
4.679473146071422979e-02
4.663650797914108137e-02
4.643415085778700852e-02
4.618502652788841756e-02
4.588678289977283359e-02
4.553745118142910053e-02
4.513556040291105687e-02
4.468026361418564463e-02
4.417147352887828421e-02
4.361000383525413804e-02
4.299771050078195211e-02
4.233762523408000217e-02
4.163407100340042744e-02
4.089274741853997364e-02
4.012077225195566366e-02
3.932666488688275896e-02
3.852025855166880952e-02
3.771253127874180794e-02
3.691535085551668482e-02
3.614113649864961197e-02
3.540244899467337447e-02
3.471153051969363967e-02
3.407982379439828541e-02
3.351750602695113823e-02
3.303307485588424103e-02
3.263302045495442699e-02
3.232161022109429627e-02
3.210080110246121138e-02
3.197028144720254206e-02
nan
