7.972908934053665742e-02
7.975359690061223361e-02
8.013876185412883990e-02
8.189043859530413527e-02
8.676881899801844322e-02
9.702991090568177657e-02
1.145012712369837815e-01
1.391280371953868000e-01
1.681978054926491217e-01
1.974692903599333804e-01
2.233751270033004777e-01
2.442665600593015296e-01
2.601567421191841034e-01
2.718806330943208671e-01
2.804467966866031614e-01
2.867352945753985360e-01
2.914190326805517484e-01
2.949808064021139931e-01
2.977564132448362044e-01
2.999762324052738793e-01
3.017977113814911405e-01
3.033286706141924416e-01
3.046433727750170184e-01
3.057934032138588387e-01
3.068149845637052064e-01
3.077338881120392777e-01
3.085687378388932145e-01
3.093332408243520959e-01
3.100376989751922330e-01
3.106900377735675178e-01
3.112965088836169292e-01
3.118621713655215788e-01
3.123912217545757875e-01
3.128872203052938672e-01
3.133532453188216382e-01
3.137919970852219853e-01
3.142058658936475180e-01
3.145969736843370890e-01
3.149671955029965664e-01
3.153181644811907658e-01
3.156512622777563060e-01
3.159675955560557470e-01
3.162679579954528197e-01
3.165527764541449796e-01
3.168220391727751273e-01
3.170752033385851876e-01
3.173110789756353189e-01
3.175276861122575123e-01
3.177220827153264815e-01
3.178901622999505960e-01
3.180264228918721625e-01
3.181237137611548360e-01
3.181729738096405469e-01
3.181629864464020629e-01
3.180801907398427830e-01
3.179086073518530564e-01
3.176299584324252523e-01
3.172240788332961747e-01
3.166697235544890243e-01
3.159458612164353641e-01
3.150334914620591120e-01
3.139179248937669642e-01
3.125913197501944962e-01
3.110551060864848449e-01
3.093218002218018903e-01
3.074156911010875182e-01
3.053720221661310741e-01
3.032345964678413996e-01
3.010521180109906325e-01
2.988739102147345839e-01
2.967457936431059373e-01
2.947068101594601530e-01
2.927872038209044514e-01
2.910077314296252160e-01
2.893800975763144434e-01
2.879081567267489650e-01
2.865895007215725765e-01
2.854171143284805479e-01
2.843808837801252154e-01
2.834688440649304475e-01
2.826681288897533451e-01
2.819656370217307750e-01
2.813484536229258204e-01
2.808040720991516470e-01
2.803204575695881218e-01
2.798859821537030279e-01
2.794892473853730630e-01
2.791187903450600416e-01
2.787626449849902599e-01
2.784076920017169443e-01
2.780386651322943048e-01
2.776365573230004657e-01
2.771759130351356126e-01
2.766199165206628119e-01
2.759107721671152924e-01
2.749490039054863222e-01
2.735430987203118502e-01
2.712641654740590158e-01
2.669003542603924362e-01
2.800100212330370320e-01
