#Variance for the Conditional distribution of Mass given Radius from initial fitting w/o bootstrap
nan
4.579449534282893641e-02
5.076692537725622373e-02
5.501688141036645274e-02
5.867775844691059534e-02
6.185839046397612062e-02
6.464738918497180131e-02
6.711699535499823788e-02
6.932629495524407492e-02
7.132381359722354819e-02
7.314956306670250541e-02
7.483662892098219555e-02
7.641238402401398511e-02
7.789940271325378196e-02
7.931613965710485048e-02
8.067742860383518566e-02
8.199484960602415606e-02
8.327700848118396726e-02
8.452976830896949401e-02
8.575646853079539611e-02
8.695816161904151853e-02
8.813388955765363852e-02
8.928101236104378502e-02
9.039558917246781622e-02
9.147280051510674193e-02
9.250738991084775376e-02
9.349409623882035114e-02
9.442804622528060132e-02
9.530507967933669888e-02
9.612198770637453427e-02
9.687665440854993648e-02
9.756810336312492227e-02
9.819645946238976519e-02
9.876284313425927330e-02
9.926921699791774190e-02
9.971820486540820816e-02
1.001129004177979259e-01
1.004566788171639136e-01
1.007530198683111722e-01
1.010053468090851975e-01
1.012168808035476819e-01
1.013905078995266246e-01
1.015286525556718805e-01
1.016331496831885811e-01
1.017051052652697407e-01
1.017447337886529940e-01
1.017511587604075785e-01
1.017221603859407575e-01
1.016538520956641878e-01
1.015402653278158207e-01
1.013728205463523130e-01
1.011396633934282530e-01
1.008248508893647422e-01
1.004073883928432720e-01
9.986015112502083513e-02
9.914878545150886124e-02
9.823078889188810447e-02
9.705512745907039773e-02
9.556296639022821005e-02
9.369033277752034095e-02
9.137369045781444654e-02
8.855927137217944889e-02
8.521625477199565313e-02
8.135225346193553086e-02
7.702722739752897174e-02
7.235995285685398182e-02
6.752138993614055507e-02
6.271312858037204896e-02
5.813558238518349436e-02
5.395594837719621534e-02
5.028626096730458989e-02
4.717681455368387400e-02
4.462344581023273277e-02
4.258280521668766916e-02
4.098925177695831451e-02
3.976907639632937946e-02
3.885035166483461616e-02
3.816855650750032580e-02
3.766897784503784458e-02
3.730703093072953308e-02
3.704743534185577641e-02
3.686289122063042545e-02
3.673264396799044706e-02
3.664114166846850484e-02
3.657687333006717084e-02
3.653140992326574937e-02
3.649863664039010303e-02
3.647415044000024142e-02
3.645479291340338046e-02
3.643828933921820779e-02
3.642296720454101661e-02
3.640752934859903256e-02
3.639085627876870871e-02
3.637180596851815467e-02
3.634896011163462476e-02
3.632021212731218612e-02
3.628193379003012697e-02
3.622690790299145508e-02
3.613756201469330021e-02
nan
