3.653610214336388253e+02
3.626450009495513314e+02
3.732379477340898575e+02
3.419722279647928644e+02
4.078794350872739756e+02
3.575460524246561818e+02
3.543780639783943798e+02
3.621119391446470672e+02
3.835974923199592581e+02
3.751325654681477886e+02
3.853852775609362311e+02
3.701851996175653312e+02
3.579989857148448209e+02
3.602529411447690109e+02
3.803614233877348170e+02
3.903041837327021994e+02
3.892478328330053046e+02
2.996829425552244857e+02
3.700118039252195103e+02
3.680688002469878484e+02
3.920938258402611041e+02
3.895100877773501225e+02
3.863947417959439008e+02
3.656192484474654520e+02
3.868039931460443768e+02
3.800910603476287974e+02
4.185763067100907051e+02
4.153034306492994574e+02
3.672200630452144310e+02
3.061950485882631483e+02
3.563002891475070442e+02
3.658957583842159238e+02
3.562600808911485046e+02
3.753396019472317562e+02
3.861316691670070895e+02
4.004530246557368400e+02
3.744285057054244135e+02
3.776072983793161484e+02
3.776888578919893007e+02
4.005419040835946589e+02
4.015499402218236469e+02
4.091542663799858133e+02
3.748503377656356292e+02
3.411658486047849692e+02
3.931060678650501359e+02
3.590703132869110732e+02
4.031604724406639093e+02
3.972283892725125156e+02
4.058254526388975592e+02
4.065913967802059119e+02
3.742368684422955312e+02
3.995893176182797788e+02
3.272258908618540545e+02
4.057721795713947017e+02
4.081039386410821521e+02
4.213825463870723524e+02
3.653038834566401079e+02
3.989040243264412879e+02
3.640478560675065864e+02
3.915437489695559634e+02
3.827871413695989986e+02
3.691393496720164649e+02
3.479428615535282461e+02
3.716425161860605044e+02
4.301928709164916427e+02
4.189731638160017155e+02
3.674132157327613299e+02
3.518700826197976994e+02
4.394731402511374654e+02
3.608385723325394565e+02
3.936688648370788428e+02
3.935111330285731128e+02
3.825805180616841881e+02
3.384251449569828765e+02
3.929182000205556164e+02
4.347703512400059935e+02
4.081577575558468425e+02
3.827066317752658620e+02
3.350084050846537025e+02
3.743224146109395178e+02
4.178089359872072919e+02
3.684335073116072863e+02
3.792683950720085591e+02
3.682690278355779583e+02
3.707376797366548544e+02
3.404286623645348868e+02
3.730002451348092336e+02
4.285906501483710827e+02
3.804183417100097699e+02
3.554942665318230866e+02
3.876701652186180240e+02
3.424961277676741247e+02
3.684055789617592040e+02
3.158787259724072101e+02
3.923514030467330258e+02
3.734275349201634526e+02
3.618604241454811472e+02
3.437284287658497988e+02
3.683980765234222190e+02
3.892170351271587379e+02
