4.639385165154839115e+02
4.612224960313964175e+02
4.718154428159349436e+02
4.405497230466379506e+02
5.064569301691190617e+02
4.561235475065012679e+02
4.529555590602394659e+02
4.606894342264921534e+02
4.821749874018043442e+02
4.737100605499928747e+02
4.839627726427813172e+02
4.687626946994104173e+02
4.565764807966899070e+02
4.588304362266140970e+02
4.789389184695799031e+02
4.888816788145472856e+02
4.878253279148503907e+02
3.982604376370695718e+02
4.685892990070645965e+02
4.666462953288329345e+02
4.906713209221061902e+02
4.880875828591952086e+02
4.849722368777889869e+02
4.641967435293105382e+02
4.853814882278894629e+02
4.786685554294738836e+02
5.171538017919358481e+02
5.138809257311445435e+02
4.657975581270595171e+02
4.047725436701082344e+02
4.548777842293521303e+02
4.644732534660610099e+02
4.548375759729935908e+02
4.739170970290768423e+02
4.847091642488521757e+02
4.990305197375819262e+02
4.730060007872694996e+02
4.761847934611612345e+02
4.762663529738343868e+02
4.991193991654397450e+02
5.001274353036687330e+02
5.077317614618308994e+02
4.734278328474807154e+02
4.397433436866300553e+02
4.916835629468952220e+02
4.576478083687561593e+02
5.017379675225089954e+02
4.958058843543576018e+02
5.044029477207426453e+02
5.051688918620509980e+02
4.728143635241406173e+02
4.981668127001248649e+02
4.258033859436991406e+02
5.043496746532397879e+02
5.066814337229272383e+02
5.199600414689174386e+02
4.638813785384851940e+02
4.974815194082863741e+02
4.626253511493516726e+02
4.901212440514010495e+02
4.813646364514440847e+02
4.677168447538615510e+02
4.465203566353733322e+02
4.702200112679055906e+02
5.287703659983367288e+02
5.175506588978468017e+02
4.659907108146064161e+02
4.504475777016427855e+02
5.380506353329825515e+02
4.594160674143845426e+02
4.922463599189239289e+02
4.920886281104181990e+02
4.811580131435292742e+02
4.370026400388279626e+02
4.914956951024007026e+02
5.333478463218510797e+02
5.067352526376919286e+02
4.812841268571109481e+02
4.335859001664987886e+02
4.728999096927846040e+02
5.163864310690523780e+02
4.670110023934523724e+02
4.778458901538536452e+02
4.668465229174230444e+02
4.693151748184999406e+02
4.390061574463799730e+02
4.715777402166543197e+02
5.271681452302161688e+02
4.789958367918548561e+02
4.540717616136681727e+02
4.862476603004631102e+02
4.410736228495192108e+02
4.669830740436042902e+02
4.144562210542522962e+02
4.909288981285781119e+02
4.720050300020085388e+02
4.604379192273262333e+02
4.423059238476948849e+02
4.669755716052673051e+02
4.877945302090038240e+02
