-1.193507692737894255e+00
-1.167362806881239612e+00
-1.093327144703126752e+00
-9.853523614436736633e-01
-8.613387036902566685e-01
-7.365635503495654435e-01
-6.207330158819481802e-01
-5.183201580612422088e-01
-4.302499067874207550e-01
-3.555389104754715923e-01
-2.924156072198202949e-01
-2.389468039097614183e-01
-1.933336092198446599e-01
-1.540213057169788069e-01
-1.197170306178090698e-01
-8.936773726031239928e-02
-6.212496431036638317e-02
-3.730860151690713888e-02
-1.437453161474345174e-02
7.112446135569896154e-03
2.750051930024301552e-02
4.706826531151872550e-02
6.603835776950742198e-02
8.458832995394312271e-02
1.028590382377361639e-01
1.209613476814307004e-01
1.389814532886436416e-01
1.569851594659959493e-01
1.750213671996608822e-01
1.931249610769339986e-01
2.113192437377537369e-01
2.296180310010239589e-01
2.480274945506928397e-01
2.665478189117898022e-01
2.851747241213860584e-01
3.039008939546163357e-01
3.227173410049704039e-01
3.416147337326070343e-01
3.605847063098417959e-01
3.796211693240176266e-01
3.987216378118640381e-01
4.178885923832603710e-01
4.371308890223166710e-01
4.564652331632678695e-01
4.759177333819160083e-01
4.955255489509284295e-01
5.153386428323629698e-01
5.354216464325239899e-01
5.558558333103450488e-01
5.767411842932468335e-01
5.981985039150135020e-01
6.203715150303004133e-01
6.434288116946484948e-01
6.675654865099976965e-01
6.930041645333487876e-01
7.199950698534031135e-01
7.488146246633151648e-01
7.797619419009870212e-01
8.131524393759819169e-01
8.493077090864791234e-01
8.885407734225372334e-01
9.311360251356326501e-01
9.773235712445621504e-01
1.027248469627198624e+00
1.080936504924532748e+00
1.138259638981671040e+00
1.198905863512472081e+00
1.262359446627946191e+00
1.327897906362856428e+00
1.394610878708700374e+00
1.461443088470838259e+00
1.527259189644220250e+00
1.590923342850104394e+00
1.651382541058917575e+00
1.707741274966234846e+00
1.759316773125839894e+00
1.805668273457210926e+00
1.846599186353775846e+00
1.882135930081615838e+00
1.912490416536891447e+00
1.938014205987540706e+00
1.959151554836763287e+00
1.976396690502552955e+00
1.990258440268612983e+00
2.001233384088055178e+00
2.009787277125049787e+00
2.016343641597926784e+00
2.021278063691258176e+00
2.024916702347223207e+00
2.027537680989936586e+00
2.029374281745929043e+00
2.030619123421953276e+00
2.031428740270511124e+00
2.031928171878704337e+00
2.032215322631644394e+00
2.032364956597207062e+00
2.032432267697366512e+00
2.032456013405432138e+00
2.032461229840198058e+00
nan
