-6.989457874016519190e-01
-6.565075526413913787e-01
-5.193695996758739275e-01
-2.842526700338644519e-01
-2.489844921884975734e-02
1.735320017714508112e-01
3.092063329157005991e-01
4.032718289737694528e-01
4.711609354945286432e-01
5.222917016011230373e-01
5.624274096042177762e-01
5.952093831586833250e-01
6.230178691421410786e-01
6.474573471567354188e-01
6.696384667455491657e-01
6.903472654631326311e-01
7.101497810155029677e-01
7.294583866401372907e-01
7.485747621209359881e-01
7.677182361026585466e-01
7.870447872721919591e-01
8.066600113726637433e-01
8.266281928690268899e-01
8.469789115478157937e-01
8.677121682352295640e-01
8.888027162954680316e-01
9.102040698378223160e-01
9.318524876382242583e-01
9.536710850090807101e-01
9.755740992271713097e-01
9.974712313662823515e-01
1.019271916194461447e+00
1.040889338520883056e+00
1.062244020442298931e+00
1.083266843724589812e+00
1.103901433745816840e+00
1.124105901832559429e+00
1.143854008269266309e+00
1.163135859501857938e+00
1.181958286071840947e+00
1.200345063422775027e+00
1.218337140107282224e+00
1.235993032907107381e+00
1.253389541988885192e+00
1.270622936897831456e+00
1.287810770636458546e+00
1.305094498542878956e+00
1.322643115713450168e+00
1.340658086805235794e+00
1.359379932904382970e+00
1.379096971995543042e+00
1.400156895354835562e+00
1.422982113336564769e+00
1.448090114588914901e+00
1.476120375639161431e+00
1.507869314664292304e+00
1.544333314923318268e+00
1.586753461743968474e+00
1.636633643092394230e+00
1.695635990858391340e+00
1.765082082987931900e+00
1.844530507725055557e+00
1.929442890404281297e+00
2.011041150662994603e+00
2.081556798107717654e+00
2.138572641515052108e+00
2.183500436713138537e+00
2.218784795835070156e+00
2.246637830595058727e+00
2.268780198322205788e+00
2.286497900526684113e+00
2.300749495299175607e+00
2.312256875028388503e+00
2.321571449429485234e+00
2.329120511187879217e+00
2.335239583996485457e+00
2.340195209705851376e+00
2.344201243128706924e+00
2.347430700565531048e+00
2.350024520706701647e+00
2.352098147031530306e+00
2.353746547876919060e+00
2.355048098078154073e+00
2.356067618368635319e+00
2.356858782685239184e+00
2.357466044698572905e+00
2.357926194069264181e+00
2.358269624202126824e+00
2.358521372772147018e+00
2.358701981481028831e+00
2.358828210664141167e+00
2.358913636345994380e+00
2.358969151340906123e+00
2.359003387458971979e+00
2.359023072414518474e+00
2.359033332365938929e+00
2.359037948941295149e+00
2.359039577977242175e+00
2.359039935912340180e+00
1.107631632704243424e-12
