8.104624867112693460e-09
1.565712960083040853e-02
2.886576997819269644e-02
3.992533422959157474e-02
4.913391815790177364e-02
5.678335838065060731e-02
6.315508487250183489e-02
6.851670744505057586e-02
7.311927091979471272e-02
7.719511703145348624e-02
8.095629430504576451e-02
8.459346028130933226e-02
8.827522352114688942e-02
9.214787580081604257e-02
9.633546781554830352e-02
1.009401845401752124e-01
1.060429791511713349e-01
1.117044270952803342e-01
1.179657644955823398e-01
1.248500776164824383e-01
1.323636125646540929e-01
1.404971767834559404e-01
1.492276062037566631e-01
1.585192741444491071e-01
1.683256202112176081e-01
1.785906795223285159e-01
1.892505945953565916e-01
2.002350941588401378e-01
2.114689250078461979e-01
2.228732248023863327e-01
2.343668254124668671e-01
2.458674780433755813e-01
2.572929929295230123e-01
2.685622878648319944e-01
2.795963412422454164e-01
2.903190466044635043e-01
3.006579669624646067e-01
3.105449883177588410e-01
3.199168729286398505e-01
3.287157138899476361e-01
3.368892935500413799e-01
3.443913491677886851e-01
3.511817500164324257e-01
3.572265908701508508e-01
3.624982074630621609e-01
3.669751200892389376e-01
3.706419120160774905e-01
3.734890498120733149e-01
3.755126530436732057e-01
3.767142210744536257e-01
3.771003249033573756e-01
3.766822721071553803e-01
3.754757530056568315e-01
3.735004761464789103e-01
3.707798011094062818e-01
3.673403764585332909e-01
3.632117904234511974e-01
3.584262415687647918e-01
3.530182363141770030e-01
3.470243196952411124e-01
3.404828452077042211e-01
3.334337889560985424e-01
3.259186126299151165e-01
3.179801790582899579e-01
3.096627232466748758e-01
3.010118808764305487e-01
2.920747752506699935e-01
2.829001625970209433e-01
2.735386344902306366e-01
2.640428749347190074e-01
2.544679683493336064e-01
2.448717533235849619e-01
2.353152155666536349e-01
2.258629119473561375e-01
2.165834159251226743e-01
2.075497729988083628e-01
1.988399530518791536e-01
1.905372846491482364e-01
1.827308544418241310e-01
1.755158528641281024e-01
1.689938452561791649e-01
1.632729454242157763e-01
1.584678664505200785e-01
1.546998212916436966e-01
1.520962433546965142e-01
1.507902948175543489e-01
1.509201279598675616e-01
1.526278621977069927e-01
1.560582368655772378e-01
1.613568970653415369e-01
1.686682671023574942e-01
1.781329631548037307e-01
1.898846938727933586e-01
2.040465945794117664e-01
2.207269376463000810e-01
2.400141584418032104e-01
2.619711330000537575e-01
2.866286402346255868e-01
3.139779381205876074e-01
3.439623797939482253e-01
