1.773757299881040250e-02
1.773974891538544069e-02
1.775551594935528832e-02
1.779994933376716909e-02
1.788965931093355541e-02
1.804247404083070619e-02
1.827681513824740145e-02
1.861072000313350461e-02
1.906051362818667050e-02
1.963921057149049798e-02
2.035482582238891391e-02
2.120886614698532999e-02
2.219532297486572978e-02
2.330045625155686279e-02
2.450353006647799925e-02
2.577845897779622655e-02
2.709611111621438098e-02
2.842686601050389145e-02
2.974299336139844124e-02
3.102050608472040061e-02
3.224030275607020490e-02
3.338858739505472933e-02
3.445668612639374989e-02
3.544044735806659019e-02
3.633941932994451396e-02
3.715596654664114068e-02
3.789443758490409347e-02
3.856044829925083656e-02
3.916030582165549306e-02
3.970057266588375433e-02
4.018775545905904634e-02
4.062809646712296080e-02
4.102744515741756082e-02
4.139118911379335852e-02
4.172422699118528977e-02
4.203096982869769516e-02
4.231536038035239866e-02
4.258090293553456335e-02
4.283069833672299709e-02
4.306748060500145692e-02
4.329365283784455953e-02
4.351132094037582498e-02
4.372232437488004358e-02
4.392826353447985832e-02
4.413052362164698872e-02
4.433029508341713998e-02
4.452859075452376969e-02
4.472625991005655527e-02
4.492399944683607427e-02
4.512236240857366021e-02
4.532176405143796549e-02
4.552248561855272435e-02
4.572467595693119335e-02
4.592835106973053999e-02
4.613339165080086041e-02
4.633953859692470367e-02
4.654638643504005469e-02
4.675337453601365739e-02
4.695977591206670215e-02
4.716468331090466898e-02
4.736699222581643165e-02
4.756538033862766496e-02
4.775828280480460403e-02
4.794386268424954967e-02
4.811997573027569641e-02
4.828412869482342357e-02
4.843343032594771280e-02
4.856453438043962373e-02
4.867357433694510793e-02
4.875609020301855528e-02
4.880694905206944129e-02
4.882026296800756615e-02
4.878931127034343007e-02
4.870647867941039350e-02
4.856322793866939269e-02
4.835013472465259088e-02
4.805702444877352902e-02
4.767326386980861447e-02
4.718827257569938732e-02
4.659232467504595410e-02
4.587769971517050710e-02
4.504020013429622243e-02
4.408096579489693967e-02
4.300837755845543509e-02
4.183966780633884691e-02
4.060170217855481323e-02
3.933036093559305613e-02
3.806813488302809856e-02
3.685999556859043819e-02
3.574819107432944398e-02
3.476709933788325879e-02
3.393936747472492410e-02
3.327418304376043162e-02
3.276783537731591672e-02
3.240606488662416129e-02
3.216733741907087246e-02
3.202618555069900591e-02
3.195601197741850669e-02
3.193107405106790364e-02
3.192763139785871618e-02
