-2.722616732284351970e-01
-2.722590501241301530e-01
-2.722400290749569240e-01
-2.721862918489081906e-01
-2.720771838402549769e-01
-2.718893980319700421e-01
-2.715965908257989003e-01
-2.711689124758191460e-01
-2.705724308805927403e-01
-2.697684231623769247e-01
-2.687125055119923278e-01
-2.673535700127883108e-01
-2.656325016717047127e-01
-2.634806684520618059e-01
-2.608182297761058588e-01
-2.575524304719763458e-01
-2.535763045040902997e-01
-2.487687206454697597e-01
-2.429976203983775784e-01
-2.361297306062092038e-01
-2.280516157331772820e-01
-2.187068304097720406e-01
-2.081477510544719467e-01
-1.965841042864686639e-01
-1.843911487132232907e-01
-1.720478351157559149e-01
-1.600245601253593164e-01
-1.486839887975963947e-01
-1.382413565344972339e-01
-1.287796467649662824e-01
-1.202887934047871255e-01
-1.127043349077018058e-01
-1.059358303604505114e-01
-9.988465160010896737e-02
-9.445389892590792813e-02
-8.955329239196599400e-02
-8.510112989610736645e-02
-8.102464570656335574e-02
-7.725955941758742840e-02
-7.374926141739152063e-02
-7.044387663996294624e-02
-6.729933138578267360e-02
-6.427648269362110089e-02
-6.134033428192529891e-02
-5.845934441085400696e-02
-5.560482176591884790e-02
-5.275040137037381727e-02
-4.987159122335816513e-02
-4.694538050621900604e-02
-4.394990107201489360e-02
-4.086413513864720071e-02
-3.766766345368037505e-02
-3.434044958098095984e-02
-3.086265735176679098e-02
-2.721449992184472519e-02
-2.337612025564224372e-02
-1.932750424419660967e-02
-1.504842898582051461e-02
-1.051844994562964666e-02
-5.716931586443613905e-03
-6.231263544924789876e-04
4.783693865283210854e-03
1.052405212753606406e-02
1.661802996038676608e-02
2.308499201423834524e-02
2.994329726381877999e-02
3.721004153502663336e-02
4.490090175954025015e-02
5.303018355062869005e-02
6.161120793330498308e-02
7.065720582125704918e-02
8.018291416865408472e-02
9.020708022610376964e-02
1.007560784235008722e-01
1.118688343741714025e-01
1.236032494826504596e-01
1.360443566456156772e-01
1.493145524022592152e-01
1.635864952742669964e-01
1.790997072146795210e-01
1.961826888276557990e-01
2.152836964460910496e-01
2.370156997130297982e-01
2.622253434541615413e-01
2.921034902582912984e-01
3.283672068391679799e-01
3.735490767222377495e-01
4.313193158488247136e-01
5.057784442934919467e-01
5.944766546032134169e-01
6.769667265806119660e-01
7.362116562785002705e-01
7.748753396374064017e-01
7.997250315770370044e-01
8.154671072829470235e-01
8.250590158962853859e-01
8.304587913718216585e-01
8.330715897999455555e-01
8.339887085705165459e-01
8.341148251888269582e-01
