#Akaike Information Criterion from bootstrap run
4.846754597229008255e+02
4.234711286363277623e+02
4.740230976286542841e+02
3.990737947991231636e+02
4.693982729973665755e+02
4.715292882520491275e+02
4.434771488720700745e+02
4.908761558636397240e+02
4.724235327507499278e+02
4.573684443553677852e+02
4.880820338142525543e+02
4.518721260527861432e+02
4.739677600532662609e+02
4.406115669656942373e+02
4.618699688241088097e+02
4.475073693192479709e+02
4.381968437215316499e+02
4.629541052047261473e+02
4.714153598068612609e+02
4.681589039052472572e+02
4.894949406731273598e+02
5.058811363358822746e+02
4.463546881370585879e+02
4.874382147772289500e+02
4.397192944935860623e+02
5.019087246807275733e+02
4.574601219296877161e+02
4.944461150476373632e+02
4.827974723229722258e+02
4.610875876776099744e+02
4.945595696408551021e+02
4.584197483267931830e+02
4.872736635313532361e+02
4.556918591778066343e+02
4.800041423530688007e+02
4.503784501318219782e+02
5.072478806315964448e+02
4.745198167076591744e+02
4.473184365097528143e+02
5.082627631664727801e+02
4.911405591406262374e+02
5.028249284402099875e+02
4.643521449581069191e+02
4.837771237295828541e+02
4.440016786635927701e+02
4.568964507307746885e+02
4.600672387486178536e+02
4.791680299135292671e+02
4.502332874125862645e+02
4.563745067730242795e+02
