#Marginalized mass distribution from initial fitting w/o bootstrap
7.639722499997366393e-10
1.884325288274088864e-02
3.332747843973941221e-02
4.417739245291218281e-02
5.205361588913072490e-02
5.756625723884604279e-02
6.128241204098717337e-02
6.372927600474781462e-02
6.539426499330708298e-02
6.672326944993565989e-02
6.811793881484121127e-02
6.993269022132776735e-02
7.247196255148255495e-02
7.598808920805368017e-02
8.068003830318888625e-02
8.669316510353269889e-02
9.412003637175572757e-02
1.030023177088163211e-01
1.133336612612824978e-01
1.250634904716682039e-01
1.381015492958403701e-01
1.523230639855936708e-01
1.675743547440677605e-01
1.836787310221389413e-01
2.004425067541054095e-01
2.176609793488432365e-01
2.351242277711447226e-01
2.526225996710405597e-01
2.699517744370852346e-01
2.869173075363692371e-01
3.033385809114845233e-01
3.190521039600918152e-01
3.339141292242312486e-01
3.478025659297215300e-01
3.606181925700474578e-01
3.722851865132309479e-01
3.827510038697868322e-01
3.919856563934520088e-01
3.999804438416652563e-01
4.067462098936264203e-01
4.123111973464631541e-01
4.167185838605693693e-01
4.200237830153073504e-01
4.222915969109958811e-01
4.235933060872576483e-01
4.240037802229859043e-01
4.235986890649197645e-01
4.224518874466790530e-01
4.206330412725149959e-01
4.182055531300080675e-01
4.152248369558861341e-01
4.117369811113439360e-01
4.077778285374801803e-01
4.033724915719706372e-01
3.985353077315674231e-01
3.932702315178773222e-01
3.875716462999878598e-01
3.814255697759026953e-01
3.748112166174255577e-01
3.677028728525539303e-01
3.600720285170590507e-01
3.518897082802643350e-01
3.431289342715049262e-01
3.337672513381592654e-01
3.237892425689771203e-01
3.131889622122251970e-01
3.019722141783671709e-01
2.901586071886370632e-01
2.777833223346661273e-01
2.648985353432566914e-01
2.515744441581815871e-01
2.378998624902975978e-01
2.239823516492360500e-01
2.099478761215626266e-01
1.959399828342283656e-01
1.821185196348498736e-01
1.686579249913399969e-01
1.557451379838388772e-01
1.435771950138661490e-01
1.323585969308437860e-01
1.222985470754050091e-01
1.136081766209437044e-01
1.064978880757019714e-01
1.011749603599332026e-01
9.784156892477240131e-02
9.669338131515085866e-02
9.791889173689689863e-02
1.016996568608358881e-01
1.082115885308443104e-01
1.176274464385247687e-01
1.301206543377356473e-01
1.458705361038986625e-01
1.650690319548281659e-01
1.879289094534998816e-01
2.146934274730325221e-01
2.456473430371133582e-01
2.811290697248300385e-01
3.215437009698506321e-01
3.673765008655578423e-01
4.192063377389441126e-01
