#Marginalized radius distribution from initial fitting w/o bootstrap
2.099540886993112451e-09
5.178483887507572686e-02
9.159024250506282716e-02
1.214078675444848765e-01
1.430532259190068212e-01
1.582030116724294500e-01
1.684157110859144379e-01
1.751401581281037678e-01
1.797158641931798084e-01
1.833682209321695344e-01
1.872010373145145123e-01
1.921883189568096839e-01
1.991667217461417227e-01
2.088297058130628714e-01
2.217240733309016887e-01
2.382492881878555402e-01
2.586597414341269552e-01
2.830699380570287360e-01
3.114624329493278498e-01
3.436982321222153969e-01
3.795292948190346904e-01
4.186127190744587945e-01
4.605261636097122135e-01
5.047840492270811996e-01
5.508540898203859726e-01
5.981737237786024508e-01
6.461660482149320650e-01
6.942548986406580358e-01
7.418787631974825825e-01
7.885032713672416316e-01
8.336320504132839204e-01
8.768157970994638895e-01
9.176594661013119936e-01
9.558275287758420946e-01
9.910473055724623448e-01
1.023110421493260924e+00
1.051872475947331242e+00
1.077251055536597724e+00
1.099222250341579166e+00
1.117815860852858556e+00
1.133109503642683036e+00
1.145221839124961782e+00
1.154305154343584050e+00
1.160537537781710427e+00
1.164114881904535714e+00
1.165242942813835336e+00
1.164129675349842241e+00
1.160978046626721660e+00
1.155979511784899216e+00
1.149308313180649188e+00
1.141116738839967226e+00
1.131531448335558743e+00
1.120650944879217237e+00
1.108544241945867537e+00
1.095250741755470436e+00
1.080781312029744479e+00
1.065120517199856121e+00
1.048229931243482849e+00
1.030052432129817230e+00
1.010517352978505423e+00
9.895463429913533560e-01
9.670597724547569385e-01
9.429835010547102936e-01
9.172558177656501277e-01
8.898343539864608243e-01
8.607027696617703949e-01
8.298770150401953982e-01
7.974109786130679778e-01
7.634013447041037015e-01
7.279915021232119532e-01
6.913743681565011068e-01
6.537940197547638110e-01
6.155460558320049458e-01
5.769766507287896751e-01
5.384802986722788676e-01
5.004962919165677482e-01
4.635040205123397983e-01
4.280172285676173694e-01
3.945774095479249177e-01
3.637465706397634557e-01
3.360996423688867862e-01
3.122168533117381517e-01
2.926764295344885247e-01
2.780480128900759684e-01
2.688872199287150044e-01
2.657317822379610672e-01
2.690997177066810631e-01
2.794899785595196251e-01
2.973860039642289843e-01
3.232625703752462498e-01
3.575962792162510340e-01
4.008799465659207417e-01
4.536410606087502573e-01
5.164643470306479189e-01
5.900183274307111425e-01
6.750855682098657606e-01
7.725960941772711532e-01
8.836631790507064599e-01
1.009620420752148195e+00
1.152058659421020259e+00
