#Akaike Information Criterion from bootstrap run
7.535132114487689705e+02
7.694474618201995781e+02
7.644332689546015445e+02
7.623876479658429162e+02
7.428643783037705361e+02
7.445089923224827544e+02
8.028489096988469100e+02
8.109195875386466241e+02
7.913779496334138912e+02
8.104341652858727230e+02
7.937096490284368429e+02
7.513925710520594521e+02
8.344389423623723587e+02
8.147659510637046196e+02
7.964178825429676181e+02
7.668494459544597248e+02
7.403077769083186013e+02
7.515691625728649115e+02
7.495597243455796388e+02
7.622359467016328836e+02
7.568483575033984607e+02
7.681605526911064317e+02
7.429825396954217922e+02
7.809976980551305132e+02
7.853952908147308563e+02
7.486811429267470430e+02
7.356997223930586642e+02
8.006389160829369303e+02
7.991797525177302077e+02
8.199590996267909304e+02
7.610444434395031976e+02
7.886230830758361208e+02
7.508501062467061047e+02
7.609453425380677345e+02
7.415892435149027051e+02
7.766373205672163067e+02
8.019263385675950531e+02
7.594898101134861008e+02
7.444256776135052860e+02
7.971079779789522490e+02
7.421083052639071411e+02
8.104324833069257465e+02
8.208745641459340732e+02
7.243723482861755656e+02
7.986146388403054743e+02
7.822423241124956803e+02
7.870239449088369383e+02
7.534893934120129870e+02
7.392785321640310485e+02
7.954948983293131732e+02
