0.000000000000000000e+00
0.000000000000000000e+00
0.000000000000000000e+00
0.000000000000000000e+00
0.000000000000000000e+00
0.000000000000000000e+00
0.000000000000000000e+00
0.000000000000000000e+00
0.000000000000000000e+00
0.000000000000000000e+00
0.000000000000000000e+00
0.000000000000000000e+00
0.000000000000000000e+00
0.000000000000000000e+00
0.000000000000000000e+00
0.000000000000000000e+00
0.000000000000000000e+00
0.000000000000000000e+00
0.000000000000000000e+00
0.000000000000000000e+00
0.000000000000000000e+00
0.000000000000000000e+00
0.000000000000000000e+00
0.000000000000000000e+00
0.000000000000000000e+00
0.000000000000000000e+00
0.000000000000000000e+00
0.000000000000000000e+00
0.000000000000000000e+00
0.000000000000000000e+00
0.000000000000000000e+00
6.851459992119855735e-02
0.000000000000000000e+00
0.000000000000000000e+00
0.000000000000000000e+00
0.000000000000000000e+00
0.000000000000000000e+00
0.000000000000000000e+00
0.000000000000000000e+00
0.000000000000000000e+00
0.000000000000000000e+00
0.000000000000000000e+00
0.000000000000000000e+00
0.000000000000000000e+00
0.000000000000000000e+00
0.000000000000000000e+00
0.000000000000000000e+00
0.000000000000000000e+00
0.000000000000000000e+00
0.000000000000000000e+00
0.000000000000000000e+00
0.000000000000000000e+00
0.000000000000000000e+00
0.000000000000000000e+00
0.000000000000000000e+00
0.000000000000000000e+00
0.000000000000000000e+00
0.000000000000000000e+00
0.000000000000000000e+00
0.000000000000000000e+00
0.000000000000000000e+00
1.494073780151119980e-10
9.945110430027671519e-11
0.000000000000000000e+00
0.000000000000000000e+00
0.000000000000000000e+00
0.000000000000000000e+00
0.000000000000000000e+00
0.000000000000000000e+00
0.000000000000000000e+00
0.000000000000000000e+00
0.000000000000000000e+00
0.000000000000000000e+00
0.000000000000000000e+00
0.000000000000000000e+00
0.000000000000000000e+00
0.000000000000000000e+00
0.000000000000000000e+00
0.000000000000000000e+00
0.000000000000000000e+00
0.000000000000000000e+00
0.000000000000000000e+00
0.000000000000000000e+00
0.000000000000000000e+00
0.000000000000000000e+00
0.000000000000000000e+00
0.000000000000000000e+00
0.000000000000000000e+00
0.000000000000000000e+00
0.000000000000000000e+00
0.000000000000000000e+00
2.997537038819175293e-10
2.522938282528225601e-10
1.017348553829428882e-10
0.000000000000000000e+00
0.000000000000000000e+00
0.000000000000000000e+00
0.000000000000000000e+00
0.000000000000000000e+00
0.000000000000000000e+00
0.000000000000000000e+00
0.000000000000000000e+00
0.000000000000000000e+00
0.000000000000000000e+00
0.000000000000000000e+00
0.000000000000000000e+00
0.000000000000000000e+00
0.000000000000000000e+00
0.000000000000000000e+00
0.000000000000000000e+00
0.000000000000000000e+00
0.000000000000000000e+00
0.000000000000000000e+00
0.000000000000000000e+00
0.000000000000000000e+00
0.000000000000000000e+00
0.000000000000000000e+00
0.000000000000000000e+00
0.000000000000000000e+00
0.000000000000000000e+00
0.000000000000000000e+00
3.707264380802877991e-10
3.308566591440312721e-10
1.640428247443547188e-10
1.797704873011301066e-11
0.000000000000000000e+00
0.000000000000000000e+00
0.000000000000000000e+00
0.000000000000000000e+00
0.000000000000000000e+00
0.000000000000000000e+00
0.000000000000000000e+00
0.000000000000000000e+00
0.000000000000000000e+00
0.000000000000000000e+00
0.000000000000000000e+00
0.000000000000000000e+00
0.000000000000000000e+00
0.000000000000000000e+00
0.000000000000000000e+00
0.000000000000000000e+00
0.000000000000000000e+00
0.000000000000000000e+00
0.000000000000000000e+00
0.000000000000000000e+00
0.000000000000000000e+00
0.000000000000000000e+00
0.000000000000000000e+00
0.000000000000000000e+00
0.000000000000000000e+00
0.000000000000000000e+00
3.259500949940333453e-10
0.000000000000000000e+00
1.596173061515452230e-10
3.161981837150054046e-11
0.000000000000000000e+00
0.000000000000000000e+00
0.000000000000000000e+00
0.000000000000000000e+00
0.000000000000000000e+00
0.000000000000000000e+00
0.000000000000000000e+00
0.000000000000000000e+00
0.000000000000000000e+00
0.000000000000000000e+00
0.000000000000000000e+00
0.000000000000000000e+00
0.000000000000000000e+00
0.000000000000000000e+00
0.000000000000000000e+00
0.000000000000000000e+00
0.000000000000000000e+00
0.000000000000000000e+00
0.000000000000000000e+00
0.000000000000000000e+00
0.000000000000000000e+00
0.000000000000000000e+00
0.000000000000000000e+00
0.000000000000000000e+00
0.000000000000000000e+00
0.000000000000000000e+00
2.061298769223180631e-10
1.999408346186297555e-10
3.958551467668292717e-02
2.688982397377082546e-11
0.000000000000000000e+00
0.000000000000000000e+00
0.000000000000000000e+00
0.000000000000000000e+00
0.000000000000000000e+00
0.000000000000000000e+00
0.000000000000000000e+00
0.000000000000000000e+00
0.000000000000000000e+00
0.000000000000000000e+00
0.000000000000000000e+00
0.000000000000000000e+00
0.000000000000000000e+00
0.000000000000000000e+00
0.000000000000000000e+00
0.000000000000000000e+00
0.000000000000000000e+00
0.000000000000000000e+00
0.000000000000000000e+00
0.000000000000000000e+00
0.000000000000000000e+00
0.000000000000000000e+00
0.000000000000000000e+00
0.000000000000000000e+00
0.000000000000000000e+00
0.000000000000000000e+00
7.344541595112239439e-11
8.820601651629545424e-11
5.478855874539755640e-11
3.517293733496850705e-01
0.000000000000000000e+00
0.000000000000000000e+00
0.000000000000000000e+00
0.000000000000000000e+00
0.000000000000000000e+00
0.000000000000000000e+00
0.000000000000000000e+00
0.000000000000000000e+00
0.000000000000000000e+00
0.000000000000000000e+00
0.000000000000000000e+00
0.000000000000000000e+00
0.000000000000000000e+00
0.000000000000000000e+00
0.000000000000000000e+00
0.000000000000000000e+00
0.000000000000000000e+00
0.000000000000000000e+00
0.000000000000000000e+00
0.000000000000000000e+00
0.000000000000000000e+00
0.000000000000000000e+00
0.000000000000000000e+00
0.000000000000000000e+00
0.000000000000000000e+00
0.000000000000000000e+00
0.000000000000000000e+00
4.078323221601526209e-12
1.940592202753224031e-11
0.000000000000000000e+00
3.942389475517101526e-11
2.806725958453290624e-11
3.569669828284126323e-12
0.000000000000000000e+00
0.000000000000000000e+00
0.000000000000000000e+00
0.000000000000000000e+00
0.000000000000000000e+00
0.000000000000000000e+00
0.000000000000000000e+00
0.000000000000000000e+00
0.000000000000000000e+00
0.000000000000000000e+00
0.000000000000000000e+00
0.000000000000000000e+00
0.000000000000000000e+00
0.000000000000000000e+00
0.000000000000000000e+00
0.000000000000000000e+00
0.000000000000000000e+00
0.000000000000000000e+00
0.000000000000000000e+00
0.000000000000000000e+00
0.000000000000000000e+00
0.000000000000000000e+00
0.000000000000000000e+00
0.000000000000000000e+00
0.000000000000000000e+00
1.023519467185202928e-11
6.184005537463940771e-11
0.000000000000000000e+00
9.380103889328477058e-11
7.319761103800415461e-11
4.814794653333056770e-11
3.180687617720121332e-11
2.594630806492242026e-11
2.306303294737457096e-11
1.465066833990355186e-11
0.000000000000000000e+00
0.000000000000000000e+00
0.000000000000000000e+00
0.000000000000000000e+00
0.000000000000000000e+00
0.000000000000000000e+00
0.000000000000000000e+00
0.000000000000000000e+00
0.000000000000000000e+00
0.000000000000000000e+00
0.000000000000000000e+00
0.000000000000000000e+00
0.000000000000000000e+00
0.000000000000000000e+00
0.000000000000000000e+00
0.000000000000000000e+00
0.000000000000000000e+00
0.000000000000000000e+00
0.000000000000000000e+00
0.000000000000000000e+00
1.834256709601312860e-11
9.749757597979065524e-11
9.441485562873590948e-03
1.639782315923605854e-10
1.508049703129442929e-10
1.317420636150938920e-10
1.220293374930568912e-10
1.227210269152668965e-10
1.240339853835457657e-10
1.135398692348377116e-10
8.514134585075119888e-11
4.052788210280947045e-11
0.000000000000000000e+00
0.000000000000000000e+00
0.000000000000000000e+00
0.000000000000000000e+00
0.000000000000000000e+00
0.000000000000000000e+00
0.000000000000000000e+00
0.000000000000000000e+00
0.000000000000000000e+00
0.000000000000000000e+00
0.000000000000000000e+00
0.000000000000000000e+00
0.000000000000000000e+00
0.000000000000000000e+00
0.000000000000000000e+00
0.000000000000000000e+00
0.000000000000000000e+00
0.000000000000000000e+00
2.816919003523936978e-11
1.259689027520189287e-10
1.945602853545752358e-10
5.383537143502500552e-10
2.205785497001532631e-10
2.130116801855522343e-10
2.144285501621352643e-10
2.253063313327284935e-10
2.331628581123812568e-10
2.228813877537961629e-10
1.876989372221214486e-10
1.284021809166177412e-10
5.891291626967097052e-11
0.000000000000000000e+00
0.000000000000000000e+00
0.000000000000000000e+00
0.000000000000000000e+00
0.000000000000000000e+00
0.000000000000000000e+00
0.000000000000000000e+00
0.000000000000000000e+00
0.000000000000000000e+00
0.000000000000000000e+00
0.000000000000000000e+00
0.000000000000000000e+00
0.000000000000000000e+00
0.000000000000000000e+00
0.000000000000000000e+00
0.000000000000000000e+00
0.000000000000000000e+00
2.763371519118123197e-11
1.348757702153083196e-10
2.097462870501534161e-10
2.525030498902333881e-10
8.722483732641090216e-10
2.721415099852755220e-10
2.883129015443638889e-10
3.126027564381112997e-10
3.309841395812620091e-10
3.268267601997130794e-10
2.907099660367243538e-10
2.246883107664325672e-10
1.420809771562409540e-10
5.761472045233266039e-11
0.000000000000000000e+00
0.000000000000000000e+00
0.000000000000000000e+00
0.000000000000000000e+00
0.000000000000000000e+00
0.000000000000000000e+00
0.000000000000000000e+00
0.000000000000000000e+00
0.000000000000000000e+00
0.000000000000000000e+00
0.000000000000000000e+00
0.000000000000000000e+00
0.000000000000000000e+00
0.000000000000000000e+00
0.000000000000000000e+00
0.000000000000000000e+00
1.178785811773190237e-11
1.197054307518479344e-10
1.962150168889333036e-10
2.418354848618224900e-10
2.695447268231715605e-10
2.925247639756577535e-10
2.861129252573382242e-01
4.546779134997770005e-02
4.008990003557627536e-10
4.120768792890223877e-10
3.869954315992562297e-10
3.265418904800757071e-10
2.406507198512508952e-10
1.448782759749410107e-10
5.358506383736441354e-11
0.000000000000000000e+00
0.000000000000000000e+00
0.000000000000000000e+00
0.000000000000000000e+00
0.000000000000000000e+00
0.000000000000000000e+00
0.000000000000000000e+00
0.000000000000000000e+00
0.000000000000000000e+00
0.000000000000000000e+00
0.000000000000000000e+00
0.000000000000000000e+00
0.000000000000000000e+00
0.000000000000000000e+00
0.000000000000000000e+00
0.000000000000000000e+00
6.093159589789988884e-11
1.396977894809885460e-10
1.954619624470766434e-10
2.315700904008356417e-10
2.688504853923354317e-10
3.182315545655805059e-10
3.784893803383658105e-10
0.000000000000000000e+00
4.747896493330865239e-10
4.775690390055339993e-10
4.368413623151120358e-10
3.602049527537599287e-10
2.594345437365367085e-10
1.515088406703292076e-10
5.168926385308201480e-11
0.000000000000000000e+00
0.000000000000000000e+00
0.000000000000000000e+00
0.000000000000000000e+00
0.000000000000000000e+00
0.000000000000000000e+00
0.000000000000000000e+00
0.000000000000000000e+00
0.000000000000000000e+00
0.000000000000000000e+00
0.000000000000000000e+00
0.000000000000000000e+00
0.000000000000000000e+00
0.000000000000000000e+00
0.000000000000000000e+00
1.028680147384082935e-11
7.185750934472041277e-11
1.210107410530201176e-10
1.626519435800430780e-10
2.103172735048856358e-10
2.747305488488095476e-10
3.566684144142256811e-10
4.449629398832922068e-10
5.203559156304114579e-10
5.625112876647794975e-10
5.575196228735124519e-10
5.020569684577454953e-10
4.029935630755094320e-10
2.789809185447682032e-10
1.515711987734260800e-10
3.923380254033416448e-11
0.000000000000000000e+00
0.000000000000000000e+00
0.000000000000000000e+00
0.000000000000000000e+00
0.000000000000000000e+00
0.000000000000000000e+00
0.000000000000000000e+00
0.000000000000000000e+00
0.000000000000000000e+00
0.000000000000000000e+00
0.000000000000000000e+00
0.000000000000000000e+00
0.000000000000000000e+00
0.000000000000000000e+00
0.000000000000000000e+00
0.000000000000000000e+00
4.039302237722269210e-11
8.166393683991537110e-11
1.350119728320118727e-10
2.116603755430285488e-10
3.142553344233882254e-10
4.348767992949284771e-10
5.535652846484426237e-10
6.442987405414353193e-10
6.831057356530552231e-10
6.564491582779962081e-10
5.648875967972254901e-10
4.269197979041414095e-10
2.699378074090883059e-10
1.226119689398073040e-10
5.191739944990789515e-12
0.000000000000000000e+00
0.000000000000000000e+00
0.000000000000000000e+00
0.000000000000000000e+00
0.000000000000000000e+00
0.000000000000000000e+00
0.000000000000000000e+00
0.000000000000000000e+00
0.000000000000000000e+00
0.000000000000000000e+00
0.000000000000000000e+00
0.000000000000000000e+00
0.000000000000000000e+00
0.000000000000000000e+00
0.000000000000000000e+00
0.000000000000000000e+00
6.382955241898799655e-12
6.120461161505713534e-11
1.451779869332357883e-10
2.643448074943612145e-10
4.129096521198193396e-10
5.712933708272024480e-10
7.085068945430166151e-10
7.914926816947711382e-10
7.960300100681038825e-10
7.167149413916902101e-10
5.693045673114082144e-10
3.867562244161420635e-10
2.067706436520872501e-10
5.833691217302426710e-11
0.000000000000000000e+00
0.000000000000000000e+00
0.000000000000000000e+00
0.000000000000000000e+00
0.000000000000000000e+00
0.000000000000000000e+00
0.000000000000000000e+00
0.000000000000000000e+00
0.000000000000000000e+00
0.000000000000000000e+00
0.000000000000000000e+00
0.000000000000000000e+00
0.000000000000000000e+00
0.000000000000000000e+00
0.000000000000000000e+00
0.000000000000000000e+00
0.000000000000000000e+00
0.000000000000000000e+00
8.516274057315711531e-11
2.117765187542743456e-10
3.763867724929098471e-10
5.600912477815014542e-10
7.299938776325501453e-10
7.107541835923819606e-02
3.983795479275582807e-02
8.158705762240504693e-10
6.679814783394638503e-10
4.716670207667751765e-10
2.703505038414955822e-10
1.009741173341210290e-10
0.000000000000000000e+00
0.000000000000000000e+00
0.000000000000000000e+00
0.000000000000000000e+00
0.000000000000000000e+00
0.000000000000000000e+00
0.000000000000000000e+00
0.000000000000000000e+00
0.000000000000000000e+00
0.000000000000000000e+00
0.000000000000000000e+00
0.000000000000000000e+00
0.000000000000000000e+00
0.000000000000000000e+00
0.000000000000000000e+00
0.000000000000000000e+00
0.000000000000000000e+00
0.000000000000000000e+00
3.277668862030854759e-11
1.549004479100678927e-10
3.178537886656929677e-10
5.054103160967828370e-10
6.855462609061898673e-10
8.188042185498323276e-10
0.000000000000000000e+00
8.227757987827588864e-10
6.864960689840403580e-10
4.946165820499017884e-10
2.927100242165080928e-10
1.205937150557486641e-10
0.000000000000000000e+00
0.000000000000000000e+00
0.000000000000000000e+00
0.000000000000000000e+00
0.000000000000000000e+00
0.000000000000000000e+00
0.000000000000000000e+00
0.000000000000000000e+00
0.000000000000000000e+00
0.000000000000000000e+00
0.000000000000000000e+00
0.000000000000000000e+00
0.000000000000000000e+00
0.000000000000000000e+00
0.000000000000000000e+00
0.000000000000000000e+00
0.000000000000000000e+00
0.000000000000000000e+00
0.000000000000000000e+00
9.097942379493624814e-11
2.343494725380780184e-10
4.021907575368558049e-10
5.678191297433062739e-10
6.959529906172936056e-10
7.535584941077157727e-10
7.228035654881681711e-10
6.095877900511226981e-10
4.426342049390874197e-10
2.639802847767270784e-10
1.119140206159616961e-10
7.850830249301384706e-12
0.000000000000000000e+00
0.000000000000000000e+00
0.000000000000000000e+00
0.000000000000000000e+00
0.000000000000000000e+00
0.000000000000000000e+00
0.000000000000000000e+00
0.000000000000000000e+00
0.000000000000000000e+00
0.000000000000000000e+00
0.000000000000000000e+00
0.000000000000000000e+00
0.000000000000000000e+00
0.000000000000000000e+00
0.000000000000000000e+00
0.000000000000000000e+00
0.000000000000000000e+00
0.000000000000000000e+00
2.268004263466572891e-11
1.332314353496920995e-10
2.647471637280191708e-10
3.967745399593378955e-10
5.022813842839725200e-10
5.543240385124211444e-10
5.375456154214940975e-10
4.546556358818004380e-10
3.283240280516785568e-10
1.931389841064939201e-10
8.168145170927166437e-11
1.254815033245604023e-11
0.000000000000000000e+00
0.000000000000000000e+00
0.000000000000000000e+00
0.000000000000000000e+00
0.000000000000000000e+00
0.000000000000000000e+00
0.000000000000000000e+00
0.000000000000000000e+00
0.000000000000000000e+00
0.000000000000000000e+00
0.000000000000000000e+00
0.000000000000000000e+00
0.000000000000000000e+00
0.000000000000000000e+00
0.000000000000000000e+00
0.000000000000000000e+00
0.000000000000000000e+00
0.000000000000000000e+00
0.000000000000000000e+00
3.207293041347398111e-11
1.209608383305493286e-10
2.115769901824411355e-10
2.857506447072691042e-10
3.250485851532695708e-10
3.180999296164676443e-10
2.665951434084731439e-10
1.865649639611673561e-10
1.041308561103418190e-10
4.490518095476953801e-11
2.266000901797308488e-11
3.132343972721762185e-11
4.664790354223780338e-11
4.078967757770212213e-11
1.100293172681199652e-12
0.000000000000000000e+00
0.000000000000000000e+00
0.000000000000000000e+00
0.000000000000000000e+00
0.000000000000000000e+00
0.000000000000000000e+00
0.000000000000000000e+00
0.000000000000000000e+00
0.000000000000000000e+00
0.000000000000000000e+00
0.000000000000000000e+00
0.000000000000000000e+00
0.000000000000000000e+00
0.000000000000000000e+00
0.000000000000000000e+00
0.000000000000000000e+00
0.000000000000000000e+00
5.208263972146043655e-11
9.635137151395029975e-11
1.212190891470465081e-10
1.202008830502850154e-10
9.467143988713187623e-11
5.608579272124887549e-11
2.316956268534067168e-11
1.575888973080665639e-11
4.227552604148677572e-11
9.199119999005623410e-11
1.341292198091107758e-10
1.335657078729547914e-10
7.775477053463910639e-11
0.000000000000000000e+00
0.000000000000000000e+00
0.000000000000000000e+00
0.000000000000000000e+00
0.000000000000000000e+00
0.000000000000000000e+00
0.000000000000000000e+00
0.000000000000000000e+00
0.000000000000000000e+00
0.000000000000000000e+00
0.000000000000000000e+00
0.000000000000000000e+00
0.000000000000000000e+00
0.000000000000000000e+00
0.000000000000000000e+00
0.000000000000000000e+00
0.000000000000000000e+00
0.000000000000000000e+00
0.000000000000000000e+00
0.000000000000000000e+00
0.000000000000000000e+00
0.000000000000000000e+00
0.000000000000000000e+00
0.000000000000000000e+00
0.000000000000000000e+00
6.306551996934899734e-11
1.459288303751546259e-10
2.096508296438645948e-10
2.135442326354992709e-10
1.441548986740915934e-10
3.126953413879634582e-11
0.000000000000000000e+00
0.000000000000000000e+00
0.000000000000000000e+00
0.000000000000000000e+00
0.000000000000000000e+00
0.000000000000000000e+00
0.000000000000000000e+00
0.000000000000000000e+00
0.000000000000000000e+00
0.000000000000000000e+00
0.000000000000000000e+00
0.000000000000000000e+00
0.000000000000000000e+00
0.000000000000000000e+00
0.000000000000000000e+00
0.000000000000000000e+00
0.000000000000000000e+00
0.000000000000000000e+00
0.000000000000000000e+00
0.000000000000000000e+00
0.000000000000000000e+00
0.000000000000000000e+00
0.000000000000000000e+00
0.000000000000000000e+00
6.845586939952105158e-11
1.649932630469052187e-10
2.373716980472103137e-10
2.441731656428557497e-10
1.718785587421774001e-10
5.304649010124588924e-11
0.000000000000000000e+00
0.000000000000000000e+00
0.000000000000000000e+00
0.000000000000000000e+00
0.000000000000000000e+00
0.000000000000000000e+00
0.000000000000000000e+00
0.000000000000000000e+00
0.000000000000000000e+00
0.000000000000000000e+00
0.000000000000000000e+00
0.000000000000000000e+00
0.000000000000000000e+00
0.000000000000000000e+00
0.000000000000000000e+00
0.000000000000000000e+00
0.000000000000000000e+00
0.000000000000000000e+00
0.000000000000000000e+00
0.000000000000000000e+00
0.000000000000000000e+00
0.000000000000000000e+00
0.000000000000000000e+00
0.000000000000000000e+00
6.585654086105894364e-11
1.530231484636655846e-10
2.187180204862789216e-10
2.582069024856521039e-02
1.728025419086317953e-10
7.670381573686912632e-11
0.000000000000000000e+00
0.000000000000000000e+00
0.000000000000000000e+00
0.000000000000000000e+00
0.000000000000000000e+00
0.000000000000000000e+00
0.000000000000000000e+00
0.000000000000000000e+00
0.000000000000000000e+00
0.000000000000000000e+00
0.000000000000000000e+00
0.000000000000000000e+00
0.000000000000000000e+00
0.000000000000000000e+00
0.000000000000000000e+00
0.000000000000000000e+00
0.000000000000000000e+00
0.000000000000000000e+00
0.000000000000000000e+00
0.000000000000000000e+00
0.000000000000000000e+00
1.146236472335520219e-11
4.696529769735835035e-11
9.794370600202471216e-11
1.646071551108493946e-10
2.376854634674450441e-10
2.981137428759064300e-10
1.208439633187513009e-09
3.077053564053323529e-10
2.611374968345591069e-10
2.074897676650834565e-10
1.591935925818215762e-10
0.000000000000000000e+00
0.000000000000000000e+00
0.000000000000000000e+00
3.330408292759800756e-12
9.824439501740522308e-12
1.703122910171224469e-11
2.552242823957188642e-11
3.541758468401717472e-11
4.691627215881960609e-11
6.029360977909082805e-11
7.600087442893768263e-11
9.422198906883997704e-11
1.157228010825446605e-10
1.409701228870881198e-10
1.705506167845279638e-10
2.053292703337115509e-10
2.461489316359961746e-10
2.939784091954646995e-10
3.500029043920402892e-10
4.157325179419355801e-10
4.928575122330772175e-10
5.826052130304231998e-10
6.836291180836577032e-10
7.907425211240381134e-10
8.937096756360531991e-10
6.241424911875154136e-02
0.000000000000000000e+00
1.056743983769662808e-09
1.035251216957900375e-09
9.619611372829143126e-10
0.000000000000000000e+00
0.000000000000000000e+00
0.000000000000000000e+00
0.000000000000000000e+00
0.000000000000000000e+00
0.000000000000000000e+00
0.000000000000000000e+00
0.000000000000000000e+00
0.000000000000000000e+00
0.000000000000000000e+00
0.000000000000000000e+00
0.000000000000000000e+00
0.000000000000000000e+00
0.000000000000000000e+00
0.000000000000000000e+00
0.000000000000000000e+00
0.000000000000000000e+00
0.000000000000000000e+00
0.000000000000000000e+00
0.000000000000000000e+00
0.000000000000000000e+00
0.000000000000000000e+00
0.000000000000000000e+00
0.000000000000000000e+00
0.000000000000000000e+00
0.000000000000000000e+00
0.000000000000000000e+00
0.000000000000000000e+00
0.000000000000000000e+00
0.000000000000000000e+00
0.000000000000000000e+00
