2.212254246333392075e+03
2.170010305245857126e+03
2.190788204105382647e+03
2.184342807915817048e+03
2.187106552783606730e+03
2.227179289563433940e+03
2.215275780671213852e+03
2.245304179509929781e+03
2.179522762153874737e+03
2.212054228720355695e+03
2.228602215737127153e+03
2.185688500583119094e+03
2.170122719685835364e+03
2.248991229021368781e+03
2.199173304754259789e+03
2.162201514007658716e+03
2.141820280097452724e+03
2.206150548749222708e+03
2.226747243412040916e+03
2.190459745430408930e+03
2.196221732228753808e+03
2.216606275621161785e+03
2.224588281107629882e+03
2.208279766888335871e+03
2.239534014599672446e+03
2.168151686371450523e+03
2.188764706293580275e+03
2.182907985752480272e+03
2.214122855525678460e+03
2.170279489651050426e+03
2.181551274970963277e+03
2.213041922907914795e+03
2.206858176845171329e+03
2.192625516678122949e+03
2.188349661366156852e+03
2.146779697789580496e+03
2.237797235786573310e+03
2.231631141480729639e+03
2.175370028723380528e+03
2.219197509100412844e+03
2.200677324155599763e+03
2.170428087716685695e+03
2.174537723871573689e+03
2.208400065187242035e+03
2.189315915414832943e+03
2.173476984497841840e+03
2.262597865273952266e+03
2.225408711668519572e+03
2.203005234478927832e+03
2.199788107286607101e+03
2.209243979231068352e+03
2.158779620054735915e+03
2.189650790439764023e+03
2.170525982754953475e+03
2.242158995562971086e+03
2.150047913341968979e+03
2.146213160464732937e+03
2.155737131707501703e+03
2.177604264169605813e+03
2.225912603789034165e+03
2.251646874429067338e+03
2.199061213588178362e+03
2.211919453600672568e+03
2.186647017625477019e+03
2.217312983332853037e+03
2.239983143729175481e+03
2.161862092711015066e+03
2.245977112338408460e+03
2.232777893866875729e+03
2.224252871225810850e+03
2.238336551641642018e+03
2.200122114916697683e+03
2.171514660947158518e+03
2.193861790500820916e+03
2.220148283874021217e+03
2.195707378651637555e+03
2.193650451587417592e+03
2.228519060862484821e+03
2.243703737793982782e+03
2.233277791825129952e+03
2.246169825690209109e+03
2.243885437182168516e+03
2.127017861624362922e+03
2.233174233385874686e+03
2.210402242212671808e+03
2.207775943876466954e+03
2.239822873849620464e+03
2.186438436026322961e+03
2.221093126236815806e+03
2.197526108612434655e+03
2.146210291997479544e+03
2.168488953319623761e+03
2.166041768010162286e+03
2.228799190428439942e+03
2.187432482351376620e+03
2.187803501080079968e+03
2.214985706444609150e+03
2.252939237630644584e+03
2.205192236462758046e+03
2.190958214952197068e+03
