3.230888362179124670e+03
3.188644421091589720e+03
3.209422319951115242e+03
3.202976923761549642e+03
3.205740668629339325e+03
3.245813405409166535e+03
3.233909896516946446e+03
3.263938295355662376e+03
3.198156877999607332e+03
3.230688344566088290e+03
3.247236331582859748e+03
3.204322616428851688e+03
3.188756835531567958e+03
3.267625344867101376e+03
3.217807420599992383e+03
3.180835629853391310e+03
3.160454395943185318e+03
3.224784664594955302e+03
3.245381359257773511e+03
3.209093861276141524e+03
3.214855848074486403e+03
3.235240391466894380e+03
3.243222396953362477e+03
3.226913882734068466e+03
3.258168130445405041e+03
3.186785802217183118e+03
3.207398822139312870e+03
3.201542101598212867e+03
3.232756971371411055e+03
3.188913605496783020e+03
3.200185390816695872e+03
3.231676038753647390e+03
3.225492292690903923e+03
3.211259632523855544e+03
3.206983777211889446e+03
3.165413813635313090e+03
3.256431351632305905e+03
3.250265257326462233e+03
3.194004144569113123e+03
3.237831624946145439e+03
3.219311440001332357e+03
3.189062203562418290e+03
3.193171839717306284e+03
3.227034181032974629e+03
3.207950031260565538e+03
3.192111100343574435e+03
3.281231981119684860e+03
3.244042827514252167e+03
3.221639350324660427e+03
3.218422223132339695e+03
3.227878095076800946e+03
3.177413735900468509e+03
3.208284906285496618e+03
3.189160098600686069e+03
3.260793111408703680e+03
3.168682029187701573e+03
3.164847276310465531e+03
3.174371247553234298e+03
3.196238380015338407e+03
3.244546719634766760e+03
3.270280990274799933e+03
3.217695329433910956e+03
3.230553569446405163e+03
3.205281133471209614e+03
3.235947099178585631e+03
3.258617259574908076e+03
3.180496208556747661e+03
3.264611228184141055e+03
3.251412009712608324e+03
3.242886987071543444e+03
3.256970667487374612e+03
3.218756230762430278e+03
3.190148776792891113e+03
3.212495906346553511e+03
3.238782399719753812e+03
3.214341494497370149e+03
3.212284567433150187e+03
3.247153176708217416e+03
3.262337853639715377e+03
3.251911907670862547e+03
3.264803941535941703e+03
3.262519553027901111e+03
3.145651977470095517e+03
3.251808349231607281e+03
3.229036358058404403e+03
3.226410059722199549e+03
3.258456989695353059e+03
3.205072551872055556e+03
3.239727242082548401e+03
3.216160224458167249e+03
3.164844407843212139e+03
3.187123069165356355e+03
3.184675883855894881e+03
3.247433306274172537e+03
3.206066598197109215e+03
3.206437616925812563e+03
3.233619822290341745e+03
3.271573353476377179e+03
3.223826352308490641e+03
3.209592330797929662e+03
