-1.057680197849196313e+00
-1.057671730269364785e+00
-1.057103485933912568e+00
-1.050611834843467207e+00
-1.012530127511106492e+00
-7.917942781038199707e-01
-1.222463241646489507e-01
9.488624794444169841e-02
1.851185912346538787e-01
2.254550299513309874e-01
2.444800582507684616e-01
2.542018352677908322e-01
2.597791759173894710e-01
2.635153277165325769e-01
2.665013899225956440e-01
2.692988834310255930e-01
2.722341153951369219e-01
2.755335532721184810e-01
2.793933679266608072e-01
2.840230870714687827e-01
2.896824896871832977e-01
2.967232295847143098e-01
3.056450910160885548e-01
3.171790063200327081e-01
3.324150858687797139e-01
3.530053335300282202e-01
3.814874351937803665e-01
4.217777732504044974e-01
4.797162751545810955e-01
5.624454738825882538e-01
6.720892478699365125e-01
7.941152437798254526e-01
9.060501462810950368e-01
9.978284429253830856e-01
1.069804400735421046e+00
1.125217998663504693e+00
1.167407467764369322e+00
1.199250042914025594e+00
1.223123199910715275e+00
1.240948729117626437e+00
1.254246083161630887e+00
1.264189764576349351e+00
1.271669292628128778e+00
1.277347330903184863e+00
1.281711650071947872e+00
1.285118585097240640e+00
1.287827643817683665e+00
1.290028188749726468e+00
1.291859668129977878e+00
1.293426981607242121e+00
1.294812482335529147e+00
1.296086015175996309e+00
1.297314386386590801e+00
1.298571851430001312e+00
1.299953720758372455e+00
1.301596237018197266e+00
1.303707896722206661e+00
1.306621265768120432e+00
1.310882084403475867e+00
1.317409103273058824e+00
1.327797930118091108e+00
1.344953144324673611e+00
1.374616087855911495e+00
1.430183452056273286e+00
1.558850797179700098e+00
1.939035226156865965e+00
2.128861511424225750e+00
2.220931261997670880e+00
2.276328498215930640e+00
2.310857272042018185e+00
2.332307255931699075e+00
2.345712768285105110e+00
2.354344239887500745e+00
2.360209666890606961e+00
2.364492478553159138e+00
2.367873681273592101e+00
2.370738788867615465e+00
2.373302810159501064e+00
2.375683741719484043e+00
2.377945156711905206e+00
2.380120594708554194e+00
2.382227352093447603e+00
2.384274162540079178e+00
2.386265397509111708e+00
2.388203313095095037e+00
2.390089218766429546e+00
2.391924063090744568e+00
2.393708711682740464e+00
2.395444067392010101e+00
2.397131112649022899e+00
2.398770915423312555e+00
2.400364619622938456e+00
2.401913429993748128e+00
2.403418596122719908e+00
2.404881397486161365e+00
2.406303130241105759e+00
2.407685095924607666e+00
2.409028592145346259e+00
2.410334908202488080e+00
2.411605294294155488e+00
