-1.597538709838763449e+00
-1.597537706682105707e+00
-1.597470317237249526e+00
-1.596710648892551987e+00
-1.592616389686889455e+00
-1.577970525927526735e+00
-1.538395599527788926e+00
-1.450171202472098075e+00
-1.254049395574339254e+00
-7.707014246948523661e-01
-6.046871878040621651e-01
-5.495269222466540038e-01
-5.247913140862211501e-01
-5.122254288098381236e-01
-5.052682945622195554e-01
-5.010940549054199167e-01
-4.983526969656371652e-01
-4.963481020115880771e-01
-4.946946358996834325e-01
-4.931593448540677049e-01
-4.915831316660299044e-01
-4.898372820042001807e-01
-4.877957270115209631e-01
-4.853133279558983770e-01
-4.822047442344590817e-01
-4.782203482754865398e-01
-4.730165874674985838e-01
-4.661189075347366151e-01
-4.568763476918730193e-01
-4.444085070004646365e-01
-4.275475452022603484e-01
-4.047786465847493798e-01
-3.741779832944084339e-01
-3.333317031508332695e-01
-2.791914383036369074e-01
-2.078152714735750917e-01
-1.141937367966527478e-01
5.845551808891532794e-03
1.442451829850412703e-01
2.692477978307982744e-01
3.595492988244158306e-01
4.202258665115681802e-01
4.612059277170089122e-01
4.894687261245299625e-01
5.093709299113481359e-01
5.236515749251762220e-01
5.340800420786154801e-01
5.418291430415624887e-01
5.476927397117477003e-01
5.522173480127205991e-01
5.557847196982779181e-01
5.586654359550270454e-01
5.610548428298969270e-01
5.630980953122887156e-01
5.649086453235857563e-01
5.665832568782473988e-01
5.682161257796561893e-01
5.699147642252119228e-01
5.718210015528433221e-01
5.741419090808316250e-01
5.771979447664412621e-01
5.814993859012917987e-01
5.878670070701795813e-01
5.976173005702870578e-01
6.128312621506325497e-01
6.367102734979990242e-01
6.739961380988205297e-01
7.314786962335358966e-01
8.190882884930689167e-01
9.543228893090954790e-01
1.186957014034248026e+00
1.616545444211435534e+00
1.784779163358748644e+00
1.846789341673261697e+00
1.877971526675035419e+00
1.895900932465106825e+00
1.907368209721020946e+00
1.915584176836678365e+00
1.922213183580875784e+00
1.928158248501201211e+00
1.933923633666212005e+00
1.939800236031614000e+00
1.945965670249658386e+00
1.952539744566648805e+00
1.959615612815607477e+00
1.967277468812658192e+00
1.975610808067719493e+00
1.984708595465606740e+00
1.994675086885274951e+00
2.005628011649970510e+00
2.017698994188298567e+00
2.031031227392110061e+00
2.045772313730096492e+00
2.062058818419577388e+00
2.079987884068494886e+00
2.099571955989679051e+00
2.120679027567902608e+00
2.142976835181233497e+00
2.165920154661115316e+00
2.188819735186598336e+00
