7.439557093255561027e-02
7.439606702226446433e-02
7.442932079351484431e-02
7.480239839427373083e-02
7.675824943603508366e-02
8.306297215804046841e-02
9.591232893856321828e-02
1.119130995967318465e-01
1.247508615357092038e-01
1.325117537793465139e-01
1.366488121963059521e-01
1.387879648505124797e-01
1.399082082238510827e-01
1.405118158519809701e-01
1.408476954906090206e-01
1.410404250648313873e-01
1.411539367927810151e-01
1.412219426377523956e-01
1.412625777463646926e-01
1.412855775907460310e-01
1.412958369788299140e-01
1.412951411341419605e-01
1.412829127508421490e-01
1.412563774120088878e-01
1.412103449413770195e-01
1.411367235583785851e-01
1.410238882972162933e-01
1.408561131642600273e-01
1.406134570503829173e-01
1.402727446464077654e-01
1.398104752745720492e-01
1.392082994318235567e-01
1.384606663136506710e-01
1.375822615556571704e-01
1.366110165105702823e-01
1.356030587149845146e-01
1.346201323072335476e-01
1.337150392554428413e-01
1.329218445845948560e-01
1.322538998756822848e-01
1.317079861671641705e-01
1.312708024678723440e-01
1.309248120998198761e-01
1.306522041502118925e-01
1.304369992963577141e-01
1.302658363052026924e-01
1.301279959126368235e-01
1.300150613468983030e-01
1.299204476210734094e-01
1.298389092078056917e-01
1.297660583508247478e-01
1.296978785598180417e-01
1.296301834712228762e-01
1.295579364065869710e-01
1.294742979169518082e-01
1.293691930824729108e-01
1.292270687026627896e-01
1.290233183080005674e-01
1.287185640071519255e-01
1.282495936888225219e-01
1.275153545336947802e-01
1.263564132203577606e-01
1.245279669478306372e-01
1.216728580182991626e-01
1.173173599476683149e-01
1.109412623105388157e-01
1.021926918688979141e-01
9.124713824244164162e-02
7.907840898447142386e-02
6.724374468526088389e-02
5.716419408846826200e-02
4.951098719055599395e-02
4.418072866248421576e-02
4.066306013013154530e-02
3.838885883389157178e-02
3.689792397852897227e-02
3.587097853337343351e-02
3.510479114814623464e-02
3.447658752654637893e-02
3.391462881224365650e-02
3.337786551539834168e-02
3.284303268198780767e-02
3.229686153582738556e-02
3.173153029359647437e-02
3.114207112271365555e-02
3.052492116092220611e-02
2.987712532014215674e-02
2.919590092291893257e-02
2.847839720290522292e-02
2.772155542149392499e-02
2.692201734772179875e-02
2.607605350385996945e-02
2.517949549429944131e-02
2.422766346510443411e-02
2.321528295529782723e-02
2.213638661886368694e-02
2.098419633715931445e-02
1.975098039708914413e-02
1.842787587373449776e-02
1.700470196512616355e-02
