-1.327923070384191329e+00
-1.327914106414167295e+00
-1.327313282993867860e+00
-1.320572444877687657e+00
-1.285232110907947867e+00
-1.171302071394200839e+00
-9.390710886582592787e-01
-6.497988398075634775e-01
-4.175613399318500729e-01
-2.769494141346089400e-01
-2.017088057050218375e-01
-1.624462514193348306e-01
-1.414492263660152849e-01
-1.296137719865874116e-01
-1.224086842713812961e-01
-1.175421499741180903e-01
-1.138077790165650804e-01
-1.105298403885440206e-01
-1.072912073215753492e-01
-1.037927039891636677e-01
-9.977290771866802188e-02
-9.495427266045740333e-02
-8.899825840527922360e-02
-8.146019705680553058e-02
-7.173930684680189518e-02
-5.902362193782947214e-02
-4.223604929394096652e-02
-1.999854533968476941e-02
9.352109883802495541e-03
4.764385311478220447e-02
9.658090688563653048e-02
1.572513364829938309e-01
2.294936239696600822e-01
3.113521223946436600e-01
3.989781485966036323e-01
4.872321841261251230e-01
5.708567669617449214e-01
6.456921201223794204e-01
7.093809964520249034e-01
7.613778665154012915e-01
8.024756874142060514e-01
8.341966474315206659e-01
8.582895228726039605e-01
8.764151593252770267e-01
8.899976463303020946e-01
9.001845671847623631e-01
9.078649399647775731e-01
9.137105282973998488e-01
9.182216638061239111e-01
9.217690579171269327e-01
9.246289233633168125e-01
9.270116493894130505e-01
9.290856172585675310e-01
9.309983992989899759e-01
9.328981161051363991e-01
9.349585146326928609e-01
9.374127027342773477e-01
9.406027790362353480e-01
9.450561688400359595e-01
9.516043615310368908e-01
9.615646869440028777e-01
9.770053672243679266e-01
1.001092048979944860e+00
1.038431279052846268e+00
1.095115628194708535e+00
1.177805774556156981e+00
1.290947413853814618e+00
1.432147608715112375e+00
1.588725094992847309e+00
1.740548892405257453e+00
1.869348933145777991e+00
1.966589133820706214e+00
2.033720223861235965e+00
2.077400598353765560e+00
2.105004821116553959e+00
2.122475544802034708e+00
2.133924642694430052e+00
2.141962595508974498e+00
2.148161562913716960e+00
2.153436322466395936e+00
2.158306919335641449e+00
2.163064856135221703e+00
2.167873162104975826e+00
2.172824698417308742e+00
2.177975291401203606e+00
2.183362168620472499e+00
2.189014032760932427e+00
2.194956495527999429e+00
2.201215008932507544e+00
2.207816495967048098e+00
2.214790343319207544e+00
2.222169115150602448e+00
2.229989180943692695e+00
2.238291363250182187e+00
2.247121668464855837e+00
2.256532145864903693e+00
2.266581916390362661e+00
2.277338418508520146e+00
2.288878957472988862e+00
2.301292333480399854e+00
