-2.287610457264306341e-01
-2.513670770594476633e-01
-2.513684969962393656e-01
-2.513685954815734203e-01
-2.513686100488027320e-01
-2.513685662386450637e-01
-2.513682973394071873e-01
-2.513671718936993926e-01
-2.513632822738784967e-01
-2.513515808242673399e-01
-2.513199721204480985e-01
-2.512416482090804593e-01
-2.510608483526129975e-01
-2.506676514987885018e-01
-2.498555170672795422e-01
-2.482540663774932266e-01
-2.452324178914373209e-01
-2.397840375716175088e-01
-2.304494041362326606e-01
-2.154223417652018635e-01
-1.930741801989835915e-01
-1.630046854040355930e-01
-1.271196075268189174e-01
-8.956724904317306390e-02
-5.501665237200767389e-02
-2.659604191666090078e-02
-5.165052760751361050e-03
1.004115102207145394e-02
2.042362730657587902e-02
2.736429823620696589e-02
3.196729466988734725e-02
3.502978675466596192e-02
3.709872768346328398e-02
3.854141698095443075e-02
3.960463023704040991e-02
4.045796311936805667e-02
4.122397421240201615e-02
4.199896753757503126e-02
4.286771733361000730e-02
4.391457812880106976e-02
4.523268335918609329e-02
4.693237787659599453e-02
4.914959394796326875e-02
5.205447014830464486e-02
5.586001432197054001e-02
6.082989847700128599e-02
6.728342054842648134e-02
7.559421298706835157e-02
8.617756327363486346e-02
9.945983493861446090e-02
1.158237874288222946e-01
1.355277117913720741e-01
1.586062248002479136e-01
1.847757340010874327e-01
2.133817154512399894e-01
2.434259257819601785e-01
2.736892631364739037e-01
3.029249249084958739e-01
3.300605571656313186e-01
3.543432548622416078e-01
3.753912814576969015e-01
3.931589174273275034e-01
4.078492419713297679e-01
4.198140024407984727e-01
4.294676867055864378e-01
4.372271921156443142e-01
4.434770724496417960e-01
4.485549962296048188e-01
4.527511511692034474e-01
4.563166949920555160e-01
4.594784898526079742e-01
4.624596188225921223e-01
4.655075197476850613e-01
4.689342704284621965e-01
4.731770092285145224e-01
4.788907471880887168e-01
4.870893889449905423e-01
4.993467022480612139e-01
5.180355992861634951e-01
5.464700142458719379e-01
5.885482468506736398e-01
6.471672533504819746e-01
7.210448328811962515e-01
8.019463465861129681e-01
8.768030141310313441e-01
9.350890182430313669e-01
9.740556202965837684e-01
9.972144116824398496e-01
1.009988114426032979e+00
1.016941245410328376e+00
1.021098125945995250e+00
1.024235383501590935e+00
1.027350429019302513e+00
1.031019974439207454e+00
1.035597929894204849e+00
1.041250066039768107e+00
1.047809326539165253e+00
1.054481867101065840e+00
1.059693964255984167e+00
1.061678241172786974e+00
