5.731048270286094066e+02
5.929109339521180573e+02
5.106192809846664318e+02
5.113213431862106972e+02
5.829366260152490895e+02
5.990118400777100760e+02
5.465884643491467614e+02
5.965360541549291611e+02
5.625570388938897395e+02
5.402814513428006649e+02
5.522181988472949570e+02
5.554038106363040015e+02
5.628743001282211935e+02
4.929945208546021718e+02
6.235880583865521203e+02
5.770740997226112086e+02
5.681760359271247580e+02
5.181857231015330854e+02
5.797394624760604529e+02
5.933558173781514142e+02
5.445219720193076682e+02
5.970033161333204816e+02
6.084268211966428908e+02
5.831685131911400504e+02
5.386042947086137929e+02
5.152207519995861276e+02
5.395525794989941915e+02
6.077011908692951465e+02
5.587430080093613469e+02
4.927492150163387805e+02
5.665301908083750959e+02
5.902054062698630332e+02
5.161947720042369383e+02
5.699856270592465535e+02
5.519002838583622861e+02
5.061091648617880310e+02
5.287508756786094182e+02
5.844527311778049352e+02
5.187030750316145031e+02
5.657913429561285739e+02
5.190905303720504662e+02
5.648303903372988088e+02
5.498652238720135301e+02
5.169800041246552382e+02
5.772877915981522392e+02
5.250097293244051571e+02
5.644170919906301833e+02
5.815159266594506562e+02
5.271908997903215095e+02
5.943592124280062308e+02
5.664448218935267505e+02
5.619149387707985852e+02
6.002310234931856030e+02
5.581437394522297382e+02
5.497793081895083560e+02
5.636291201750461823e+02
5.307371968893629628e+02
5.589647417168744141e+02
5.586616707527867902e+02
5.480583282634963780e+02
5.360356842411712250e+02
5.051473185079030941e+02
5.625510803854015194e+02
5.876491256481718892e+02
6.072307697346639088e+02
5.702373633526374306e+02
5.814307574573026614e+02
5.951634139317768586e+02
5.325235592109999061e+02
5.540249338638351446e+02
5.066262312098709799e+02
5.515705224403963030e+02
5.936801914886585791e+02
5.674951073924794400e+02
5.392257209576846435e+02
5.179002832006424342e+02
5.369651228128236653e+02
5.931945647282166192e+02
5.430060121846105403e+02
6.091581893676450363e+02
5.947781378185489984e+02
6.053552538424430622e+02
5.543679008766960123e+02
5.950485167243543856e+02
5.675664253574084341e+02
5.634941892228539473e+02
5.270214955543992801e+02
6.119239980066752196e+02
5.893484196250004743e+02
6.081959876082302117e+02
6.093519095030945891e+02
6.173752545760138446e+02
5.739054427784076324e+02
5.992642007924862355e+02
5.208936480972971594e+02
5.733390095029255917e+02
5.304315587246015866e+02
5.723536441953613121e+02
5.303645628004285300e+02
5.697511506079073342e+02
