7.672726203716375721e+02
7.870787272951462228e+02
7.047870743276945404e+02
7.054891365292388627e+02
7.771044193582772550e+02
7.931796334207382415e+02
7.407562576921749269e+02
7.907038474979573266e+02
7.567248322369180187e+02
7.344492446858288304e+02
7.463859921903231225e+02
7.495716039793321670e+02
7.570420934712493590e+02
6.871623141976302804e+02
8.177558517295802858e+02
7.712418930656393741e+02
7.623438292701529235e+02
7.123535164445612509e+02
7.739072558190886184e+02
7.875236107211796934e+02
7.386897653623358337e+02
7.911711094763486471e+02
8.025946145396710563e+02
7.773363065341682159e+02
7.327720880516419584e+02
7.093885453426142931e+02
7.337203728420223570e+02
8.018689842123233120e+02
7.529108013523895124e+02
6.869170083593669460e+02
7.606979841514032614e+02
7.843731996128911987e+02
7.103625653472651038e+02
7.641534204022748327e+02
7.460680772013904516e+02
7.002769582048161965e+02
7.229186690216375837e+02
7.786205245208329870e+02
7.128708683746426686e+02
7.599591362991567394e+02
7.132583237150786317e+02
7.589981836803269744e+02
7.440330172150415819e+02
7.111477974676834037e+02
7.714555849411804047e+02
7.191775226674333226e+02
7.585848853336583488e+02
7.756837200024788217e+02
7.213586931333497887e+02
7.885270057710342826e+02
7.606126152365550297e+02
7.560827321138267507e+02
7.943988168362136548e+02
7.523115327952577900e+02
7.439471015325365215e+02
7.577969135180744615e+02
7.249049902323911283e+02
7.531325350599024659e+02
7.528294640958149557e+02
7.422261216065245435e+02
7.302034775841993905e+02
6.993151118509313164e+02
7.567188737284296849e+02
7.818169189912000547e+02
8.013985630776920743e+02
7.644051566956657098e+02
7.755985508003308269e+02
7.893312072748049104e+02
7.266913525540280716e+02
7.481927272068633101e+02
7.007940245528991454e+02
7.457383157834244685e+02
7.878479848316867447e+02
7.616629007355076055e+02
7.333935143007128090e+02
7.120680765436705997e+02
7.311329161558517171e+02
7.873623580712446710e+02
7.371738055276387058e+02
8.033259827106730881e+02
7.889459311615771639e+02
7.995230471854712277e+02
7.485356942197241779e+02
7.892163100673825511e+02
7.617342187004367133e+02
7.576619825658822265e+02
7.211892888974275593e+02
8.060917913497033851e+02
7.835162129680286398e+02
8.023637809512583772e+02
8.035197028461227546e+02
8.115430479190420101e+02
7.680732361214357979e+02
7.934319941355144010e+02
7.150614414403253249e+02
7.675068028459538709e+02
7.245993520676297521e+02
7.665214375383894776e+02
7.245323561434566955e+02
7.639189439509354997e+02
