1.001581621999493577e-02
1.001589245926633003e-02
1.001710577899277317e-02
1.002271943991848643e-02
1.003888338879310380e-02
1.007531502302123558e-02
1.014595982349129379e-02
1.026945263051242188e-02
1.046907078668135246e-02
1.077173584625971785e-02
1.120556619035445282e-02
1.179565866580749300e-02
1.255834135322715650e-02
1.349508591987626759e-02
1.458820490690650173e-02
1.580061937268930489e-02
1.708076295226129693e-02
1.837144722430175681e-02
1.961964479746866954e-02
2.078395698270320974e-02
2.183801430947155883e-02
2.277000639424775486e-02
2.357976498754503838e-02
2.427500707535443225e-02
2.486787216594993355e-02
2.537227876731087267e-02
2.580217744308858918e-02
2.617055114353615541e-02
2.648894878358258251e-02
2.676735742469727938e-02
2.701426661274661939e-02
2.723682683416231778e-02
2.744104212694374600e-02
2.763196322995652501e-02
2.781386437144545837e-02
2.799039666701971102e-02
2.816471650177381630e-02
2.833958994386905419e-02
2.851747533013431965e-02
2.870058640105337816e-02
2.889093817845338197e-02
2.909037742957161499e-02
2.930059919377971805e-02
2.952315054973853395e-02
2.975942262412756278e-02
3.001063182236865870e-02
3.027779141793449438e-02
3.056167497757950741e-02
3.086277361497826929e-02
3.118124971977432117e-02
3.151689053592098694e-02
3.186906565922278251e-02
3.223669305205247027e-02
3.261821837463186463e-02
3.301161215102525748e-02
3.341438840579723929e-02
3.382364688341123887e-02
3.423613886798587691e-02
3.464835415432207522e-02
3.505662419293489179e-02
3.545723421608128201e-02
3.584653560888387963e-02
3.622104918118915218e-02
3.657755041555969810e-02
3.691312911068800329e-02
3.722521782506182930e-02
3.751158575558590641e-02
3.777029673585113184e-02
3.799963154492348033e-02
3.819797544238275055e-02
3.836367171539258741e-02
3.849484114743930568e-02
3.858916600940959923e-02
3.864363601429050138e-02
3.865425367233445847e-02
3.861569936262739672e-02
3.852096514939683247e-02
3.836098577313368230e-02
3.812433272919873994e-02
3.779710251920880004e-02
3.736323123652855738e-02
3.680559971104173378e-02
3.610841178864084705e-02
3.526130586229775377e-02
3.426525849259531853e-02
3.313929669788522742e-02
3.192541920488283641e-02
3.068788512251474296e-02
2.950397990773290582e-02
2.844753202629042577e-02
2.757162080185301262e-02
2.689840516245121244e-02
2.641980206918365451e-02
2.610649291107879078e-02
2.591954937622710162e-02
2.582003052486957911e-02
2.577476319505743463e-02
2.575871340167016146e-02
2.575518095170532817e-02
2.575495546581814399e-02
