-1.030974286154169028e-01
-1.030956096734032684e-01
-1.030666904458351213e-01
-1.029329767656538414e-01
-1.025477639977770417e-01
-1.016769609911638422e-01
-9.997604159836283311e-02
-9.696069641279260465e-02
-9.197068204659460122e-02
-8.413368712383544057e-02
-7.236252123680288195e-02
-5.548834492934920370e-02
-3.273059140895955704e-02
-4.567504962013535681e-03
2.672921315811872811e-02
5.799046558236616022e-02
8.673627086268230479e-02
1.117965416831792902e-01
1.329859106502312427e-01
1.506214954285662044e-01
1.652079064798394059e-01
1.772781958611138187e-01
1.873242844881927438e-01
1.957721968724753792e-01
2.029785599598434853e-01
2.092365394599579875e-01
2.147852913229240657e-01
2.198200192266617781e-01
2.245013086671180103e-01
2.289632374514761204e-01
2.333201813781181078e-01
2.376724266560614474e-01
2.421107712425109026e-01
2.467203045004398021e-01
2.515835300808694219e-01
2.567829559554565821e-01
2.624032230884579819e-01
2.685327786316276111e-01
2.752650142525335797e-01
2.826986754371505484e-01
2.909371934314989305e-01
3.000863954220184815e-01
3.102498338639132491e-01
3.215208258397388441e-01
3.339704008113237865e-01
3.476310519044208958e-01
3.624778433597394267e-01
3.784110593215576079e-01
3.952471624004672557e-01
4.127250439016250105e-01
4.305302429795506147e-01
4.483320118789493325e-01
4.658218623229901101e-01
4.827423449987404691e-01
4.989007482364790080e-01
5.141692058689373290e-01
5.284763423232071711e-01
5.417956647868074072e-01
5.541342080006363968e-01
5.655231054053145856e-01
5.760105171227083432e-01
5.856567250797513058e-01
5.945310024865534393e-01
6.027098776809877156e-01
6.102765131926749520e-01
6.173210469784833343e-01
6.239418727296744960e-01
6.302479718133227049e-01
6.363625676750344073e-01
6.424285856816435158e-01
6.486167211142508382e-01
6.551374412565250660e-01
6.622591558077707274e-01
6.703364447349001720e-01
6.798553847529544836e-01
6.915092595189129554e-01
7.063305599547051727e-01
7.259292944386133151e-01
7.529143793141164220e-01
7.914072980561962511e-01
8.456611003352711986e-01
9.102315618641914075e-01
9.679754197081085199e-01
1.012429702431678402e+00
1.046070932734737058e+00
1.071822800405820786e+00
1.091655169339657894e+00
1.106863751897060544e+00
1.118364963184511396e+00
1.126869758429365875e+00
1.132972863876504199e+00
1.137191394397347510e+00
1.139976286887318224e+00
1.141712546856223254e+00
1.142717915308680166e+00
1.143244145154777458e+00
1.143481484084926336e+00
1.143565332300515935e+00
1.143583765465026492e+00
1.143584941840759761e+00
