#Bayesian Information Criterion from bootstrap run
2.461290226842131688e+02
2.498650722785591540e+02
2.724048866134631908e+02
2.073136694893589720e+02
2.684889275924599588e+02
2.246336638745187315e+02
2.594093501350477595e+02
2.544520304071838268e+02
2.631792099834781311e+02
2.293946265739928094e+02
2.611157150301912111e+02
2.033261564331280624e+02
2.631257805700633980e+02
2.570731550303247559e+02
2.864577040670046699e+02
2.809806042507502184e+02
2.618602840859625758e+02
2.168684950447701567e+02
2.566338760067885119e+02
2.344588972941724307e+02
3.037301255713797445e+02
2.369968193377741557e+02
2.639323481067316379e+02
2.544530455841343155e+02
2.587693067549026864e+02
2.875350431638644295e+02
2.789436803957008237e+02
2.236827624984517797e+02
2.717945894583369295e+02
2.763670046889900505e+02
