1.156449018231470291e+03
1.141725123470514291e+03
1.130622295456296570e+03
1.154044052996121309e+03
1.131395295334817547e+03
1.146978575224859014e+03
1.125547121234185170e+03
1.129279676873550216e+03
1.077766551700977288e+03
1.122672599592552842e+03
1.134566443098622358e+03
1.177116123779037935e+03
1.134354141083134436e+03
1.133589521427356431e+03
1.138416758830314166e+03
1.133033203285154059e+03
1.138787388118040781e+03
1.141945822209671633e+03
1.107228730842019104e+03
1.129062131739766528e+03
1.163459008882870876e+03
1.169497336223143748e+03
1.122068893655041848e+03
1.115797119460445174e+03
1.143059593578738486e+03
1.107574211219374547e+03
1.148127645293790465e+03
1.190238156207664360e+03
1.167630204116864434e+03
1.170463303191376326e+03
1.186469850686267364e+03
1.140490944434402536e+03
1.102712892062945002e+03
1.094992630406272156e+03
1.132868320278760848e+03
1.116943076071024507e+03
1.136344800694321748e+03
1.099085968599504440e+03
1.147931668886113130e+03
1.136731718322612323e+03
1.205903543340622946e+03
1.094503236550217252e+03
1.143088293436587946e+03
1.143197861989870944e+03
1.150131537509647160e+03
1.135026362421396698e+03
1.120960955752192604e+03
1.165104574416314563e+03
1.135048567721234349e+03
1.154777777727534385e+03
1.117734955035215989e+03
1.095178155385247010e+03
1.118933954066680144e+03
1.128024208823003164e+03
1.124903392975972793e+03
1.122903672127131358e+03
1.110308209252228608e+03
1.153977790729475601e+03
1.166887191318560781e+03
1.095039297230686543e+03
1.114114554757208452e+03
1.186790368088441483e+03
1.154773362839057427e+03
1.133795715680448438e+03
1.151519258668787415e+03
1.161930010415967445e+03
1.126134595872239515e+03
1.111369997524196378e+03
1.134742497092227495e+03
1.089555120948157992e+03
1.136825896441525629e+03
1.129590872951658866e+03
1.165970082601185823e+03
1.111870018213204503e+03
1.141495013078748570e+03
1.159633503280741934e+03
1.151470224818293673e+03
1.122450715090077665e+03
1.145330657331256134e+03
1.178353924595825902e+03
1.096480773309589949e+03
1.110182746087357827e+03
1.138576918410845337e+03
1.153919677725729798e+03
1.123709131042332046e+03
1.157250072442465807e+03
1.095666642596269412e+03
1.099385245417293390e+03
1.112309672324878647e+03
1.185347848515246596e+03
1.151730561761637318e+03
1.165789334966220849e+03
1.123074686018586817e+03
1.190981257070503943e+03
1.118614836300418347e+03
1.103704757490145312e+03
1.139506636211408932e+03
1.117708058563379609e+03
1.128874557451058763e+03
1.153001109742428071e+03
