1.308066679281762734e-01
1.314519407256558026e-01
1.359110897999694922e-01
1.467279527213624368e-01
1.629595991511500752e-01
1.806823408053209179e-01
1.962987852794134402e-01
2.083884040135643434e-01
2.171417785432861181e-01
2.233091652172166375e-01
2.276337067089920230e-01
2.306866036175316270e-01
2.328677793477230418e-01
2.344475107372041012e-01
2.356066809145589691e-01
2.364665644824306967e-01
2.371089689769547981e-01
2.375894025277366928e-01
2.379455983013532561e-01
2.382030446604603557e-01
2.383786079394580593e-01
2.384829492747267687e-01
2.385221904787947766e-01
2.384991307960038498e-01
2.384142208555461440e-01
2.382664367464527311e-01
2.380541475461228629e-01
2.377760208157266852e-01
2.374319551976825093e-01
2.370239680077378952e-01
2.365569098240002943e-01
2.360388484548361088e-01
2.354809842527130215e-01
2.348970381130040253e-01
2.343021770986914720e-01
2.337116675968855806e-01
2.331395201439524500e-01
2.325973810258414876e-01
2.320938397438924439e-01
2.316341984263642351e-01
2.312206382665328575e-01
2.308526518384492188e-01
2.305275950738209789e-01
2.302412350218956405e-01
2.299882085131693399e-01
2.297623453010649575e-01
2.295568376650219122e-01
2.293642542049552091e-01
2.291764000691018655e-01
2.289840219658345888e-01
2.287763466323795847e-01
2.285404277412591834e-01
2.282602594605929458e-01
2.279155955444919779e-01
2.274803916290963623e-01
2.269207673294154626e-01
2.261923687804037741e-01
2.252370124999499845e-01
2.239785300072985597e-01
2.223178504207588835e-01
2.201276248635034849e-01
2.172472177075388533e-01
2.134797974886576410e-01
2.085946487197697097e-01
2.023395657139775428e-01
1.944695547370727251e-01
1.847972536438249880e-01
1.732645638665417098e-01
1.600217185130275444e-01
1.454823772779396118e-01
1.303141056088292504e-01
1.153402740393739273e-01
1.013742449761230041e-01
8.905093630902564950e-02
7.872524071669452506e-02
7.046566037681223360e-02
6.412090209068867230e-02
5.941372615322437073e-02
5.602438208196446751e-02
5.364683290832191614e-02
5.201774391869542352e-02
5.092575291804501969e-02
5.020933461554263899e-02
4.974950053843159997e-02
4.946112115730728898e-02
4.928478792870273628e-02
4.917997660278376759e-02
4.911965785041138427e-02
4.908622223746356150e-02
4.906849063217618573e-02
4.905957348374688498e-02
4.905537095472110171e-02
4.905354469102439496e-02
4.905282955337538636e-02
4.905258569079282149e-02
4.905251707097710995e-02
4.905250253507556502e-02
4.905250058952678738e-02
4.905250048144596531e-02
nan
