-9.411649015530394458e-01
-9.320746328475422171e-01
-8.608943234764574459e-01
-6.041804010288120974e-01
-1.791662456528090308e-01
5.600527919529520171e-02
1.768211606152217952e-01
2.445857808450155324e-01
2.849611568283561547e-01
3.102189450463358478e-01
3.267451453891548341e-01
3.380695161849677777e-01
3.462544287529122355e-01
3.525806822732106549e-01
3.579055045849927619e-01
3.628596747240320219e-01
3.679628963044124235e-01
3.736967835104214042e-01
3.805559314239276292e-01
3.890881778856442597e-01
3.999301943474587451e-01
4.138413401595674168e-01
4.317354113692696838e-01
4.547042107825451374e-01
4.840147543219258663e-01
5.210368017504064531e-01
5.670145450793538933e-01
6.225616069932107255e-01
6.868631216493980007e-01
7.570225263709337016e-01
8.284690330992365848e-01
8.966074473606127082e-01
9.583465096109674564e-01
1.012395667212049544e+00
1.058719559837716817e+00
1.097916094677399812e+00
1.130816439827243780e+00
1.158284302067145166e+00
1.181129841101919986e+00
1.200078830330067126e+00
1.215766216211922490e+00
1.228739925393731669e+00
1.239468783402788210e+00
1.248351923472342806e+00
1.255728547165581244e+00
1.261887535849593567e+00
1.267076717912043904e+00
1.271511778452988572e+00
1.275384936557404814e+00
1.278873644251552921e+00
1.282149702610989594e+00
1.285389368475222671e+00
1.288785275934567487e+00
1.292561380070337718e+00
1.296992752842917707e+00
1.302433124705598022e+00
1.309354980652019940e+00
1.318410679392755469e+00
1.330530577267761583e+00
1.347090970709685864e+00
1.370226737949379547e+00
1.403484616317348888e+00
1.453435029979735837e+00
1.534808596600824915e+00
1.695350229927254260e+00
2.017559728320541090e+00
2.183016762282499634e+00
2.259916631766362816e+00
2.304429248755284210e+00
2.332685250914191322e+00
2.351471812252269089e+00
2.364281914555297792e+00
2.373137706174665684e+00
2.379300738277775995e+00
2.383597940242196511e+00
2.386589561567828532e+00
2.388663529930424634e+00
2.390092161943545790e+00
2.391068106054194065e+00
2.391728091159832648e+00
2.392169127929970163e+00
2.392459827033635467e+00
2.392648439993883880e+00
2.392768634904487435e+00
2.392843671079637691e+00
2.392889423518608893e+00
2.392916572107547157e+00
2.392932180438664957e+00
2.392940827461102149e+00
2.392945411736332240e+00
2.392947716776510081e+00
2.392948803023799087e+00
2.392949275049449209e+00
2.392949459884791796e+00
2.392949522913399463e+00
2.392949540648727336e+00
2.392949544405479578e+00
2.392949544907925663e+00
2.392949544934613648e+00
1.107631632704243424e-12
