9.177427550668923809e-03
6.420905119679864298e-03
6.420968961639996787e-03
6.421429401395873336e-03
6.423239662612500317e-03
6.428418469516674651e-03
6.440614992564984084e-03
6.465799449791664356e-03
6.513061565836183141e-03
6.595443647790942727e-03
6.730633171393555353e-03
6.941181202032630469e-03
7.253717913289028409e-03
7.696498848114219880e-03
8.294743211426536256e-03
9.063896574503356451e-03
1.000226403331459964e-02
1.108590729939080283e-02
1.226903594347171673e-02
1.349125253575558792e-02
1.468953312401036736e-02
1.581022019483700747e-02
1.681666761154919365e-02
1.769098076675220191e-02
1.843115673004152091e-02
1.904613489026537806e-02
1.955087491114983547e-02
1.996255956004597612e-02
2.029815677690269271e-02
2.057311849453423089e-02
2.080086263485291659e-02
2.099272154365445717e-02
2.115812939879170920e-02
2.130490608299068916e-02
2.143955759330856692e-02
2.156755318072992728e-02
2.169356265961621538e-02
2.182164954636849064e-02
2.195542133094776152e-02
2.209814020326995865e-02
2.225279775918681188e-02
2.242215666455175949e-02
2.260876158586160728e-02
2.281492128199675770e-02
2.304266383947312091e-02
2.329366778310160840e-02
2.356917327991622443e-02
2.386987983491641735e-02
2.419583954527628269e-02
2.454635771959699092e-02
2.491991485155964706e-02
2.531412478764842947e-02
2.572574268576122147e-02
2.615073252308994581e-02
2.658439749854735884e-02
2.702156841102148349e-02
2.745683638485751921e-02
2.788480896010448601e-02
2.830036426841611025e-02
2.869887783322123617e-02
2.907640050981321125e-02
2.942977322042019186e-02
2.975667272628249732e-02
3.005559081511819525e-02
3.032575540870127706e-02
3.056700531200821566e-02
3.077963043783214780e-02
3.096418667446979023e-02
3.112128966547646897e-02
3.125138511104368078e-02
3.135448496473913771e-02
3.142984889948113175e-02
3.147557818347885422e-02
3.148807429752128323e-02
3.146129814203926789e-02
3.138575244821106142e-02
3.124711537130427444e-02
3.102451645090077356e-02
3.068865429671474923e-02
3.020047130178520403e-02
2.951214003719250870e-02
2.857368529880047192e-02
2.734960523428370954e-02
2.584691959485571622e-02
2.414455464311680843e-02
2.239797870620931566e-02
2.079621511114653626e-02
1.948821541121409373e-02
1.853229203387411067e-02
1.790067114063939244e-02
1.751955736074631634e-02
1.730839346290149669e-02
1.720114517741575672e-02
1.715176856486269261e-02
1.713164227047759766e-02
1.712468115293387314e-02
1.712278833106225390e-02
1.712243976055917091e-02
1.712240887777064305e-02
1.712240841724431764e-02
