-1.714767123561791451e-01
-2.155349631612173411e-01
-2.155338833845560076e-01
-2.155260958813307315e-01
-2.154954785652799798e-01
-2.154078881094132480e-01
-2.152016041202459984e-01
-2.147756464818297295e-01
-2.139762648119338528e-01
-2.125828349519938432e-01
-2.102961178207411186e-01
-2.067345150904459916e-01
-2.014472536362554855e-01
-1.939557609453588793e-01
-1.838323463131584512e-01
-1.708139753645872561e-01
-1.549267355978087013e-01
-1.365721227976497143e-01
-1.165205535496654093e-01
-9.578907060290359210e-02
-7.543896204208519474e-02
-5.637304893042312248e-02
-3.920633103011016141e-02
-2.423634775392552801e-02
-1.149126308153250973e-02
-8.132853699067070074e-04
8.058342413726663628e-03
1.542333941709709590e-02
2.157934538216238832e-02
2.680009212360266041e-02
3.132681839882791447e-02
3.536757563394651860e-02
3.910057593635928724e-02
4.267916535928670263e-02
4.623705876962822675e-02
4.989314606496637883e-02
5.375556700963751711e-02
5.792495242724905041e-02
6.249681835040724054e-02
6.756312738280226271e-02
7.321302952894502558e-02
7.953278258861395944e-02
8.660484248993385870e-02
9.450611561342946165e-02
1.033053852308606774e-01
1.130599679670423463e-01
1.238117265038323755e-01
1.355826601633206285e-01
1.483704077100586605e-01
1.621441106746484839e-01
1.768411762503359075e-01
1.923655160631705940e-01
2.085877911231882320e-01
2.253480444619508916e-01
2.424608524331108295e-01
2.597228022291140914e-01
2.769217625910472824e-01
2.938471284134029915e-01
3.103000555334861632e-01
3.261027017343163248e-01
3.411056564573072825e-01
3.551930367530389265e-01
3.682850846796408839e-01
3.803384494120344295e-01
3.913446181497149401e-01
4.013271438858410645e-01
4.103384063087718858e-01
4.184566604015931279e-01
4.257841163639840554e-01
4.324468004700334767e-01
4.385970149578672372e-01
4.444193879617069354e-01
4.501418167478932197e-01
4.560530748040773075e-01
4.625294331001993942e-01
4.700731324652910881e-01
4.793653196382094972e-01
4.913335657817252122e-01
5.072258823244950587e-01
5.286628241425080921e-01
5.575983611890201752e-01
5.960585393401189869e-01
6.454864414578505016e-01
7.056383437625837196e-01
7.734301574556476933e-01
8.427619608909950877e-01
9.062182051091841606e-01
9.579692072070645770e-01
9.957575052730333054e-01
1.020711214973314185e+00
1.035762003613688309e+00
1.044098948871532651e+00
1.048332456647429467e+00
1.050281323944902478e+00
1.051075643621200539e+00
1.051350365997081537e+00
1.051425065306205608e+00
1.051438821362995490e+00
1.051440040124100195e+00
1.051440058298122038e+00
