1.648261284216229251e+04
1.673054576887400981e+04
1.643350845002617643e+04
1.670724509931756620e+04
1.665924529015344888e+04
1.650576874802049861e+04
1.678347759309547837e+04
1.678087048169118498e+04
1.645913095415461066e+04
1.656006466287668809e+04
1.657690403095254078e+04
1.662678051487982157e+04
1.641035391830720619e+04
1.639756754816705870e+04
1.672122678334061857e+04
1.678680989695054450e+04
1.667182148237887668e+04
1.702616159963460814e+04
1.636270764104435875e+04
1.673798572424757367e+04
1.655197635615665786e+04
1.667803234456446080e+04
1.677720892347331028e+04
1.665032022768034949e+04
1.645099656146147390e+04
1.654428927541855592e+04
1.660142034730513842e+04
1.661666969099635389e+04
1.656849819091420795e+04
1.635159296994569740e+04
1.647606501352983105e+04
1.680314426821515735e+04
1.653756721188026859e+04
1.670654485508858488e+04
1.647246658470435432e+04
1.671043912038578856e+04
1.645814766501557460e+04
1.659672486193781879e+04
1.653495597603810165e+04
1.659772623372199814e+04
1.648329033264615282e+04
1.659434496986544400e+04
1.665326123783042203e+04
1.648989682992544476e+04
1.672517903571612624e+04
1.650742311973806864e+04
1.658887484632236738e+04
1.642820202861713915e+04
1.638721094443694165e+04
1.638799659864259593e+04
1.655292768963222625e+04
1.658252666913955909e+04
1.668695671551415944e+04
1.633490463669141354e+04
1.644077345329529999e+04
1.634611222247752630e+04
1.644829559768652689e+04
1.663485312787913790e+04
1.652405765619816520e+04
1.690361641518864781e+04
1.656062816758290137e+04
1.650495977398195828e+04
1.658353436770442931e+04
1.658421057290153112e+04
1.657596645913996690e+04
1.669858047260954845e+04
1.649574762826890583e+04
1.641449141422803586e+04
1.647411262812439963e+04
1.671268803682763246e+04
1.673251173953266334e+04
1.638872289414811166e+04
1.669567559381043611e+04
1.645026825404936972e+04
1.659928527568401478e+04
1.656280586118283099e+04
1.693441306093881576e+04
1.652281031667374918e+04
1.673576976521285906e+04
1.651438482127692623e+04
