7.117488352560038395e-03
7.117491884620859299e-03
7.118029321016424056e-03
7.140996724159778299e-03
7.473876983034820169e-03
1.004323554402041831e-02
2.142638123188188651e-02
4.475522686307858988e-02
6.374102788508702322e-02
7.185587396925051384e-02
7.465826331416985928e-02
7.566733992232722861e-02
7.613126473237578906e-02
7.647933225944078539e-02
7.689100684442136402e-02
7.747057220953591783e-02
7.829161034341033942e-02
7.939364110750407599e-02
8.076183919438957581e-02
8.231460379100645486e-02
8.391964155048999008e-02
8.543741596773615776e-02
8.676559043301573793e-02
8.785862081549801472e-02
8.872012731309267264e-02
8.938295668826039264e-02
8.989095984810274720e-02
9.028783963940562041e-02
9.061229298848129388e-02
9.089682793915526693e-02
9.116799658645959037e-02
9.144663688138170154e-02
9.174747089624371577e-02
9.207806731784673460e-02
9.243780421117699098e-02
9.281788303255440742e-02
9.320325000069838717e-02
9.357632385602959735e-02
9.392127537513536573e-02
9.422721239111996050e-02
9.448932907352108890e-02
9.470821216453413627e-02
9.488818747010112353e-02
9.503558779871607021e-02
9.515744693010667887e-02
9.526075111488474523e-02
9.535217149178151774e-02
9.543814070505389491e-02
9.552515180573056819e-02
9.562018623127434280e-02
9.573118210045435117e-02
9.586740725809109187e-02
9.603948014425822688e-02
9.625858368188731917e-02
9.653423301605734697e-02
9.687009715210276317e-02
9.725839086450184523e-02
9.767547252749331221e-02
9.808303100016281528e-02
9.843732724758162689e-02
9.870265610123885036e-02
9.886061778729209049e-02
9.891008814142794592e-02
9.886016701472226387e-02
9.872172850453554693e-02
9.850124871145327088e-02
9.819754017911112853e-02
9.780060546753779893e-02
9.729192347580696565e-02
9.664614348060465709e-02
9.583471209316611616e-02
9.483198148507744618e-02
9.362350848298980899e-02
9.221454499737791188e-02
9.063502573733360490e-02
8.893745609925239604e-02
8.718710858220152238e-02
8.544829137991324930e-02
8.377262683168178181e-02
8.219347747277117033e-02
8.072679291352263808e-02
7.937587902358606007e-02
7.813716691574450202e-02
7.700514630784320580e-02
7.597596211184508286e-02
7.505014553086553075e-02
7.423562139185335695e-02
7.355290668825822942e-02
7.304587331279123463e-02
7.280416518286079997e-02
7.300605115467391493e-02
7.397908789446833167e-02
7.618792088200719570e-02
7.982279288798693750e-02
8.393298444439191430e-02
8.684954531619039353e-02
8.812504905410516176e-02
8.846734155385321818e-02
8.851412608096290158e-02
8.558263354847070459e-02
