#Conditional distribution of mass given radius from initial fitting w/o bootstrap
-2.814452454261502923e-01
-2.779836450060289565e-01
-2.706920487198374303e-01
-2.594988571319046256e-01
-2.444551873616380433e-01
-2.257361584805552268e-01
-2.036319435837574410e-01
-1.785294441003566768e-01
-1.508868325089378626e-01
-1.212041429777346579e-01
-8.999337926910259966e-02
-5.775125765016438095e-02
-2.493687715886934095e-02
8.044434205881443450e-03
4.085085942840883250e-02
7.320797815859987623e-02
1.049078601126125082e-01
1.358046401837833539e-01
1.658078312583522729e-01
1.948744644608863819e-01
2.230009093383573393e-01
2.502149774008742833e-01
2.765686886554467039e-01
3.021319003157492689e-01
3.269868639753617523e-01
3.512236881487484363e-01
3.749366292919654731e-01
3.982211073668054935e-01
4.211713336026298715e-01
4.438784417096063861e-01
4.664290244018602372e-01
4.889039911640196134e-01
5.113776783902864720e-01
5.339171578763552972e-01
5.565817033043063411e-01
5.794223863883001258e-01
6.024817845542197459e-01
6.257937903624508635e-01
6.493835193783785709e-01
6.732673179157704357e-01
6.974528751094667411e-01
7.219394452174421328e-01
7.467181860306435492e-01
7.717726179333312952e-01
7.970792056947493265e-01
8.226080617140495432e-01
8.483237654544115713e-01
8.741862894929380845e-01
9.001520183041933354e-01
9.261748419124434806e-01
9.522073031947112520e-01
9.782017751522841253e-01
1.004111643084249161e+00
1.029892466400693651e+00
1.055503095819533943e+00
1.080906723818359172e+00
1.106071849292131759e+00
1.130973141157203044e+00
1.155592189847248985e+00
1.179918139943981537e+00
1.203948201245124139e+00
1.227688039078775883e+00
1.251152047340898354e+00
1.274363509313560350e+00
1.297354651608796372e+00
1.320166595407656462e+00
1.342849206388602834e+00
1.365460840250762198e+00
1.388067974442628971e+00
1.410744708536660230e+00
1.433572105616797154e+00
1.456637335120366972e+00
1.480032563994612360e+00
1.503853528238780157e+00
1.528197701756380367e+00
1.553161965400344791e+00
1.578839668486060388e+00
1.605316971360277067e+00
1.632668365756663187e+00
1.660951296108815312e+00
1.690199857584158138e+00
1.720417633847981076e+00
1.751569866970739131e+00
1.783575327102359553e+00
1.816298466141549328e+00
1.849542679957699720e+00
1.883045731902356135e+00
1.916478549975181522e+00
1.949448627905195686e+00
1.981509059896824354e+00
2.012173763913531754e+00
2.040938695474428410e+00
2.067307900169755186e+00
2.090822265840464045e+00
2.111088047656330069e+00
2.127801887821143545e+00
2.140769293272704044e+00
2.149914376113090331e+00
2.155279937305274007e+00
2.157018392004155238e+00
