#Upper limit for the Conditional distribution of mass given radius from initial fitting w/o bootstrap
1.206337096565566862e-02
1.829189985595660109e-02
3.143372835796898190e-02
5.206806081787977714e-02
8.078125179683005863e-02
1.180031001690850928e-01
1.637245594016382144e-01
2.171426246100515434e-01
2.764273153414996131e-01
3.388909779053161375e-01
4.016149111197370725e-01
4.621718872372979625e-01
5.190137573039013130e-01
5.714451429531999249e-01
6.193844974820726934e-01
6.631099237418146553e-01
7.030726869949340818e-01
7.397836094321990075e-01
7.737519995643811210e-01
8.054566008155364942e-01
8.353342451872004526e-01
8.637776076424235061e-01
8.911371661344300588e-01
9.177248024118018765e-01
9.438176452492252899e-01
9.696614640307696931e-01
9.954732595390420880e-01
1.021442883668788770e+00
1.047733622647261775e+00
1.074481751291664233e+00
1.101795140813351281e+00
1.129751098520503039e+00
1.158393744412368864e+00
1.187731381222431715e+00
1.217734466706928309e+00
1.248334905667494388e+00
1.279427358194806130e+00
1.310873149790248382e+00
1.342506895501110353e+00
1.374145575273278297e+00
1.405599189176638397e+00
1.436681785358341124e+00
1.467221555068280781e+00
1.497068908577137591e+00
1.526101890335977318e+00
1.554228813186349534e+00
1.581388429114887417e+00
1.607548198904610981e+00
1.632701369779453016e+00
1.656863439962561024e+00
1.680068517555595387e+00
1.702365903334996489e+00
1.723817094205803091e+00
1.744493296345032363e+00
1.764473463007381282e+00
1.783842826642003887e+00
1.802691870755042558e+00
1.821115675020275937e+00
1.839213574118881089e+00
1.857089025606086574e+00
1.874849676624397832e+00
1.892607462099096027e+00
1.910478683567277569e+00
1.928583889511557237e+00
1.947047346432945414e+00
1.965995795779720279e+00
1.985556005103382260e+00
2.005850527290384822e+00
2.026990754756315738e+00
2.049066274937978882e+00
2.072129547786014214e+00
2.096175573153889360e+00
2.121117964287294377e+00
2.146766128372653792e+00
2.172812556788819904e+00
2.198841880759245360e+00
2.224369712953541800e+00
2.248907005786084490e+00
2.272030488344564780e+00
2.293434350861786264e+00
2.312948450778682385e+00
2.330525615967352415e+00
2.346211532273380307e+00
2.360111351055326878e+00
2.372361476173658001e+00
2.383109401040179431e+00
2.392501006941953445e+00
2.400673493901098077e+00
2.407752071171872288e+00
2.413848940348682692e+00
2.419063563633879532e+00
2.423483580074344612e+00
2.427185991043466107e+00
2.430238402707877832e+00
2.432700214825383345e+00
2.434623704657370435e+00
2.436054988124427112e+00
2.437034858093281464e+00
2.437599508402364279e+00
2.437781155865767158e+00
