#Sequence of radius points for initial fitting w/o bootstrap
-2.999999999999999889e-01
-2.846988679874744577e-01
-2.693977359749489264e-01
-2.540966039624233952e-01
-2.387954719498978917e-01
-2.234943399373723605e-01
-2.081932079248468292e-01
-1.928920759123213258e-01
-1.775909438997957945e-01
-1.622898118872702633e-01
-1.469886798747447321e-01
-1.316875478622192008e-01
-1.163864158496936696e-01
-1.010852838371681384e-01
-8.578415182464263489e-02
-7.048301981211710365e-02
-5.518188779959157242e-02
-3.988075578706606894e-02
-2.457962377454053771e-02
-9.278491762015006472e-03
6.022640250510524762e-03
2.132377226303605600e-02
3.662490427556158723e-02
5.192603628808711846e-02
6.722716830061264970e-02
8.252830031313818093e-02
9.782943232566371217e-02
1.131305643381891879e-01
1.284316963507147191e-01
1.437328283632402504e-01
1.590339603757657816e-01
1.743350923882913128e-01
1.896362244008168441e-01
2.049373564133423753e-01
2.202384884258678510e-01
2.355396204383934378e-01
2.508407524509189135e-01
2.661418844634445002e-01
2.814430164759699760e-01
2.967441484884955627e-01
3.120452805010210384e-01
3.273464125135466252e-01
3.426475445260721009e-01
3.579486765385975766e-01
3.732498085511231634e-01
3.885509405636486391e-01
4.038520725761742258e-01
4.191532045886997015e-01
4.344543366012252883e-01
4.497554686137507640e-01
4.650566006262763508e-01
4.803577326388018265e-01
4.956588646513274132e-01
5.109599966638529445e-01
5.262611286763783092e-01
5.415622606889038959e-01
5.568633927014294827e-01
5.721645247139550694e-01
5.874656567264804341e-01
6.027667887390060208e-01
6.180679207515316076e-01
6.333690527640571943e-01
6.486701847765825590e-01
6.639713167891081458e-01
6.792724488016337325e-01
6.945735808141590972e-01
7.098747128266846840e-01
7.251758448392102707e-01
7.404769768517356354e-01
7.557781088642612222e-01
7.710792408767868089e-01
7.863803728893123957e-01
8.016815049018377604e-01
8.169826369143633471e-01
8.322837689268889338e-01
8.475849009394142985e-01
8.628860329519398853e-01
8.781871649644654720e-01
8.934882969769910588e-01
9.087894289895164235e-01
9.240905610020420102e-01
9.393916930145675970e-01
9.546928250270931837e-01
9.699939570396185484e-01
9.852950890521441352e-01
1.000596221064669722e+00
1.015897353077195087e+00
1.031198485089720673e+00
1.046499617102246260e+00
1.061800749114771847e+00
1.077101881127297212e+00
1.092403013139822798e+00
1.107704145152348385e+00
1.123005277164873972e+00
1.138306409177399336e+00
1.153607541189924923e+00
1.168908673202450510e+00
1.184209805214975875e+00
1.199510937227501461e+00
1.214812069240027048e+00
