-9.141146264318591452e-01
-9.141146099088225396e-01
-9.141060024469858103e-01
-9.137354980825582729e-01
-9.083603300162652605e-01
-8.668417087841340241e-01
-6.827436096325889547e-01
-3.050803818095100817e-01
2.518572235355562468e-03
1.341692945764576816e-01
1.799977929931571297e-01
1.972052512554136605e-01
2.063058434595706203e-01
2.146920948547429431e-01
2.258707553186008743e-01
2.422545785428969201e-01
2.657423543844266711e-01
2.973925794157654123e-01
3.367588131285786934e-01
3.814968349796580838e-01
4.278063425616600579e-01
4.716705109438359966e-01
5.101368520090164838e-01
5.418909560853417684e-01
5.670461496741961982e-01
5.865740343469489915e-01
6.017808371534666412e-01
6.139860756829418342e-01
6.243819108001983365e-01
6.339965828123665936e-01
6.436944593304224638e-01
6.541694605322830869e-01
6.659117051310015079e-01
6.791501247972104860e-01
6.937979623819914288e-01
7.094447684961373568e-01
7.254303924748529697e-01
7.409966198751507527e-01
7.554638505142271532e-01
7.683635943673874369e-01
7.794868358750383086e-01
7.888558005349358693e-01
7.966558432301766857e-01
8.031644292156716602e-01
8.086986589846356654e-01
8.135873078690123439e-01
8.181647266770503135e-01
8.227815054128745365e-01
8.278274301593528950e-01
8.337632306646565183e-01
8.411569258531480520e-01
8.507163572886771163e-01
8.632996973489290848e-01
8.798694727042245534e-01
9.013387248545808861e-01
9.282632399853660843e-01
9.604056608470730172e-01
9.963612576504180529e-01
1.033589287082896657e+00
1.069080325602223880e+00
1.100417486416522594e+00
1.126598694258740929e+00
1.148186153670261556e+00
1.166906735837874853e+00
1.185115893064874859e+00
1.205414018021619293e+00
1.230464952698294923e+00
1.262929065521530392e+00
1.305393652293693307e+00
1.360200823510388624e+00
1.429109435420565566e+00
1.512793571258344905e+00
1.610291813636829161e+00
1.718653304528378056e+00
1.833077889081878409e+00
1.947695542413524938e+00
2.056787321745289887e+00
2.155954099508501365e+00
2.242759210759300625e+00
2.316696260506483362e+00
2.378679481240260518e+00
2.430384561862578785e+00
2.473687356412542115e+00
2.510297606468417708e+00
2.541572962483077625e+00
2.568449192346337728e+00
2.591411937528784737e+00
2.610432397476415645e+00
2.624768588053836282e+00
2.632477912079868698e+00
2.629425543540905519e+00
2.607841537140854538e+00
2.556576017298720416e+00
2.470877017061407166e+00
2.373226121416712520e+00
2.303599769438949618e+00
2.273036084651490096e+00
2.264806562209455976e+00
2.263677700142960880e+00
2.330537724602649963e+00
