#Variance for the Conditional distribution of mass given radius from initial fitting w/o bootstrap
nan
3.618308096523352446e-02
3.618396407739307707e-02
3.620751590881677445e-02
3.644749123349119713e-02
3.787050520124092545e-02
4.357198239461577971e-02
5.871805035693621749e-02
8.237152313907124268e-02
1.031441666220318798e-01
1.150871553997866725e-01
1.207362135466956143e-01
1.233274137877583831e-01
1.246179623208967108e-01
1.254072581142032516e-01
1.260578609261842620e-01
1.267375209363949262e-01
1.275095734701963135e-01
1.283650359552936937e-01
1.292462872435959365e-01
1.300797500853109467e-01
1.308080374541112367e-01
1.314055002741862654e-01
1.318749555937809292e-01
1.322356961345170778e-01
1.325124878015181140e-01
1.327291248482338759e-01
1.329059186501144463e-01
1.330593963158937243e-01
1.332028402994601957e-01
1.333468772494181831e-01
1.334997328573089281e-01
1.336670292868796794e-01
1.338512235327178612e-01
1.340510213281223550e-01
1.342612736713630350e-01
1.344737877095360801e-01
1.346790616801100682e-01
1.348683957542429479e-01
1.350355723918447437e-01
1.351775644690191847e-01
1.352942727602128303e-01
1.353876898368688853e-01
1.354609476516233646e-01
1.355175423505732557e-01
1.355608331095451702e-01
1.355937862974973818e-01
1.356188899002709058e-01
1.356381635446806677e-01
1.356532052674807587e-01
1.356652289069890382e-01
1.356750475987226479e-01
1.356829484186581891e-01
1.356883905666462220e-01
1.356894783914467106e-01
1.356822766304775774e-01
1.356602853768242023e-01
1.356145925709766609e-01
1.355348959152502530e-01
1.354106290122023548e-01
1.352308902940142221e-01
1.349827170518231867e-01
1.346484909352041459e-01
1.342034867710747426e-01
1.336140711847000895e-01
1.328368338477034227e-01
1.318192867227918341e-01
1.305033877762750427e-01
1.288335204795018341e-01
1.267699406153597608e-01
1.243062401855575122e-01
1.214851402497790361e-01
1.184034583936092594e-01
1.151990400383813146e-01
1.120216580412049523e-01
1.090003779668335115e-01
1.062220259406271433e-01
1.037272293317044597e-01
1.015201054563476674e-01
9.958306783346271285e-02
9.788996654351685145e-02
9.641480622435923131e-02
9.513634748518581818e-02
9.404024821979366233e-02
9.312067115223782166e-02
9.238328671869375230e-02
9.185191470030119876e-02
9.158197120099727251e-02
9.168495075534978389e-02
9.236535917970510601e-02
9.394802558403582415e-02
9.679136171527652488e-02
1.008848191110712084e-01
1.053098683024605298e-01
1.086806236259797442e-01
1.104692865496760129e-01
1.111396397789374407e-01
1.113090518327201628e-01
1.113317171730742322e-01
nan
