#Variance for the Conditional distribution of mass given radius from initial fitting w/o bootstrap
1.032907394956995295e-01
1.101833047908551827e-01
1.290225611466926936e-01
1.548199689917067745e-01
1.822215172017871421e-01
2.076299839500822253e-01
2.294558447726174344e-01
2.474409379516739893e-01
2.619600199987607847e-01
2.735877828936144618e-01
2.828935642565063580e-01
2.903663763530343611e-01
2.964004957919870731e-01
3.013044466732163751e-01
3.053164659903606637e-01
3.086197355476633097e-01
3.113552237164589620e-01
3.136318208965562793e-01
3.155340929661402116e-01
3.171281273101608233e-01
3.184659168892935432e-01
3.195886472797852540e-01
3.205291682406021803e-01
3.213138607071954200e-01
3.219640548782379819e-01
3.224971135354498530e-01
3.229272641246228592e-01
3.232662407733633003e-01
3.235237811595791380e-01
3.237080113169089057e-01
3.238257428427980256e-01
3.238827006690273014e-01
3.238836949174504487e-01
3.238327469285913196e-01
3.237331769788597269e-01
3.235876592461456869e-01
3.233982480617270117e-01
3.231663782644557115e-01
3.228928414516531453e-01
3.225777390269110034e-01
3.222204121256099785e-01
3.218193477189486007e-01
3.213720594366381023e-01
3.208749409025494215e-01
3.203230886595148097e-01
3.197100911043464500e-01
3.190277793271559803e-01
3.182659354575964050e-01
3.174119542318156739e-01
3.164504542587296410e-01
3.153628372494271526e-01
3.141267968003038646e-01
3.127157839071655343e-01
3.110984451868797906e-01
3.092380629952162785e-01
3.070920456523462128e-01
3.046115422420119234e-01
3.017412909788544373e-01
2.984198528379045090e-01
2.945804304747950408e-01
2.901525195560205606e-01
2.850646718362690457e-01
2.792486440289790317e-01
2.726451315544982656e-01
2.652111039540436810e-01
2.569284381954703989e-01
2.478130860473136965e-01
2.379234715288202628e-01
2.273663392379488002e-01
2.162980882329514354e-01
2.049199660117742294e-01
1.934664845965862190e-01
1.821879245139731707e-01
1.713293837979626699e-01
1.611099153303411635e-01
1.517054044318412453e-01
1.432378870108839131e-01
1.357723661392738479e-01
1.293204740721228263e-01
1.238491021594921165e-01
1.192916386531920614e-01
1.155596427014990574e-01
1.125533748055928263e-01
1.101703063753910750e-01
1.083113358554101263e-01
1.068848534286050422e-01
1.058090174986962007e-01
1.050126779346184369e-01
1.044353590964497286e-01
1.040266474951531128e-01
1.037452472247569063e-01
1.035578896308083641e-01
1.034382203129419614e-01
1.033657384283625524e-01
1.033248290230470018e-01
1.033039061428563110e-01
1.032946699676715180e-01
1.032914727151663936e-01
1.032907837205558760e-01
2.646280162346699161e-01
