#Lower limit for the Conditional distribution of mass given radius from initial fitting w/o bootstrap
2.831864854676965915e-01
-1.563093178105192660e+00
-1.549561943514292439e+00
-1.526857991376517010e+00
-1.494752696499763278e+00
-1.452422645879737129e+00
-1.397935623535975669e+00
-1.327568820411384909e+00
-1.235320282315550022e+00
-1.117552577146560200e+00
-9.936228524283859942e-01
-8.959765031098961829e-01
-8.276683026273939925e-01
-7.792062764171946432e-01
-7.433510052391557599e-01
-7.157001774560255436e-01
-6.935442624609100548e-01
-6.751279315662186420e-01
-6.592486656680250912e-01
-6.450362311725452713e-01
-6.318262628661206470e-01
-6.190845088314552713e-01
-6.063596403370489218e-01
-5.932529592722822764e-01
-5.793985801675076708e-01
-5.644504031413145606e-01
-5.480736804775943050e-01
-5.299398274500709549e-01
-5.097236676891760965e-01
-4.871027439305095630e-01
-4.617588348864614667e-01
-4.333825690535117459e-01
-4.016832059121786536e-01
-3.664074347915440844e-01
-3.273733790543845168e-01
-2.845280392503427014e-01
-2.380351991220128194e-01
-1.883896881214260355e-01
-1.365245496761336164e-01
-8.383518875524283154e-02
-3.203294591615712950e-02
1.717685235577788572e-02
6.245169914301059583e-02
1.030161978382270194e-01
1.386493736463947912e-01
1.695350760908328758e-01
1.960880605383206743e-01
2.188191939891865334e-01
2.382521773449257085e-01
2.548808109591052529e-01
2.691519586712203260e-01
2.814629460599007982e-01
2.921663946315425364e-01
3.015786958956335195e-01
3.099903292469237126e-01
3.176774083424702688e-01
3.249144968862197058e-01
3.319892740741275938e-01
3.392197621375497851e-01
3.469752426111966659e-01
3.557020527217414907e-01
3.659555945491467788e-01
3.784396644267397081e-01
3.940540234625399263e-01
4.139504692668464214e-01
4.395978530318119804e-01
4.728591896315983423e-01
5.160943999208311705e-01
5.723309501686935086e-01
6.456167217196925323e-01
7.418581902456755639e-01
8.710371053634288208e-01
1.054001517570275048e+00
1.342569823394746731e+00
1.677073844306754324e+00
1.828244395542665268e+00
1.899273479482346261e+00
1.939006765085284023e+00
1.963095300630397944e+00
1.978263360255726688e+00
1.987974260439306251e+00
1.994217534983012019e+00
1.998215457372929160e+00
2.000750027513816587e+00
2.002332992879126028e+00
2.003302568646614379e+00
2.003882380011288156e+00
2.004219265920775594e+00
2.004408391814091583e+00
2.004510290209481571e+00
2.004562536138887463e+00
2.004587748095912669e+00
2.004599028865358346e+00
2.004603611378702244e+00
2.004605249305926318e+00
2.004605738585795383e+00
2.004605847214139480e+00
2.004605849775854320e+00
2.004605774595641154e+00
-1.183458689410658238e+00
