#Bayesian Information Criterion from bootstrap run
2.295088944450607414e+03
2.284466665032784931e+03
2.255298143684258775e+03
2.234352254889754477e+03
2.219145399744035331e+03
2.386226535199799855e+03
2.225500439587463461e+03
2.295592977984755635e+03
2.305586568352602171e+03
2.351116934024876173e+03
2.259793252450418095e+03
2.242518034714633359e+03
2.290882990469485776e+03
2.222688464722167282e+03
2.292022108389512596e+03
2.255731187618503100e+03
2.324904429284562866e+03
2.318051129756574937e+03
2.286804070016750302e+03
2.234880536223288800e+03
2.269065816424322747e+03
2.286845916827994188e+03
2.291020244290718892e+03
2.283322895903560038e+03
2.323239239605277817e+03
2.238004145672151481e+03
2.287032707778046188e+03
2.260467850980959156e+03
2.240662424023062613e+03
2.260783604113658384e+03
2.299728022871844587e+03
2.262271437904309096e+03
2.300929504258677753e+03
2.273741901628810865e+03
2.284188450820563958e+03
2.368799200818031750e+03
2.302965695203473842e+03
2.285111032443284785e+03
2.391111598946692993e+03
2.309375327561606355e+03
2.299723449391690792e+03
2.248587765071112244e+03
2.267247105193686821e+03
2.272974501411910296e+03
2.270582007499434440e+03
2.294764976247485265e+03
2.325699831240623553e+03
2.339408777241285406e+03
2.280331156048729099e+03
2.303200684413216095e+03
