#Variance for the Conditional distribution of Mass given Radius from initial fitting w/o bootstrap
nan
1.049536819080254708e-02
1.178754076999771055e-02
1.439987889747504010e-02
1.849235740987960688e-02
2.350269065151877265e-02
2.838456328678467394e-02
3.238037053234612411e-02
3.532359423296672907e-02
3.739622982399987139e-02
3.885413233845641523e-02
3.990891524737526924e-02
4.070910930573966996e-02
4.135351566468303819e-02
4.190807899013205412e-02
4.241888685051468932e-02
4.292089250883968088e-02
4.344330757813422150e-02
4.401234637473828287e-02
4.465147709236906570e-02
4.537904119665105152e-02
4.620341694520298942e-02
4.711710581209115761e-02
4.809284589558024403e-02
4.908552651446253245e-02
5.004139911427767790e-02
5.091138662073411980e-02
5.166214424834970204e-02
5.228017893920332976e-02
5.276905178767593574e-02
5.314305518890234670e-02
5.342089165207268564e-02
5.362118668073977135e-02
5.376006685094881360e-02
5.385026913561379719e-02
5.390113950114418240e-02
5.391904843881169945e-02
5.390795677790161805e-02
5.387001771620078538e-02
5.380618945970794265e-02
5.371686871241963812e-02
5.360254962887448654e-02
5.346447443506387176e-02
5.330518505087478848e-02
5.312883819264583446e-02
5.294114930102523930e-02
5.274891098176825305e-02
5.255917244512078867e-02
5.237829760151444664e-02
5.221115945673488606e-02
5.206064862517466307e-02
5.192752192723813082e-02
5.181047456011241698e-02
5.170623787674452632e-02
5.160948019240401557e-02
5.151227905707671945e-02
5.140289330863617029e-02
5.126345866759948744e-02
5.106605283444813626e-02
5.076637368276646495e-02
5.029426689048534932e-02
4.954121156830343375e-02
4.834830817489822741e-02
4.650718240657124303e-02
4.380115523864903937e-02
4.011941112005209392e-02
3.562541852091095224e-02
3.083473788752388520e-02
2.643061380658556433e-02
2.291529812183723536e-02
2.042403913059974777e-02
1.881150997169013170e-02
1.783340100335443351e-02
1.726665929115000706e-02
1.694902440703180066e-02
1.677557593588812831e-02
1.668295710865347684e-02
1.663453047457880488e-02
1.660974241893915099e-02
1.659733568511984406e-02
1.659127531303895495e-02
1.658839341469350165e-02
1.658706339684091341e-02
1.658646989161609298e-02
1.658621495591609471e-02
1.658611013598227518e-02
1.658606919147245437e-02
1.658605417089702508e-02
1.658604909161102980e-02
1.658604750546461074e-02
1.658604679431239376e-02
1.658604549173482018e-02
1.658604150128564075e-02
1.658602889566383048e-02
1.658598574512156962e-02
1.658580791017948142e-02
1.658477399872093985e-02
1.657308374105455340e-02
1.594984108177035370e-02
nan
