#Akaike Information Criterion from bootstrap run
8.055706039944811891e+02
8.193963581701369776e+02
7.851041171428943244e+02
7.623079492527820094e+02
7.881428779768784807e+02
7.689875846418678975e+02
7.496508489466777974e+02
8.929834458630209610e+02
7.132818575814005726e+02
8.251566025183315105e+02
7.475522056157485622e+02
7.660077562196422605e+02
8.015928007171240779e+02
7.637898925739473270e+02
8.045956009922249450e+02
7.616752042830612481e+02
8.329626604269284371e+02
7.668156007257799729e+02
7.945128210738932921e+02
7.870266082002381154e+02
