#Lower limit for the Conditional distribution of mass given radius from initial fitting w/o bootstrap
-1.688872086722566390e+00
-1.686078588484127616e+00
-1.677268035881618324e+00
-1.661475645820413627e+00
-1.637124183994319138e+00
-1.601596607758273505e+00
-1.550340236619937695e+00
-1.475076222014344518e+00
-1.363076568243717368e+00
-1.220559937435624853e+00
-1.099721618980539883e+00
-1.017217719654137875e+00
-9.602245258853144838e-01
-9.187019699095702041e-01
-8.869253820785963915e-01
-8.615457033160821565e-01
-8.404793595763485614e-01
-8.223520117506442073e-01
-8.062089288572109602e-01
-7.913551903172335589e-01
-7.772626577504760936e-01
-7.635132986477505268e-01
-7.497633501964049429e-01
-7.357199906753738583e-01
-7.211258352901862567e-01
-7.057485245230318283e-01
-6.893737678858560258e-01
-6.718008530854815419e-01
-6.528400395021313196e-01
-6.323115391587615930e-01
-6.100460128937382764e-01
-5.858867115162308403e-01
-5.596935880817163200e-01
-5.313498913003910085e-01
-5.007718783746430979e-01
-4.679222568125205872e-01
-4.328275961361598423e-01
-3.955989829907425315e-01
-3.564533922771390695e-01
-3.157306860335003518e-01
-2.738986716298193458e-01
-2.315381335300663590e-01
-1.893034073883676782e-01
-1.478622846457033069e-01
-1.078283685059379937e-01
-6.970344191351872387e-02
-3.384343225216063927e-02
-4.517651512983029017e-04
3.040540228263285960e-02
5.877194009095732669e-02
8.477170101281926440e-02
1.085816923541424589e-01
1.304111844293497358e-01
1.504872011013422550e-01
1.690456880157528707e-01
1.863272949022130032e-01
2.025767741755711004e-01
2.180452356588771790e-01
2.329947691851660396e-01
2.477051928456375507e-01
2.624828847228174444e-01
2.776718063027972527e-01
2.936669262752746312e-01
3.109303035745074606e-01
3.300100910476967409e-01
3.515626961561489905e-01
3.763783505715448952e-01
4.054105679158113706e-01
4.398107723828756921e-01
4.809714436709831564e-01
5.305856082045992128e-01
5.907392378489361162e-01
6.640685968661064198e-01
7.540378624505718053e-01
8.654028819464457678e-01
1.004724454221769259e+00
1.178892736654270301e+00
1.380159157549214255e+00
1.558824971146913319e+00
1.678656633245476204e+00
1.753367114733486609e+00
1.801171094536286432e+00
1.832739266254879373e+00
1.854007246236237805e+00
1.868465771553366572e+00
1.878297987512715261e+00
1.884938746027924772e+00
1.889365711388981017e+00
1.892261079782551425e+00
1.894107205738190247e+00
1.895246506780743134e+00
1.895921009770991983e+00
1.896299686432409315e+00
1.896498081887453502e+00
1.896592823926594118e+00
1.896632560488179964e+00
1.896646293595646515e+00
1.896649747765813299e+00
1.896650216090831842e+00
-1.205589487974841001e+00
