#Upper limit for the Conditional distribution of mass given radius from initial fitting w/o bootstrap
-1.193468134418508964e+00
-1.120455897658876321e+00
-7.722163260684474784e-01
-2.983103932081178633e-01
-7.215705065663076401e-02
4.880956256217308664e-02
1.222538791074065934e-01
1.708222488991513466e-01
2.052655022307910970e-01
2.313293328022726636e-01
2.523592700049872573e-01
2.704495624831779188e-01
2.870042411421078188e-01
3.030320597660778881e-01
3.193105905877435813e-01
3.364815371553471768e-01
3.551074243279303544e-01
3.757046495634541738e-01
3.987599581005821792e-01
4.247327637146348644e-01
4.540426989480867426e-01
4.870399184996205277e-01
5.239556416490466217e-01
5.648339478328903152e-01
6.094550589264762230e-01
6.572748437267993404e-01
7.074171525831538521e-01
7.587489033846960274e-01
8.100330628926535326e-01
8.601099610574021170e-01
9.080408255582455013e-01
9.531741051336899417e-01
9.951383949573626708e-01
1.033791713918114530e+00
1.069157769765703980e+00
1.101368158099068628e+00
1.130617740192239040e+00
1.157133449096484190e+00
1.181153971229704558e+00
1.202917297128427432e+00
1.222653617103150125e+00
1.240581720416216394e+00
1.256907654734655821e+00
1.271824848444764289e+00
1.285515207083903766e+00
1.298150902681630692e+00
1.309896715388613853e+00
1.320912887023917071e+00
1.331358525690071071e+00
1.341395674337254595e+00
1.351194237088403360e+00
1.360938059148886659e+00
1.370832597506186357e+00
1.381114828325438193e+00
1.392066359712850421e+00
1.404031238312650087e+00
1.417440809463479612e+00
1.432849514290072568e+00
1.450988297752917378e+00
1.472847677659846477e+00
1.499813453602941271e+00
1.533901447641992544e+00
1.578189496846915674e+00
1.637651712545967531e+00
1.720659738554166873e+00
1.839162263181439050e+00
1.987240349246385485e+00
2.111987792479648629e+00
2.194498436067091163e+00
2.249142456649636745e+00
2.286958609156848343e+00
2.314032252628922315e+00
2.333854818048596069e+00
2.348577527796375630e+00
2.359608194329518849e+00
2.367911827151086168e+00
2.374173428203757208e+00
2.378892135293614096e+00
2.382438798017422865e+00
2.385092894782409711e+00
2.387067171970279400e+00
2.388524659985606924e+00
2.389590771924592350e+00
2.390362121161621722e+00
2.390913082495676800e+00
2.391300758850086083e+00
2.391568793618637390e+00
2.391750329106373751e+00
2.391870321357747464e+00
2.391947362052261550e+00
2.391995117818143779e+00
2.392023469413740777e+00
2.392039413494321920e+00
2.392047775422762257e+00
2.392051771061397325e+00
2.392053447565360091e+00
2.392054027132295868e+00
2.392054172938458123e+00
2.392054192711713156e+00
1.224715787355427077e+00
