#Upper limit for the Conditional distribution of radius given mass from initial fitting w/o bootstrap
-9.750678153122611935e-02
-9.749228398505360715e-02
-9.726441920573145050e-02
-9.622359914832853689e-02
-9.325942483462493215e-02
-8.662965371980881069e-02
-7.385598604858914507e-02
-5.195371990521571032e-02
-1.904709216245464853e-02
2.215556588074339694e-02
6.416776940916733840e-02
1.007339037802101878e-01
1.298723187029805215e-01
1.521782355146658050e-01
1.690196071833650615e-01
1.817555500735356100e-01
1.915073802274323833e-01
1.991356010675079946e-01
2.052801177266010690e-01
2.104117068008620473e-01
2.148776461186864550e-01
2.189375172138118830e-01
2.227897915746050728e-01
2.265910691125162246e-01
2.304698625319888394e-01
2.345364716661005600e-01
2.388900926190721530e-01
2.436239609011240093e-01
2.488290518015537078e-01
2.545966410220726339e-01
2.610198425632977992e-01
2.681940690198533761e-01
2.762161886021687329e-01
2.851819850093231246e-01
2.951813910398654039e-01
3.062909454305278723e-01
3.185631654273780589e-01
3.320132385476360914e-01
3.466047531850461882e-01
3.622379075673752835e-01
3.787449159155800160e-01
3.958968034325920926e-01
4.134225815710573237e-01
4.310369539367921998e-01
4.484691144186206402e-01
4.654852937306505067e-01
4.819011497067144933e-01
4.975842920157396154e-01
5.124498672196671212e-01
5.264526709630988899e-01
5.395784776475124334e-01
5.518361514962379921e-01
5.632511864244613697e-01
5.738607632167388450e-01
5.837101490242957436e-01
5.928501843744284905e-01
6.013356158306168986e-01
6.092240820987876448e-01
6.165756191683799958e-01
6.234526044405824807e-01
6.299201082871899171e-01
6.360466662602844989e-01
6.419055308799522797e-01
6.475765152342757291e-01
6.531486110144379964e-01
6.587236655613976088e-01
6.644215598784302124e-01
6.703875845396161104e-01
6.768031413430993792e-01
6.839016595329336923e-01
6.919930254405918246e-01
7.015025845310717267e-01
7.130365279392786304e-01
7.274983471191501794e-01
7.463120770712299290e-01
7.718872899968052259e-01
8.086452078173941294e-01
8.647522420739865989e-01
9.455563028242912615e-01
1.022882445326221967e+00
1.076539054425243780e+00
1.113517589918376682e+00
1.140223158112220636e+00
1.160107066936155951e+00
1.175123868412486505e+00
1.186493087130443991e+00
1.195047954263058987e+00
1.201402965949063262e+00
1.206037763684066233e+00
1.209339710917509247e+00
1.211625755376649627e+00
1.213154465310485319e+00
1.214133971260560108e+00
1.214728505813298609e+00
1.215064516061867383e+00
1.215236502552035525e+00
1.215312457857935735e+00
1.215338758367928707e+00
1.215344430712759216e+00
1.215344786534061861e+00
