#Weights for Beta densities from initial fitting w/o bootstrap
5.886131462057352104e-02
0.000000000000000000e+00
6.215870147833731443e-12
9.488195768485177886e-12
1.167819553015455973e-11
1.368497464871235025e-11
1.500563694432693537e-11
1.552066081653646033e-11
1.565123322556840474e-11
1.573409862820488239e-11
1.570663859593707766e-11
1.572661274752869265e-11
1.567749809434763365e-11
0.000000000000000000e+00
0.000000000000000000e+00
6.004504863156914785e-12
8.920151906211719675e-12
1.117417573062522672e-11
1.339781565312843370e-11
1.479523568817617957e-11
1.544207691133846899e-11
1.563697960585376176e-11
1.564426539024275573e-11
1.570559565443351881e-11
1.574593195291669988e-11
1.570576653147216610e-11
0.000000000000000000e+00
0.000000000000000000e+00
5.821738524472517412e-12
7.378408207494007581e-12
9.732499220194189629e-12
1.230112389852050167e-11
1.409861119790558649e-11
1.501373715767097793e-11
1.546983083693391665e-11
1.565106380542642672e-11
1.567625218680925372e-11
1.574989244180883576e-11
1.572953786400368634e-11
0.000000000000000000e+00
2.085400913233578443e-12
4.157549935020991155e-12
3.423944497881175469e-12
4.936967613287110770e-12
8.541111841766681201e-12
1.160152134543944794e-11
1.355015883500762346e-11
1.468830149875402849e-11
1.533547733719993304e-11
1.560097413600791509e-11
1.563510953667720908e-11
1.572800319615732384e-11
0.000000000000000000e+00
4.632673303810565593e-12
3.914339899334134398e-01
0.000000000000000000e+00
0.000000000000000000e+00
4.683787368099222997e-13
5.133252652019795401e-12
9.251913461288648402e-12
1.239895692560044442e-11
1.441943514867176021e-11
1.530270935941563208e-11
1.566131049851463355e-11
1.572301051630379566e-11
8.803869156452258024e-12
4.059670395667848777e-12
0.000000000000000000e+00
5.068295245386043174e-02
0.000000000000000000e+00
0.000000000000000000e+00
0.000000000000000000e+00
4.139775646578008200e-13
7.326900821762226748e-12
1.216970555429600261e-11
1.464252394193284873e-11
1.546956862263850103e-11
1.568412254590459756e-11
1.175930917378842540e-11
2.670139140987983634e-12
0.000000000000000000e+00
0.000000000000000000e+00
0.000000000000000000e+00
0.000000000000000000e+00
0.000000000000000000e+00
0.000000000000000000e+00
0.000000000000000000e+00
8.110949008922419337e-12
1.315568202877974435e-11
1.504985266048480472e-11
1.560067333766768614e-11
1.271730593418616759e-11
2.621058701161730134e-12
0.000000000000000000e+00
0.000000000000000000e+00
0.000000000000000000e+00
1.739754909766542956e-01
0.000000000000000000e+00
0.000000000000000000e+00
0.000000000000000000e+00
2.601224204974326645e-12
1.063336246988734815e-11
1.402121278985617690e-11
1.527143503614238756e-11
1.347937297600820296e-11
5.039586044482124993e-12
0.000000000000000000e+00
0.000000000000000000e+00
0.000000000000000000e+00
0.000000000000000000e+00
1.749927181208155158e-01
0.000000000000000000e+00
0.000000000000000000e+00
0.000000000000000000e+00
6.581562016574633162e-12
1.131092065170292982e-11
1.422372385278809596e-11
1.432418579230950936e-11
9.015569747591574770e-12
0.000000000000000000e+00
0.000000000000000000e+00
0.000000000000000000e+00
0.000000000000000000e+00
0.000000000000000000e+00
0.000000000000000000e+00
0.000000000000000000e+00
0.000000000000000000e+00
0.000000000000000000e+00
4.591573001937751877e-12
1.128452087429212582e-11
1.513316642815345017e-11
1.275714556643039663e-11
8.197111724475309585e-12
2.256212466069653852e-12
0.000000000000000000e+00
0.000000000000000000e+00
0.000000000000000000e+00
0.000000000000000000e+00
0.000000000000000000e+00
0.000000000000000000e+00
0.000000000000000000e+00
0.000000000000000000e+00
5.625540570891205891e-12
1.558383165621655270e-11
1.489297125225707945e-11
1.357491690332445454e-11
1.158446717391503449e-11
8.938143153673812347e-12
5.716093349789497929e-12
2.655272835237537307e-12
0.000000000000000000e+00
0.000000000000000000e+00
0.000000000000000000e+00
0.000000000000000000e+00
0.000000000000000000e+00
4.546541332165528887e-13
1.586648270179760040e-11
1.577351566893546268e-11
1.559641634658642979e-11
1.531286627039956175e-11
1.488726451685275232e-11
1.420261739432885501e-11
1.321707072469134082e-11
1.104814090419677791e-11
5.804037057146075804e-12
0.000000000000000000e+00
0.000000000000000000e+00
1.500535341665719946e-01
7.284723890191475981e-12
