#Lower limit for the Conditional distribution of mass given radius from initial fitting w/o bootstrap
-1.543672651417504538e+00
-1.539151128576540684e+00
-1.523585593524635406e+00
-1.494101491054764086e+00
-1.447551981710940794e+00
-1.379218058879615016e+00
-1.280846677114001020e+00
-1.142348364567549623e+00
-9.802761314951418115e-01
-8.488277511794731778e-01
-7.599882705160863061e-01
-6.993722824490562484e-01
-6.559289561928074441e-01
-6.232762425976007270e-01
-5.976790315835147638e-01
-5.768346383550233547e-01
-5.592469331125444754e-01
-5.438959292708329674e-01
-5.300546122491958112e-01
-5.171824339836694762e-01
-5.048607686791967142e-01
-4.927524344257289690e-01
-4.805756155984656774e-01
-4.680867469068804021e-01
-4.550691890236261972e-01
-4.413257951978783455e-01
-4.266742071903687483e-01
-4.109441680956363308e-01
-3.939764287229471917e-01
-3.756230260871326054e-01
-3.557488692431723387e-01
-3.342347017629887507e-01
-3.109816277808413187e-01
-2.859174765487920156e-01
-2.590052988331607575e-01
-2.302541580682904154e-01
-1.997319921267018961e-01
-1.675795282076595616e-01
-1.340230059657753214e-01
-9.938196466998390488e-02
-6.406724296318379308e-02
-2.856471219197198250e-02
6.596875620886913372e-03
4.089039055469007727e-02
7.383837853314835498e-02
1.050535992061718965e-01
1.342635921715447378e-01
1.613166079544784692e-01
1.861721010386471753e-01
2.088820711663544327e-01
2.295695997094222007e-01
2.484091558686042367e-01
2.656111509074631782e-01
2.814114753386108836e-01
2.960659244457985451e-01
3.098489212670292314e-01
3.230559598782911102e-01
3.360092949550151920e-01
3.490665689593344112e-01
3.626322089971217855e-01
3.771715126476397062e-01
3.932273717567952853e-01
4.114395866578774430e-01
4.325667949278084734e-01
4.575114021166874489e-01
4.873489985140020408e-01
5.233663337547026506e-01
5.671175573090104782e-01
6.205195413187872822e-01
6.860297738755081198e-01
7.669982927519090055e-01
8.683949513567386091e-01
9.983494075401321277e-01
1.170871359881439977e+00
1.399149125557286322e+00
1.619770940121569858e+00
1.751907956015297474e+00
1.826545794275458157e+00
1.872360137664148327e+00
1.902206271019115880e+00
1.922329390021692008e+00
1.936148576218948980e+00
1.945714963858137692e+00
1.952342235988565600e+00
1.956911282056799761e+00
1.960031551798338434e+00
1.962133259686331677e+00
1.963523542830571289e+00
1.964422569175702682e+00
1.964987841105247934e+00
1.965331180410949008e+00
1.965530953518195512e+00
1.965641062186971988e+00
1.965697649047818629e+00
1.965724135455813260e+00
1.965735011171915403e+00
1.965738671794927228e+00
1.965739511219610325e+00
1.965739279629895142e+00
-1.198337324459366471e+00
