#Lower limit for the Conditional distribution of radius given mass from initial fitting w/o bootstrap
3.469855155336635799e-01
-2.814539859673247379e-01
-2.814521750725885174e-01
-2.814435500583489236e-01
-2.814179738141763254e-01
-2.813585331598290051e-01
-2.812393515316125026e-01
-2.810228323653857219e-01
-2.806561305130985118e-01
-2.800665350772987283e-01
-2.791552633469688849e-01
-2.777888777669865750e-01
-2.757871154841645689e-01
-2.729054329319045569e-01
-2.688105061531434470e-01
-2.630496431913327826e-01
-2.550292641849916109e-01
-2.440688442604720954e-01
-2.297131413643000442e-01
-2.124632868116283491e-01
-1.942324157634114645e-01
-1.772842109047379489e-01
-1.628354801988964318e-01
-1.510210066539782181e-01
-1.414861597647767699e-01
-1.337757394834293290e-01
-1.274792351774196031e-01
-1.222638920818164554e-01
-1.178701797718790661e-01
-1.140981080357455768e-01
-1.107935401667589914e-01
-1.078368575626287157e-01
-1.051341647029958998e-01
-1.026106338500266529e-01
-1.002055138629098507e-01
-9.786838126762577306e-02
-9.555629123374329015e-02
-9.323165287639011145e-02
-9.086055062425121842e-02
-8.841145503426718621e-02
-8.585419677889236101e-02
-8.315913830429684517e-02
-8.029649146760592382e-02
-7.723574332779367668e-02
-7.394516274197872330e-02
-7.039136875534285354e-02
-6.653894907559751437e-02
-6.235012632850606834e-02
-5.778446203693803768e-02
-5.279866076549264570e-02
-4.734642764542038723e-02
-4.137852838881729556e-02
-3.484309622501804288e-02
-2.768636790861580058e-02
-1.985409598312537147e-02
-1.129400764930266719e-02
-1.959752512078011873e-03
8.183028884755061058e-03
1.914808048524044987e-02
3.091726057987309248e-02
4.342767294157827418e-02
5.656005584855954005e-02
7.013344023172599084e-02
8.391163962064378257e-02
9.762455925322838235e-02
1.110008760712334064e-01
1.238024947279353222e-01
1.358500107912934129e-01
1.470335697323587321e-01
1.573103708064552408e-01
1.666943499384349048e-01
1.752439021814536924e-01
1.830516026900463333e-01
1.902379573273931535e-01
1.969499483598344813e-01
2.033647609412004287e-01
2.096992943038714363e-01
2.162266884674473866e-01
2.233020500766053629e-01
2.314008899144102682e-01
2.411757446156063411e-01
2.535398823675271140e-01
2.697946519453067737e-01
2.918379675880167778e-01
3.225550673946944724e-01
3.666998536993148483e-01
4.332917007403276899e-01
5.417183033532307901e-01
6.877122984614402190e-01
7.726020355859472000e-01
8.120261122222686145e-01
8.320995190034693456e-01
8.425792808883693086e-01
8.478968096056841430e-01
8.504100894405848265e-01
8.514654165780013440e-01
8.518326510936122808e-01
8.519259182327475477e-01
8.519388469252467955e-01
8.519392426456403600e-01
