#Upper limit for the Conditional distribution of radius given mass from initial fitting w/o bootstrap
1.143112170795099303e+00
-1.154356297225752892e-01
-1.154031554758580547e-01
-1.152468149430949801e-01
-1.147783080681754886e-01
-1.136776521309483812e-01
-1.114441843614949745e-01
-1.073281661578154161e-01
-1.002353801736478589e-01
-8.861729718579662574e-02
-7.046951426493747173e-02
-4.390636744697756777e-02
-9.032476560188705539e-03
3.022681465000594259e-02
6.823691400188545975e-02
1.014498124425822351e-01
1.289318244794415425e-01
1.511074446104785640e-01
1.688395321065478127e-01
1.830284996690522969e-01
1.944715578228550790e-01
2.038276042004366906e-01
2.116227401149663456e-01
2.182698402549551053e-01
2.240909813327182920e-01
2.293381385648681214e-01
2.342105893597390687e-01
2.388688466400716304e-01
2.434455116816659492e-01
2.480536028143574545e-01
2.527928988700872681e-01
2.577547452675914563e-01
2.630256575583576617e-01
2.686899424753302901e-01
2.748314372557748575e-01
2.815343825938559363e-01
2.888832446516325647e-01
2.969613091447672049e-01
3.058476228851148560e-01
3.156118906557907611e-01
3.263069970957875321e-01
3.379592057202008837e-01
3.505568829728326063e-01
3.640398211059006628e-01
3.782924410874703991e-01
3.931445990493820375e-01
4.083822636857361577e-01
4.237671070572343046e-01
4.390603986891697397e-01
4.540449982838646314e-01
4.685404966437664576e-01
4.824098922613794804e-01
4.955590025987788860e-01
5.079313370406586259e-01
5.195010606736002456e-01
5.302659040249448896e-01
5.402410005224301814e-01
5.494540005682262418e-01
5.579414429051389179e-01
5.657462163016344636e-01
5.729159110497185070e-01
5.795018906550590820e-01
5.855589683118495037e-01
5.911456348509197545e-01
5.963248498760285177e-01
6.011654857108459371e-01
6.057445852205302073e-01
6.101507523775751007e-01
6.144891439918316323e-01
6.188888242448610244e-01
6.235138047904239533e-01
6.285798816984625725e-01
6.343811149465515831e-01
6.413330192273634101e-01
6.500464997285634317e-01
6.614624432159716960e-01
6.771172149632878057e-01
6.997212340882731363e-01
7.345542626925901653e-01
7.924934583646351394e-01
8.828064159013971901e-01
9.677629105530402009e-01
1.024859583930646245e+00
1.063793909861451059e+00
1.091490036007364051e+00
1.111516799569448599e+00
1.125940135588133550e+00
1.136142126653283180e+00
1.143159827712639798e+00
1.147820130984763987e+00
1.150788771337176053e+00
1.152589799314786667e+00
1.153620442085325548e+00
1.154168849635614169e+00
1.154434220791620280e+00
1.154546850685989057e+00
1.154586211574632593e+00
1.154596221955804580e+00
1.154597610035768440e+00
1.154597652521650586e+00
