#Upper limit for the Conditional distribution of radius given mass from initial fitting w/o bootstrap
9.721778848983394149e-09
-9.754274717941671669e-03
-9.754254645836841001e-03
-9.754185332117484841e-03
-9.753790506255893139e-03
-9.752003391918924805e-03
-9.745702719012408824e-03
-9.727239987733142176e-03
-9.680019447548180583e-03
-9.571055713408148716e-03
-9.338933360121199137e-03
-8.874796181432385508e-03
-7.992603699598746156e-03
-6.382218601872710791e-03
-3.533304210255017955e-03
1.394338445061182310e-03
9.806287035146939515e-03
2.412548913995930452e-02
4.862143936119191212e-02
9.002249003703365060e-02
1.516988876091050764e-01
2.193433579125408928e-01
2.765648683809416863e-01
3.207641545719615017e-01
3.542538836252125400e-01
3.795530800037563712e-01
3.987227089261893287e-01
4.133863643361659346e-01
4.247986572200221911e-01
4.339067210572984390e-01
4.414088698616484563e-01
4.478096366927324379e-01
4.534677505694574839e-01
4.586350388481936768e-01
4.634863115626081664e-01
4.681414220650590985e-01
4.726812164039049247e-01
4.771588762964477648e-01
4.816079506281141231e-01
4.860480432944505602e-01
4.904888638411312174e-01
4.949331422256480484e-01
4.993787534588371435e-01
5.038202934954097989e-01
5.082502681075511397e-01
5.126600066783736365e-01
5.170403772432938805e-01
5.213823560954260472e-01
5.256774904048653330e-01
5.299182831118781634e-01
5.340985240782591958e-01
5.382135889461310274e-01
5.422607266342972521e-01
5.462393575310112714e-01
5.501514071545574591e-01
5.540017045730799561e-01
5.577984817392698247e-01
5.615540200350668254e-01
5.652855052285858939e-01
5.690161740786559008e-01
5.727768687534144920e-01
5.766081652295110827e-01
5.805633200742585931e-01
5.847123990588884990e-01
5.891481544898954370e-01
5.939945906228862871e-01
5.994196493051321406e-01
6.056547519346172637e-01
6.130259617872066968e-01
6.220063084177314128e-01
6.333095513107188657e-01
6.480733059206075231e-01
6.682604441143170648e-01
6.976882326977456028e-01
7.452348943186490882e-01
8.330350302163637144e-01
9.433261261892579297e-01
1.012161345863713757e+00
1.055753758910428663e+00
1.086292380585323736e+00
1.108805816278598311e+00
1.125782167298812197e+00
1.138663814082912618e+00
1.148398613257145540e+00
1.155674308799746530e+00
1.161025950904615467e+00
1.164886069865856300e+00
1.167608333724293956e+00
1.169479939116663036e+00
1.170730126388600079e+00
1.171537895966147547e+00
1.172039649746785317e+00
1.172336703696464477e+00
1.172502238533893237e+00
1.172587450460831571e+00
1.172626783732092060e+00
1.172642255336502348e+00
1.172646954273535602e+00
1.172647828369591805e+00
9.721778848983394149e-09
