#Conditional distribution of mass given radius from initial fitting w/o bootstrap
nan
-1.234457815203455544e+00
-1.116593935504244461e+00
-9.631506110456231617e-01
-8.094448870935569973e-01
-6.747317825437679772e-01
-5.645051566455344672e-01
-4.771517035989598088e-01
-4.086670006192247295e-01
-3.548848417785102627e-01
-3.122452312695519483e-01
-2.779223920851681129e-01
-2.497310425254647137e-01
-2.259840954841185745e-01
-2.053619320943602666e-01
-1.868084530661995313e-01
-1.694535772642302707e-01
-1.525577605370473100e-01
-1.354739895378772041e-01
-1.176236877824244076e-01
-9.848401645968650475e-02
-7.758481480273539399e-02
-5.451380181940190806e-02
-2.892863678038872996e-02
-5.740441143611698478e-04
3.069845413473754059e-02
6.491140680631539428e-02
1.019466832665348599e-01
1.415389612047814882e-01
1.832806268062044941e-01
2.266397321014246291e-01
2.709904707893236453e-01
3.156532730683724308e-01
3.599397118911404903e-01
4.031965091391941924e-01
4.448432792331346586e-01
4.844000964626945516e-01
5.215030439441962207e-01
5.559080022968150292e-01
5.874845745743728642e-01
6.162029693196661162e-01
6.421168762338408387e-01
6.653450431694383216e-01
6.860536392828175956e-01
7.044407861307796503e-01
7.207240082719550411e-01
7.351308753902163762e-01
7.478927983543882663e-01
7.592417855156926576e-01
7.694099310362272348e-01
7.786314604347661650e-01
7.871472710693959707e-01
7.952120544007574843e-01
8.031042533483675472e-01
8.111392692188701403e-01
8.196864510526340464e-01
8.291904048532312554e-01
8.401969174042009936e-01
8.533830605457455309e-01
8.695894323039017326e-01
8.898494197550137486e-01
9.154051420058856303e-01
9.476919245590537111e-01
9.882636312674913937e-01
1.038624058764020086e+00
1.099934688927477255e+00
1.172601802627706968e+00
1.255818065632580582e+00
1.347229982461287889e+00
1.442957541592716719e+00
1.538112918187217959e+00
1.627729748042781255e+00
1.707761402791356353e+00
1.775748191635554640e+00
1.830950417275626352e+00
1.874028701562139076e+00
1.906515426774888500e+00
1.930305915388878413e+00
1.947290156826217089e+00
1.959144388999044306e+00
1.967247966924964064e+00
1.972678422002599907e+00
1.976245899896978298e+00
1.978541653404843892e+00
1.979986706933283047e+00
1.980874425062849609e+00
1.981405058105597083e+00
1.981712484982010247e+00
1.981884248847222585e+00
1.981976198034646641e+00
1.982022962822505896e+00
1.982045307087460850e+00
1.982055184223093569e+00
1.982059137072152089e+00
1.982060524222079234e+00
1.982060930259644138e+00
1.982061021367863107e+00
1.982061034731585680e+00
1.982061035631078161e+00
nan
