#Lower limit for the Conditional distribution of mass given radius from initial fitting w/o bootstrap
-1.233154298045991748e+00
-1.190051151626772885e+00
-1.150656303882944709e+00
-1.114630233727302411e+00
-1.081651673452233675e+00
-1.051414138383707009e+00
-1.023628587236476983e+00
-9.980269152344031225e-01
-9.743643275677451587e-01
-9.524202002010253576e-01
-9.319976587722211825e-01
-9.129222742527185464e-01
-8.950402483435844214e-01
-8.782163738892350136e-01
-8.623319639758443289e-01
-8.472828686524497277e-01
-8.329776441187072278e-01
-8.193359030412490362e-01
-8.062868520137242978e-01
-7.937680089788230475e-01
-7.817240864743355555e-01
-7.701060235398886622e-01
-7.588701484531050756e-01
-7.479774551242899250e-01
-7.373929773167611224e-01
-7.270852464793702286e-01
-7.170258206369622966e-01
-7.071888733907115698e-01
-6.975508334811597599e-01
-6.880900666767547635e-01
-6.787865928083317568e-01
-6.696218317039824841e-01
-6.605783725363330028e-01
-6.516397617124997099e-01
-6.427903049249606982e-01
-6.340148793517723647e-01
-6.252987522572435175e-01
-6.166274024068068016e-01
-6.079863407775841777e-01
-5.993609270214497187e-01
-5.907361780202202706e-01
-5.820965646600848586e-01
-5.734257926392261062e-01
-5.647065627005198873e-01
-5.559203051391856665e-01
-5.470468827592439576e-01
-5.380642556243473429e-01
-5.289480999563139774e-01
-5.196713723207951885e-01
-5.102038088558291662e-01
-5.005113475971564307e-01
-4.905554600259692255e-01
-4.802923756909738273e-01
-4.696721811503813959e-01
-4.586377715036152325e-01
-4.471236294271170864e-01
-4.350544029000681379e-01
-4.223432487414038317e-01
-4.088899047633401951e-01
-3.945784489336482403e-01
-3.792746996894823530e-01
-3.628232078800623928e-01
-3.450437884029108893e-01
-3.257275395114110350e-01
-3.046323017719966830e-01
-2.814775197359511982e-01
-2.559384928731547326e-01
-2.276400479437906410e-01
-1.961497511697400109e-01
-1.609709406752759253e-01
-1.215361660720731818e-01
-7.720220444337563825e-02
-2.724892987883528045e-02
2.911359600746188034e-02
9.272159320286584017e-02
1.644026296850488733e-01
2.448637571847075423e-01
3.344847198180297965e-01
4.329766482030698582e-01
5.389140240094925094e-01
6.493034332710714285e-01
7.595891894073953932e-01
8.644916444443689896e-01
9.594548619027699621e-01
1.041774418202876085e+00
1.110748700168906922e+00
1.167100126388688652e+00
1.212265556111508769e+00
1.247890222214799394e+00
1.275559200682119476e+00
1.296688583749892043e+00
1.312500345177726180e+00
1.324033614951017013e+00
1.332168190448860923e+00
1.337649480355834086e+00
1.341110757308234369e+00
1.343091628512824931e+00
1.344052879232966680e+00
1.344388268967634081e+00
1.344433930404575372e+00
