#Bayesian Information Criterion from bootstrap run
1.414780364654583082e+03
1.396070985060379599e+03
1.376470823907045769e+03
1.431254186863704263e+03
1.403600991669093673e+03
1.430378212063525325e+03
1.401797189541740408e+03
1.387589803910836054e+03
1.412487268403583812e+03
1.413124517360193067e+03
1.438613928929269605e+03
1.385986585582551697e+03
1.370196745251283801e+03
1.439121674711696187e+03
1.450317190678448242e+03
1.442027582549687622e+03
1.385645745823255766e+03
1.397262059362694799e+03
1.385676509644270254e+03
1.384910132269690621e+03
1.419622949979078840e+03
1.406123556572058078e+03
1.372140615739168879e+03
1.477638800133560608e+03
1.391278105181550927e+03
1.406806143891089278e+03
1.431226811543468557e+03
1.450565896191531465e+03
1.382222297474495463e+03
1.404416362287778156e+03
1.401715879473889800e+03
1.363252388189353042e+03
1.382428311529746907e+03
1.425389532209680056e+03
1.412019631642367131e+03
1.402573274731223137e+03
1.437198449350149531e+03
1.399599890540806427e+03
1.429887043261449435e+03
1.409261457685901178e+03
1.369402135240705775e+03
1.401208181519715708e+03
1.383192722150462714e+03
1.407177465162056933e+03
1.317050936734976176e+03
1.449983716880913562e+03
1.426483668041169722e+03
1.436986389623353489e+03
