#Bayesian Information Criterion from bootstrap run
1.818016350402880344e+05
1.818052212181010982e+05
1.804170888060161378e+05
1.818105327546006592e+05
1.859520333780891087e+05
1.818099579911872570e+05
1.804218965717359097e+05
1.804229836781004851e+05
1.818096627981178754e+05
1.817997109867818654e+05
1.831924380415174237e+05
1.804269269301121240e+05
1.804239272191543714e+05
1.790415580399105093e+05
1.831830354127637693e+05
1.790389361455925391e+05
1.721091339833400853e+05
1.845639677183940948e+05
1.845676712218200264e+05
1.859570025064112851e+05
1.817985405740270799e+05
1.790374770943836775e+05
1.790225434015534411e+05
1.845719473042397585e+05
1.831884923313747277e+05
1.818060925854083907e+05
1.859513080570885213e+05
1.831927874055817083e+05
1.804244366825867328e+05
1.818039709292842017e+05
1.831887547238949919e+05
1.873379201475840237e+05
1.859491748900214152e+05
1.776473393631226209e+05
1.790391959115243517e+05
1.721249000180172152e+05
1.790212660289918422e+05
1.790421447608034068e+05
1.776553559355108882e+05
1.817938685840523103e+05
1.859521854332176154e+05
1.804203161763898679e+05
1.845715091996960982e+05
1.748855290635685669e+05
1.845680119917054835e+05
1.776554924102037621e+05
1.831839078250276507e+05
1.873339837833203492e+05
1.748835127552447666e+05
1.887207719591693894e+05
