#Marginalized mass distribution from initial fitting w/o bootstrap
5.679844906688262742e-10
5.683250010290597273e-10
1.856001860517316289e-09
1.089307876931817666e-07
2.204393480272141606e-06
2.056330632812280982e-05
1.169980286005180520e-04
4.724526916389209900e-04
1.482325987128680928e-03
3.830773217320274614e-03
8.485833805892963391e-03
1.657747013986198004e-02
2.916696449169315850e-02
4.696520625555630768e-02
7.008537016303065248e-02
9.791046593204309756e-02
1.291219237945216425e-01
1.618866563918237578e-01
1.941549831255430791e-01
2.239944306766382121e-01
2.498807261864934293e-01
2.708850229636605156e-01
2.867275060710149370e-01
2.977017838501547220e-01
3.045027574239529411e-01
3.080071248401110018e-01
3.090585093742333478e-01
3.083001833787439305e-01
3.060816478323210021e-01
3.024459760843367095e-01
2.971874523093990250e-01
2.899568870988614711e-01
2.803865668671372546e-01
2.682078869901923790e-01
2.533408422753142264e-01
2.359435118844216972e-01
2.164191791372414575e-01
1.953868382790612257e-01
1.736262919670881755e-01
1.520113264716415058e-01
1.314437470098548388e-01
1.127980505980552134e-01
9.688217255172774933e-02
8.441508459986672708e-02
7.601794623216694136e-02
7.221268180686475635e-02
7.342065524720925440e-02
7.995463593988745565e-02
9.199932883312680887e-02
1.095789987002473292e-01
1.325146091863230180e-01
1.603767712936121081e-01
1.924439640447483668e-01
2.276773049548226346e-01
2.647230988461735657e-01
3.019522050474997554e-01
3.375409815303830330e-01
3.695926091702663174e-01
3.962907544675258742e-01
4.160708633829195424e-01
4.277890903746476847e-01
4.308660722421446265e-01
4.253832636562617786e-01
4.121136617588674333e-01
3.924761412737776123e-01
3.684123630823775697e-01
3.421958922756159760e-01
3.161931185526677957e-01
2.926032401106073433e-01
2.732087488338814096e-01
2.591679133153626524e-01
2.508767162125223882e-01
2.479201474677492079e-01
2.491226400616826930e-01
2.526958582434661316e-01
2.564700798976894958e-01
2.581840554243777786e-01
2.557985055625641158e-01
2.477915744052938407e-01
2.333921302417577004e-01
2.127105487813641671e-01
1.867379892076957704e-01
1.572045785532283080e-01
1.263127657725653663e-01
9.639021701710288881e-02
6.953044638652118581e-02
4.730141658604170019e-02
3.059682742478918999e-02
1.968098573341130891e-02
1.444298973510617021e-02
1.484470686655655659e-02
2.154047361007265307e-02
3.668530853178759293e-02
6.504735560319359344e-02
1.157062535885848148e-01
2.048592709687413749e-01
3.605977596277959996e-01
6.310299347394133784e-01
1.097954638313165310e+00
1.899664113289510015e+00
