#Marginalized radius distribution from initial fitting w/o bootstrap
1.648112418566696626e-09
1.649100472576218705e-09
5.385533875404760264e-09
3.160828982319272951e-07
6.396456822202765232e-06
5.966824989580684561e-05
3.394914950182433347e-04
1.370909172816440211e-03
4.301243973887616118e-03
1.111569948810349484e-02
2.462322177303930340e-02
4.810260641756771566e-02
8.463336091104944892e-02
1.362782627729537399e-01
2.033657094923805309e-01
2.841053892514467383e-01
3.746712271392900750e-01
4.697441799606659196e-01
5.633767190350812415e-01
6.499614143569912850e-01
7.250753053194697317e-01
7.860231708517617655e-01
8.319930759796579922e-01
8.638369798005255396e-01
8.835712668972062200e-01
8.937398393717633782e-01
8.967906267362841799e-01
8.945902031137740185e-01
8.881527104618414103e-01
8.776031340981820250e-01
8.623445513742106217e-01
8.413637244105888202e-01
8.135936639904686185e-01
7.782549639437369438e-01
7.351154743546385317e-01
6.846338912512439645e-01
6.279804160358118947e-01
5.669511753974333379e-01
5.038089114786998834e-01
4.410890773191687986e-01
3.814084281329290227e-01
3.273044793210101999e-01
2.811216051554549233e-01
2.449460355503235431e-01
2.205801800532263268e-01
2.095384990596391717e-01
2.130436581987308342e-01
2.320032158965076308e-01
2.669531278418041942e-01
3.179638027779930209e-01
3.845157334918046232e-01
4.653629681109531235e-01
5.584118796040931088e-01
6.606479576228945216e-01
7.681432043612378413e-01
8.761703657900514752e-01
9.794378060928008445e-01
1.072441552526736119e+00
1.149911176328079154e+00
1.207306833568076332e+00
1.241309444107509430e+00
1.250237878089138999e+00
1.234328491358567259e+00
1.195824278592512169e+00
1.138842368147697792e+00
1.069016849447045336e+00
9.929448935794822351e-01
9.174930194631553126e-01
8.490426088418062678e-01
7.927658927516960663e-01
7.520238024916718889e-01
7.279653552374443226e-01
7.193863222802786561e-01
7.228755777262548810e-01
7.332439334760939564e-01
7.441955381078052545e-01
7.491689562152775705e-01
7.422468405290931770e-01
7.190132436761847989e-01
6.772305838742658235e-01
6.172191367301063103e-01
5.418549345757138758e-01
4.561582621103416613e-01
3.665199337540593905e-01
2.796941048639540184e-01
2.017554951600380730e-01
1.372538394480685708e-01
8.878237359642893178e-02
5.710803293004311498e-02
4.190901535996160304e-02
4.307467217625032818e-02
6.250368212830043069e-02
1.064492315608727424e-01
1.887469751829099762e-01
3.357431700654739393e-01
5.944371969462106664e-01
1.046341327119827858e+00
1.831050475879562267e+00
3.185919165320881596e+00
5.512228005611933490e+00
