#Lower limit for the Conditional distribution of mass given radius from initial fitting w/o bootstrap
6.861575676289116797e-09
-1.658366679872447902e+00
-1.658359926236034676e+00
-1.658327971991054639e+00
-1.658233800397700408e+00
-1.658016265221288421e+00
-1.657582807962898253e+00
-1.656800691265347236e+00
-1.655486618443509306e+00
-1.653394710741927565e+00
-1.650202986603239497e+00
-1.645498726442226500e+00
-1.638763355388286769e+00
-1.629357582906183488e+00
-1.616507221154404705e+00
-1.599289015740834152e+00
-1.576613545265852290e+00
-1.547199019223594263e+00
-1.509525637430972678e+00
-1.461756506911733977e+00
-1.401610154454414170e+00
-1.326182950117371195e+00
-1.231800499772496282e+00
-1.114341658464170548e+00
-9.717025168686878045e-01
-8.112296558435533322e-01
-6.551256878929503369e-01
-5.245883741963248692e-01
-4.241838082004077970e-01
-3.487586076540689639e-01
-2.919946793834278798e-01
-2.489146098211298952e-01
-2.159506772152704757e-01
-1.905801739828577035e-01
-1.710021859950637824e-01
-1.559110130675725459e-01
-1.443449132400830281e-01
-1.355852332783548109e-01
-1.290881962690194895e-01
-1.244379193736823153e-01
-1.213134423760626052e-01
-1.194651766744738858e-01
-1.186978095284837026e-01
-1.188577115044577859e-01
-1.198235367865119610e-01
-1.214991200472714805e-01
-1.238080448489113916e-01
-1.266894490219685199e-01
-1.300947216960020303e-01
-1.339849148059021611e-01
-1.383286270754009450e-01
-1.431002826376883141e-01
-1.482786795307927397e-01
-1.538457336768240258e-01
-1.597853508737654138e-01
-1.660823883916217603e-01
-1.727216090684398908e-01
-1.796866728311661554e-01
-1.869590304558089722e-01
-1.945167436611973666e-01
-2.023331702153966238e-01
-2.103754645043630078e-01
-2.186028985283884618e-01
-2.269648908491064820e-01
-2.353987755192691322e-01
-2.438272319339264416e-01
-2.521553529429990670e-01
-2.602673132453387495e-01
-2.680226014669572776e-01
-2.752517696828752913e-01
-2.817516336601409987e-01
-2.872798164465891757e-01
-2.915484585425113795e-01
-2.942168081203702101e-01
-2.948822714797052491e-01
-2.930692363989496618e-01
-2.882148760066563509e-01
-2.796507162953565384e-01
-2.665786668616054178e-01
-2.480400663766059444e-01
-2.228766077906604026e-01
-1.896828004328199868e-01
-1.467516890556432863e-01
-9.201809560310965364e-02
-2.300550861337457079e-02
6.322290991123068193e-02
1.701329675016435006e-01
3.018783849831944699e-01
4.636357660623670052e-01
6.619120848412820557e-01
9.029457690792994651e-01
1.181940250760745936e+00
1.461411214303662165e+00
1.692310010765686989e+00
1.864798490908968764e+00
1.992713503331071223e+00
2.089545295730206753e+00
2.164242165363013726e+00
2.222442672929417551e+00
6.861575676289116797e-09
