#Conditional distribution of mass given radius from initial fitting w/o bootstrap
nan
-4.797341655740589017e-01
-4.659408349060347176e-01
-4.451164565868926393e-01
-4.200852833767850236e-01
-3.935135307727534726e-01
-3.672664234841996889e-01
-3.422423753357672349e-01
-3.185167085569052814e-01
-2.955910691696987391e-01
-2.726364237260759937e-01
-2.487032786430682652e-01
-2.229104763371780318e-01
-1.946217004553383312e-01
-1.635955286112622253e-01
-1.300708823158202021e-01
-9.474607134479619275e-02
-5.863813887785882667e-02
-2.285832612147468274e-02
1.162321251060106919e-02
4.415150567190373465e-02
7.446389583853807448e-02
1.026776632828078212e-01
1.292207579143241636e-01
1.547398534309633311e-01
1.800076039690208241e-01
2.058366978823341631e-01
2.329991286067402967e-01
2.621469692178538535e-01
2.937349154522463923e-01
3.279525367096166044e-01
3.646817635138988045e-01
4.034977756122689607e-01
4.437250972205841748e-01
4.845454225104521284e-01
5.251355528721908250e-01
5.648023032138110855e-01
6.030828340198828297e-01
6.397922735706166320e-01
6.750178668276998195e-01
7.090718665673775289e-01
7.424201871375908368e-01
7.756018823419169594e-01
8.091496910662817621e-01
8.435176978082844501e-01
8.790202418981414301e-01
9.157864235407608966e-01
9.537355434418366418e-01
9.925787915142204598e-01
1.031850083244069349e+00
1.070963936919800075e+00
1.109292078443776530e+00
1.146245553678502116e+00
1.181347832300660317e+00
1.214287437273899428e+00
1.244944723139759679e+00
1.273394009115693670e+00
1.299886999821605826e+00
1.324825183155173169e+00
1.348727922428213821e+00
1.372200287620339632e+00
1.395901440847291841e+00
1.420511489397971561e+00
1.446692780113852494e+00
1.475041228436142049e+00
1.506025179836102623e+00
1.539914183811126325e+00
1.576707871846571463e+00
1.616083921090415432e+00
1.657389257770973234e+00
1.699694242813899026e+00
1.741912498517522945e+00
1.782964029917999849e+00
1.821939095107521611e+00
1.858217704595649833e+00
1.891517162883610492e+00
1.921867328528993335e+00
1.949535434362363651e+00
1.974930835212847402e+00
1.998516127623171768e+00
2.020741327751712557e+00
2.042008330763318114e+00
2.062666520562023820e+00
2.083037016890608051e+00
2.103461059095134367e+00
2.124365388725089954e+00
2.146331564063996389e+00
2.170142753881890485e+00
2.196755241643588263e+00
2.227103481483079239e+00
2.261631684225842154e+00
2.299562220973091264e+00
2.338291285698983035e+00
2.373717783508360490e+00
2.401898957348441055e+00
2.420973795117992822e+00
2.431709964731914031e+00
2.436491866936105311e+00
2.437946470201973970e+00
nan
