#Conditional distribution of radius given mass from initial fitting w/o bootstrap
nan
-1.667401581003814248e-01
-1.649137755121626026e-01
-1.601309708407426535e-01
-1.518371332666162421e-01
-1.407683333239376500e-01
-1.285283670407216527e-01
-1.165923810232234459e-01
-1.056654838744500724e-01
-9.569882386771703942e-02
-8.621136324590580879e-02
-7.658915981195935085e-02
-6.627595568937777459e-02
-5.488314360277924547e-02
-4.225036751635616317e-02
-2.846346730874617023e-02
-1.382416113875022459e-02
1.226893849516547770e-03
1.621462479785391181e-02
3.073083764209355584e-02
4.450515682403148598e-02
5.743432722275261526e-02
6.957518465757386861e-02
8.111517360620471018e-02
9.233386305204409339e-02
1.035636299047360959e-01
1.151520747951557261e-01
1.274253614465572781e-01
1.406512102395165720e-01
1.550023508258867033e-01
1.705248047443094495e-01
1.871186915803761397e-01
2.045400913826485867e-01
2.224290955701583861e-01
2.403618058017867876e-01
2.579157251960780273e-01
2.747331188320079054e-01
2.905682483626721435e-01
3.053109583112375014e-01
3.189871040681311887e-01
3.317419449893904693e-01
3.438142638110442406e-01
3.555073401004616440e-01
3.671598103933790824e-01
3.791165610114997087e-01
3.916981689070981876e-01
4.051675414182198676e-01
4.196944343311026504e-01
4.353220744461550051e-01
4.519439452475684793e-01
4.693006976033471944e-01
4.870047181517654367e-01
5.045923813173432970e-01
5.215939907581680357e-01
5.376041105213887894e-01
5.523348466223002573e-01
5.656418095071078511e-01
5.775226803042009527e-01
5.880962203142250377e-01
5.975724410998909386e-01
6.062230699216882845e-01
6.143577107788787961e-01
6.223073286910395518e-01
6.304139156547392542e-01
6.390235350132409398e-01
6.484790767117646348e-01
6.591087267028495900e-01
6.712064174920199244e-01
6.850018500965237012e-01
7.006207822102085148e-01
7.180415772507834360e-01
7.370605801507154053e-01
7.572835189778599485e-01
7.781579359194121803e-01
7.990495085496862604e-01
8.193463989576593720e-01
8.385609286073615332e-01
8.563973921761031116e-01
8.727697315542639611e-01
8.877733226927622123e-01
9.016293617931872006e-01
9.146232756976968581e-01
9.270532389017983599e-01
9.391971642007793664e-01
9.513004759896944718e-01
9.635834592988467007e-01
9.762648377423778223e-01
9.895956100834081282e-01
1.003892107570756975e+00
1.019547665081123267e+00
1.036986992048959610e+00
1.056511609969311927e+00
1.077996123427978903e+00
1.100496986837514957e+00
1.122064191731628080e+00
1.140193886868170692e+00
1.152956954724016825e+00
1.160012045181437523e+00
1.162648874282728562e+00
nan
