#Upper limit for the Conditional distribution of radius given mass from initial fitting w/o bootstrap
9.595342308819001802e-09
1.161588238993973121e+00
1.161585347162680026e+00
1.161571978005052630e+00
1.161533475337428012e+00
1.161446522841569351e+00
1.161277053654094837e+00
1.160977827538825391e+00
1.160485698822020018e+00
1.159718666421408528e+00
1.158572912086780482e+00
1.156920212944886117e+00
1.154606376969926407e+00
1.151451700712188719e+00
1.147254860276349042e+00
1.141802023876064220e+00
1.134883107948605252e+00
1.126316630750216374e+00
1.115983076895879167e+00
1.103863693655802614e+00
1.090077429439305412e+00
1.074904495074467281e+00
1.058783985114461368e+00
1.042277437945080987e+00
1.026001385160664414e+00
1.010544797856794963e+00
9.963945009541893549e-01
9.838879812041498862e-01
9.732009818884596042e-01
9.643645380791026067e-01
9.572990643068342020e-01
9.518529320957480611e-01
9.478369004403549569e-01
9.450503872334046207e-01
9.432991356098785474e-01
9.424054910465656798e-01
9.422133039708601165e-01
9.425892352570693911e-01
9.434219244565337226e-01
9.446200440549649135e-01
9.461099075010489523e-01
9.478330331718046731e-01
9.497438854195405789e-01
9.518078986330603675e-01
9.539998216141261089e-01
9.563023818511777741e-01
9.587052510540619021e-01
9.612042868462284950e-01
9.638010257930951230e-01
9.665024068848088179e-01
9.693207103508240108e-01
9.722737032081187891e-01
9.753849896357646987e-01
9.786845707522563442e-01
9.822096243250375558e-01
9.860055205029958358e-01
9.901270889951329091e-01
9.946401656679744185e-01
9.996234227334753752e-01
1.005170488317921773e+00
1.011392334441090446e+00
1.018419881038654884e+00
1.026406595169750080e+00
1.035530900877586813e+00
1.045997837020183896e+00
1.058039201738269819e+00
1.071910962653533028e+00
1.087886175794051891e+00
1.106241075009532837e+00
1.127231602172346747e+00
1.151057939266267427e+00
1.177816393014224250e+00
1.207442210507440938e+00
1.239653827444912704e+00
1.273916728245535257e+00
1.309448435089379581e+00
1.345278552777030123e+00
1.380358428806844007e+00
1.413692812535655596e+00
1.444456114802914026e+00
1.472065028002825127e+00
1.496199398749788800e+00
1.516780878472766325e+00
1.533926380705877168e+00
1.547892435202339101e+00
1.559021647181668913e+00
1.567697405278396294e+00
1.574309165768450480e+00
1.579228230573290093e+00
1.582792636368729022e+00
1.585299241790214531e+00
1.587001057538282245e+00
1.588108093866295700e+00
1.588790345402059323e+00
1.589181893121485167e+00
1.589385421747226967e+00
1.589476705257580225e+00
1.589508801536094307e+00
1.589515827923445590e+00
9.595342308819001802e-09
