#Upper limit for the Conditional distribution of radius given mass from initial fitting w/o bootstrap
8.627208438029885436e-09
7.886048040220123845e-01
7.886048040220123845e-01
7.886048040220123845e-01
7.886048040220122735e-01
7.886048040220124955e-01
7.886048040220123845e-01
7.886048040220122735e-01
7.886048040220123845e-01
7.886048040220123845e-01
7.886048040220123845e-01
7.886048040220123845e-01
7.886048040220123845e-01
7.886048040220123845e-01
7.886048040220123845e-01
7.886048040220123845e-01
7.886048040220124955e-01
7.886048040220122735e-01
7.886048040220124955e-01
7.886048040220122735e-01
7.886048040220123845e-01
7.886048040220122735e-01
7.886048040220124955e-01
7.886048040220123845e-01
7.886048040220123845e-01
7.886048040220123845e-01
7.886048040220122735e-01
7.886048040220122735e-01
7.886048040220123845e-01
7.886048040220123845e-01
7.886048040220122735e-01
7.886048040220123845e-01
7.886048040220123845e-01
7.886048040220123845e-01
7.886048040220123845e-01
7.886048040220123845e-01
7.886048040220123845e-01
7.886048040220124955e-01
7.886048040220124955e-01
7.886048040220123845e-01
7.886048040220124955e-01
7.886048040220123845e-01
7.886048040220124955e-01
7.886048040220123845e-01
7.886048040220123845e-01
7.886048040220123845e-01
7.886048040220123845e-01
7.886048040220124955e-01
7.886048040220123845e-01
7.886048040220123845e-01
7.886048040220123845e-01
7.886048040220123845e-01
7.886048040220124955e-01
7.886048040220123845e-01
7.886048040220123845e-01
7.886048040220123845e-01
7.886048040220123845e-01
7.886048040220124955e-01
7.886048040220123845e-01
7.886048040220124955e-01
7.886048040220123845e-01
7.886048040220124955e-01
7.886048040220124955e-01
7.886048040220123845e-01
7.886048040220123845e-01
7.886048040220123845e-01
7.886048040220123845e-01
7.886048040220123845e-01
7.886048040220123845e-01
7.886048040220123845e-01
7.886048040220123845e-01
7.886048040220124955e-01
7.886048040220124955e-01
7.886048040220122735e-01
7.886048040220123845e-01
7.886048040220123845e-01
7.886048040220123845e-01
7.886048040220122735e-01
7.886048040220122735e-01
7.886048040220122735e-01
7.886048040220123845e-01
7.886048040220123845e-01
7.886048040220122735e-01
7.886048040220124955e-01
7.886048040220123845e-01
7.886048040220123845e-01
7.886048040220123845e-01
7.886048040220123845e-01
7.886048040220123845e-01
7.886048040220123845e-01
7.886048040220124955e-01
7.886048040220123845e-01
7.886048040220123845e-01
7.886048040220123845e-01
7.886048040220123845e-01
7.886048040220123845e-01
7.886048040220124955e-01
7.886048040220123845e-01
7.886048040220123845e-01
8.627208438029885436e-09
