1.381605635795775389e-02
4.626307542302829848e-13
8.229729380972290021e-13
4.397925763811081270e-12
7.569192395753802574e-12
2.903408238095548975e-13
3.533991347831196700e-02
5.890034192360737997e-01
7.158241662786433856e-13
3.657434291022262021e-12
3.461073380263206292e-12
1.134442039292214555e-12
2.121034554560971814e-12
2.122559170866821346e-12
8.211111828820102812e-13
7.316486229868853243e-12
4.212513169351695744e-12
5.140443956494073329e-13
1.939361540163656481e-12
3.387367448884581189e-01
9.195471742722438713e-12
8.306252622165974990e-12
5.424102613816478316e-12
6.553538340765160579e-13
2.310664028724541963e-02
