#Upper limit for the Conditional distribution of mass given radius from initial fitting w/o bootstrap
7.136865434149257994e-09
-1.161851662362160198e+00
-1.161843292371000702e+00
-1.161621350044072187e+00
-1.159339474119547519e+00
-1.144951521211040379e+00
-1.064392666711160729e+00
1.174496768760703025e-01
4.191956061767367347e-01
5.295565525931682505e-01
5.746728695495982864e-01
5.956524537407460462e-01
6.093503489315557076e-01
6.233734096815034542e-01
6.420527545551160120e-01
6.682867716212703701e-01
7.033350903877215732e-01
7.457566107279109957e-01
7.911905725679643231e-01
8.342662074673211636e-01
8.712080342028044599e-01
9.007792601473523231e-01
9.235746376515931999e-01
9.409789253958367183e-01
9.544908890492755926e-01
9.654391526114842748e-01
9.749253035209101137e-01
9.838600633549877683e-01
9.930181260703175861e-01
1.003075311078267084e+00
1.014609296658274484e+00
1.028054566492283994e+00
1.043615163622392705e+00
1.061163301641790069e+00
1.080181244433106480e+00
1.099810652592789539e+00
1.119028166095912491e+00
1.136884967608903452e+00
1.152702519767792255e+00
1.166151694062915078e+00
1.177218776802298805e+00
1.186111260966044689e+00
1.193157798450776630e+00
1.198733128616155552e+00
1.203216096588578976e+00
1.206976935034639098e+00
1.210387044144251911e+00
1.213846467441865640e+00
1.217826991505042589e+00
1.222930572986388631e+00
1.229960786223197378e+00
1.239993994257170495e+00
1.254408523812733378e+00
1.274773167453797207e+00
1.302430298869405201e+00
1.337666200440202458e+00
1.378811261142991684e+00
1.422285893486475494e+00
1.464180720888969001e+00
1.502186174604982938e+00
1.536327433334676806e+00
1.568554796278482710e+00
1.602135529832636740e+00
1.641465952880875490e+00
1.692441032215294738e+00
1.763010530832583189e+00
1.861431090841099811e+00
1.985928976646450295e+00
2.117419706232356091e+00
2.240096938629527745e+00
2.350858325981802555e+00
2.450459831003448219e+00
2.539138015068123533e+00
2.616687169007181346e+00
2.683329491952153312e+00
2.739964246069984899e+00
2.787891937063670778e+00
2.828475274934471262e+00
2.862935347960790633e+00
2.892273729836205565e+00
2.917266545124659327e+00
2.938489668651748765e+00
2.956350254194816785e+00
2.971108648862426094e+00
2.982877430110797423e+00
2.991581785332083410e+00
2.996855890963897373e+00
2.997831393759212038e+00
2.992748953686687141e+00
2.978323715189475251e+00
2.948952655971768255e+00
2.896563278748713000e+00
2.814523483542195503e+00
2.714081435505976359e+00
2.633465597136078973e+00
2.591739548793556391e+00
2.576534878059712153e+00
2.572730014765383988e+00
2.572221461280139732e+00
7.136865434149257994e-09
