#Upper limit for the Conditional distribution of radius given mass from initial fitting w/o bootstrap
5.203520404377511726e-09
-2.098558819407913556e-01
-2.098610915572084457e-01
-2.098621060010775752e-01
-2.098624261748332775e-01
-2.098625036759547702e-01
-2.098624434016943818e-01
-2.098622607324031886e-01
-2.098618956486417719e-01
-2.098609960396818075e-01
-2.098576885362874178e-01
-2.098428353437633287e-01
-2.097762167100961361e-01
-2.094962036600852839e-01
-2.083928950862072305e-01
-2.041518126706503011e-01
-1.853769730287263551e-01
-4.016284145783927118e-02
6.334347900263516407e-02
1.286600851030429427e-01
1.744752010270434195e-01
2.080422177009716711e-01
2.357074391520536105e-01
2.608022347074323011e-01
2.848796569119708133e-01
3.087758629121588605e-01
3.329536977063440317e-01
3.574875093692589934e-01
3.819658099370994431e-01
4.055933014477807186e-01
4.275823821675370784e-01
4.475071990234560371e-01
4.653408585677605847e-01
4.812982393635711342e-01
4.956865662067986289e-01
5.088250014237964969e-01
5.210152261514869876e-01
5.325378219996698137e-01
5.436600323777756039e-01
5.546489345657662495e-01
5.657888863921989309e-01
5.774046044511175202e-01
5.898932400227137052e-01
6.037695544321319829e-01
6.197224958720453092e-01
6.386421841998649596e-01
6.614140711997764654e-01
6.879858422628054582e-01
7.161204087145696118e-01
7.427464978808557827e-01
7.666128444261723907e-01
7.881257412577297172e-01
8.082573679650489895e-01
8.281386648213917567e-01
8.490877450214500133e-01
8.728039596444595594e-01
9.015884365596110728e-01
9.379763941415253381e-01
9.815302139463781828e-01
1.025069380262709551e+00
1.062354593000701453e+00
1.092973333783980872e+00
1.118161145315898608e+00
1.138803617293743464e+00
1.155426942721227812e+00
1.168489423327096377e+00
1.178514510813515992e+00
1.186058748507108573e+00
1.191636483059674179e+00
1.195677495363340892e+00
1.198523226817998832e+00
1.200441963173263682e+00
1.201647146750168149e+00
1.202311960544431457e+00
1.202578965424921931e+00
1.202565864588875044e+00
1.202368877291460691e+00
1.202064842544325884e+00
1.201712631040404045e+00
1.201353908122065439e+00
1.201012916036322764e+00
1.200694323582009782e+00
1.200377525508047771e+00
1.200004606408159535e+00
1.199458405526409033e+00
1.198531023298692322e+00
1.196907831884589601e+00
1.194267118465522248e+00
1.190656821263792908e+00
1.186935097341140111e+00
1.184366455993371314e+00
1.183575133236289822e+00
1.184439841161336826e+00
1.186717377300981813e+00
1.190306345727973669e+00
1.194954060855410338e+00
1.199737304393389437e+00
1.203224928978102515e+00
1.204736695189199791e+00
5.203520404377511726e-09
