#Lower limit for the Conditional distribution of radius given mass from initial fitting w/o bootstrap
1.624381484795284214e-01
-2.287277475189854470e-01
-2.246066366279633186e-01
-2.215581586188920815e-01
-2.184571762960899888e-01
-2.144551869153490942e-01
-2.088090940457326683e-01
-2.008839900687378610e-01
-1.902692740041209973e-01
-1.770991531640530581e-01
-1.624929888792430166e-01
-1.482043604396631187e-01
-1.353036706335497830e-01
-1.237402958252994400e-01
-1.129353159963939618e-01
-1.022763555005420516e-01
-9.129882321260829325e-02
-7.973324469314378715e-02
-6.751599186624454574e-02
-5.477320833416841200e-02
-4.175972029707492039e-02
-2.875748993317127009e-02
-1.597722898580967651e-02
-3.508200219455191813e-03
8.677219846269918629e-03
2.068770257029900472e-02
3.266975040508311723e-02
4.476836146586708753e-02
5.709377690167791869e-02
6.969446902396034260e-02
8.253995174404447910e-02
9.552162381635173616e-02
1.084798419424883448e-01
1.212543235396544156e-01
1.337384142035023815e-01
1.459125330671057208e-01
1.578457713739795376e-01
1.696728541396592405e-01
1.815605973599280498e-01
1.936739870373750949e-01
2.061456559620556683e-01
2.190503503601017032e-01
2.323880925614366655e-01
2.460835753362582146e-01
2.600086164853042670e-01
2.740246776154720565e-01
2.880286557050075191e-01
3.019811460565315353e-01
3.159072423604918911e-01
3.298746427729418174e-01
3.439605485330963774e-01
3.582181578361646745e-01
3.726517406507103836e-01
3.872091025377233375e-01
4.017977405009732772e-01
4.163215388725842181e-01
4.307219028988051868e-01
4.450024979030833272e-01
4.592263001776660247e-01
4.734881056081324813e-01
4.878737285348292985e-01
5.024188003650256196e-01
5.170809040712252003e-01
5.317399362386713291e-01
5.462353033612521447e-01
5.604295503035829906e-01
5.742684458342138809e-01
5.878088837028513369e-01
6.012077153798277562e-01
6.146839505985753904e-01
6.284694600802600561e-01
6.427570356071532487e-01
6.576518457014013386e-01
6.731384925214732862e-01
6.890846737897412533e-01
7.052958784621643495e-01
7.216024943034045069e-01
7.379283439821471280e-01
7.542993839538377765e-01
7.707938262981579580e-01
7.874686156829041606e-01
8.043081883849207969e-01
8.212336072447862234e-01
8.381734762120535143e-01
8.551407757667889298e-01
8.722385199881403928e-01
8.895609935180261996e-01
9.070362196002578203e-01
9.243537776188220922e-01
9.411624941062161076e-01
9.574916571753729899e-01
9.740184809644946151e-01
9.918438206731388096e-01
1.011513206938701837e+00
1.031315534061985284e+00
1.047521451197740872e+00
1.058372834380064909e+00
1.065383264439672795e+00
1.071208780525104709e+00
-2.500157958218831439e-02
