2.775867952805477330e+02
3.490356100716413152e+02
3.512006459976987571e+02
3.339199533208452522e+02
2.836189266385432575e+02
3.596511188469847866e+02
3.475908177631833382e+02
3.647686713967187302e+02
3.489271511229644602e+02
2.550674776655995970e+02
3.610212707833237573e+02
3.592778084788252499e+02
3.380428433548977409e+02
3.084167671422310946e+02
3.860348095127837382e+02
3.465920709852118762e+02
3.341132168945676995e+02
3.651056268292870755e+02
3.834260142914698122e+02
3.378349029361994553e+02
3.418739951273943802e+02
3.066676377952919665e+02
3.071355341791460205e+02
3.308209228524091259e+02
3.351809364554451349e+02
3.967762649297967528e+02
3.559720519548582729e+02
3.567214751517381046e+02
3.596438076057316948e+02
3.620044583979283743e+02
3.229137204383727635e+02
3.440045625092016621e+02
3.075047903339750519e+02
3.733107119339812243e+02
3.716947115772510415e+02
3.421387968858414297e+02
2.974941853120812993e+02
3.391318116487785801e+02
3.350065512743682348e+02
3.241914505782290234e+02
3.215368923082554602e+02
3.016207700539391112e+02
3.568624140352700351e+02
3.027121769561206861e+02
3.186580150091232326e+02
3.312015705212110674e+02
3.123239020403465815e+02
2.948030080750272646e+02
3.830989525914327487e+02
3.395408955327449121e+02
3.410930465697664999e+02
3.272267500533237126e+02
3.795967614980337430e+02
2.840687896459703552e+02
3.343510583080351353e+02
3.391421483030569561e+02
3.640535301796308545e+02
3.470095625667574950e+02
3.259191716117708211e+02
3.441074627773151633e+02
3.357778066363891867e+02
3.488414237854207158e+02
3.113914607634836216e+02
3.936535364009546356e+02
3.606866338534738929e+02
3.406498176418009507e+02
3.054034774208317913e+02
3.251740764638553856e+02
3.636301474116688723e+02
3.335824544802850937e+02
3.501292794367413990e+02
3.128585196429464759e+02
3.753249993717599864e+02
3.259197250815350344e+02
3.780852518444891075e+02
3.270034739997024644e+02
3.624664814015112597e+02
3.241316742656768497e+02
3.708080129383697567e+02
3.361047007188192310e+02
3.025838768217557231e+02
3.284142883437095293e+02
3.552212850419427923e+02
3.049915959279965136e+02
3.487190314699870441e+02
3.752964102210897863e+02
3.590620649743418653e+02
3.345020402993865787e+02
3.326822603725196927e+02
3.334030647352549295e+02
3.057627732216204777e+02
3.350543294701336094e+02
3.305027492858650362e+02
3.621602266587479448e+02
3.344188181605608179e+02
3.476535728336696707e+02
3.792129117606581303e+02
3.465409691055654093e+02
3.375524972604429195e+02
2.878181358418391369e+02
