3.572453771648669658e+02
4.286941919559606049e+02
4.308592278820179899e+02
4.135785352051644850e+02
3.632775085228625471e+02
4.393097007313040194e+02
4.272493996475026279e+02
4.444272532810380198e+02
4.285857330072836930e+02
3.347260595499188867e+02
4.406798526676429901e+02
4.389363903631445396e+02
4.177014252392169738e+02
3.880753490265503842e+02
4.656933913971030279e+02
4.262506528695311090e+02
4.137717987788869323e+02
4.447642087136063083e+02
4.630845961757891018e+02
4.174934848205187450e+02
4.215325770117136699e+02
3.863262196796111994e+02
3.867941160634653102e+02
4.104795047367284155e+02
4.148395183397643677e+02
4.764348468141160424e+02
4.356306338391775625e+02
4.363800570360573374e+02
4.393023894900509845e+02
4.416630402822476640e+02
4.025723023226920532e+02
4.236631443935209518e+02
3.871633722182942847e+02
4.529692938183004571e+02
4.513532934615702743e+02
4.217973787701606625e+02
3.771527671964005322e+02
4.187903935330978129e+02
4.146651331586874676e+02
4.038500324625482563e+02
4.011954741925746930e+02
3.812793519382584009e+02
4.365209959195893248e+02
3.823707588404399758e+02
3.983165968934424654e+02
4.108601524055303571e+02
3.919824839246658712e+02
3.744615899593464974e+02
4.627575344757519815e+02
4.191994774170641449e+02
4.207516284540857896e+02
4.068853319376430022e+02
4.592553433823530327e+02
3.637273715302895880e+02
4.140096401923544249e+02
4.188007301873761890e+02
4.437121120639501441e+02
4.266681444510767278e+02
4.055777534960901107e+02
4.237660446616343961e+02
4.154363885207084195e+02
4.285000056697400055e+02
3.910500426478029112e+02
4.733121182852738684e+02
4.403452157377931826e+02
4.203083995261202404e+02
3.850620593051510241e+02
4.048326583481746752e+02
4.432887292959881052e+02
4.132410363646043834e+02
4.297878613210606318e+02
3.925171015272657087e+02
4.549835812560792760e+02
4.055783069658542672e+02
4.577438337288083403e+02
4.066620558840217541e+02
4.421250632858304925e+02
4.037902561499961394e+02
4.504665948226889896e+02
4.157632826031384639e+02
3.822424587060750127e+02
4.080728702280288189e+02
4.348798669262620251e+02
3.846501778123158033e+02
4.283776133543063338e+02
4.549549921054090760e+02
4.387206468586610981e+02
4.141606221837058683e+02
4.123408422568389824e+02
4.130616466195742191e+02
3.854213551059397105e+02
4.147129113544528991e+02
4.101613311701843259e+02
4.418188085430672345e+02
4.140774000448800507e+02
4.273121547179889603e+02
4.588714936449774200e+02
4.261995509898846990e+02
4.172110791447622091e+02
3.674767177261584266e+02
