-1.112858453377222334e+00
-9.087545322024391803e-01
-7.714325734716741545e-01
-6.704224405870208292e-01
-5.910285544063229590e-01
-5.253203696591375316e-01
-4.686703460877492677e-01
-4.182242698866717179e-01
-3.721517307516828410e-01
-3.292479912488278648e-01
-2.887081609964057827e-01
-2.499918488225053859e-01
-2.127381207241567651e-01
-1.767098463439928657e-01
-1.417559924017674222e-01
-1.077853332846707979e-01
-7.474770785084990099e-02
-4.262044427696023291e-02
-1.139843949255480923e-02
1.891310519382707542e-02
4.830397558367650890e-02
7.676274830465246168e-02
1.042794632508646235e-01
1.308474347403691951e-01
1.564644108325858873e-01
1.811332460739969452e-01
2.048622194419169040e-01
2.276651030298864897e-01
2.495610660179359008e-01
2.705744814441093382e-01
2.907346894449263641e-01
3.100757594247708360e-01
3.286362846530097026e-01
3.464592357565565162e-01
3.635918942003439902e-01
3.800858828778054255e-01
3.959973081284555163e-01
4.113870256232922684e-01
4.263210413672581800e-01
4.408710582980207571e-01
4.551151783113893123e-01
4.691387686547148772e-01
4.830355000481358352e-01
4.969085610364484817e-01
5.108720481804293057e-01
5.250525237714137594e-01
5.395907205123509076e-01
5.546433544279244510e-01
5.703849811587454743e-01
5.870097944505343612e-01
6.047332165954161232e-01
6.237930665474313852e-01
6.444500110421683692e-01
6.669869079970648373e-01
6.917065443395797875e-01
7.189271632312002058e-01
7.489750890663369187e-01
7.821737261180661260e-01
8.188282765937182628e-01
8.592057575911313805e-01
9.035103596648271784e-01
9.518549322912904787e-01
1.004230404407937760e+00
1.060476160828431658e+00
1.120255577770116640e+00
1.183041717052194075e+00
1.248118153963236221e+00
1.314598694409945034e+00
1.381467208868637497e+00
1.447635296472554289e+00
1.512011784757739230e+00
1.573575235215346035e+00
1.631439607716435258e+00
1.684904447568524644e+00
1.733484062577994367e+00
1.776914206228629389e+00
1.815138618497950107e+00
1.848280479113246777e+00
1.876604994931943216e+00
1.900479094433600524e+00
1.920332995923544894e+00
1.936626800539236193e+00
1.949823688039167724e+00
1.960370034030618935e+00
1.968681918768494077e+00
1.975137034897769706e+00
1.980070837912912607e+00
1.983775817379025641e+00
1.986502910380151476e+00
1.988464265822708965e+00
1.989836757372763332e+00
1.990765811287159348e+00
1.991369253849263332e+00
1.991740990319788684e+00
1.991954406335301186e+00
1.992065438366208641e+00
1.992115297292269993e+00
1.992132852993673708e+00
1.992136701931339404e+00
nan
