-5.726475428208303020e-01
-2.050478173283242223e-01
1.137290696089178141e-02
1.414536800575169895e-01
2.309468467183779516e-01
2.999201768429009540e-01
3.577070278443426621e-01
4.090652875204498495e-01
4.565790941464659136e-01
5.016896729715069059e-01
5.451857420447352442e-01
5.874608232112158435e-01
6.286619880253189185e-01
6.687843186564917941e-01
7.077357277474547459e-01
7.453833903847719711e-01
7.815869130019411637e-01
8.162207985861790194e-01
8.491879698311993740e-01
8.804260612001750808e-01
9.099082946117736936e-01
9.376407297097140159e-01
9.636574670737323434e-01
9.880150406860991330e-01
1.010786857233158642e+00
1.032058198688359463e+00
1.051922039490505334e+00
1.070475747944129585e+00
1.087818632158161547e+00
1.104050235743010200e+00
1.119269269604660222e+00
1.133573068992181021e+00
1.147057479200705332e+00
1.159817092467434918e+00
1.171945778898439761e+00
1.183537473923797823e+00
1.194687203216366234e+00
1.205492343390344390e+00
1.216054133744053356e+00
1.226479471767125684e+00
1.236883044317406810e+00
1.247389868844313687e+00
1.258138346819037023e+00
1.269283967345042452e+00
1.281003846501403753e+00
1.293502352523043797e+00
1.307018155679588567e+00
1.321833164446268194e+00
1.338283978418187470e+00
1.356776715238773523e+00
1.377806353796910965e+00
1.401982030548697855e+00
1.430059816645720794e+00
1.462983661259736667e+00
1.501931112214161201e+00
1.548346184200649178e+00
1.603897750207730066e+00
1.670182629514551875e+00
1.747761967712684328e+00
1.834145700598362794e+00
1.922164988188141299e+00
2.002750173089574481e+00
2.070587495785291665e+00
2.125292644265817099e+00
2.168827469435699928e+00
2.203499036906192643e+00
2.231265010410680372e+00
2.253641251180118044e+00
2.271774920115173568e+00
2.286535631947565594e+00
2.298589569397760268e+00
2.308453758423365088e+00
2.316534688890653282e+00
2.323155751615051390e+00
2.328576914575497536e+00
2.333009030577592569e+00
2.336624402129940492e+00
2.339564703926028333e+00
2.341947012583465160e+00
2.343868460157122247e+00
2.345409872108997984e+00
2.346638645172989701e+00
2.347611048581383031e+00
2.348374082243255057e+00
2.348966990434442348e+00
2.349422504630894526e+00
2.349767871153650489e+00
2.350025706192005348e+00
2.350214711105808263e+00
2.350350273698925019e+00
2.350444975723321672e+00
2.350509022738164866e+00
2.350550609270891211e+00
2.350576229762874281e+00
2.350590943854042436e+00
2.350598603038806189e+00
2.350602044514296551e+00
2.350603257069895591e+00
2.350603523080901702e+00
1.107631632704243424e-12
