nan
-1.390957713855978384e-01
-1.377927564694313989e-01
-1.355620171019026043e-01
-1.323825105045672579e-01
-1.282602570511468254e-01
-1.232289539746471568e-01
-1.173483426193923096e-01
-1.107004761510086005e-01
-1.033843465235042697e-01
-9.550954819910714710e-02
-8.718973683853756262e-02
-7.853657980851516673e-02
-6.965472507564653137e-02
-6.063809033686921868e-02
-5.156755077961498041e-02
-4.250992305456019471e-02
-3.351802523051214400e-02
-2.463153861915208173e-02
-1.587839541073368665e-02
-7.276448598065023317e-03
1.164769366915351144e-03
9.442338696240379359e-03
1.755838520250537979e-02
2.551870355744775137e-02
3.333159006260191792e-02
4.100688333159240723e-02
4.855519839412789085e-02
5.598733284444747105e-02
6.331382099401228203e-02
7.054461207475858087e-02
7.768885025097076180e-02
8.475473673521839724e-02
9.174945713461481189e-02
9.867915994891797438e-02
1.055489747178005033e-01
1.123630605849376407e-01
1.191246779876145023e-01
1.258362778054181452e-01
1.324996036430382829e-01
1.391158040216403935e-01
1.456855521539874854e-01
1.522091717218840290e-01
1.586867676983128306e-01
1.651183617941983650e-01
1.715040325902042473e-01
1.778440608627384623e-01
1.841390810527620547e-01
1.903902402761157575e-01
1.965993667534551292e-01
2.027691500642423150e-01
2.089033362201096200e-01
2.150069412260574020e-01
2.210864875716464228e-01
2.271502689872013925e-01
2.332086498304326572e-01
2.392744066533933067e-01
2.453631208504360173e-01
2.514936328076770589e-01
2.576885696491927336e-01
2.639749604610413525e-01
2.703849546784409252e-01
2.769566609723119188e-01
2.837351251729124946e-01
2.907734660328169518e-01
2.981341861814041927e-01
3.058906712501662795e-01
3.141288810192308656e-01
3.229492198336944009e-01
3.324685455424895020e-01
3.428222313436166124e-01
3.541661258471738294e-01
3.666781541906014019e-01
3.805591567778658368e-01
3.960323627976509164e-01
4.133406397384256636e-01
4.327403599093743169e-01
4.544904245688714539e-01
4.788347850294414343e-01
5.059768794071897169e-01
5.360450418463411637e-01
5.690494836112510724e-01
6.048341785086277511e-01
6.430308641679230997e-01
6.830266313874651107e-01
7.239594339277747315e-01
7.647547424115815895e-01
8.042093326085248961e-01
8.411150916150306189e-01
8.744008657322320799e-01
9.032607533142712475e-01
9.272387681472219478e-01
9.462528753814504201e-01
9.605600357809568335e-01
9.706795004176063113e-01
9.772984039833220171e-01
9.811813858505055164e-01
9.830982523277528307e-01
9.837751224127107008e-01
9.838680553832052089e-01
