nan
2.111513613947180179e-02
2.124768215127326859e-02
2.147390476544008830e-02
2.179518811374963130e-02
2.221002106610283147e-02
2.271397106240582303e-02
2.329989671489858874e-02
2.395837923627471694e-02
2.467832025139010677e-02
2.544763162664000211e-02
2.625393602713901528e-02
2.708520502872063460e-02
2.793028091329828599e-02
2.877925279923791713e-02
2.962368158072630625e-02
3.045668700092026351e-02
3.127292208707844329e-02
3.206846521353121787e-02
3.284065963934795079e-02
3.358792642118827582e-02
3.430957096244795917e-02
3.500559753325834661e-02
3.567654076911210004e-02
3.632331885931493892e-02
3.694710997115092932e-02
3.754925132457637149e-02
3.813115904553712049e-02
3.869426627161662302e-02
3.923997676757351449e-02
3.976963137192371378e-02
4.028448481985642815e-02
4.078569078878607063e-02
4.127429333587026572e-02
4.175122320860372160e-02
4.221729779207869515e-02
4.267322370174742724e-02
4.311960123690693203e-02
4.355693007966256886e-02
4.398561576067119144e-02
4.440597652108112248e-02
4.481825028436001862e-02
4.522260151636865733e-02
4.561912780080394636e-02
4.600786599311073449e-02
4.638879784168788156e-02
4.676185498268719404e-02
4.712692322545042334e-02
4.748384605076504811e-02
4.783242724439855376e-02
4.817243258425699809e-02
4.850359049120302884e-02
4.882559154104788163e-02
4.913808671829950764e-02
4.944068427055833825e-02
4.973294499555146186e-02
5.001437576018254172e-02
5.028442101218828786e-02
5.054245199974504582e-02
5.078775336276637048e-02
5.101950670251777231e-02
5.123677067566589222e-02
5.143845709921308212e-02
5.162330250156905997e-02
5.178983452522389896e-02
5.193633259921585227e-02
5.206078238820317089e-02
5.216082374088092111e-02
5.223369228102053841e-02
5.227615552267182025e-02
5.228444560745765246e-02
5.225419267473182389e-02
5.218036576489774175e-02
5.205723234981007863e-02
5.187835340034991499e-02
5.163663851392918946e-02
5.132449479299721479e-02
5.093411276522442216e-02
5.045793995910909102e-02
4.988939266802289857e-02
4.922384083618176753e-02
4.845985942101946331e-02
4.760066262530382453e-02
4.665552442135129790e-02
4.564085955717930160e-02
4.458054367235336074e-02
4.350506469980357921e-02
4.244928845083344865e-02
4.144899158152729607e-02
4.053675484019794023e-02
3.973811758501784308e-02
3.906888979999642575e-02
3.853417055015299908e-02
3.812909140314795636e-02
3.784083664764604366e-02
3.765126672352279991e-02
3.753951078820797621e-02
3.748410038774160208e-02
3.746445922001148676e-02
3.746175417348756448e-02
