1.186740582151293231e-12
-2.691288679483284096e-01
-2.688788607849131318e-01
-2.684460547641143724e-01
-2.678163224488589456e-01
-2.669747819257199395e-01
-2.659059459708038586e-01
-2.645939857714562082e-01
-2.630231425638354104e-01
-2.611783199191174409e-01
-2.590458814007411958e-01
-2.566146589566960512e-01
-2.538771429425825676e-01
-2.508307741864475027e-01
-2.474791971378659805e-01
-2.438332751690600875e-01
-2.399116378561754470e-01
-2.357405515400691209e-01
-2.313529939418783876e-01
-2.267869611361142401e-01
-2.220832007870555125e-01
-2.172826926578001472e-01
-2.124242401746871123e-01
-2.075424841724271274e-01
-2.026665292147827313e-01
-1.978192322978229167e-01
-1.930170870020198604e-01
-1.882705664868396522e-01
-1.835847670149976518e-01
-1.789602070246694154e-01
-1.743936684172636697e-01
-1.698790029290908332e-01
-1.654078587764289954e-01
-1.609703075897932489e-01
-1.565553686148166423e-01
-1.521514373798608100e-01
-1.477466313592402936e-01
-1.433290670857736981e-01
-1.388870830775353893e-01
-1.344094216915437123e-01
-1.298853812319298306e-01
-1.253049476521639338e-01
-1.206589131446764857e-01
-1.159389869731088235e-01
-1.111379019728027107e-01
-1.062495182894741402e-01
-1.012689240903445614e-01
-9.619253117163380218e-02
-9.101816162465736770e-02
-8.574512007116005807e-02
-8.037424453840633087e-02
-7.490792795264974990e-02
-6.935010164306038005e-02
-6.370617231839204031e-02
-5.798290481549708136e-02
-5.218824454987921330e-02
-4.633107593436538302e-02
-4.042091583654276732e-02
-3.446754406903916601e-02
-2.848057545648918776e-02
-2.246897973008147101e-02
-1.644055587458204820e-02
-1.040136625652797638e-02
-4.355132696136874981e-03
1.697408459463855710e-03
7.759202137745800643e-03
1.383763985258026907e-02
1.994542368862504272e-02
2.610157067332405031e-02
3.233261437443402803e-02
3.867407925766139232e-02
4.517232725709166563e-02
5.188690768578707591e-02
5.889358493692383595e-02
6.628827947935003739e-02
7.419224626430338809e-02
8.275894737071050333e-02
9.218328139852349778e-02
1.027141632824792317e-01
1.146720030324578921e-01
1.284736000558480418e-01
1.446687261599328977e-01
1.639959716539496903e-01
1.874718059496360556e-01
2.165391832280588180e-01
2.533242790646926812e-01
3.010715586655647313e-01
3.646730805218121874e-01
4.494306163453562486e-01
5.490474676571529544e-01
6.347936980084087910e-01
6.930896328482351043e-01
7.306692145259511273e-01
7.548522619806982137e-01
7.702131280517447998e-01
7.795853549509335068e-01
7.848595470071382252e-01
7.874067554660834078e-01
7.882980997385702349e-01
7.884202337043794140e-01
