#Variance for the Conditional distribution of mass given radius from initial fitting w/o bootstrap
7.533516952693170010e-02
7.994415621620368229e-02
9.495588956054248908e-02
1.166742658506625813e-01
1.382033561895935903e-01
1.554762845769691038e-01
1.679611415238811967e-01
1.766321604237530152e-01
1.826211709820066975e-01
1.868038527918155500e-01
1.897789131091052184e-01
1.919393801304413449e-01
1.935413935278544328e-01
1.947530957899571702e-01
1.956863262779954538e-01
1.964165706234101694e-01
1.969954645809552096e-01
1.974586893823550293e-01
1.978310256747035367e-01
1.981296498643211057e-01
1.983663404805196540e-01
1.985490115111498144e-01
1.986828366113041200e-01
1.987711303478584823e-01
1.988160848609875908e-01
1.988194086149332740e-01
1.987828729286960916e-01
1.987087427938359629e-01
1.986000556200628042e-01
1.984607185872313273e-01
1.982954204135148890e-01
1.981093875390537162e-01
1.979080444853598686e-01
1.976966517896779629e-01
1.974799882206505763e-01
1.972621215402122763e-01
1.970462837183850346e-01
1.968348418426424662e-01
1.966293405132364114e-01
1.964305859699939094e-01
1.962387439939271838e-01
1.960534291542052887e-01
1.958737691346386367e-01
1.956984327193053430e-01
1.955256126451604126e-01
1.953529547144972345e-01
1.951774223540600484e-01
1.949950812547408818e-01
1.948007817005309728e-01
1.945877063375722749e-01
1.943467378627127817e-01
1.940655837332835587e-01
1.937275729976827843e-01
1.933100140263187827e-01
1.927819738014320550e-01
1.921013170225238376e-01
1.912108444343148805e-01
1.900334319929058990e-01
1.884662676161960315e-01
1.863747346819581152e-01
1.835873864205021799e-01
1.798949951636967526e-01
1.750588700441552681e-01
1.688358711655395528e-01
1.610276798611548765e-01
1.515558561056698783e-01
1.405481052366097938e-01
1.283981625220730061e-01
1.157498401016022610e-01
1.033801671745323419e-01
9.201665794034215307e-02
8.217296492713511979e-02
7.407561128520755156e-02
6.769273084692074838e-02
6.282208932055848016e-02
5.918577488793391045e-02
5.650033716713616372e-02
5.451572599687457693e-02
5.302986130157883587e-02
5.188868180606313191e-02
5.097949051152265293e-02
5.022236616500450057e-02
4.956201673699236337e-02
4.896098950874921973e-02
4.839440044065409369e-02
4.784602202187972220e-02
4.730546852029821753e-02
4.676621863614739694e-02
4.622425442178662580e-02
4.567714224199060508e-02
4.512342441586549707e-02
4.456222526643288662e-02
4.399300244559457146e-02
4.341539472506306119e-02
4.282913235732666718e-02
4.223398694567936928e-02
4.162974582795511691e-02
4.101620414218263427e-02
4.039321127459055000e-02
1.546599354110000935e-01
