#Variance for the Conditional distribution of radius given mass from initial fitting w/o bootstrap
2.056536650574930514e-02
5.264483763035625492e-03
5.264566539235379476e-03
5.265230619058632565e-03
5.268086723629105371e-03
5.276975503972909133e-03
5.299616663963202176e-03
5.349835811057812758e-03
5.450170698676472421e-03
5.634055038832404098e-03
5.945658051467657759e-03
6.434133191840605767e-03
7.139126846258702849e-03
8.068922551648875091e-03
9.182089676133060180e-03
1.038927854127897135e-02
1.158087297240667154e-02
1.266414339147794998e-02
1.358615627895865680e-02
1.433416604192946052e-02
1.492241190128743532e-02
1.537737154918813152e-02
1.572756709523874877e-02
1.599845413850450870e-02
1.621074348572908164e-02
1.638047727992246114e-02
1.651978148870893517e-02
1.663774904482445000e-02
1.674123052245721568e-02
1.683546948555709327e-02
1.692458686075171484e-02
1.701194056517719294e-02
1.710038916671866374e-02
1.719248399446402301e-02
1.729060816417606061e-02
1.739707541037946795e-02
1.751419696912936280e-02
1.764432104777265836e-02
1.778984652809997499e-02
1.795321038690931431e-02
1.813684689246058274e-02
1.834311607683782389e-02
1.857419953259157458e-02
1.883196353532807024e-02
1.911779310289223738e-02
1.943240590032440165e-02
1.977566148787799835e-02
2.014638825187415119e-02
2.054225571812029819e-02
2.095972160421230232e-02
2.139407881739006922e-02
2.183961658028177322e-02
2.228989284156185705e-02
2.273809530009395993e-02
2.317745067165408873e-02
2.360163134573543126e-02
2.400510859122704371e-02
2.438341204038517104e-02
2.473327311291008412e-02
2.505265019897124842e-02
2.534065071398426336e-02
2.559737619342238729e-02
2.582372042645895982e-02
2.602114828719001918e-02
2.619147657088265885e-02
2.633667006547743550e-02
2.645865803444358635e-02
2.655916921288445018e-02
2.663957754210310308e-02
2.670074587247529135e-02
2.674285013937664421e-02
2.676516138917175991e-02
2.676575705117314324e-02
2.674112630423871803e-02
2.668562942557593451e-02
2.659077410216873633e-02
2.644429853071575409e-02
2.622913515417830271e-02
2.592253155886043228e-02
2.549601356772615568e-02
2.491753717158265088e-02
2.415786028295881585e-02
2.320289031257434867e-02
2.207060280755565942e-02
2.082414879470888963e-02
1.956710261454216310e-02
1.841394647670431539e-02
1.745001436244321413e-02
1.670748255837572332e-02
1.616960314762564202e-02
1.579224089942059261e-02
1.552534813913701052e-02
1.532568018190211961e-02
1.516108621283718608e-02
1.500993635840021725e-02
1.485870230746507738e-02
1.469932238776174536e-02
1.452698378284146552e-02
1.433846099675135585e-02
1.413096861307936748e-02
