#Marginalized radius distribution from initial fitting w/o bootstrap
1.582410530878523260e-08
8.217250352325516927e-02
1.380500552016333815e-01
1.736399092673506228e-01
1.938233105117017352e-01
2.025712786140473898e-01
2.031299675631660084e-01
1.981757940133696827e-01
1.899412504069445395e-01
1.803131135201499202e-01
1.709054908735081479e-01
1.631107415079036671e-01
1.581317241241771976e-01
1.569990507333219043e-01
1.605770628028506397e-01
1.695621173625937450e-01
1.844764987690109548e-01
2.056608883594604475e-01
2.332678611156829562e-01
2.672583671000882677e-01
3.074026249982469983e-01
3.532863314607693761e-01
4.043225949857344181e-01
4.597695544205597784e-01
5.187532530261190766e-01
5.802950184403611322e-01
6.433423518596427249e-01
7.068021578205035960e-01
7.695750475097953291e-01
8.305894193522455060e-01
8.888340544251307485e-01
9.433880531470664188e-01
9.934470746936946428e-01
1.038345012061733019e+00
1.077570433735636879e+00
1.110777337711862378e+00
1.137789985815289340e+00
1.158601807069177481e+00
1.173368570479210726e+00
1.182396223094180243e+00
1.186123962846594937e+00
1.185103262856367135e+00
1.179973681182634682e+00
1.171436375182404399e+00
1.160226291554195432e+00
1.147084021737381221e+00
1.132728298500143893e+00
1.117830065041385934e+00
1.102988975271349315e+00
1.088713086273706443e+00
1.075402384958565660e+00
1.063336654656876767e+00
1.052668038230593295e+00
1.043418496696538966e+00
1.035482200968609323e+00
1.028632733664319288e+00
1.022534822429094437e+00
1.016760180136514036e+00
1.010806894583171411e+00
1.004121694534083842e+00
9.961243234144013803e-01
9.862331793642962197e-01
9.738913330602418927e-01
9.585920144046808922e-01
9.399026670655975524e-01
9.174867064619102175e-01
8.911221820405076377e-01
8.607166377917656597e-01
8.263175843982109026e-01
7.881181399523430331e-01
7.464575607865971962e-01
7.018165658073372004e-01
6.548075521862661841e-01
6.061600019011544882e-01
5.567015812096344218e-01
5.073356317106482161e-01
4.590159345393936552e-01
4.127197902089492221e-01
3.694205869669345832e-01
3.300611213357969032e-01
2.955289768039602305e-01
2.666352517986088078e-01
2.440978481765828378e-01
2.285303797930783587e-01
2.204375323101500361e-01
2.202173978382762909e-01
2.281709221288928391e-01
2.445181429955173014e-01
2.694203769656818848e-01
3.030069440419571047e-01
3.454044331590169215e-01
3.967659384550873414e-01
4.572971853285215382e-01
5.272760754193509536e-01
6.070619868165810784e-01
6.970912636759152292e-01
7.978558323931652652e-01
9.098629272452000150e-01
1.033575661013484748e+00
1.169336828963737807e+00
