#Akaike Information Criterion from bootstrap run
8.456223456677195145e+02
8.568683541095954297e+02
8.184567333615181042e+02
8.552045048132165448e+02
8.497855675917865028e+02
7.948242894106272161e+02
8.369556898748255662e+02
8.781319536443103289e+02
8.503000263621974000e+02
8.075199104225306428e+02
8.821912326836448983e+02
8.354416751940048016e+02
8.428713609956746495e+02
8.909517997668775706e+02
8.224893628708083497e+02
8.501518491148621024e+02
8.471310749422099207e+02
8.067320035769993183e+02
8.624003617667463004e+02
8.623532736040920099e+02
8.286509216005244980e+02
7.990326848115923895e+02
8.410275505158858778e+02
7.736590789274571307e+02
8.282196875014678881e+02
8.473147370733029220e+02
8.521918006556601313e+02
8.404117868779449054e+02
8.346205504403008035e+02
8.461591568301955704e+02
8.357594217495357043e+02
8.505509729857984667e+02
7.871157349007174844e+02
8.735405391584508834e+02
8.343901390064658017e+02
7.973353883789538941e+02
8.807274770852167194e+02
8.343037952169156597e+02
8.403413721419444755e+02
8.159304063972749645e+02
7.921760164597329776e+02
8.788936869464250776e+02
8.042010961400128508e+02
8.548941571000648310e+02
8.098088774925201960e+02
8.536843571577774128e+02
8.487426167467126561e+02
8.298514985769792247e+02
8.285402026407034555e+02
8.821442754830097783e+02
