#Bayesian Information Criterion from bootstrap run
1.226133732870105860e+03
1.237379741311981888e+03
1.198968120563904449e+03
1.235715892015603004e+03
1.230296954794172962e+03
1.175335676613013675e+03
1.217467077077212025e+03
1.258643340846696674e+03
1.230811413564583972e+03
1.188031297624916988e+03
1.262702619886031471e+03
1.215953062396391260e+03
1.223382748198061108e+03
1.271463186969263916e+03
1.203000750073194922e+03
1.230663236317248447e+03
1.227642462144596266e+03
1.187243390779385663e+03
1.242911748969132759e+03
1.242864660806478469e+03
1.209162308802910957e+03
1.179544072013978848e+03
1.221538937718272336e+03
1.154170466129843589e+03
1.208731074703854347e+03
1.227826124275689381e+03
1.232703187858046476e+03
1.220923174080331364e+03
1.215131937642687262e+03
1.226670544032582029e+03
1.216270808951922163e+03
1.231062360188184812e+03
1.167627122103103829e+03
1.254051926360837342e+03
1.214901526208852147e+03
1.177846775581340353e+03
1.261238864287603292e+03
1.214815182419302118e+03
1.220852759344330934e+03
1.196441793599661423e+03
1.172687403662119323e+03
1.259405074148811536e+03
1.184712483342399310e+03
1.235405544302451290e+03
1.190320264694906655e+03
1.234195744360163872e+03
1.229254003949099115e+03
1.210362885779365570e+03
1.209051589843089914e+03
1.262655662685396237e+03
