#Conditional distribution of radius given mass from initial fitting w/o bootstrap
-1.106484907421441261e-01
-1.085008260758654197e-01
-1.021084435931024076e-01
-9.195414982547504834e-02
-7.893361720427675976e-02
-6.411600354088262121e-02
-4.850793830496784309e-02
-3.290026888793677606e-02
-1.781536067236855203e-02
-3.528174184316151991e-03
9.877419008838738898e-03
2.244636578417697273e-02
3.429929688967556928e-02
4.559301011244188545e-02
5.649354449205280793e-02
6.715894769333573266e-02
7.772883401071520315e-02
8.831850443232538983e-02
9.901615096288338136e-02
1.098822595788170875e-01
1.209507062469855759e-01
1.322312314024064739e-01
1.437130306934092383e-01
1.553691709813676824e-01
1.671614844045490600e-01
1.790455529188966777e-01
1.909753979171386895e-01
2.029075423445226012e-01
2.148042074245511690e-01
2.266355230360964645e-01
2.383807471188399141e-01
2.500285861000194898e-01
2.615767739171464545e-01
2.730310990772371049e-01
2.844040715538448949e-01
2.957134023183389249e-01
3.069804370736182175e-01
3.182286503351524076e-01
3.294822722206674492e-01
3.407650916047357814e-01
3.520994570631074128e-01
3.635054812140023350e-01
3.750004437434757421e-01
3.865983822934521696e-01
3.983098571757024420e-01
4.101418744007711004e-01
4.220979508842498396e-01
4.341783053006371129e-01
4.463801575432528312e-01
4.586981189792501690e-01
4.711246546872145946e-01
4.836505977659818489e-01
4.962656947997527435e-01
5.089591608611843121e-01
5.217202222109653675e-01
5.345386252384628500e-01
5.474050912473282793e-01
5.603116984200705586e-01
5.732521746384821038e-01
5.862220876985819729e-01
5.992189227358956094e-01
6.122420402833420594e-01
6.252925122752116538e-01
6.383728374993810073e-01
6.514865425602891502e-01
6.646376794719426329e-01
6.778302367013553376e-01
6.910674869551914901e-01
7.043513022935706802e-01
7.176814751647817570e-01
7.310550923676438773e-01
7.444660171797217174e-01
7.579045420646810527e-01
7.713572793580402154e-01
7.848073588401047740e-01
7.982349978759194498e-01
8.116185008376555210e-01
8.249357293433400296e-01
8.381660636520125163e-01
8.512928492058926544e-01
8.643062919179745895e-01
8.772067318162748428e-01
8.900081852430641316e-01
9.027419943935840463e-01
9.154603447694439344e-01
9.282392785494704146e-01
9.411805993548718607e-01
9.544116638309668721e-01
9.680814021618547871e-01
9.823499281072545219e-01
9.973678176069085133e-01
1.013239909214834977e+00
1.029968423427154001e+00
1.047373748084021949e+00
1.065002200699598056e+00
1.082051307988015409e+00
1.097369396770049521e+00
1.109594700491209229e+00
1.117454130421013048e+00
1.120136314069375416e+00
