4.589695727436196027e-01
4.908742267588798169e-01
5.256824883856012764e-01
5.588991013564564847e-01
5.882101258274571309e-01
6.129376696432149441e-01
6.332997574326134638e-01
6.498787276605160201e-01
6.633316527069764712e-01
6.742625512599459414e-01
6.831805872933685020e-01
6.904972657320326279e-01
6.965383434774575777e-01
7.015593415785258413e-01
7.057601764229934904e-01
7.092974712801267678e-01
7.122943834364333648e-01
7.148482438774095282e-01
7.170364201488040878e-01
7.189207916392509334e-01
7.205511627944980457e-01
7.219678712959295419e-01
7.232037883121107402e-01
7.242858597112471486e-01
7.252362998934647198e-01
7.260735217786929985e-01
7.268128654797971766e-01
7.274671725809730427e-01
7.280472413576127844e-01
7.285621896684781884e-01
7.290197458413363307e-01
7.294264830814491951e-01
7.297880093344395469e-01
7.301091218207531597e-01
7.303939334008605622e-01
7.306459763618547987e-01
7.308682880144641292e-01
7.310634815642452766e-01
7.312338050046121030e-01
7.313811902224603978e-01
7.315072940720106498e-01
7.316135328310218178e-01
7.317011111844684557e-01
7.317710466680503734e-01
7.318241903352477040e-01
7.318612442776235572e-01
7.318827765215939474e-01
7.318892337403094528e-01
7.318809521524021200e-01
7.318581669267949508e-01
7.318210203720185714e-01
7.317695691575037964e-01
7.317037907915577843e-01
7.316235895649789711e-01
7.315288021594714696e-01
7.314192031153858853e-01
7.312945103530836821e-01
7.311543909456337254e-01
7.309984673468866712e-01
7.308263242872925503e-01
7.306375165590756060e-01
7.304315779211706383e-01
7.302080313609635720e-01
7.299664009521520391e-01
7.297062255432952282e-01
7.294270744965827280e-01
7.291285656671554483e-01
7.288103857656221818e-01
7.284723131755009851e-01
7.281142431983500529e-01
7.277362155680353606e-01
7.273384439085832653e-01
7.269213466062114382e-01
7.264855783273977963e-01
7.260320611476742680e-01
7.255620139725719175e-01
7.250769786519923876e-01
7.245788409389934959e-01
7.240698442574543536e-01
7.235525941595991606e-01
7.230300514151631885e-01
7.225055119169034867e-01
7.219825720397864410e-01
7.214650787627979733e-01
7.209570647367976592e-01
7.204626695120726065e-01
7.199860492463161510e-01
7.195312782913341199e-01
7.191022469821782837e-01
7.187025606030461589e-01
7.183354447775878171e-01
7.180036623636617543e-01
7.177094463140094582e-01
7.174544519438359469e-01
7.172397307270542699e-01
7.170657262674469123e-01
7.169322916184392991e-01
7.168387258071081680e-01
7.167838263762212891e-01
7.167659540693795961e-01
