#Bayesian Information Criterion from bootstrap run
<<<<<<< HEAD
1.123679486305239379e+03
1.093535698168528143e+03
1.129622045924676968e+03
1.084434893975052546e+03
1.081104232098263765e+03
1.130950249876073258e+03
1.120767691708558914e+03
1.147184552575130056e+03
1.176881419908575481e+03
1.159332060898866530e+03
1.145192918327154302e+03
1.122563727719065810e+03
1.146370427249564045e+03
1.120531299870089924e+03
1.165334565689330930e+03
1.097631684153177048e+03
1.135101925904621339e+03
1.200969214363490892e+03
1.174018122630593098e+03
1.161206282737742185e+03
=======
1.102656288096511844e+03
1.154677310655901920e+03
1.120531071043589236e+03
1.213876178133592248e+03
1.147856249290878395e+03
1.093523807723997606e+03
1.128462364547595143e+03
1.131982171269788296e+03
1.124881723590899583e+03
1.153035568328926274e+03
1.139327500461386080e+03
1.092291070440457588e+03
1.103949533589059001e+03
1.128189587957826234e+03
1.116345693127108689e+03
1.140592642323748350e+03
1.173475010495142669e+03
1.146730122013636674e+03
1.097489147927068871e+03
1.105471604033231870e+03
>>>>>>> 9c10b80e5ca4c0df93ea2d9973a98aca6a304ac8
