#Akaike Information Criterion from bootstrap run
7.107246061430925693e+03
7.084835213788159308e+03
7.096215449160677053e+03
7.107661008607462463e+03
6.973527084034691143e+03
7.084066453379429731e+03
7.035189799824784131e+03
7.108571462115474787e+03
7.135763253613831694e+03
7.026822780226476425e+03
7.080950307198392693e+03
7.062843269529200370e+03
7.048711611064920362e+03
6.976866144273648388e+03
7.036081911749828578e+03
7.026443900205104001e+03
6.990194316077425356e+03
7.157072094947126971e+03
7.040416015342621904e+03
7.142111969051533379e+03
7.079252330922125111e+03
7.098507766355703097e+03
7.071213064810102878e+03
7.021979700512264571e+03
