#Bayesian Information Criterion from bootstrap run
1.498528070385891442e+04
1.496286985621614804e+04
1.497425009158866669e+04
1.498569565103545028e+04
1.485156172646267987e+04
1.496210109580741846e+04
1.491322444225277286e+04
1.498660610454346352e+04
1.501379789604182042e+04
1.490485742265446424e+04
1.495898494962638142e+04
1.494087791195718819e+04
1.492674625349290909e+04
1.485490078670163712e+04
1.491411655417781731e+04
1.490447854263309273e+04
1.486822895850541317e+04
1.503510673737511570e+04
1.491845065777061063e+04
1.502014661147952211e+04
1.495728697335011384e+04
1.497654240878369274e+04
1.494924770723809161e+04
1.490001434294025421e+04
