#Variance for the Conditional distribution of mass given radius from initial fitting w/o bootstrap
nan
9.131339987669448433e-03
9.193555884332543782e-03
9.368115092805291005e-03
9.710286168758524780e-03
1.025691185413505138e-02
1.101059881688258232e-02
1.193386415240201351e-02
1.296048554316725845e-02
1.401985868105203037e-02
1.506121226808898074e-02
1.606691262194608755e-02
1.705304176369051156e-02
1.806108135307397597e-02
1.914424428783230783e-02
2.034992391075584467e-02
2.170040552233342204e-02
2.317815988064265281e-02
2.472503133373893380e-02
2.625958747584238376e-02
2.770468775095162595e-02
2.900985722476507114e-02
3.015860409409780452e-02
3.116237267135155142e-02
3.204897150597752625e-02
3.285196226385105056e-02
3.360350851722576637e-02
3.433042489579483242e-02
3.505228634446842101e-02
3.578065817053448228e-02
3.651902140722540491e-02
3.726338436100787299e-02
3.800371849532168528e-02
3.872621165504152446e-02
3.941601413789479896e-02
4.005988941877815235e-02
4.064816687010905372e-02
4.117564892954003047e-02
4.164148980735878081e-02
4.204833772771175010e-02
4.240112168119447578e-02
4.270579989569787266e-02
4.296826430923309653e-02
4.319349132572417732e-02
4.338497372628932064e-02
4.354444841903162139e-02
4.367191632539601381e-02
4.376590942304868503e-02
4.382390336443983681e-02
4.384274130520306179e-02
4.381896295405178499e-02
4.374901919181027610e-02
4.362945055762775665e-02
4.345716367112439221e-02
4.322992502411720367e-02
4.294710647869870446e-02
4.261057730629836532e-02
4.222547710764808920e-02
4.180048766674979849e-02
4.134724153903731464e-02
4.087872307622864021e-02
4.040688180928825313e-02
3.994000328794947846e-02
3.948046536651896726e-02
3.902330174864850065e-02
3.855566416557229537e-02
3.805706925288373371e-02
3.750039447267859705e-02
3.685393649570199021e-02
3.608527539495554048e-02
3.516779379614452805e-02
3.408984166145854339e-02
3.286422044416527355e-02
3.153269993151033845e-02
3.015976018022319127e-02
2.881480747848033999e-02
2.755048889826025235e-02
2.638837731747778470e-02
2.531795194132386087e-02
2.430620982626555474e-02
2.331128957665812296e-02
2.229511053320835934e-02
2.123312697881573133e-02
2.012074151724914731e-02
1.897553141663535156e-02
1.783377541738358218e-02
1.674052805882816908e-02
1.573499657742586863e-02
1.483532625894125496e-02
1.402642611518509566e-02
1.325108534900796241e-02
1.240333550546423615e-02
1.133656351129730400e-02
9.944558447810263740e-03
8.376154489188216215e-03
7.104788901052985599e-03
6.441586657877386261e-03
6.231485720251659678e-03
6.197787020951817279e-03
nan
