#Lower limit for the Conditional distribution of mass given radius from initial fitting w/o bootstrap
9.119173891686267044e-09
-1.583541744926742600e+00
-1.574580242638471850e+00
-1.558754991180165250e+00
-1.535312433789546738e+00
-1.503167960400489278e+00
-1.460433061109494224e+00
-1.403565187889888266e+00
-1.325461402580351722e+00
-1.210908406406788318e+00
-1.040348385596995939e+00
-8.760309448651649733e-01
-7.756104660896812053e-01
-7.132135652797889636e-01
-6.708859319290424450e-01
-6.402796077289248933e-01
-6.170689852593239655e-01
-5.987482367161911512e-01
-5.837316618461759754e-01
-5.709395663114387176e-01
-5.595869156735572281e-01
-5.490661621514200119e-01
-5.388779020106454487e-01
-5.285876947294543271e-01
-5.177982133670029352e-01
-5.061309945855116954e-01
-4.932146314597447012e-01
-4.786776423151687387e-01
-4.621448874409094243e-01
-4.432370388705228481e-01
-4.215728365513378706e-01
-3.967745458084158128e-01
-3.684780193379890711e-01
-3.363505585486575300e-01
-3.001225513934683287e-01
-2.596422889030790548e-01
-2.149651151358234480e-01
-1.664812169620248916e-01
-1.150583431983592669e-01
-6.212063005890459261e-02
-9.541561816496459472e-03
4.070519989087528767e-02
8.699905328322347919e-02
1.283718965580525895e-01
1.645258537389639453e-01
1.956561174239778989e-01
2.222330382972408924e-01
2.448339173743423747e-01
2.640418683017898283e-01
2.803960731858522459e-01
2.943733485132439265e-01
3.063862786295675766e-01
3.167892388515520796e-01
3.258876273442318783e-01
3.339482669595489339e-01
3.412101844558494412e-01
3.478957868413647403e-01
3.542228951534530657e-01
3.604184490785812822e-01
3.667350367295060809e-01
3.734716726896875061e-01
3.810008210540214435e-01
3.898038854682551180e-01
4.005177578174312636e-01
4.139948678537030968e-01
4.313783875295550962e-01
4.541927693160643931e-01
4.844489409342793151e-01
5.247684346200157668e-01
5.785541424787300491e-01
6.503048016827884803e-01
7.463387800170309117e-01
8.765432659806166038e-01
1.057530952494763810e+00
1.298280640189608093e+00
1.504612912597015129e+00
1.616022418374858827e+00
1.675933108974927421e+00
1.710621341718381760e+00
1.731586906658385772e+00
1.744508052967206790e+00
1.752512586774486625e+00
1.757450687454718219e+00
1.760464166081520343e+00
1.762273581172951742e+00
1.763337467509998202e+00
1.763947120768596832e+00
1.764285869854696376e+00
1.764467300078518708e+00
1.764560292510766182e+00
1.764605491177900110e+00
1.764626075473711087e+00
1.764634717112951501e+00
1.764637985164463352e+00
1.764639061048491442e+00
1.764639353236330921e+00
1.764639412964862597e+00
1.764639420684240845e+00
1.764639421110615336e+00
9.119173891686267044e-09
