#Lower limit for the Conditional distribution of radius given mass from initial fitting w/o bootstrap
9.721778848983394149e-09
-2.393789614457242365e-01
-2.393789062133473422e-01
-2.393782827971795701e-01
-2.393748970423434375e-01
-2.393624388498513389e-01
-2.393263606453659154e-01
-2.392374784751655770e-01
-2.390425906816708024e-01
-2.386513691329666120e-01
-2.379189560368457634e-01
-2.366243491470620686e-01
-2.344461137445824350e-01
-2.309395567352535983e-01
-2.255241700656861470e-01
-2.175027053892106543e-01
-2.061757448689901795e-01
-1.912139789667692269e-01
-1.734148511697591877e-01
-1.551216728661495847e-01
-1.389632027701782901e-01
-1.261879041414758762e-01
-1.166807460985459510e-01
-1.097849299026232434e-01
-1.048132929590107204e-01
-1.012102254837131676e-01
-9.856472542811528514e-02
-9.658258191263605075e-02
-9.505496959453364758e-02
-9.383299105550937935e-02
-9.280901735314112111e-02
-9.190351914812960876e-02
-9.105588600485051143e-02
-9.021801965264028556e-02
-8.934981909502430486e-02
-8.841594335116313708e-02
-8.738343127213235584e-02
-8.621989080104705550e-02
-8.489207319887157044e-02
-8.336465223660556589e-02
-8.159920296450662303e-02
-7.955320166665953707e-02
-7.717906784044686885e-02
-7.442316983300291400e-02
-7.122474864602895694e-02
-6.751470377002279089e-02
-6.321417092780515223e-02
-5.823280337650258570e-02
-5.246666081883793326e-02
-4.579557802753837087e-02
-3.807999317085176971e-02
-2.915731891395510755e-02
-1.883849467162959992e-02
-6.906557767865638062e-03
6.878016134136770952e-03
2.275455638224241697e-02
4.090111653770078792e-02
6.130631197370985802e-02
8.357200193439320857e-02
1.067620235311776272e-01
1.295431434505099066e-01
1.506672800603196249e-01
1.693966302929444390e-01
1.855463902875795490e-01
1.992824343508798057e-01
2.109190024500317839e-01
2.208013375115870369e-01
2.292560844922736374e-01
2.365778066224982490e-01
2.430315989072756311e-01
2.488623830537554094e-01
2.543073279348880833e-01
2.596106549606351788e-01
2.650414666870565816e-01
2.709160282093378003e-01
2.776265356029203879e-01
2.856790378434858058e-01
2.957441987527550387e-01
3.087269634886862235e-01
3.258686415145136683e-01
3.489175880717970690e-01
3.804760252241328189e-01
4.248742490482494971e-01
4.909747564757849236e-01
6.046629850613569612e-01
7.873532673893124390e-01
8.678967648265706325e-01
9.016515882979485585e-01
9.192118962087267864e-01
9.289839452289104793e-01
9.344816531929076575e-01
9.375160800428353758e-01
9.391229244827143940e-01
9.399214653420049359e-01
9.402839383427143982e-01
9.404284444446086022e-01
9.404758608624540495e-01
9.404871708379334283e-01
9.404886410761903459e-01
9.721778848983394149e-09
