#Conditional distribution of radius given mass from initial fitting w/o bootstrap
9.721778848983394149e-09
-1.607401705679183668e-01
-1.607400030928318180e-01
-1.607381127723584990e-01
-1.607278463735405949e-01
-1.606900684331403761e-01
-1.605806498680237560e-01
-1.603109868226265111e-01
-1.597192192873987671e-01
-1.585293196665090443e-01
-1.562950129672523170e-01
-1.523269253986551663e-01
-1.456102969564171401e-01
-1.347606910172326755e-01
-1.182125833129255288e-01
-9.516474120840978657e-02
-6.750273864804896828e-02
-4.005131689321117516e-02
-1.696037521607318688e-02
5.942675384137825192e-04
1.330633022835951869e-02
2.234290717889217751e-02
2.875463333643126992e-02
3.334439615037967930e-02
3.668913076172149179e-02
3.919403481416047774e-02
4.114266846254541893e-02
4.273525404684981599e-02
4.411598493014901728e-02
4.539196869029207826e-02
4.664627961098388731e-02
4.794701712609023003e-02
4.935371759016303483e-02
5.092204848534332556e-02
5.270742235197997672e-02
5.476797365508739163e-02
5.716721768366581080e-02
5.997663524135891933e-02
6.327838534578913987e-02
6.716832961713931072e-02
7.175954118503524715e-02
7.718648281006720846e-02
8.360992367571448702e-02
9.122261061576711350e-02
1.002551127270104314e-01
1.109801363543574809e-01
1.237107805161757751e-01
1.387822411319545035e-01
1.564962206443557546e-01
1.769976849630209570e-01
2.000725049720975812e-01
2.249544141179588563e-01
2.503683141891850927e-01
2.749284842239154703e-01
2.976054218596583256e-01
3.178975768118865730e-01
3.357191347923116909e-01
3.512156148952927937e-01
3.646284092550436395e-01
3.762214521629835828e-01
3.862484256824356144e-01
3.949410871500009801e-01
4.025072977041091460e-01
4.091332153091419843e-01
4.149871983136126929e-01
4.202244923178108937e-01
4.249925058751288232e-01
4.294368707196000168e-01
4.337087569647412044e-01
4.379742043420944975e-01
4.424266388206425371e-01
4.473043957606754883e-01
4.529161906302123786e-01
4.596794884101642609e-01
4.681807632918740247e-01
4.792752601395804946e-01
4.942653892768766322e-01
5.152582556601091879e-01
5.460162661347957025e-01
5.945875797282453856e-01
6.857814272075540840e-01
8.732291582318939538e-01
9.707802218724499443e-01
1.015201353595327038e+00
1.040793522510731650e+00
1.056708364027859393e+00
1.066837973182287680e+00
1.073282025889511493e+00
1.077324070319969795e+00
1.079799526529587883e+00
1.081266604320483715e+00
1.082099851368893750e+00
1.082547960630752870e+00
1.082772449695791783e+00
1.082874752446874922e+00
1.082915611376860099e+00
1.082929029096851181e+00
1.082932230789822592e+00
1.082932647098523660e+00
9.721778848983394149e-09
