#Conditional distribution of mass given radius from initial fitting w/o bootstrap
3.515910535307020801e-01
3.515910535307020801e-01
3.515910535307020801e-01
3.515910535307020801e-01
3.515910535307020801e-01
3.515910535307020801e-01
3.515910535307020801e-01
3.515910535307020801e-01
3.515910535307020801e-01
3.515910535307020801e-01
3.515910535307020801e-01
3.515910535307020801e-01
3.515910535307020801e-01
3.515910535307020801e-01
3.515910535307020801e-01
3.515910535307020801e-01
3.515910535307020801e-01
3.515910535307020801e-01
3.515910535307020801e-01
3.515910535307020801e-01
3.515910535307020801e-01
3.515910535307020801e-01
3.515910535307020801e-01
3.515910535307020801e-01
3.515910535307020801e-01
3.515910535307020801e-01
3.515910535307020801e-01
3.515910535307020801e-01
3.515910535307020801e-01
3.515910535307020801e-01
3.515910535307020801e-01
3.515910535307020801e-01
3.515910535307020801e-01
3.515910535307020801e-01
3.515910535307020801e-01
3.515910535307020801e-01
3.515910535307020801e-01
3.515910535307020801e-01
3.515910535307020801e-01
3.515910535307020801e-01
3.515910535307020801e-01
3.515910535307020801e-01
3.515910535307020801e-01
3.515910535307020801e-01
3.515910535307020801e-01
3.515910535307020801e-01
3.515910535307020801e-01
3.515910535307020801e-01
3.515910535307020801e-01
3.515910535307020801e-01
3.515910535307020801e-01
3.515910535307020801e-01
3.515910535307020801e-01
3.515910535307020801e-01
3.515910535307020801e-01
3.515910535307020801e-01
3.515910535307020801e-01
3.515910535307020801e-01
3.515910535307020801e-01
3.515910535307020801e-01
3.515910535307020801e-01
3.515910535307020801e-01
3.515910535307020801e-01
3.515910535307020801e-01
3.515910535307020801e-01
3.515910535307020801e-01
3.515910535307020801e-01
3.515910535307020801e-01
3.515910535307020801e-01
3.515910535307020801e-01
3.515910535307020801e-01
3.515910535307020801e-01
3.515910535307020801e-01
3.515910535307020801e-01
3.515910535307020801e-01
3.515910535307020801e-01
3.515910535307020801e-01
3.515910535307020801e-01
3.515910535307020801e-01
3.515910535307020801e-01
3.515910535307020801e-01
3.515910535307020801e-01
3.515910535307020801e-01
3.515910535307020801e-01
3.515910535307020801e-01
3.515910535307020801e-01
3.515910535307020801e-01
3.515910535307020801e-01
3.515910535307020801e-01
3.515910535307020801e-01
3.515910535307020801e-01
3.515910535307020801e-01
3.515910535307020801e-01
3.515910535307020801e-01
3.515910535307020801e-01
3.515910535307020801e-01
3.515910535307020801e-01
3.515910535307020801e-01
3.515910535307020801e-01
3.515910535307020801e-01
