#Lower limit for the Conditional distribution of mass given radius from initial fitting w/o bootstrap
-1.073905559399927157e+00
-1.073905559399927157e+00
-1.073905559399927157e+00
-1.073905559399927157e+00
-1.073905559399927157e+00
-1.073905559399927157e+00
-1.073905559399927157e+00
-1.073905559399927157e+00
-1.073905559399927157e+00
-1.073905559399927157e+00
-1.073905559399927157e+00
-1.073905559399927157e+00
-1.073905559399927157e+00
-1.073905559399927157e+00
-1.073905559399927157e+00
-1.073905559399927157e+00
-1.073905559399927157e+00
-1.073905559399927157e+00
-1.073905559399927157e+00
-1.073905559399927157e+00
-1.073905559399927157e+00
-1.073905559399927157e+00
-1.073905559399927157e+00
-1.073905559399927157e+00
-1.073905559399927157e+00
-1.073905559399927157e+00
-1.073905559399927157e+00
-1.073905559399927157e+00
-1.073905559399927157e+00
-1.073905559399927157e+00
-1.073905559399927157e+00
-1.073905559399927157e+00
-1.073905559399927157e+00
-1.073905559399927157e+00
-1.073905559399927157e+00
-1.073905559399927157e+00
-1.073905559399927157e+00
-1.073905559399927157e+00
-1.073905559399927157e+00
-1.073905559399927157e+00
-1.073905559399927157e+00
-1.073905559399927157e+00
-1.073905559399927157e+00
-1.073905559399927157e+00
-1.073905559399927157e+00
-1.073905559399927157e+00
-1.073905559399927157e+00
-1.073905559399927157e+00
-1.073905559399927157e+00
-1.073905559399927157e+00
-1.073905559399927157e+00
-1.073905559399927157e+00
-1.073905559399927157e+00
-1.073905559399927157e+00
-1.073905559399927157e+00
-1.073905559399927157e+00
-1.073905559399927157e+00
-1.073905559399927157e+00
-1.073905559399927157e+00
-1.073905559399927157e+00
-1.073905559399927157e+00
-1.073905559399927157e+00
-1.073905559399927157e+00
-1.073905559399927157e+00
-1.073905559399927157e+00
-1.073905559399927157e+00
-1.073905559399927157e+00
-1.073905559399927157e+00
-1.073905559399927157e+00
-1.073905559399927157e+00
-1.073905559399927157e+00
-1.073905559399927157e+00
-1.073905559399927157e+00
-1.073905559399927157e+00
-1.073905559399927157e+00
-1.073905559399927157e+00
-1.073905559399927157e+00
-1.073905559399927157e+00
-1.073905559399927157e+00
-1.073905559399927157e+00
-1.073905559399927157e+00
-1.073905559399927157e+00
-1.073905559399927157e+00
-1.073905559399927157e+00
-1.073905559399927157e+00
-1.073905559399927157e+00
-1.073905559399927157e+00
-1.073905559399927157e+00
-1.073905559399927157e+00
-1.073905559399927157e+00
-1.073905559399927157e+00
-1.073905559399927157e+00
-1.073905559399927157e+00
-1.073905559399927157e+00
-1.073905559399927157e+00
-1.073905559399927157e+00
-1.073905559399927157e+00
-1.073905559399927157e+00
-1.073905559399927157e+00
-1.073905559399927157e+00
