#Upper limit for the Conditional distribution of radius given mass from initial fitting w/o bootstrap
1.046492830956927467e+00
1.046492830956927467e+00
1.046492830956927467e+00
1.046492830956927467e+00
1.046492830956927467e+00
1.046492830956927467e+00
1.046492830956927467e+00
1.046492830956927467e+00
1.046492830956927467e+00
1.046492830956927467e+00
1.046492830956927467e+00
1.046492830956927467e+00
1.046492830956927467e+00
1.046492830956927467e+00
1.046492830956927467e+00
1.046492830956927467e+00
1.046492830956927467e+00
1.046492830956927467e+00
1.046492830956927467e+00
1.046492830956927467e+00
1.046492830956927467e+00
1.046492830956927467e+00
1.046492830956927467e+00
1.046492830956927467e+00
1.046492830956927467e+00
1.046492830956927467e+00
1.046492830956927467e+00
1.046492830956927467e+00
1.046492830956927467e+00
1.046492830956927467e+00
1.046492830956927467e+00
1.046492830956927467e+00
1.046492830956927467e+00
1.046492830956927467e+00
1.046492830956927467e+00
1.046492830956927467e+00
1.046492830956927467e+00
1.046492830956927467e+00
1.046492830956927467e+00
1.046492830956927467e+00
1.046492830956927467e+00
1.046492830956927467e+00
1.046492830956927467e+00
1.046492830956927467e+00
1.046492830956927467e+00
1.046492830956927467e+00
1.046492830956927467e+00
1.046492830956927467e+00
1.046492830956927467e+00
1.046492830956927467e+00
1.046492830956927467e+00
1.046492830956927467e+00
1.046492830956927467e+00
1.046492830956927467e+00
1.046492830956927467e+00
1.046492830956927467e+00
1.046492830956927467e+00
1.046492830956927467e+00
1.046492830956927467e+00
1.046492830956927467e+00
1.046492830956927467e+00
1.046492830956927467e+00
1.046492830956927467e+00
1.046492830956927467e+00
1.046492830956927467e+00
1.046492830956927467e+00
1.046492830956927467e+00
1.046492830956927467e+00
1.046492830956927467e+00
1.046492830956927467e+00
1.046492830956927467e+00
1.046492830956927467e+00
1.046492830956927467e+00
1.046492830956927467e+00
1.046492830956927467e+00
1.046492830956927467e+00
1.046492830956927467e+00
1.046492830956927467e+00
1.046492830956927467e+00
1.046492830956927467e+00
1.046492830956927467e+00
1.046492830956927467e+00
1.046492830956927467e+00
1.046492830956927467e+00
1.046492830956927467e+00
1.046492830956927467e+00
1.046492830956927467e+00
1.046492830956927467e+00
1.046492830956927467e+00
1.046492830956927467e+00
1.046492830956927467e+00
1.046492830956927467e+00
1.046492830956927467e+00
1.046492830956927467e+00
1.046492830956927467e+00
1.046492830956927467e+00
1.046492830956927467e+00
1.046492830956927467e+00
1.046492830956927467e+00
1.046492830956927467e+00
