#Conditional distribution of mass given radius from initial fitting w/o bootstrap
nan
-1.346419424343179072e+00
-1.346403634127388171e+00
-1.345983797087764611e+00
-1.341704618200637578e+00
-1.316324955759137438e+00
-1.214605698314987547e+00
-9.441699853762620664e-01
-5.211864325763008177e-01
-1.488933269362571754e-01
6.599872110012396098e-02
1.688793799719827127e-01
2.181319331200897715e-01
2.459275328288091644e-01
2.674756931203424171e-01
2.902217437248933440e-01
3.178738506501069816e-01
3.515668719253646768e-01
3.900859397559339747e-01
4.304096553939069647e-01
4.689652507784506374e-01
5.029992698563816589e-01
5.312558841210165417e-01
5.538206057131387361e-01
5.715708791939094757e-01
5.856713265424254855e-01
5.972771378733241487e-01
6.074178078719657536e-01
6.169814720887666359e-01
6.267345131265751323e-01
6.373361207292995712e-01
6.493258644916889422e-01
6.630763548662810258e-01
6.787193960695330208e-01
6.960747543738859955e-01
7.146270141129590359e-01
7.335900452633662416e-01
7.520603891825611287e-01
7.692092645272166074e-01
7.844382256250032048e-01
7.974471580687783057e-01
8.082133989106913274e-01
8.169179317914444516e-01
8.238610371380963304e-01
8.293953531288212888e-01
8.338865919181057684e-01
8.377009392150207567e-01
8.412143149225328465e-01
8.448391701066113590e-01
8.490660493352139015e-01
8.545169193573307620e-01
8.620019737533128890e-01
8.725566676142968436e-01
8.874071983183848822e-01
9.077783903177722991e-01
9.344626923167355104e-01
9.672050667479338282e-01
1.004258546630386384e+00
1.042653884207959569e+00
1.079321188629298156e+00
1.112383112645107808e+00
1.141745316028189849e+00
1.168832529052112656e+00
1.195969312199682166e+00
1.225873490497404461e+00
1.261385778161849824e+00
1.305330976576662971e+00
1.360351958747074264e+00
1.428590392366524631e+00
1.511167672077971647e+00
1.607555920901192259e+00
1.715105492002474419e+00
1.829096551043007057e+00
1.943533811076963547e+00
2.052486891867854713e+00
2.151393104392818056e+00
2.237754674296237312e+00
2.311069740660574912e+00
2.372253583049430237e+00
2.422936788028619226e+00
2.464905353022719403e+00
2.499765603657852608e+00
2.528798318783624488e+00
2.552925994318594238e+00
2.572720452935136404e+00
2.588391774582665228e+00
2.599704915125814697e+00
2.605760186143530444e+00
2.604557703401864988e+00
2.592321107471372343e+00
2.563000041011910035e+00
2.509921628888818645e+00
2.433372105661321338e+00
2.350665410943660660e+00
2.287750660932014846e+00
2.254412144318655553e+00
2.241931450182119701e+00
2.238779709406168994e+00
2.238355810376663424e+00
nan
