#Upper limit for the Conditional distribution of mass given radius from initial fitting w/o bootstrap
9.119173891686267044e-09
-2.618206258145484577e-01
1.297036821110776617e-02
1.491167893071480011e-01
2.313454735655900985e-01
2.875841763403080287e-01
3.290548503441975137e-01
3.612330127543604275e-01
3.871765596570048706e-01
4.087754434692645322e-01
4.273007057563382172e-01
4.436759904239254704e-01
4.586251396546042192e-01
4.727591622681147077e-01
4.866312799007500578e-01
5.007739730763980379e-01
5.157249196892959020e-01
5.320448678906092299e-01
5.503278218130143173e-01
5.712013964554635281e-01
5.953121867465041017e-01
6.232872803059986699e-01
6.556597591988087004e-01
6.927471193179614017e-01
7.344862570286110337e-01
7.802669996366048411e-01
8.288591138557406257e-01
8.785385484273555701e-01
9.274210537882341399e-01
9.738548962887978444e-01
1.016679452091681535e+00
1.055275333907416346e+00
1.089468144438387132e+00
1.119384974304972857e+00
1.145326820792994527e+00
1.167677262359255286e+00
1.186844756815547575e+00
1.203229313521991140e+00
1.217204938608054343e+00
1.229111702974868603e+00
1.239253488643878631e+00
1.247899008284882427e+00
1.255284668246804847e+00
1.261618444570703490e+00
1.267084312754602982e+00
1.271847011992318199e+00
1.276057092130962856e+00
1.279856323362934090e+00
1.283383670239983010e+00
1.286782164942303464e+00
1.290207184238492344e+00
1.293836873692001843e+00
1.297885824165954549e+00
1.302623680433335762e+00
1.308401316738891040e+00
1.315688874449042922e+00
1.325132991748218414e+00
1.337646428545200550e+00
1.354555414685983505e+00
1.377856918135080599e+00
1.410701878176068069e+00
1.458377743029225515e+00
1.530377424333557723e+00
1.643097657846738224e+00
1.801395668406894579e+00
1.944959529848894197e+00
2.041865792590406237e+00
2.107042935665779382e+00
2.152716140965930336e+00
2.185577794979913779e+00
2.209517343638810694e+00
2.227013216535916218e+00
2.239766920642888959e+00
2.249007187851141065e+00
2.255647146743979370e+00
2.260373522418793080e+00
2.263703237784045363e+00
2.266023300929903783e+00
2.267620985344203532e+00
2.268707429617343507e+00
2.269436180552002025e+00
2.269917727483522718e+00
2.270230682778785702e+00
2.270430327618447208e+00
2.270555047017800199e+00
2.270631124758020647e+00
2.270676279048479351e+00
2.270702242979286023e+00
2.270716627974099566e+00
2.270724254153746902e+00
2.270728087986184196e+00
2.270729893377647191e+00
2.270730675834159662e+00
2.270730978964768720e+00
2.270731077075350601e+00
2.270731095769778385e+00
2.270731083187359278e+00
2.270731045275218740e+00
2.270730927148969069e+00
9.119173891686267044e-09
