#Upper limit for the Conditional distribution of radius given mass from initial fitting w/o bootstrap
9.721778848983394149e-09
3.120555905960071055e-02
3.121041467058814980e-02
3.123884338508097630e-02
3.132440048092808432e-02
3.152398006796826996e-02
3.192413178456237483e-02
3.264807922526272860e-02
3.386202350196902688e-02
3.577856944078482843e-02
3.865368859819250102e-02
4.277189491149013117e-02
4.841307775200549141e-02
5.579597611468473800e-02
6.500160844278372874e-02
7.589806814054762818e-02
8.810807445801058235e-02
1.010582982016528658e-01
1.141063366797620410e-01
1.266865547009863868e-01
1.384068716529418264e-01
1.490712206042858756e-01
1.586478259641609101e-01
1.672170912778217777e-01
1.749229626568288565e-01
1.819373739768669340e-01
1.884383126515394302e-01
1.945984632396362268e-01
2.005809093102099705e-01
2.065390747117746562e-01
2.126189799495723509e-01
2.189626125421338942e-01
2.257116822763908792e-01
2.330112653715457616e-01
2.410128766416300139e-01
2.498762337521861221e-01
2.597686388721979767e-01
2.708599102992576002e-01
2.833099591571185405e-01
2.972453538295662390e-01
3.127225951333112430e-01
3.296818822988025199e-01
3.479073369519475878e-01
3.670209150256722452e-01
3.865308093007794321e-01
4.059229132677968921e-01
4.247524927736363587e-01
4.426966884148380577e-01
4.595604676523999954e-01
4.752536585151103110e-01
4.897597051207668306e-01
5.031083047218779525e-01
5.153556233228806516e-01
5.265716078571714975e-01
5.368325147377093209e-01
5.462169140575953152e-01
5.548038620802515641e-01
5.626724404763725484e-01
5.699021520928259088e-01
5.765739528600125618e-01
5.827718463192593790e-01
5.885851069529055568e-01
5.941113233264995186e-01
5.994606024948693213e-01
6.047614941672149191e-01
6.101695453349950116e-01
6.158800128927882644e-01
6.221474117454528496e-01
6.293168621818014952e-01
6.378770961215084467e-01
6.485564541878627853e-01
6.625132908615704030e-01
6.817633694178195647e-01
7.103201626609315644e-01
7.580325072267545261e-01
8.515744966183727005e-01
9.622383329829395926e-01
1.026838517735303435e+00
1.067782738246835228e+00
1.096563748527290993e+00
1.117800120357242522e+00
1.133789824206972385e+00
1.145878704240164581e+00
1.154962033241719199e+00
1.161697564640557623e+00
1.166602234932746063e+00
1.170096359177424050e+00
1.172523924611301727e+00
1.174163308211606305e+00
1.175235163113880876e+00
1.175910066793684372e+00
1.176316323294793076e+00
1.176547679850475037e+00
1.176670447572576439e+00
1.176729770670533082e+00
1.176754933027382322e+00
1.176763724718922210e+00
1.176765960823774382e+00
1.176766271243464335e+00
9.721778848983394149e-09
