#Lower limit for the Conditional distribution of radius given mass from initial fitting w/o bootstrap
9.721778848983394149e-09
-1.842932683308126096e-01
-1.842920120432328945e-01
-1.842856859926214064e-01
-1.842671272370603464e-01
-1.842246095568787767e-01
-1.841406491342032214e-01
-1.839906089542380496e-01
-1.837411818446475220e-01
-1.833488778596808477e-01
-1.827587431797334794e-01
-1.819036828951997864e-01
-1.807049450951509206e-01
-1.790745270258845556e-01
-1.769204291457932565e-01
-1.741556969746965444e-01
-1.707117905062180141e-01
-1.665558408295194637e-01
-1.617090181237491597e-01
-1.562603535152497780e-01
-1.503680417251301304e-01
-1.442421492393665128e-01
-1.381105316395779548e-01
-1.321794871565553919e-01
-1.266039597394634508e-01
-1.214757514124454457e-01
-1.168282634446765889e-01
-1.126504331859666808e-01
-1.089025899760820565e-01
-1.055298253280471249e-01
-1.024715227217216362e-01
-9.966724269628569888e-02
-9.705987084930811637e-02
-9.459693525539403236e-02
-9.223081414049028037e-02
-8.991833259655421240e-02
-8.762006119109921887e-02
-8.529950266589142460e-02
-8.292226655578918693e-02
-8.045528030337029124e-02
-7.786605478715251383e-02
-7.512200485754297330e-02
-7.218981590764045331e-02
-6.903484000849106905e-02
-6.562052101848782348e-02
-6.190777346653502516e-02
-5.785439629328840289e-02
-5.341438343416567841e-02
-4.853718583192742630e-02
-4.316687353064421750e-02
-3.724119007628476363e-02
-3.069050848573475279e-02
-2.343674794703639458e-02
-1.539240702314874365e-02
-6.460093337800340736e-03
3.466736393965414321e-03
1.450032284089540144e-02
2.674992356912704594e-02
4.030372662233275283e-02
5.519625653060664106e-02
7.135859371402401841e-02
8.856061340106949342e-02
1.063776055959021888e-01
1.242289071436445402e-01
1.415028575740842620e-01
1.577071895471891527e-01
1.725566950197967298e-01
1.859708579764733083e-01
1.980199532439291255e-01
2.088662781645892197e-01
2.187228621503964354e-01
2.278322128752309494e-01
2.364605388885363257e-01
2.449028021751792350e-01
2.534958977608042785e-01
2.626390867904222493e-01
2.728225843298495712e-01
2.846669854044532877e-01
2.989796776987883042e-01
3.168423505173964538e-01
3.397646396102362298e-01
3.699979105793952949e-01
4.112929412047569011e-01
4.711433978331543981e-01
5.693382885373200475e-01
7.312384344852890239e-01
8.239084460814938282e-01
8.640949618558131373e-01
8.854833981578307256e-01
8.977764111107779943e-01
9.049683348683104089e-01
9.091180691401811176e-01
9.114253766244965194e-01
9.126339387734963005e-01
9.132140961567596360e-01
9.134594279161297736e-01
9.135450423879083459e-01
9.135668094809032969e-01
9.135698312087272566e-01
9.721778848983394149e-09
