#Conditional distribution of radius given mass from initial fitting w/o bootstrap
9.721778848983394149e-09
-9.951969155235856901e-02
-9.951686280542355878e-02
-9.950209952351025955e-02
-9.945841717348125055e-02
-9.935766958549027694e-02
-9.915755216825121454e-02
-9.879816002521403517e-02
-9.819843911991193997e-02
-9.725306529533385425e-02
-9.583069164021766617e-02
-9.377509210825026031e-02
-9.091147005125996272e-02
-8.706089465909540304e-02
-8.206586672220518575e-02
-7.582802544690821211e-02
-6.835327761226542287e-02
-5.978962944909231580e-02
-5.043467719118795156e-02
-4.069490688598383782e-02
-3.100403641027526733e-02
-2.173516853262583148e-02
-1.314437550020341322e-02
-5.359190990558253265e-03
1.599907065388795095e-03
7.785345756802126982e-03
1.329046613070442202e-02
1.822590918084689843e-02
2.270482208258740170e-02
2.683494853212456399e-02
3.071531403901266860e-02
3.443565769037663232e-02
3.807736662725562382e-02
4.171510083341131020e-02
4.541872487256928825e-02
4.925529402609375718e-02
5.329099260614391514e-02
5.759307238566089421e-02
6.223171947037866442e-02
6.728195903073314055e-02
7.282560742056841396e-02
7.895329851390231468e-02
8.576655945998253039e-02
9.337981094305417007e-02
1.019219653326214753e-01
1.115368883331147309e-01
1.223813116435495674e-01
1.346174556620094165e-01
1.483959947281966729e-01
1.638233097594620491e-01
1.809084196084475571e-01
1.994951462885766746e-01
2.192082320777797022e-01
2.394638301387503054e-01
2.595748766349977865e-01
2.789095359596252544e-01
2.970121516507074899e-01
3.136356467512850799e-01
3.287056430940574758e-01
3.422623258136793245e-01
3.544101188682794445e-01
3.652838423514955246e-01
3.750293445014509230e-01
3.837940255103083342e-01
3.917234593264933284e-01
3.989617000425460525e-01
4.056539839280265403e-01
4.119513190092388699e-01
4.180170061712041307e-01
4.240355997659258080e-01
4.302253320056110830e-01
4.368557557283517245e-01
4.442735911619509759e-01
4.529420627644105690e-01
4.635037355616254406e-01
4.768877363171391548e-01
4.945099359436845310e-01
5.186974084809033991e-01
5.537656738068515994e-01
6.095790683558114376e-01
7.174400420665315581e-01
8.754336978727745855e-01
9.524578460493877685e-01
9.931583340765449686e-01
1.018264800322457697e+00
1.034677982226601900e+00
1.045611312324564501e+00
1.052887742100621304e+00
1.057667483668840669e+00
1.060737746584806684e+00
1.062649627310130906e+00
1.063792733858237360e+00
1.064441153870866019e+00
1.064784485475013032e+00
1.064950203294944497e+00
1.065020457584071600e+00
1.065044999327192210e+00
1.065051241016635064e+00
1.065052107577946217e+00
9.721778848983394149e-09
