#Weights for Beta densities from initial fitting w/o bootstrap
0.000000000000000000e+00
0.000000000000000000e+00
0.000000000000000000e+00
0.000000000000000000e+00
0.000000000000000000e+00
0.000000000000000000e+00
0.000000000000000000e+00
0.000000000000000000e+00
0.000000000000000000e+00
0.000000000000000000e+00
0.000000000000000000e+00
0.000000000000000000e+00
0.000000000000000000e+00
0.000000000000000000e+00
0.000000000000000000e+00
0.000000000000000000e+00
0.000000000000000000e+00
0.000000000000000000e+00
0.000000000000000000e+00
1.181915076049293983e-09
1.302890602089471484e-09
1.313078224566472605e-09
1.330593574730655471e-09
1.370111931479998637e-09
1.417892993070106314e-09
1.458949911557082743e-09
1.486687921630847583e-09
1.501730114089691602e-09
1.508293837542162795e-09
1.510536727606714352e-09
1.511174291743969852e-09
1.511303447960179440e-09
1.511253854343623122e-09
0.000000000000000000e+00
0.000000000000000000e+00
5.347007389428948265e-02
1.115083233127812628e-09
1.244684180624621344e-09
1.276890638061749644e-09
1.309139634305093857e-09
1.357821093047853122e-09
1.410869349400738985e-09
1.455064770987346032e-09
1.484687552557286987e-09
1.500893854512052860e-09
1.507946944280423888e-09
1.510447080593702795e-09
1.511080737529907278e-09
1.511222010960102476e-09
1.511336461927951857e-09
0.000000000000000000e+00
0.000000000000000000e+00
0.000000000000000000e+00
1.007294193447810797e-09
1.142098727963521392e-09
1.206923082229539067e-09
1.264704261272836099e-09
1.329745119955182589e-09
1.392767439350224100e-09
1.443310954629072224e-09
1.477468176131145193e-09
1.496786487155176605e-09
1.505970768484654582e-09
1.509707280590591688e-09
1.510857403229098345e-09
1.511147391108642727e-09
1.511255960099751163e-09
0.000000000000000000e+00
0.000000000000000000e+00
7.599063664986886157e-08
8.849161603814400052e-10
1.004628275524036229e-09
1.096408778317292004e-09
1.182551693267543018e-09
1.267702452143888812e-09
1.344121385208537582e-09
1.405877128075356211e-09
1.450940271346007855e-09
1.480624795920122377e-09
1.497769129033296291e-09
1.506227041968361184e-09
1.509756757053400685e-09
1.510903161841615723e-09
1.511258700886190861e-09
0.000000000000000000e+00
0.000000000000000000e+00
7.993787587569841564e-10
7.976633724490053427e-10
8.639546852640103924e-10
9.510437905991093237e-10
1.045914409648443028e-09
1.138224459149601089e-09
1.222787348949054269e-09
1.300288812978744530e-09
1.370348047987248844e-09
1.428354883297409679e-09
1.469539250114247335e-09
1.493890899654275288e-09
1.505511759705718180e-09
1.509855810964358740e-09
1.511060980878172754e-09
0.000000000000000000e+00
0.000000000000000000e+00
9.058085396812171110e-10
1.843181832874414561e-01
0.000000000000000000e+00
7.872578102365819203e-10
8.384436464699618377e-10
8.946797558187519528e-10
9.621992137571879763e-10
1.054898958018396680e-09
1.171833874798094797e-09
1.292397037254357850e-09
1.391949801241619476e-09
1.457969188238965141e-09
1.492452871260693890e-09
1.506398915601390409e-09
1.510450538855956084e-09
0.000000000000000000e+00
0.000000000000000000e+00
1.045305868276181855e-09
8.452836317870360737e-10
2.777188767658311241e-01
0.000000000000000000e+00
5.554786310345389997e-10
5.029886381926904718e-10
5.031877646985516731e-10
5.946403009872481453e-10
7.770369999683900291e-10
1.005221373872114412e-09
1.217927617486256329e-09
1.372415380988134448e-09
1.459814241926213321e-09
1.497288711561038449e-09
1.508826269801104194e-09
0.000000000000000000e+00
0.000000000000000000e+00
1.187236381125637439e-09
9.588474989190818193e-10
7.276436554126496248e-10
0.000000000000000000e+00
2.323587088297537291e-10
0.000000000000000000e+00
0.000000000000000000e+00
0.000000000000000000e+00
1.437228700205531230e-10
5.112557000505432426e-10
8.985398737404326865e-10
1.206668009928061713e-09
1.393832431749371400e-09
1.478355640864837872e-09
1.505232325725770026e-09
0.000000000000000000e+00
0.000000000000000000e+00
1.305758589364028361e-09
1.088818324019162992e-09
7.951667374435344278e-10
9.624292752225015875e-10
0.000000000000000000e+00
0.000000000000000000e+00
0.000000000000000000e+00
0.000000000000000000e+00
0.000000000000000000e+00
0.000000000000000000e+00
4.304481969319833262e-10
9.520544349818246113e-10
1.288498022346843040e-09
1.446854673650317585e-09
1.498881726300614779e-09
0.000000000000000000e+00
0.000000000000000000e+00
1.390746453406458064e-09
1.210451595946029782e-09
9.085376746173683043e-10
4.643756536380233230e-10
0.000000000000000000e+00
9.434913755394283249e-08
3.589942334645369049e-01
0.000000000000000000e+00
0.000000000000000000e+00
0.000000000000000000e+00
0.000000000000000000e+00
6.598150706187055202e-10
1.162497054556688556e-09
1.405971491739207699e-09
1.488691165432991284e-09
0.000000000000000000e+00
0.000000000000000000e+00
1.445560920740988893e-09
1.314863895695619426e-09
1.060723187905931251e-09
6.502610830653599575e-10
8.022104182472655691e-11
0.000000000000000000e+00
6.533512782430114044e-09
1.548526702395397108e-08
0.000000000000000000e+00
0.000000000000000000e+00
0.000000000000000000e+00
4.509591068337083603e-10
1.061278260084599259e-09
1.363325890289179218e-09
1.472199120656475507e-09
0.000000000000000000e+00
0.000000000000000000e+00
1.478651803675439545e-09
1.399008186838428134e-09
1.226907174857847548e-09
9.260408617014033426e-10
4.706814656589853089e-10
0.000000000000000000e+00
0.000000000000000000e+00
0.000000000000000000e+00
0.000000000000000000e+00
0.000000000000000000e+00
0.000000000000000000e+00
4.463334382367858066e-10
1.025155045256494601e-09
1.317747414275170671e-09
1.440048649252410075e-09
0.000000000000000000e+00
0.000000000000000000e+00
1.497455879039639345e-09
1.458653564997198528e-09
1.367946626889287318e-09
1.195936828871298872e-09
9.093457283506489785e-10
4.855596345108530043e-10
0.000000000000000000e+00
0.000000000000000000e+00
0.000000000000000000e+00
0.000000000000000000e+00
7.966638639855595199e-11
6.474672842071805131e-10
1.038239921902782154e-09
1.244704111654102690e-09
1.372767697836517067e-09
0.000000000000000000e+00
0.000000000000000000e+00
1.505798021627468943e-09
1.491703092555049698e-09
1.456372558632767886e-09
1.383019338103485790e-09
1.247955444757349231e-09
1.030196385128592821e-09
7.444706225221966127e-10
4.751081211829759404e-10
3.497172920090010911e-10
4.391007259784269552e-10
6.757102079494474280e-10
9.021661851498899472e-10
1.026160668289931043e-09
1.106471302287234016e-09
1.243439088219405098e-09
0.000000000000000000e+00
0.000000000000000000e+00
1.502266992017979127e-09
1.498006228624403023e-09
1.487691551426037804e-09
1.465052093451217573e-09
1.420314565414682595e-09
1.343846207254357113e-09
1.238665759602423039e-09
1.132720936303707701e-09
1.067023457750448006e-09
1.055865436675325319e-09
1.055945433271999735e-09
1.000043061796078952e-09
8.880546711884333081e-10
1.254983482084774393e-01
9.547182761275489757e-10
0.000000000000000000e+00
0.000000000000000000e+00
0.000000000000000000e+00
0.000000000000000000e+00
0.000000000000000000e+00
0.000000000000000000e+00
0.000000000000000000e+00
0.000000000000000000e+00
0.000000000000000000e+00
0.000000000000000000e+00
0.000000000000000000e+00
0.000000000000000000e+00
0.000000000000000000e+00
0.000000000000000000e+00
0.000000000000000000e+00
0.000000000000000000e+00
0.000000000000000000e+00
0.000000000000000000e+00
