1.181799500417882655e+03
1.207966597774982347e+03
1.144688019710313938e+03
1.228592153044268116e+03
1.246288585860781723e+03
1.148327909382169764e+03
1.176655462534431308e+03
1.205374049631015623e+03
1.237549106164074374e+03
1.281830679489947215e+03
1.200391364580205391e+03
1.215639649278375373e+03
1.232682129022367008e+03
1.234149573814864198e+03
1.234976371767323599e+03
1.229898415197150371e+03
1.250680157782660899e+03
1.239154254952764859e+03
1.239231259175036257e+03
1.251824938022111382e+03
1.236762726959665542e+03
1.209349888688164810e+03
1.252498791377561474e+03
1.212291277391273979e+03
1.197108466986622034e+03
1.245305403352075245e+03
1.239426287288162712e+03
1.256755398446176059e+03
1.229859598839411319e+03
1.162079396878045145e+03
1.239089522397352994e+03
1.197185790607855779e+03
1.154182845286989959e+03
1.228882793669964485e+03
1.187410974683211407e+03
1.204484068813836529e+03
1.198304456614128412e+03
1.198424734217820514e+03
1.210986307379415621e+03
1.181193767203361176e+03
1.222718522216400515e+03
1.213442225520501097e+03
1.139518308668646341e+03
1.174017831950443451e+03
1.180932411187511207e+03
1.240292437070660526e+03
1.179497092594127935e+03
1.204623410600907164e+03
1.204647559687459307e+03
1.209480054934662348e+03
1.168774140657405724e+03
1.215014369661402725e+03
1.171382684052047807e+03
1.171442073341914011e+03
1.223577615980546398e+03
1.225246894133688784e+03
1.230237640455991595e+03
1.201036434791032661e+03
1.173549918438236091e+03
1.225999313134429258e+03
1.251798190973249348e+03
1.215037794080243657e+03
1.215521653776571156e+03
1.207142766863530369e+03
1.199402482120751301e+03
1.221657070448176682e+03
1.215094190632527216e+03
1.195771818984831725e+03
1.210253812755952822e+03
1.219078185162885802e+03
1.184993180188486576e+03
1.235859481140340677e+03
1.188818924925398051e+03
1.178867585916259713e+03
1.225990750246935704e+03
1.202437524758752033e+03
1.269593192864559342e+03
1.196138158269089672e+03
1.235044695367706936e+03
1.214354859688073930e+03
1.202743962474524778e+03
1.210548450784493525e+03
1.173342239598065134e+03
1.215634436756411105e+03
1.179386823894285953e+03
1.202884949664406577e+03
1.219092825956555089e+03
1.174511108202830883e+03
1.223470241380487096e+03
1.216014252033495495e+03
1.213313400229783838e+03
1.217463241469745071e+03
1.214370648718765096e+03
1.218283597150713376e+03
1.237480935427248369e+03
1.202592898901645185e+03
1.168289120396326098e+03
1.155668779508511989e+03
1.197335225587781224e+03
1.210686951944445354e+03
