-1.731404385950592983e+00
-1.731325265740074615e+00
-1.730081252694008365e+00
-1.724439043386558845e+00
-1.708762091221632140e+00
-1.675336065657634377e+00
-1.614229575761622515e+00
-1.508114579517336296e+00
-1.303143049023888667e+00
-9.382999670514831081e-01
-7.684606435140433067e-01
-6.953443205676574923e-01
-6.560276907050490713e-01
-6.324521003015428633e-01
-6.172885361629290024e-01
-6.069800621754296577e-01
-5.996045947419456068e-01
-5.940392185018051885e-01
-5.895810566646302320e-01
-5.857564680833965420e-01
-5.822166546816959221e-01
-5.786758416748051248e-01
-5.748713957987066081e-01
-5.705355090915826821e-01
-5.653730300953780930e-01
-5.590426499010776595e-01
-5.511402120510049407e-01
-5.411839624384945369e-01
-5.286022815268808239e-01
-5.127248203744463328e-01
-4.927778418840774721e-01
-4.678838532429980268e-01
-4.370646744915724358e-01
-3.992475753740359901e-01
-3.532805802766998959e-01
-2.979863333378212076e-01
-2.323467922242211103e-01
-1.560399988513850589e-01
-7.064512059799822608e-02
1.878160301489961020e-02
1.040637792630586811e-01
1.779966407782203053e-01
2.378825888092006569e-01
2.847479772990733626e-01
3.209973456925747093e-01
3.490357101805361961e-01
3.708396564066583356e-01
3.879295280721462014e-01
4.014508449286363079e-01
4.122648334583635110e-01
4.210230294336845813e-01
4.282239641944309838e-01
4.342554960904066452e-01
4.394268469058385529e-01
4.439937594818863520e-01
4.481795172876083533e-01
4.521941243757449103e-01
4.562537688763133037e-01
4.606027676485033306e-01
4.655404851474470029e-01
4.714561814001076434e-01
4.788752422570947687e-01
4.885204932343663597e-01
5.013917780679019165e-01
5.188650517878528046e-01
5.428089389525355690e-01
5.757153844097134821e-01
6.208542941840169416e-01
6.825230274417751763e-01
7.666513926841275195e-01
8.826072689651434100e-01
1.049388191436956941e+00
1.321496189044201630e+00
1.692925980060242086e+00
1.846979621099267055e+00
1.912543909277390153e+00
1.947094674933129488e+00
1.966917631476978956e+00
1.978709662471049180e+00
1.985819306449573940e+00
1.990109311274326886e+00
1.992679230630985510e+00
1.994198778212503242e+00
1.995081453634265589e+00
1.995583016292091560e+00
1.995860618363612726e+00
1.996009576054145862e+00
1.996086648397322749e+00
1.996124851300048686e+00
1.996142844986572795e+00
1.996150814372690041e+00
1.996154087706920155e+00
1.996155311029475188e+00
1.996155715573613376e+00
1.996155828327435211e+00
1.996155850731557546e+00
1.996155846224777486e+00
1.996155814756079394e+00
1.996155535970558059e+00
-1.333999597241213309e+00
