8.608032552027895801e-02
8.614581501975361599e-02
8.716686094283437880e-02
9.159781927374680000e-02
1.023826727284167931e-01
1.197001380691816302e-01
1.392709600595782027e-01
1.561235196736765751e-01
1.683150386445378399e-01
1.763793692616318631e-01
1.815375609889150477e-01
1.848282958611813798e-01
1.869542185131538026e-01
1.883541079373505789e-01
1.892955178280887329e-01
1.899416133195854228e-01
1.903928528658451469e-01
1.907117600338769925e-01
1.909374628580991218e-01
1.910942400982217348e-01
1.911965710088883996e-01
1.912521295715754743e-01
1.912635623432883680e-01
1.912295575332562392e-01
1.911455383837425137e-01
1.910042303816825993e-01
1.907963177189048176e-01
1.905113860251261004e-01
1.901393093314880101e-01
1.896721391309404425e-01
1.891063624792129472e-01
1.884451286689654281e-01
1.876997955575226418e-01
1.868900884445557076e-01
1.860424486664981336e-01
1.851867520688415814e-01
1.843522256580553964e-01
1.835637077787850013e-01
1.828391935526606782e-01
1.821890336652254583e-01
1.816165612779821470e-01
1.811195837183917634e-01
1.806921457300853240e-01
1.803261356401963666e-01
1.800125180110279666e-01
1.797421430051975577e-01
1.795061763016856937e-01
1.792962258353036353e-01
1.791042363214270516e-01
1.789221991561550373e-01
1.787416955063378110e-01
1.785532589677002457e-01
1.783455113709958018e-01
1.781039891255225549e-01
1.778095350989456480e-01
1.774360803679028709e-01
1.769475823806515857e-01
1.762938306977410441e-01
1.754048072854590967e-01
1.741833643900687068e-01
1.724963052933710383e-01
1.701647956742794454e-01
1.669568308575292981e-01
1.625877218917438360e-01
1.567392021763969467e-01
1.491117172325140683e-01
1.395213328096862049e-01
1.280319533581563696e-01
1.150713506129433517e-01
1.014418549843882633e-01
8.816158797426743021e-02
7.618215984301143773e-02
6.613420600295386031e-02
5.823252537950542734e-02
5.234782605658562515e-02
4.815609079187924829e-02
4.527589931704779219e-02
4.335433439655962673e-02
4.210383426842168736e-02
4.130779299355481771e-02
4.081141711163399632e-02
4.050816560066275440e-02
4.032678393852413140e-02
4.022073437865868878e-02
4.016026317368725368e-02
4.012673743460844211e-02
4.010873660488398912e-02
4.009942252411893143e-02
4.009480718567203644e-02
4.009263441435941683e-02
4.009167265922325418e-02
4.009127787607545679e-02
4.009113042482111838e-02
4.009108167992223026e-02
4.009106807080262125e-02
4.009106529768932670e-02
4.009106564197458672e-02
4.009106870220536384e-02
4.009109588963995913e-02
1.431096683041548634e-01
