2.313502042132803228e-10
5.325153626710312123e-03
1.735023264913985661e-02
3.173057891715305029e-02
4.575140399644885697e-02
5.785175983566014091e-02
6.726768038477348721e-02
7.376876275605372124e-02
7.746745928485374022e-02
7.868434461663538493e-02
7.785581696753271497e-02
7.547327576215302758e-02
7.204494024830400412e-02
6.807325106234494994e-02
6.404231194659529280e-02
6.041113716329261918e-02
5.760960533310639092e-02
5.603500074639526651e-02
5.604785708121751836e-02
5.796650916150422606e-02
6.206030763164580716e-02
6.854186204380058323e-02
7.755895544054573765e-02
8.918692721874479923e-02
1.034223637094926207e-01
1.201788836028283153e-01
1.392856766837548277e-01
1.604892694430491706e-01
1.834587705442106975e-01
2.077946128271622173e-01
2.330405749235752166e-01
2.586986507301227145e-01
2.842461520970170907e-01
3.091542890073601946e-01
3.329073786573558125e-01
3.550217931846035291e-01
3.750637651037474485e-01
3.926652267068090896e-01
4.075369592788485873e-01
4.194784626081511369e-01
4.283841162703911909e-01
4.342453821416920601e-01
4.371489829582797526e-01
4.372711752039708522e-01
4.348684076079414318e-01
4.302648115754248992e-01
4.238371007713378491e-01
4.159975591282655261e-01
4.071758666069959509e-01
3.978005485017584997e-01
3.882808368336292393e-01
3.789897026441706451e-01
3.702487581975805186e-01
3.623156416164611260e-01
3.553743874793804380e-01
3.495291601244675528e-01
3.448015869190124705e-01
3.411317818339509866e-01
3.383830005854703282e-01
3.363497225396175905e-01
3.347688164642503850e-01
3.333333216958321299e-01
3.317082676378809714e-01
3.295478665739713930e-01
3.265133509431242809e-01
3.222906893509923099e-01
3.166074079552042564e-01
3.092477670829620329e-01
3.000655978639625854e-01
2.889941902533098017e-01
2.760527410058007947e-01
2.613490156831825839e-01
2.450780490190731797e-01
2.275168978272093523e-01
2.090156634070705066e-01
1.899852077069713596e-01
1.708821893511308088e-01
1.521922305429720679e-01
1.344121811431895630e-01
1.180325584631040370e-01
1.035212969794367527e-01
9.130992846235980176e-02
8.178321887023604075e-02
7.527310572185788584e-02
7.205750472988260713e-02
7.236418917819117946e-02
7.637949878947283833e-02
8.426112374932626103e-02
9.615366008011400067e-02
1.122050795121792566e-01
1.325817430420968557e-01
1.574791604921447208e-01
1.871254074085965113e-01
2.217739980303735370e-01
2.616831043566393844e-01
3.070783001928650280e-01
3.580964368538721021e-01
4.147086860094403304e-01
4.766209624445247317e-01
5.431494530128898601e-01
