7.402540537625583728e-01
-2.331318297101315495e-01
-2.331318519428630942e-01
-2.331317331350770405e-01
-2.331308017884131945e-01
-2.331263848911862280e-01
-2.331106450060662083e-01
-2.330643725119633802e-01
-2.329459517922610190e-01
-2.326730716500033935e-01
-2.320942011579781861e-01
-2.309470089810310711e-01
-2.288033531280649346e-01
-2.250085483729068192e-01
-2.186415442342325433e-01
-2.085554717120588208e-01
-1.935904835763093967e-01
-1.730260684638772750e-01
-1.471718463950102418e-01
-1.177179349303342504e-01
-8.740984818788168076e-02
-5.909018460005519002e-02
-3.474683284678539014e-02
-1.515641286416404866e-02
-1.224071671064084588e-04
1.106646875622061856e-02
1.925939608267064271e-02
2.523548267425916244e-02
2.962790211328088577e-02
3.291968663636178627e-02
3.546801743286168845e-02
3.753453307012644818e-02
3.931252665735245760e-02
4.094856220455814211e-02
4.255875848841379067e-02
4.424081467693512931e-02
4.608290421548678212e-02
4.817035933214309368e-02
5.059081607295404931e-02
5.343825705933741288e-02
5.681618726233966105e-02
6.083999842625690407e-02
6.563840819701131923e-02
7.135369256098107738e-02
7.814026664729976923e-02
8.616102669626173050e-02
9.558078455490871816e-02
1.065561716135420695e-01
1.192216513340056128e-01
1.336718514446066375e-01
1.499413581603991075e-01
1.679843382663808449e-01
1.876576094785328275e-01
2.087115869448313010e-01
2.307933058914683200e-01
2.534640325706963848e-01
2.762309183014928782e-01
2.985885270940903946e-01
3.200631887219881344e-01
3.402522069112842162e-01
3.588514164259963279e-01
3.756678175562211952e-01
3.906177165733439316e-01
4.037136833189050034e-01
4.150450169329741312e-01
4.247563318086907680e-01
4.330278587023174697e-01
4.400597281148626028e-01
4.460613400242183779e-01
4.512461686074037970e-01
4.558320595105643802e-01
4.600472118959750278e-01
4.641425408440921219e-01
4.684119495793583887e-01
4.732231696780574426e-01
4.790631104411456342e-01
4.866025476568197061e-01
4.967837811667265568e-01
5.109271754901972828e-01
5.308285135686573453e-01
5.587624413523253342e-01
5.972069702275006886e-01
6.480114616121454008e-01
7.108749854983718031e-01
7.817449282211330619e-01
8.528028512951254525e-01
9.152662514732600174e-01
9.633647384065981978e-01
9.961466341794449342e-01
1.016218367848115589e+00
1.027395424974472338e+00
1.033085332423745895e+00
1.035722086153999077e+00
1.036817428914877492e+00
1.037213418297713519e+00
1.037331776514796911e+00
1.037358494613931814e+00
1.037362320907959434e+00
1.037362555491308402e+00
1.037362557384360784e+00
