1.961596986932194475e-02
4.113639480653386547e-03
4.113639355970862693e-03
4.113645263762610686e-03
4.113690151113558874e-03
4.113902699024223932e-03
4.114659916906550363e-03
4.116885635174605436e-03
4.122580826171390669e-03
4.135702388892581981e-03
4.163533252147387682e-03
4.218678896262701219e-03
4.321707429590736400e-03
4.504061829912208575e-03
4.809963723254946817e-03
5.294452278422947730e-03
6.013145824765288305e-03
7.000509073473533059e-03
8.241491830789145906e-03
9.654745606929195437e-03
1.110829308478210146e-02
1.246558026602109792e-02
1.363116486183238094e-02
1.456778750183375555e-02
1.528488826501222045e-02
1.581656895124990136e-02
1.620348755158417323e-02
1.648287115697206345e-02
1.668487261037556596e-02
1.683236431648823389e-02
1.694209595114848713e-02
1.702613669461960216e-02
1.709316379419757725e-02
1.714947893169032136e-02
1.719976425204486695e-02
1.724762954468096396e-02
1.729600470242324134e-02
1.734742209999417389e-02
1.740422199147250576e-02
1.746870377918189471e-02
1.754323769630187005e-02
1.763034477228769131e-02
1.773274741028383825e-02
1.785338809480385008e-02
1.799540951207609027e-02
1.816208591958816745e-02
1.835669364561675135e-02
1.858230939291343961e-02
1.884153029722331410e-02
1.913612123452231722e-02
1.946661356365689266e-02
1.983190384367005538e-02
2.022892570306690854e-02
2.065248330974299440e-02
2.109532910598496680e-02
2.154853343896991069e-02
2.200213172021198149e-02
2.244596229316796546e-02
2.287055168286829948e-02
2.326788724366310457e-02
2.363194831638917859e-02
2.395893280850450169e-02
2.424719009527041835e-02
2.449692768083852612e-02
2.470978478518017288e-02
2.488836217658717612e-02
2.503577470550493594e-02
2.515526348736603357e-02
2.524987752984962641e-02
2.532221383061240491e-02
2.537419053394849092e-02
2.540681722593460257e-02
2.541991659414608376e-02
2.541173933157659520e-02
2.537839726286605924e-02
2.531301935675131162e-02
2.520452170161730301e-02
2.503590935809423684e-02
2.478218416740572000e-02
2.440841480785320775e-02
2.386966588144639675e-02
2.311650953386329074e-02
2.211173440626246905e-02
2.086101601408120801e-02
1.944539545790696308e-02
1.802201752313242755e-02
1.676810810943288321e-02
1.580086262255255003e-02
1.514061385051474959e-02
1.473578402294354814e-02
1.451004836801207329e-02
1.439498190140397170e-02
1.434158963499106328e-02
1.431938094340107388e-02
1.431134158086091492e-02
1.430893554117867832e-02
1.430839169589684552e-02
1.430831371198304502e-02
1.430830892562057373e-02
1.430830888757849036e-02
