0.000000000000000000e+00
0.000000000000000000e+00
0.000000000000000000e+00
0.000000000000000000e+00
0.000000000000000000e+00
2.167505035060132518e-13
1.068638484884232471e-12
1.826301173710499616e-12
2.218547598767676886e-12
2.546566335669429139e-12
2.716588521165777740e-12
2.837583373969564027e-12
2.823846900174965417e-12
2.916897021077350521e-12
2.830065216942420270e-12
2.704520935651442381e-12
2.837691968441249105e-12
2.906931570042948639e-12
2.830069212726412244e-12
2.824799334988173841e-12
2.819223487233517961e-12
2.885160917151316070e-12
2.807290774258903009e-12
0.000000000000000000e+00
0.000000000000000000e+00
0.000000000000000000e+00
0.000000000000000000e+00
0.000000000000000000e+00
1.363075416402106664e-13
9.582613017686966713e-13
1.673530045469279418e-12
2.217990021096785446e-12
2.593654058366061373e-12
2.784788688260372390e-12
2.791423172791410851e-12
2.925722838727054382e-12
2.873948138017246803e-12
2.853115482483662619e-12
2.864807863429159467e-12
2.847183662809153185e-12
2.863038532504511130e-12
2.866535212867158417e-12
2.859802484059069020e-12
2.926755930980590561e-12
2.815117250185986646e-12
2.913323967885616474e-12
5.338361691722359054e-02
0.000000000000000000e+00
0.000000000000000000e+00
0.000000000000000000e+00
0.000000000000000000e+00
8.385801114561783531e-15
8.508002943426942330e-13
1.643828546987584556e-12
2.175362352171677754e-12
2.546533139009526513e-12
2.768369229240921279e-12
2.855371592578930448e-12
2.808853936385609135e-12
2.831515269854912087e-12
2.822017966010875376e-12
2.871566595724256670e-12
2.869376210986697578e-12
2.826239059268019297e-12
2.915649395525292622e-12
2.821479649806959158e-12
2.910926995493563525e-12
2.858456269244566347e-12
2.803338264472861561e-12
0.000000000000000000e+00
0.000000000000000000e+00
0.000000000000000000e+00
0.000000000000000000e+00
0.000000000000000000e+00
0.000000000000000000e+00
8.237531766073308919e-13
1.574710308855727009e-12
2.124003481324461227e-12
2.497667612713070128e-12
2.715624940602970681e-12
2.842095024530959646e-12
2.858552242174851875e-12
2.792237026593820858e-12
2.828554139032268947e-12
2.865353202545704813e-12
2.848823282988925143e-12
2.852318490439497421e-12
2.797201042338864037e-12
2.840668830135390062e-12
2.983727875827839606e-12
2.949058930377454858e-12
2.799656622793887373e-12
0.000000000000000000e+00
0.000000000000000000e+00
0.000000000000000000e+00
0.000000000000000000e+00
0.000000000000000000e+00
0.000000000000000000e+00
6.454052001051192162e-13
1.538715465153840910e-12
2.139217567681012297e-12
2.492441987661835551e-12
2.677670759367101772e-12
2.796144757234739897e-12
2.883014129184378562e-12
2.815646767659025488e-12
2.850556970884560967e-12
2.895219341574046551e-12
2.827163675345409240e-12
2.832331434329934034e-12
2.926328585978012416e-12
2.823699960794081505e-12
2.756459915888757122e-12
2.884623723919915388e-12
2.822476966077579746e-12
0.000000000000000000e+00
0.000000000000000000e+00
0.000000000000000000e+00
0.000000000000000000e+00
0.000000000000000000e+00
0.000000000000000000e+00
5.304800303742170691e-13
1.434221659946434149e-12
2.027299489586196924e-12
2.500739598816554835e-12
2.746638074043574635e-12
2.812429384227553956e-12
2.815591403200107458e-12
2.874799327323481923e-12
2.945121150048283168e-12
2.884724858192758096e-12
2.941171391473696166e-12
2.901545828959998646e-12
2.945204162024775440e-12
2.860267537665080775e-12
2.855120039195569680e-12
2.821821410289785312e-12
2.826284628641528344e-12
0.000000000000000000e+00
0.000000000000000000e+00
0.000000000000000000e+00
0.000000000000000000e+00
0.000000000000000000e+00
0.000000000000000000e+00
3.335931493952552377e-13
1.212448711757451326e-12
1.925752794699197978e-12
2.405964758419897198e-12
2.646339370134758961e-12
2.712697769138159013e-12
2.791469903627493505e-12
2.827763283551916957e-12
2.916496647071619101e-12
2.903587675416978214e-12
2.789577914561858265e-12
2.907856651492409698e-12
2.922055205663032184e-12
2.903929814258084362e-12
2.838173998541221045e-12
2.902083588976847519e-12
2.868321199663452930e-12
0.000000000000000000e+00
0.000000000000000000e+00
0.000000000000000000e+00
0.000000000000000000e+00
0.000000000000000000e+00
0.000000000000000000e+00
0.000000000000000000e+00
9.217588758406514377e-13
1.642880955746815603e-12
2.135118984887886930e-12
2.408657870780127950e-12
2.502488250745307071e-12
2.728318328472152895e-12
2.724338754983979848e-12
2.881620427196883298e-12
2.796492854321801365e-12
2.909602304251410431e-12
2.855699164139293008e-12
2.877285209577915232e-12
2.818225378073031263e-12
2.909192448994197092e-12
2.881896940295263734e-12
2.868105781614538427e-12
0.000000000000000000e+00
0.000000000000000000e+00
0.000000000000000000e+00
0.000000000000000000e+00
0.000000000000000000e+00
0.000000000000000000e+00
0.000000000000000000e+00
2.608069821843276141e-13
9.658558708568370217e-13
1.521821718266164020e-12
1.882177697888968281e-12
2.025665475015785502e-12
2.436123265477502237e-12
2.582648025386750736e-12
2.702803725978473768e-12
2.835101397664542284e-12
2.853666007759165798e-12
2.863357274786655732e-12
2.785159126631685368e-12
2.885627957560528261e-12
2.927917515369881412e-12
2.859687285364603718e-12
2.856367370101679937e-12
7.888590074292178214e-13
9.593065555360656943e-14
0.000000000000000000e+00
0.000000000000000000e+00
4.172034299852829808e-01
0.000000000000000000e+00
0.000000000000000000e+00
0.000000000000000000e+00
0.000000000000000000e+00
2.377612816659560521e-13
7.146012204906306510e-13
1.111053009986076867e-12
1.652048668308874285e-12
2.000339762919149341e-12
2.321909063000513350e-12
2.637635054247759881e-12
2.743717888921013431e-12
2.803526802303865664e-12
2.875305524726536871e-12
2.923378179877971886e-12
2.900426598307192696e-12
2.926986150229713903e-12
2.846598824308547019e-12
1.792831135341741182e-12
8.928401630888239077e-13
0.000000000000000000e+00
0.000000000000000000e+00
0.000000000000000000e+00
5.394716460920988277e-02
0.000000000000000000e+00
0.000000000000000000e+00
0.000000000000000000e+00
0.000000000000000000e+00
0.000000000000000000e+00
0.000000000000000000e+00
1.787702145883646526e-13
1.086842041401584168e-12
1.905776855850098954e-12
2.409160632518442257e-12
2.741559917001580136e-12
2.792318055382228013e-12
2.886264758275579913e-12
2.832856800509646128e-12
2.849212933191801247e-12
2.816463233108107709e-12
2.909316481084740537e-12
2.264698514672718906e-12
1.490552648278798967e-12
3.298833071849886351e-13
0.000000000000000000e+00
0.000000000000000000e+00
6.386270202128143990e-12
0.000000000000000000e+00
0.000000000000000000e+00
0.000000000000000000e+00
0.000000000000000000e+00
0.000000000000000000e+00
0.000000000000000000e+00
0.000000000000000000e+00
0.000000000000000000e+00
1.066125426649195594e-12
1.921938062677529075e-12
2.499361223442295986e-12
2.728334110730927947e-12
2.841650348463296648e-12
2.850032221333228096e-12
2.870950695515590559e-12
2.894458716872669611e-12
2.869280036092278032e-12
2.668855431576748043e-12
1.913669079036811566e-12
7.668688063298603506e-13
0.000000000000000000e+00
0.000000000000000000e+00
0.000000000000000000e+00
7.816483300333716605e-13
0.000000000000000000e+00
0.000000000000000000e+00
0.000000000000000000e+00
0.000000000000000000e+00
0.000000000000000000e+00
0.000000000000000000e+00
0.000000000000000000e+00
0.000000000000000000e+00
1.328598207697557376e-12
2.143473328199340188e-12
2.580179083944006583e-12
2.747570622389611183e-12
2.896512387347627019e-12
2.899195592324563924e-12
2.942135064591215380e-12
2.891150568727856338e-12
2.714965959109302440e-12
2.215734260544999747e-12
1.041945161266403957e-12
0.000000000000000000e+00
0.000000000000000000e+00
0.000000000000000000e+00
0.000000000000000000e+00
0.000000000000000000e+00
0.000000000000000000e+00
0.000000000000000000e+00
0.000000000000000000e+00
0.000000000000000000e+00
0.000000000000000000e+00
0.000000000000000000e+00
0.000000000000000000e+00
5.603327508170499408e-13
1.797710840376061854e-12
2.494186250251741346e-12
2.677696546673765209e-12
2.887028099212655911e-12
2.853336987804439134e-12
2.899942653741740369e-12
2.812367876359644655e-12
2.810834588613676185e-12
2.422694890418073525e-12
1.401158469755649458e-12
0.000000000000000000e+00
0.000000000000000000e+00
0.000000000000000000e+00
0.000000000000000000e+00
0.000000000000000000e+00
0.000000000000000000e+00
0.000000000000000000e+00
1.340752171917315994e-01
0.000000000000000000e+00
0.000000000000000000e+00
0.000000000000000000e+00
0.000000000000000000e+00
0.000000000000000000e+00
1.409449743109926865e-12
2.232026308560852452e-12
2.664582295529340070e-12
2.788961217028319642e-12
2.872655810205341210e-12
2.870715058694866680e-12
2.882779351329690400e-12
2.783365015027195939e-12
2.489807556531052660e-12
1.776917747266567508e-12
6.362845444988607738e-14
0.000000000000000000e+00
0.000000000000000000e+00
0.000000000000000000e+00
0.000000000000000000e+00
0.000000000000000000e+00
0.000000000000000000e+00
6.228701258844566296e-02
1.290355801325570317e-01
0.000000000000000000e+00
0.000000000000000000e+00
0.000000000000000000e+00
0.000000000000000000e+00
9.461848998126035191e-13
2.048798805602003179e-12
2.517806511941791783e-12
2.911991550768994112e-12
2.853290479114275727e-12
2.904813694327073518e-12
2.853298894914270381e-12
2.822471040602969332e-12
2.620187763835532664e-12
2.047417434792416024e-12
8.421291184049997115e-13
0.000000000000000000e+00
0.000000000000000000e+00
0.000000000000000000e+00
0.000000000000000000e+00
0.000000000000000000e+00
0.000000000000000000e+00
0.000000000000000000e+00
0.000000000000000000e+00
0.000000000000000000e+00
0.000000000000000000e+00
0.000000000000000000e+00
0.000000000000000000e+00
9.310229802767243769e-13
1.900910674374526462e-12
2.449067979123596556e-12
2.321249382016009915e-12
3.210551393543580151e-12
3.022012635995912887e-12
2.888419018693222981e-12
2.846543225847342281e-12
2.767432295885941056e-12
2.399975941980490548e-12
1.653866922731293129e-12
5.645113744057870228e-13
0.000000000000000000e+00
0.000000000000000000e+00
0.000000000000000000e+00
0.000000000000000000e+00
0.000000000000000000e+00
0.000000000000000000e+00
0.000000000000000000e+00
0.000000000000000000e+00
0.000000000000000000e+00
0.000000000000000000e+00
0.000000000000000000e+00
9.285373053065276682e-13
1.298094260658798760e-12
1.157338823271318659e-12
8.614345502825469007e-13
2.026587740826413187e-12
2.378336575313465287e-12
2.797337650155237456e-12
2.896482563441321094e-12
2.829137683475730855e-12
2.592520478544322932e-12
2.325747109608966812e-12
1.755567857833181824e-12
1.147039600591544906e-12
5.385739663134149694e-13
0.000000000000000000e+00
0.000000000000000000e+00
0.000000000000000000e+00
0.000000000000000000e+00
0.000000000000000000e+00
0.000000000000000000e+00
0.000000000000000000e+00
0.000000000000000000e+00
3.582851339230724163e-13
1.185046094844187538e-12
1.437201826447514190e-12
1.841504729287605564e-12
0.000000000000000000e+00
2.001752351690516219e-12
2.179627688261971831e-12
2.701452588250667864e-12
2.898576219428181466e-12
2.791345151303785525e-12
2.766937880204198248e-12
2.633442272598667859e-12
2.504007589571260023e-12
2.198288681238742753e-12
1.988062862297095533e-12
1.659702327124179634e-12
1.432944744434060457e-12
1.030986247706558638e-12
6.072970784028752081e-13
2.192233185449638640e-13
7.243951694608303298e-14
2.947993291642504879e-13
8.089792770699302598e-13
1.294067963334688239e-12
1.573560992183370790e-12
1.497073815147956987e-12
5.358727808713588902e-13
3.661206012555026522e-12
2.585108456816226329e-12
2.831769588354788496e-12
2.544521586547792183e-12
2.885238938184302252e-12
2.842952583466331692e-12
2.826231933036240662e-12
2.792265569968626311e-12
2.749901044609984122e-12
2.647934748045815209e-12
2.606780468317693918e-12
2.545477752876632548e-12
2.404528351026154214e-12
2.218634067514164634e-12
2.007426786797049378e-12
1.882609855339738536e-12
1.752080966658585192e-12
1.833825634212325801e-12
2.006356400460808958e-12
2.129963738670937650e-12
2.082553469943149903e-12
1.710840993002427420e-12
1.237611626117663728e-12
1.008621784177059999e-12
1.344083006760149893e-12
2.020622995938117528e-12
2.616730434170326362e-12
2.814610058299405088e-12
2.863974221516987584e-12
2.809417920599477065e-12
2.769767941924297727e-12
2.802380779780174638e-12
2.784000673647642737e-12
2.810694773188686850e-12
2.793434551262553420e-12
2.737987214414096882e-12
2.698228990511313989e-12
2.613289804479270613e-12
2.501710567697630750e-12
2.493437122290533030e-12
2.536888587289069853e-12
2.572695367728345596e-12
2.548027779631439105e-12
2.464119630965399983e-12
2.263127010260092405e-12
1.921605550260881157e-12
4.531788240853318328e-02
1.551989430026567571e-12
1.769717503889240901e-12
2.020202506915508250e-12
2.708879002029709264e-12
2.857952666480703984e-12
2.751911743743383899e-12
2.732266387033003193e-12
2.721210751357778911e-12
2.674705008328258740e-12
2.664989107364448591e-12
2.663933685333079264e-12
2.610316600961299977e-12
2.529356412142462073e-12
2.431543467261924030e-12
2.387255835355253643e-12
2.257364418438868122e-12
2.160932426095587745e-12
2.076423182590908817e-12
1.834439579501274317e-12
1.625909663273386905e-12
1.242391134863595826e-12
8.166432889973099203e-13
1.047500965243471222e-01
7.838846368998771732e-12
0.000000000000000000e+00
0.000000000000000000e+00
