1.690252646447217921e+04
1.643990970712847047e+04
1.661323999298139461e+04
1.640301562921280856e+04
1.686043435526832764e+04
1.683683520124675124e+04
1.662076370591385057e+04
1.664779452696491353e+04
1.639076813744298124e+04
1.658303917882382302e+04
1.644613602242619891e+04
1.635246748788603509e+04
1.665645396389962480e+04
1.649422575806206441e+04
1.667260574355016433e+04
1.630832184078421051e+04
1.637356236594315851e+04
1.673734307290052311e+04
1.652554297536358354e+04
1.652225998389761662e+04
1.672616121234563980e+04
1.654714142195002933e+04
1.680980041640021955e+04
1.635403887558501447e+04
1.654488244835752266e+04
1.660985283534170230e+04
1.654958628508655966e+04
1.669773795819738370e+04
1.661815087459618371e+04
1.666674984060649876e+04
1.668696541319867174e+04
1.642348455540198847e+04
1.654874310439928377e+04
1.667191182254187152e+04
1.648710002020171669e+04
1.642888588523514409e+04
1.659682628667572135e+04
1.637415405729373015e+04
1.655068145760984407e+04
1.649322034947552675e+04
