-9.847774716274100282e-01
-9.847774706204519557e-01
-9.847773409459702476e-01
-9.847718223428525430e-01
-9.846913651648135923e-01
-9.840400484390765534e-01
-9.803261744470173067e-01
-9.622039299024147674e-01
-8.086918672547055431e-01
-1.360662575114130468e-01
-9.212416225159425487e-02
-7.887177145118873245e-02
-7.324398750764485322e-02
-6.926316351438904784e-02
-6.461923722802492831e-02
-5.787505644255833831e-02
-4.768581529536729952e-02
-3.259267230580526614e-02
-1.108143372239311225e-02
1.812974561779061647e-02
5.550599513126562579e-02
9.975197322873693984e-02
1.469818778601153508e-01
1.915909745755386140e-01
2.292155137652021057e-01
2.585965843545463549e-01
2.807540531035717102e-01
2.974851813596425254e-01
3.105409655520841028e-01
3.213849377319023537e-01
3.311913814122567912e-01
3.408960494826154264e-01
3.512276628664254274e-01
3.626990457089359632e-01
3.755625606421600371e-01
3.897571159637324145e-01
4.048931180913050709e-01
4.203197459504333655e-01
4.352797927103070896e-01
4.490982916056006635e-01
4.613235903024914819e-01
4.717724899966186936e-01
4.804909045619659702e-01
4.876757561547216957e-01
4.935995743741655728e-01
4.985580238750249582e-01
5.028430817273521480e-01
5.067367341041297824e-01
5.105190039253095780e-01
5.144857912795594013e-01
5.189738208057278479e-01
5.243905541223443656e-01
5.312450647249501445e-01
5.401698556749012781e-01
5.519111222703265707e-01
5.672453580804655004e-01
5.867621805627512011e-01
6.104707254569287089e-01
6.373082066673286805e-01
6.648866642997410814e-01
6.899715451475212369e-01
7.097262047383892103e-01
7.228731705537494445e-01
7.299159413095518412e-01
7.325513614191977441e-01
7.329413851233644861e-01
7.332502374320118976e-01
7.354893613257754703e-01
7.415736055582869968e-01
7.534992897083031549e-01
7.736062250215902658e-01
8.049455651691141966e-01
8.518433671510441396e-01
9.208010595949238652e-01
1.021571203547036566e+00
1.165849121603588667e+00
1.355372767016762126e+00
1.557882224037890007e+00
1.718202392180433469e+00
1.827804961962319785e+00
1.905174080671543813e+00
1.963753989153681712e+00
2.011060448255094002e+00
2.051347638736995993e+00
2.087045614593074472e+00
2.119431162356270271e+00
2.148922471430819936e+00
2.175137198951351714e+00
2.196701420598452525e+00
2.210687692854698128e+00
2.211593763873874519e+00
2.190769207975888921e+00
2.141332281127964698e+00
2.073554865383051116e+00
2.015264732896886457e+00
1.982269750262182884e+00
1.969448584445942396e+00
1.966136953576009816e+00
1.965685676849602492e+00
1.962679369271590923e+00
