-2.704019724308671657e-01
-2.704017410202444460e-01
-2.704013133528888613e-01
-2.704004784367897152e-01
-2.703973938386927123e-01
-2.703627640302299073e-01
-2.699812097603209171e-01
-2.669192931618609155e-01
-2.491230068421435295e-01
-1.846018016376380633e-01
-8.175470190758662992e-02
-1.709657434757565556e-02
7.516489482788731198e-03
1.806280263273894043e-02
2.595248412940470359e-02
3.504496844888684015e-02
4.692293220298991013e-02
6.241895641466774225e-02
8.190524013629135736e-02
1.052553821633714082e-01
1.317950349141656929e-01
1.603787285382012873e-01
1.896157225400081636e-01
2.181654604724647950e-01
2.449818125613556496e-01
2.694272055212184047e-01
2.912563587952644584e-01
3.105220594595418659e-01
3.274615729815413823e-01
3.424008201545701291e-01
3.556892682149389029e-01
3.676634516895455063e-01
3.786314010463726065e-01
3.888701159289793541e-01
3.986301264514383047e-01
4.081432707386654646e-01
4.176313964681117041e-01
4.273146776887881138e-01
4.374187437470896667e-01
4.481799999762429709e-01
4.598485234977809366e-01
4.726878794993482624e-01
4.869712745591111558e-01
5.029738135499283169e-01
5.209614043955597129e-01
5.411780721144425765e-01
5.638347674939367948e-01
5.891032735361640960e-01
6.171169692380210625e-01
6.479742957039524853e-01
6.817304471975785818e-01
7.183520060986551270e-01
7.576095211668021356e-01
7.989125125426717045e-01
8.411580414031585295e-01
8.827300890228225727e-01
9.217603631072155412e-01
9.565925765625683530e-01
9.862087916490428485e-01
1.010386007146880427e+00
1.029554836510028881e+00
1.044511331078720406e+00
1.056148398619179529e+00
1.065285583562876948e+00
1.072595547575079244e+00
1.078593244371663484e+00
1.083654960080191243e+00
1.088046304802235964e+00
1.091948937343760750e+00
1.095482409965996329e+00
1.098720811747386783e+00
1.101705217975990303e+00
1.104453272532112562e+00
1.106967042699699144e+00
1.109239828238450354e+00
1.111262033517496306e+00
1.113025692517302323e+00
1.114526934885575971e+00
1.115765644088731801e+00
1.116741620160268456e+00
1.117446364373649192e+00
1.117848787958309886e+00
1.117871792881790727e+00
1.117356823488853568e+00
1.116024143292085213e+00
1.113482616711970019e+00
1.109439714976399705e+00
1.104218822009808143e+00
1.099046315957515230e+00
1.095228134795419361e+00
1.093118506964919634e+00
1.092311058035437377e+00
1.092358916806154046e+00
1.093159154494980578e+00
1.095149877042630893e+00
1.099603611064798869e+00
1.107987279778842149e+00
1.116999470036832198e+00
1.120440533050631959e+00
1.120691434342739878e+00
