#Variance for the Conditional distribution of Radius given Mass from initial fitting w/o bootstrap
nan
3.068631318337605458e-03
3.073266887867145535e-03
3.079262626913554200e-03
3.086609699671839270e-03
3.095317461030202069e-03
3.105450297812375072e-03
3.117132144661853132e-03
3.130537902329432604e-03
3.145884336055471044e-03
3.163424061720730707e-03
3.183441717236902644e-03
3.206249884430861872e-03
3.232181482138991695e-03
3.261573784088140152e-03
3.294735828970095717e-03
3.331884239603944992e-03
3.373020018504218134e-03
3.417698859098105852e-03
3.464624648971557398e-03
3.510998404419443230e-03
3.551662529100233813e-03
3.578423080514383636e-03
3.580521319256081778e-03
3.547486481546908554e-03
3.474251899150509505e-03
3.365401960316278824e-03
3.234415993157785212e-03
3.097914146297100525e-03
2.969545372317808612e-03
2.857291363460211231e-03
2.764051605141711054e-03
2.689507639965051274e-03
2.631812814878912912e-03
2.588665018844902178e-03
2.557849517251012915e-03
2.537455067214443305e-03
2.525923110994678956e-03
2.522024850253752268e-03
2.524814506723883131e-03
2.533580588498605436e-03
2.547803640251355799e-03
2.567122830103881273e-03
2.591311176346263335e-03
2.620258288119764901e-03
2.653959194257366708e-03
2.692507658620440537e-03
2.736092039254262465e-03
2.784991026589046619e-03
2.839565282624033175e-03
2.900238884958289669e-03
2.967461406567777505e-03
3.041637545114748726e-03
3.123007234776193405e-03
3.211457251801380988e-03
3.306249720568870450e-03
3.405670296835653244e-03
3.506636499109789130e-03
3.604367265074708091e-03
3.692286925360019866e-03
3.762386655075948723e-03
3.806238733171180867e-03
3.816691904223817877e-03
3.789938068202935995e-03
3.727212310463130177e-03
3.635171166445475867e-03
3.524406197804496634e-03
3.406590998807166454e-03
3.291635930189144681e-03
3.186086652468385176e-03
3.093039958874414016e-03
3.013016552534118157e-03
2.945061567898234634e-03
2.887626717749894149e-03
2.839113868546396142e-03
2.798138869127776186e-03
2.763619893550465102e-03
2.734776291417451762e-03
2.711091285712027496e-03
2.692264947069005886e-03
2.678166436505190987e-03
2.668784720287641164e-03
2.664172725412248307e-03
2.664380762468103458e-03
2.669382464887630219e-03
2.679012675383401695e-03
2.692960642190853765e-03
2.710881859326019685e-03
2.732678018895753121e-03
2.758902723615211296e-03
2.791050553040780920e-03
2.831216584123223863e-03
2.880456963281233847e-03
2.935495862469391683e-03
2.984238851242765247e-03
3.000344596050919833e-03
2.935119119859297757e-03
2.719004340818234871e-03
2.360282943938291252e-03
nan
