1.404790347098939129e+00
1.404790347098939129e+00
1.404790347098939574e+00
1.404790347098938907e+00
1.404790347098939129e+00
1.404790347098939129e+00
1.404790347098939352e+00
1.404790347098939129e+00
1.404790347098939129e+00
1.404790347098939129e+00
1.404790347098939129e+00
1.404790347098939129e+00
1.404790347098939129e+00
1.404790347098938907e+00
1.404790347098939129e+00
1.404790347098939352e+00
1.404790347098938907e+00
1.404790347098939129e+00
1.404790347098939129e+00
1.404790347098938907e+00
1.404790347098938907e+00
1.404790347098939129e+00
1.404790347098939352e+00
1.404790347098938907e+00
1.404790347098939352e+00
1.404790347098939129e+00
1.404790347098939129e+00
1.404790347098938907e+00
1.404790347098938907e+00
1.404790347098939129e+00
1.404790347098939129e+00
1.404790347098939352e+00
1.404790347098939352e+00
1.404790347098938907e+00
1.404790347098938907e+00
1.404790347098939129e+00
1.404790347098938907e+00
1.404790347098938907e+00
1.404790347098939129e+00
1.404790347098938907e+00
1.404790347098939129e+00
1.404790347098939129e+00
1.404790347098939352e+00
1.404790347098939129e+00
1.404790347098939352e+00
1.404790347098939129e+00
1.404790347098938685e+00
1.404790347098939129e+00
1.404790347098939129e+00
1.404790347098939129e+00
1.404790347098938907e+00
1.404790347098938907e+00
1.404790347098939352e+00
1.404790347098939129e+00
1.404790347098938907e+00
1.404790347098939352e+00
1.404790347098938907e+00
1.404790347098938907e+00
1.404790347098939129e+00
1.404790347098939352e+00
1.404790347098939129e+00
1.404790347098939129e+00
1.404790347098939129e+00
1.404790347098938907e+00
1.404790347098939129e+00
1.404790347098938685e+00
1.404790347098938907e+00
1.404790347098939129e+00
1.404790347098939129e+00
1.404790347098939129e+00
1.404790347098938685e+00
1.404790347098939129e+00
1.404790347098938907e+00
1.404790347098939129e+00
1.404790347098939129e+00
1.404790347098939129e+00
1.404790347098939129e+00
1.404790347098939352e+00
1.404790347098939352e+00
1.404790347098939129e+00
1.404790347098939352e+00
1.404790347098939129e+00
1.404790347098939129e+00
1.404790347098939352e+00
1.404790347098939352e+00
1.404790347098939574e+00
1.404790347098938907e+00
1.404790347098939129e+00
1.404790347098939352e+00
1.404790347098939129e+00
1.404790347098938907e+00
1.404790347098938907e+00
1.404790347098939129e+00
1.404790347098938685e+00
1.404790347098938463e+00
1.404790347098937797e+00
1.404790347098936465e+00
1.404790347098934911e+00
1.404790347098931580e+00
1.404790347098926473e+00
