#Marginalized radius distribution from initial fitting w/o bootstrap
4.619689247508242034e-09
7.494063026820965701e-02
1.271987663547528569e-01
1.616603352324026688e-01
1.823606880025057941e-01
1.926432850178563527e-01
1.952961998811902633e-01
1.926656764659749332e-01
1.867472760398634912e-01
1.792561253138422461e-01
1.716784582507526746e-01
1.653070760531489825e-01
1.612635706280244330e-01
1.605102044914977488e-01
1.638542493489931196e-01
1.719473882918091390e-01
1.852825113299240434e-01
2.041899061989159991e-01
2.288344881218726812e-01
2.592153423465812234e-01
2.951684875919637352e-01
3.363734198740916392e-01
3.823636746569352707e-01
4.325413584891139585e-01
4.861953545700229973e-01
5.425227033260662246e-01
6.006525005689273833e-01
6.596715421027770088e-01
7.186508733822997153e-01
7.766723735464790002e-01
8.328545115359548001e-01
8.863764540390371982e-01
9.364997762023732353e-01
9.825871215573650508e-01
1.024117272444184490e+00
1.060696221306268283e+00
1.092063971594543936e+00
1.118096939847559979e+00
1.138805973242404734e+00
1.154330135311061545e+00
1.164926542741550053e+00
1.170956654819661491e+00
1.172869521168301121e+00
1.171182580552859509e+00
1.166460671697310048e+00
1.159293964867587956e+00
1.150275549517453921e+00
1.139979418160881330e+00
1.128939569943717025e+00
1.117630919732482742e+00
1.106452640987784175e+00
1.095714494755784640e+00
1.085626604724714728e+00
1.076293031770495290e+00
1.067709383422546621e+00
1.059764567193763884e+00
1.052246664977524171e+00
1.044852772175565825e+00
1.037202513498758361e+00
1.028854821193779134e+00
1.019327444540950367e+00
1.008118555551423823e+00
9.947297284565334019e-01
9.786895032170426223e-01
9.595766989781694400e-01
9.370426248608442199e-01
9.108313449190521549e-01
8.807971931186138193e-01
8.469188037083930087e-01
8.093090224507815122e-01
7.682201940256322414e-01
7.240444786726111248e-01
6.773090338356135831e-01
6.286661000811768485e-01
5.788782495059244804e-01
5.287992825880835079e-01
4.793514880827307034e-01
4.315002010155679635e-01
3.862267959083269808e-01
3.445014249625980018e-01
3.072569422648224191e-01
2.753655330629914966e-01
2.496195798571057278e-01
2.307182332257296242e-01
2.192610052375826846e-01
2.157494596144536037e-01
2.205977316626044904e-01
2.341521733526905624e-01
2.567198922103214320e-01
2.886053525974451306e-01
3.301535607498524705e-01
3.817976999003067640e-01
4.441084743236149435e-01
5.178419360236992119e-01
6.039823032646983725e-01
7.037763623029438254e-01
8.187566315025192054e-01
9.507517581732505274e-01
1.101884855741397384e+00
1.274563967425836664e+00
