#Lower limit for the Conditional distribution of mass given radius from initial fitting w/o bootstrap
9.119173891686267044e-09
-1.592326332921068399e+00
-1.585533691164253245e+00
-1.572824071951748337e+00
-1.553035242580649733e+00
-1.524764316588672619e+00
-1.485909838758443069e+00
-1.432755742391687459e+00
-1.357799188427026627e+00
-1.243431489781675392e+00
-1.053389780523681596e+00
-8.549512109403059057e-01
-7.413673339298136877e-01
-6.727065706651152999e-01
-6.262358426122763833e-01
-5.924385139956458435e-01
-5.665967395636668513e-01
-5.460415459714875741e-01
-5.291114150242860470e-01
-5.146903139097595004e-01
-5.019763586697437718e-01
-4.903545933126972067e-01
-4.793215475877970477e-01
-4.684376250323613045e-01
-4.572955123462237315e-01
-4.454985031845480892e-01
-4.326455131396133580e-01
-4.183211227947702393e-01
-4.020898574595101471e-01
-3.834944186034648372e-01
-3.620579382942824553e-01
-3.372907754313969608e-01
-3.087033508828312400e-01
-2.758284742217939067e-01
-2.382606437701839941e-01
-1.957257466140926716e-01
-1.482006761122788563e-01
-9.609789604677565489e-02
-4.048990989210395075e-02
1.675070764306120508e-02
7.311589526453486643e-02
1.260339994182660406e-01
1.735692105060789581e-01
2.147856463055697607e-01
2.496418255614102910e-01
2.786527598955672591e-01
3.025737666861311737e-01
3.221996316164355556e-01
3.382657000861193919e-01
3.514116482817445375e-01
3.621769459240747335e-01
3.710100037448165189e-01
3.782820128970650342e-01
3.843013817646165342e-01
3.893274130511430453e-01
3.935828931265776265e-01
3.972659601899113380e-01
4.005619063639936916e-01
4.036558220821607756e-01
4.067472674119398390e-01
4.100685212539634250e-01
4.139084517898716231e-01
4.186446719385870652e-01
4.247873239214735031e-01
4.330383741317530566e-01
4.443702858415698453e-01
4.601268334877631760e-01
4.821466112355242695e-01
5.129092637665603194e-01
5.557167689482325201e-01
6.149776306747907206e-01
6.968344995536027708e-01
8.108719707600002824e-01
9.751103817518547157e-01
1.224734398142765635e+00
1.501274057777975068e+00
1.641767898960498906e+00
1.709037331949716965e+00
1.745546388127739323e+00
1.766633793021063825e+00
1.779132486815707015e+00
1.786588662743045841e+00
1.791013877128949217e+00
1.793606132342576043e+00
1.795095749518097916e+00
1.795930912225090159e+00
1.796385315745164579e+00
1.796623857553251380e+00
1.796743862997554064e+00
1.796801237435350584e+00
1.796827019481016752e+00
1.796837731181568421e+00
1.796841716992841231e+00
1.796842914413862680e+00
1.796843008699785083e+00
1.796842590272139217e+00
1.796841687133996501e+00
1.796839760969818123e+00
1.796833819725952353e+00
9.119173891686267044e-09
