#Weights for Beta densities from initial fitting w/o bootstrap
0.000000000000000000e+00
0.000000000000000000e+00
0.000000000000000000e+00
0.000000000000000000e+00
0.000000000000000000e+00
0.000000000000000000e+00
0.000000000000000000e+00
0.000000000000000000e+00
0.000000000000000000e+00
0.000000000000000000e+00
0.000000000000000000e+00
0.000000000000000000e+00
0.000000000000000000e+00
0.000000000000000000e+00
0.000000000000000000e+00
0.000000000000000000e+00
0.000000000000000000e+00
0.000000000000000000e+00
0.000000000000000000e+00
0.000000000000000000e+00
0.000000000000000000e+00
4.157522847086826678e-02
3.843042195097684606e-09
5.644267252331031303e-09
6.372238657180879692e-09
6.555869952105570062e-09
6.627984625609163435e-09
6.729194250926133865e-09
6.856730890762209911e-09
6.977441307578661291e-09
7.069433570779415936e-09
7.127581035337120838e-09
7.158429500668074808e-09
7.172013053445814888e-09
7.176929235845280517e-09
7.178223115440905850e-09
7.178589485352423819e-09
7.178683745894300016e-09
7.178763430366040149e-09
0.000000000000000000e+00
0.000000000000000000e+00
2.303223419903576805e-08
3.863596887236008013e-09
5.543703382473989635e-09
6.268084974168259620e-09
6.483401337051128351e-09
6.583117152984331404e-09
6.702579619683228901e-09
6.841860760832376405e-09
6.969699765327825450e-09
7.065680121102178941e-09
7.125985789507381044e-09
7.157776195358676449e-09
7.171846121722138633e-09
7.176890129623994690e-09
7.178322649965146020e-09
7.178631721584931680e-09
7.178683321701628572e-09
7.178612835043238594e-09
0.000000000000000000e+00
0.000000000000000000e+00
2.725220942930258239e-09
4.073018073526836689e-09
5.411996330926471975e-09
6.078777575764507645e-09
6.341658524058718656e-09
6.494261876949656067e-09
6.650633769917601085e-09
6.812966262424947158e-09
6.954534421418326287e-09
7.058068259178732397e-09
7.122357074547305660e-09
7.156205263068246593e-09
7.171252089396037001e-09
7.176561446212777065e-09
7.178198338508823658e-09
7.178599744639231800e-09
7.178653384540970081e-09
7.178698392481484037e-09
0.000000000000000000e+00
0.000000000000000000e+00
3.644931759085653709e-09
4.295709637335386855e-09
5.197799871330656521e-09
5.780426149353563807e-09
6.104959921138601741e-09
6.337294538247461227e-09
6.554799612042860112e-09
6.757110308043587138e-09
6.922581943150365600e-09
7.039836387570979796e-09
7.112104728735017562e-09
7.150609056988001227e-09
7.168359476088272817e-09
7.175398164144662004e-09
7.177736461301267619e-09
7.178456595085859563e-09
7.178639840906023796e-09
7.178677453489702830e-09
0.000000000000000000e+00
0.000000000000000000e+00
4.464685583468203672e-09
4.490126050595241304e-09
4.952290404699067673e-09
5.410348212130665185e-09
5.776676746524443233e-09
6.096274049860331515e-09
6.392830126709689451e-09
6.650951284337342208e-09
6.851718507066163427e-09
6.991443350567376660e-09
7.079504777863471060e-09
7.130071111920479446e-09
7.156588706698795213e-09
7.169594011169074345e-09
7.175401401672034236e-09
7.177674207974214028e-09
7.178403205530633937e-09
7.178663235368424322e-09
0.000000000000000000e+00
0.000000000000000000e+00
5.128000644206991824e-09
4.006467438179392399e-08
6.705869462988437164e-08
5.055977871143641688e-09
5.401034062708792963e-09
5.777221144153554831e-09
6.142867037280506375e-09
6.454745542172344881e-09
6.693111432935512021e-09
6.863294650269860663e-09
6.980818962103622673e-09
7.060681012623330742e-09
7.113687313656034372e-09
7.146972636134659398e-09
7.165555574696697325e-09
7.174358913345726717e-09
7.177605504094606695e-09
7.178539127682957047e-09
0.000000000000000000e+00
0.000000000000000000e+00
5.681574129628666473e-09
5.054401882534767125e-09
1.528746684666156819e-01
4.819801768400814688e-09
5.056808239563052235e-09
5.410677457051250868e-09
5.782931452848897765e-09
6.103184563601472481e-09
6.352745696292999890e-09
6.548241998146937935e-09
6.712115651134825252e-09
6.855925823171491856e-09
6.978282972839296846e-09
7.071527605225768467e-09
7.131540509320230791e-09
7.162428620516587220e-09
7.174617375761951399e-09
7.178031456389350594e-09
0.000000000000000000e+00
0.000000000000000000e+00
6.144073823925993904e-09
5.469183833664181221e-09
4.987672471213201035e-09
3.206080290893023599e-01
5.789160833352610037e-10
5.033128162483735978e-09
5.286255380712638430e-09
5.504355691002813634e-09
5.681626273810274816e-09
5.857107466913633575e-09
6.071030923058141150e-09
6.333170482257362272e-09
6.613517963828222211e-09
6.860216188825592437e-09
7.033321714608395901e-09
7.127487239324518389e-09
7.165631681650642051e-09
7.176586845278314260e-09
0.000000000000000000e+00
0.000000000000000000e+00
6.511871771653254456e-09
5.910410690496588819e-09
5.340909665858910819e-09
4.935799676825256487e-09
8.213541617661378191e-08
4.668549033419519151e-09
4.633292633861102252e-09
4.568804139424413834e-09
4.502076675607394177e-09
4.526934298750493564e-09
4.745049456108030371e-09
5.190105995927669434e-09
5.782803709275042895e-09
6.365089599376811087e-09
6.798907622979953925e-09
7.042920783778168618e-09
7.143758458534395512e-09
7.172883411120270390e-09
0.000000000000000000e+00
0.000000000000000000e+00
6.780920030655379458e-09
6.314265545930847705e-09
5.764422279778657694e-09
5.236718744351998888e-09
4.776311875843093706e-09
2.395674473694711102e-08
5.382672926950708281e-08
3.279343031684061997e-09
2.695713542448591968e-09
2.317245617900045642e-09
2.404769831199976467e-09
3.084792479032222195e-09
4.208330131608356794e-09
5.409126606554400984e-09
6.341098813327921545e-09
6.876303610403095533e-09
7.100145247694077569e-09
7.165370581313353680e-09
0.000000000000000000e+00
0.000000000000000000e+00
6.959975095886350038e-09
6.636022858823826433e-09
6.168884885814325861e-09
5.595264500895782587e-09
4.926210712055216827e-09
4.116240849404141383e-09
3.724911415278471417e-08
1.808025141508931144e-07
3.570581132858927439e-10
6.586763464949589688e-10
8.796260945811355564e-10
7.774515885659179426e-11
1.789708270759744054e-09
3.924899673022768946e-09
5.625616822127085182e-09
6.614060811465327189e-09
7.030002931327780750e-09
7.152385286868888797e-09
0.000000000000000000e+00
0.000000000000000000e+00
7.067695665715024361e-09
6.861946356746457719e-09
6.500837252941877788e-09
5.955670335851135674e-09
5.184170456127050911e-09
4.094320230544395657e-09
2.537713549659011142e-09
5.084504240306293721e-02
3.089292339955816424e-01
3.587938022466441437e-09
4.265398241743868156e-09
3.284329656863688982e-09
9.239066799170014871e-10
2.159935733397608479e-09
4.770163368435187193e-09
6.294962805460214268e-09
6.939053363089210653e-09
7.132071704129173417e-09
0.000000000000000000e+00
0.000000000000000000e+00
7.126315532500724567e-09
7.005258184014568510e-09
6.750785528969558935e-09
6.297601084318239416e-09
5.555186822377806382e-09
4.362256814782307742e-09
2.472271001030726696e-09
2.492122097493553119e-10
3.157261235891226865e-09
5.084525170343662328e-08
6.887560021119217794e-09
5.815798136673891974e-09
2.887399583812696680e-09
7.503308845981577739e-10
4.074392114705874056e-09
6.014913859174403536e-09
6.838833411957815473e-09
7.098793177193212554e-09
0.000000000000000000e+00
0.000000000000000000e+00
7.155684469929891174e-09
7.090433257356354682e-09
6.931059185269513061e-09
6.607092593038597459e-09
6.004757621007233016e-09
4.914514730595835564e-09
3.020191288919674666e-09
9.439985231225002829e-11
3.097033995428083459e-09
1.957720102202949898e-08
7.422693600990004961e-09
6.325516172329566414e-09
3.302219764454363011e-09
4.301502842470959530e-10
3.868026241925644756e-09
5.861451672610544019e-09
6.722619276419952995e-09
7.033991970886793774e-09
0.000000000000000000e+00
0.000000000000000000e+00
7.169428789386952369e-09
7.138447537755612184e-09
7.053459926018675549e-09
6.858875259329308079e-09
6.451700909135737794e-09
5.627814625846057756e-09
4.088847575884333883e-09
1.613149945250882247e-09
1.348223455874130462e-09
3.882757749543766514e-09
5.084528983684281084e-09
4.264202777136737259e-09
1.759849251418721298e-09
1.458496545223780990e-09
4.230591102722087932e-09
5.810903997947333832e-09
6.536157852660421750e-09
6.899914120949819402e-09
0.000000000000000000e+00
0.000000000000000000e+00
7.175056405820130807e-09
7.163012162021243709e-09
7.126021705411180535e-09
7.031722246189856054e-09
6.810071871173146105e-09
6.317018688227217866e-09
5.341966722030258337e-09
3.731872433956294159e-09
1.644866448768645739e-09
2.530464624211075242e-10
1.054328170736283941e-09
5.463248668523637495e-10
1.175905193482188431e-09
3.286488405371829389e-09
4.860874067641815319e-09
5.709650134208189535e-09
6.195865627754396751e-09
6.651058308700619720e-09
0.000000000000000000e+00
0.000000000000000000e+00
7.174343325700746145e-09
7.170418534349579950e-09
7.157823861901825779e-09
7.122628435315353095e-09
7.030754536170621848e-09
6.811476750210980204e-09
6.361256079365504415e-09
5.605467986080396417e-09
4.620148899007793211e-09
3.702240072683289461e-09
3.251557931641316143e-09
3.481172707453191710e-09
4.201899972398379795e-09
4.934995006493104017e-09
5.314460673467797301e-09
5.422921251899662163e-09
5.669837300989940706e-09
6.246900615035710996e-09
0.000000000000000000e+00
0.000000000000000000e+00
7.154073478176678533e-09
7.151249484999596514e-09
7.145834728071216335e-09
7.133524715733838249e-09
7.103810156070909448e-09
7.034046488495559058e-09
6.891606153239902636e-09
6.652817141737971675e-09
6.339205333799430962e-09
6.036496546146914668e-09
5.853141823603358141e-09
5.823155238810636984e-09
5.834157463691929482e-09
5.684273747516954568e-09
5.286955467985939280e-09
4.869502774691262945e-09
1.251676285922959098e-01
5.425752684888051105e-09
0.000000000000000000e+00
0.000000000000000000e+00
0.000000000000000000e+00
0.000000000000000000e+00
0.000000000000000000e+00
0.000000000000000000e+00
0.000000000000000000e+00
0.000000000000000000e+00
0.000000000000000000e+00
0.000000000000000000e+00
0.000000000000000000e+00
0.000000000000000000e+00
0.000000000000000000e+00
0.000000000000000000e+00
0.000000000000000000e+00
0.000000000000000000e+00
0.000000000000000000e+00
0.000000000000000000e+00
0.000000000000000000e+00
0.000000000000000000e+00
0.000000000000000000e+00
