#Upper limit for the Conditional distribution of Radius given Mass from initial fitting w/o bootstrap
9.721778848983394149e-09
-9.753988281787797851e-03
-9.747951475149578895e-03
-9.704574408761957108e-03
-9.534146786825212910e-03
-9.046932165674556256e-03
-7.901291842131730192e-03
-5.543934791465983392e-03
-1.153239970909142060e-03
6.378972224256741763e-03
1.833217614485074462e-02
3.571949647562710356e-02
5.840398006772300199e-02
8.434462009939386329e-02
1.102469090962458487e-01
1.333506718613355901e-01
1.524041599766493005e-01
1.673795411192503801e-01
1.788459333738429413e-01
1.875346636839527459e-01
1.941318892433447074e-01
1.992078159659714520e-01
2.032101596870263538e-01
2.064820006219781623e-01
2.092853871051620351e-01
2.118232367091171520e-01
2.142573301034048083e-01
2.167223688898082812e-01
2.193368041415141023e-01
2.222112735813285833e-01
2.254553786101886059e-01
2.291833550079541426e-01
2.335191035280423100e-01
2.386006770125915777e-01
2.445842209866584682e-01
2.516468185511024358e-01
2.599869642099768008e-01
2.698201080546199226e-01
2.813648158526946830e-01
2.948131064414493685e-01
3.102787248868623671e-01
3.277249906403483237e-01
3.468944549367332653e-01
3.672873999302703196e-01
3.882310232642606773e-01
4.090227956994459957e-01
4.290711034102494548e-01
4.479666828032392578e-01
4.654801569759237090e-01
4.815208089732221919e-01
4.960896967340045483e-01
5.092425104019066007e-01
5.210647607081088095e-01
5.316567513216127194e-01
5.411250815909797174e-01
5.495781095158264185e-01
5.571237398818243980e-01
5.638685771281617409e-01
5.699179441840230842e-01
5.753765511584462145e-01
5.803497748780208632e-01
5.849456337411410578e-01
5.892776524934424387e-01
5.934689441869599458e-01
5.976580337731944859e-01
6.020072740999545813e-01
6.067152793137596811e-01
6.120358658531465101e-01
6.183080865385355285e-01
6.260063656918359865e-01
6.358299170250224508e-01
6.488766765450868501e-01
6.670233864745576113e-01
6.939001898153932535e-01
7.379809260163719964e-01
8.221994874239625384e-01
9.368844238102193023e-01
1.008612047816248358e+00
1.053478119655464562e+00
1.084785272047422255e+00
1.107839403088574315e+00
1.125217291909764272e+00
1.138396525157581385e+00
1.148342917058353230e+00
1.155757386728531566e+00
1.161187857906420762e+00
1.165080374379413142e+00
1.167802079597368037e+00
1.169652475901704625e+00
1.170871027091897831e+00
1.171644431410203024e+00
1.172114261279389780e+00
1.172384772378417761e+00
1.172530300383375135e+00
1.172601898803852905e+00
1.172633035485975972e+00
1.172644326675825743e+00
1.172647379662376199e+00
1.172647855924358939e+00
9.721778848983394149e-09
