#Upper limit for the Conditional distribution of mass given radius from initial fitting w/o bootstrap
9.637869531738987704e-09
-3.521422317360341503e-01
-3.500426978432532588e-01
-3.439395015803364819e-01
-3.310510285239620654e-01
-3.080991765804668159e-01
-2.736084904474704316e-01
-2.330222138944937904e-01
-1.954867428838066024e-01
-1.646581601294671016e-01
-1.393916377625913361e-01
-1.169758558028686918e-01
-9.411384946363106352e-02
-6.675129227717258029e-02
-2.973301780366837538e-02
2.155979962496030675e-02
8.366886241023840931e-02
1.438022615995544484e-01
1.946377469405178862e-01
2.364273945288662693e-01
2.715208538279262895e-01
3.022537696856902878e-01
3.305929899552269013e-01
3.581517780328733469e-01
3.862679752827388735e-01
4.160981983745645207e-01
4.487087012515845741e-01
4.851077038899618277e-01
5.260864000426411780e-01
5.716778300557278092e-01
6.203372724456973630e-01
6.688768779345753979e-01
7.140347659740853281e-01
7.541235454598770316e-01
7.891353106594082290e-01
8.200344059804534069e-01
8.482182789385512844e-01
8.753086420807274504e-01
9.031437757606343153e-01
9.338528889646918740e-01
9.698563669318367442e-01
1.013352791617111226e+00
1.064464722721202738e+00
1.118974440974926932e+00
1.170531020548294165e+00
1.215638826338537593e+00
1.254153565664433589e+00
1.287358815062054518e+00
1.316874478944088045e+00
1.344371420448658760e+00
1.371577356150339932e+00
1.400341132127891797e+00
1.432614546091385277e+00
1.470081250554542196e+00
1.512994584931686148e+00
1.558707779509239222e+00
1.602611788331438136e+00
1.641429401332119786e+00
1.674348976017790314e+00
1.701933199057008350e+00
1.725161783825262640e+00
1.745075876122695213e+00
1.762720647115654016e+00
1.779193065164624166e+00
1.795738006980736490e+00
1.813896995125800826e+00
1.835736331245273245e+00
1.864135621711282997e+00
1.902671045416501450e+00
1.952810789151901538e+00
2.007596618448566961e+00
2.056487152812448205e+00
2.096456701585819982e+00
2.129223262997105515e+00
2.157153855837202538e+00
2.182405152665872095e+00
2.206989031634867260e+00
2.232822392638731390e+00
2.261337254921626183e+00
2.292248657740595164e+00
2.322694691598666594e+00
2.349498164261230038e+00
2.371610045174096459e+00
2.389485081715397197e+00
2.403930584492238509e+00
2.415701284825602979e+00
2.425477006174163730e+00
2.433943668433744101e+00
2.441911542425513115e+00
2.450489606503710061e+00
2.461338701254617067e+00
2.476744921265222832e+00
2.497777774686785524e+00
2.519248257426769388e+00
2.533973066485434078e+00
2.541524592345456135e+00
2.544554396602511037e+00
2.545430079335302853e+00
2.545570307766087392e+00
9.637869531738987704e-09
