#Upper limit for the Conditional distribution of radius given mass from initial fitting w/o bootstrap
9.635630731723316959e-09
-9.881319072817003335e-02
-9.809854655017194447e-02
-9.489334770406798736e-02
-8.628535472672765883e-02
-7.007070106749110905e-02
-4.912660723714944166e-02
-3.017459159396135293e-02
-1.600230900790719848e-02
-5.398256530109843757e-03
3.932972583778515836e-03
1.444819392441973500e-02
2.884234177476217506e-02
4.978823191077490912e-02
7.746608994142335780e-02
1.068567021462960287e-01
1.327439436615192314e-01
1.539159602424085282e-01
1.712023818425014166e-01
1.857730011258953706e-01
1.986512394485561994e-01
2.106284317957348162e-01
2.222811331671514234e-01
2.340235532424048415e-01
2.461758877968690251e-01
2.590327934441301605e-01
2.729099527149173587e-01
2.881385177776538131e-01
3.049705266828962036e-01
3.233750755968535784e-01
3.428102656143650617e-01
3.622295044184808410e-01
3.804826824836626820e-01
3.967968646417174838e-01
4.109361715241581225e-01
4.230789556184915146e-01
4.336439475030196555e-01
4.431776656784260360e-01
4.523080826012405575e-01
4.617421161712123023e-01
4.722829496609802225e-01
4.848289881700358350e-01
5.002609602611862716e-01
5.190353706646408938e-01
5.404629906535888262e-01
5.625153644546120324e-01
5.830116440363076746e-01
6.008069371035602568e-01
6.157601125849491153e-01
6.282358103573653096e-01
6.387845657542373656e-01
6.480175869901659835e-01
6.565740623370552864e-01
6.651255466831305085e-01
6.743926012392240654e-01
6.851485571438034050e-01
6.981535913088182665e-01
7.139069048127467676e-01
7.321546012524001723e-01
7.515543073563565324e-01
7.702463299955906173e-01
7.868991510710225956e-01
8.010449818200032768e-01
8.127887607456828478e-01
8.224973487963559426e-01
8.306428037430134692e-01
8.377481890763522898e-01
8.443851003400899558e-01
8.512052809462384850e-01
8.590076637066107468e-01
8.688473407836964091e-01
8.821580256172338874e-01
9.006206211435499043e-01
9.247434776846437110e-01
9.511465640663840926e-01
9.747488845833134352e-01
9.936446112249868179e-01
1.008265809813826408e+00
1.019550230407657132e+00
1.028424669910410483e+00
1.035770005828055229e+00
1.042463659583324986e+00
1.049429821820413666e+00
1.057678860586012126e+00
1.068244119375701517e+00
1.081756806321195974e+00
1.097529865702853158e+00
1.113358350986880962e+00
1.127190589019161804e+00
1.138375374947312446e+00
1.147354315893262644e+00
1.155163808223618638e+00
1.163324151383243521e+00
1.174198685448847979e+00
1.191915241867937292e+00
1.218514421104109680e+00
1.241054712468773635e+00
1.254523903953540964e+00
1.261360263977022500e+00
9.635630731723316959e-09
