#Conditional distribution of radius given mass from initial fitting w/o bootstrap
nan
-1.577150423834060011e-01
-1.572714139062733885e-01
-1.553067900081790964e-01
-1.501798761805072102e-01
-1.406762992848057670e-01
-1.274023095467215760e-01
-1.128394860441742503e-01
-9.947830967775765643e-02
-8.827355363770238161e-02
-7.871987705098584809e-02
-6.959439153418685298e-02
-5.951206536855196960e-02
-4.726075898921479335e-02
-3.210323888450706403e-02
-1.406635606137217505e-02
5.969367758289273115e-03
2.656119486927975559e-02
4.627179854043406149e-02
6.415465872157037619e-02
7.990341102086603864e-02
9.371204029711954764e-02
1.060410887464277169e-01
1.174306967921849160e-01
1.283978316704674216e-01
1.393973982006048717e-01
1.508146723148285073e-01
1.629633199793893983e-01
1.760736880344057897e-01
1.902665083836395932e-01
2.055182781665451652e-01
2.216352783670246795e-01
2.382582366969692722e-01
2.549123904097472804e-01
2.710977770399787268e-01
2.863930039186701193e-01
3.005381869001857997e-01
3.134747105088238617e-01
3.253407367237607928e-01
3.364367437333479760e-01
3.471778079941999495e-01
3.580422465768429152e-01
3.695170245135495635e-01
3.820350067349939094e-01
3.959011569849048007e-01
4.112151875593688111e-01
4.278136242164267133e-01
4.452644427317060671e-01
4.629383346626353979e-01
4.801481749970542556e-01
4.963105485052514143e-01
5.110700475525536968e-01
5.243498646700515131e-01
5.363311023688532853e-01
5.473891489410317446e-01
5.580171800800566295e-01
5.687531143557540414e-01
5.801112449693561768e-01
5.925122149397621385e-01
6.062080491992687392e-01
6.212116654732315890e-01
6.372565972706958348e-01
6.538196199702897005e-01
6.702227002560328106e-01
6.857925072059624094e-01
7.000210642137277839e-01
7.126699950397701322e-01
7.237951629594264746e-01
7.337093438301578452e-01
7.429194325726249382e-01
7.520671377582210937e-01
7.618810254255186099e-01
7.731258589584818486e-01
7.865192742085878042e-01
8.025838540927677789e-01
8.214313992220505511e-01
8.425503605628134052e-01
8.647547570437214004e-01
8.864417640371275997e-01
9.061113325362841753e-01
9.228677075734246227e-01
9.366261051866247023e-01
9.479961654056789921e-01
9.580182329783519801e-01
9.679184208122227906e-01
9.789142770667335069e-01
9.919864381219736238e-01
1.007520053438325514e+00
1.024899224367234130e+00
1.042471180369642259e+00
1.058289473442037165e+00
1.071260925619303972e+00
1.081731360605734826e+00
1.091248606031331780e+00
1.102148518479608263e+00
1.117488693627841201e+00
1.140902996609646003e+00
1.173781504095308348e+00
1.206348723874099083e+00
nan
