#Lower limit for the Conditional distribution of radius given mass from initial fitting w/o bootstrap
9.635630731723316959e-09
-2.165701300876795021e-01
-2.164342380703394297e-01
-2.158207746001578886e-01
-2.141242067202043797e-01
-2.105548268977370518e-01
-2.043695271230267230e-01
-1.952944302789634268e-01
-1.840927812291869303e-01
-1.726891466319900870e-01
-1.628765308397614464e-01
-1.550411813118953430e-01
-1.485296329568051021e-01
-1.423967995708804724e-01
-1.357052200672327347e-01
-1.275577159714273157e-01
-1.170636792902023521e-01
-1.033289100827453483e-01
-8.565652910149548771e-02
-6.448696153284366739e-02
-4.274104385263156197e-02
-2.399670275144841214e-02
-9.211194162808441013e-03
2.522880998345290900e-03
1.236461983921736431e-02
2.123666137429880418e-02
2.981992350207001916e-02
3.862602756953089495e-02
4.805409803488826237e-02
5.842036400322933587e-02
6.996369690496315186e-02
8.283407231024297879e-02
9.707417910128915417e-02
1.126026426275505560e-01
1.291954514872972470e-01
1.464539736533200798e-01
1.637766811704314540e-01
1.804146387427874865e-01
1.956748444510070239e-01
2.091663279741192427e-01
2.208938715764504623e-01
2.311712909924386883e-01
2.404804809434026303e-01
2.493704220686713824e-01
2.584090979920220521e-01
2.681674944757744816e-01
2.792142072684455911e-01
2.921030244508637241e-01
3.073275223238535747e-01
3.251844662618728621e-01
3.454500561013643112e-01
3.669228218431024868e-01
3.874942112954353757e-01
4.053325683765782173e-01
4.198991230348269599e-01
4.316883784129844637e-01
4.415657834091225031e-01
4.504122038802243488e-01
4.590303202347438272e-01
4.681498387976086861e-01
4.784497567885839242e-01
4.905641777475746590e-01
5.050445930458554722e-01
5.222267193716692013e-01
5.419184005386536995e-01
5.629551089531044106e-01
5.832193893153663211e-01
6.007503676601736453e-01
6.148429432965799579e-01
6.259038515898904809e-01
6.347901339156906131e-01
6.424208610159664046e-01
6.496769793411983906e-01
6.574271356435132940e-01
6.665909132114227198e-01
6.782065442635512031e-01
6.934889329180201623e-01
7.138412813529272372e-01
7.405752432378578387e-01
7.732348560040446239e-01
8.060085237821277282e-01
8.313609877136374227e-01
8.485390034725075470e-01
8.604327754134024620e-01
8.697638533514121528e-01
8.786578332522929635e-01
8.889580728232785445e-01
9.024248039473413696e-01
9.205082694826897116e-01
9.431321969703809760e-01
9.667237733218975171e-01
9.859611033898456611e-01
9.991968878870822746e-01
1.008383940069374374e+00
1.016432594180441074e+00
1.026714148419864525e+00
1.044692279610513808e+00
1.083328565579827929e+00
1.151966252163828752e+00
9.635630731723316959e-09
