#Weights for Beta densities from initial fitting w/o bootstrap
0.000000000000000000e+00
0.000000000000000000e+00
0.000000000000000000e+00
0.000000000000000000e+00
0.000000000000000000e+00
0.000000000000000000e+00
0.000000000000000000e+00
0.000000000000000000e+00
0.000000000000000000e+00
0.000000000000000000e+00
0.000000000000000000e+00
0.000000000000000000e+00
0.000000000000000000e+00
0.000000000000000000e+00
0.000000000000000000e+00
0.000000000000000000e+00
0.000000000000000000e+00
0.000000000000000000e+00
0.000000000000000000e+00
0.000000000000000000e+00
0.000000000000000000e+00
0.000000000000000000e+00
0.000000000000000000e+00
0.000000000000000000e+00
0.000000000000000000e+00
0.000000000000000000e+00
0.000000000000000000e+00
0.000000000000000000e+00
0.000000000000000000e+00
0.000000000000000000e+00
0.000000000000000000e+00
0.000000000000000000e+00
0.000000000000000000e+00
0.000000000000000000e+00
0.000000000000000000e+00
0.000000000000000000e+00
0.000000000000000000e+00
0.000000000000000000e+00
0.000000000000000000e+00
0.000000000000000000e+00
0.000000000000000000e+00
0.000000000000000000e+00
0.000000000000000000e+00
0.000000000000000000e+00
0.000000000000000000e+00
0.000000000000000000e+00
0.000000000000000000e+00
0.000000000000000000e+00
0.000000000000000000e+00
0.000000000000000000e+00
0.000000000000000000e+00
0.000000000000000000e+00
0.000000000000000000e+00
0.000000000000000000e+00
0.000000000000000000e+00
0.000000000000000000e+00
6.988452862205561477e-12
2.383489345373059543e-15
1.260563233709192694e-10
2.984394628666777164e-11
2.224165230984653785e-11
4.912728081412379545e-11
7.760279314374292208e-11
5.881422078114703705e-11
4.697052188141241270e-11
2.075395316212482820e-11
4.570314217659020618e-11
4.236381077130374651e-11
2.982609740700554841e-15
2.278617438131428728e-15
3.001399988429352067e-11
1.441996413233386843e-15
3.279146268142037158e-11
2.404604300463707113e-15
2.442789175665974363e-12
1.356569583405136312e-11
4.346969140856561108e-12
3.545206519848483218e-11
2.093966832054076223e-11
2.684451459633080480e-15
7.667805357315043917e-17
1.682238130171942478e-16
2.352676742825591300e-12
1.074162853820919940e-15
4.012384464645119006e-15
2.254707518911336020e-15
4.547412013850465481e-15
3.285332899361596515e-15
1.023665242767832418e-11
9.496884218293044865e-16
1.464740876998165793e-15
5.058245408245892380e-11
1.565980633560673464e-11
5.289899308204652941e-12
5.398957521624553431e-12
4.488015673084837394e-12
5.214557705766067470e-12
5.737992782675357867e-12
1.841302070395073399e-11
1.904343420395729806e-11
5.329619632922621452e-12
4.818172863307536581e-12
5.395993734361054804e-12
5.223301077975582711e-12
5.506198571349848341e-12
5.170468589813678571e-12
1.861539374721695532e-11
1.861492192956992521e-11
5.436191944261121882e-12
0.000000000000000000e+00
0.000000000000000000e+00
1.191499086415019743e-15
2.037555650454857114e-15
1.674654032899372093e-11
6.169883367611136288e-02
5.793833959219435564e-11
6.609851772053129856e-11
9.367765902348946637e-11
4.270731676888586863e-11
4.493678039691240430e-11
2.465743178707294670e-11
8.062814001143307333e-12
4.014509180323669016e-16
1.805805529463721774e-15
9.710927100406948429e-16
7.304689613603323860e-11
6.016582888268057766e-16
3.561554384418632275e-11
3.555577014173603326e-11
2.242472645152274065e-15
4.692760131727564895e-12
4.226173065663136066e-17
5.986437570720258286e-12
2.987759630512895989e-15
1.138790739866611250e-11
5.449207770898417147e-12
1.330048308236070232e-15
2.902942805201906267e-15
3.588425843581310683e-11
4.365413374077975946e-12
7.009839366508326753e-11
2.466047834492390394e-15
2.151630652611449667e-11
3.853621635065949586e-12
2.171010693169531960e-16
3.373124538855238684e-11
3.867671077382490062e-11
1.758988374861841375e-15
7.027751059170376725e-12
3.832487006038458220e-11
2.841300924368544688e-12
5.069722213210197559e-12
4.859145519446345104e-12
5.458643672245478416e-12
4.799208416681244917e-12
5.794888922367011353e-12
4.997512776150176228e-12
5.382698164756212492e-12
5.251339065419470946e-12
5.301617805946203710e-12
5.186511608080019368e-12
6.007564382579979405e-12
5.527325540236494700e-12
5.482489613223647908e-12
0.000000000000000000e+00
0.000000000000000000e+00
2.675745147202268182e-12
3.141640479067975421e-11
3.959299956355755200e-11
4.338559004854321574e-11
2.657947607193838656e-13
6.550155444820533217e-11
6.164953863109613641e-11
3.898604230578187522e-11
3.463369273759004999e-11
2.812617436988859896e-11
5.752505410422691500e-15
1.623605491653569004e-15
1.565622700739828363e-15
1.761945842972514609e-11
2.152971277050638852e-11
1.573385789480935539e-11
3.673618161084581124e-11
3.501908893201441623e-11
3.444983250249358590e-11
2.360255904302732715e-15
2.629812631928631152e-15
3.117510850029820464e-11
1.128938901645608774e-15
2.873751119444151540e-12
2.916054817174249004e-15
4.869312734736016720e-12
8.345591042332607858e-16
4.593916226776666219e-16
4.068629389546252847e-15
7.019746248782779746e-16
1.755402413386049601e-15
3.349311127329446907e-11
2.928547094230592365e-15
8.204610219872732356e-17
2.910497070297811554e-15
2.193755353661745078e-11
1.684763464349808964e-15
3.549776831995550220e-16
3.537721546583469745e-11
1.483172610862373919e-11
2.515152488946122205e-12
5.913323994261591189e-12
5.679396960338789991e-12
5.589079456658289706e-12
5.169762489793008270e-12
5.618878870603197126e-12
5.570150763716451572e-12
5.401232861870660184e-12
5.076051900519226128e-12
4.629491307678563984e-12
4.805874782497959203e-12
5.565383127210219778e-12
5.109161981156435436e-12
0.000000000000000000e+00
0.000000000000000000e+00
4.640564274765058545e-11
1.986890137712015910e-11
5.614085941815472381e-12
8.606702203268430321e-11
3.991266343895395174e-11
1.317084599782533993e-09
1.526289666669657686e-11
4.086816193005908965e-11
2.206662626874369767e-16
1.849688148562163670e-11
2.042651260714560685e-11
2.275348374359119388e-11
1.854314529009913619e-15
1.233888813176059156e-15
2.304994872269027759e-15
3.681525185670701146e-15
7.510871944793753256e-16
9.398995254599005785e-12
4.750341444213083775e-12
6.911929821432155196e-15
7.283703924111688081e-16
4.516639942692285413e-16
2.296845074306541505e-15
6.647836614155529030e-12
6.303728385933233371e-15
3.376358336235620157e-11
5.785053887329096827e-12
2.287457104173613422e-11
7.340936534259735268e-12
1.048852633037848711e-15
2.342526800978645070e-15
8.604015947481236620e-16
1.281840978935949150e-11
2.596357735971835873e-15
3.441471668941691504e-11
5.510884279107634008e-12
2.254967902222010157e-11
1.896948848516522226e-11
3.572209432098139521e-11
3.490945296377916307e-11
1.566165036895845156e-11
3.542522088307541261e-12
5.129411353378359530e-12
2.818357690516839570e-12
5.644745244629146412e-12
5.361576107697066688e-12
5.775820578915853077e-12
5.362959300925061364e-12
4.845032719060545089e-12
5.314666557105826833e-12
6.120770763974429263e-12
5.186672837263533149e-12
5.549432519873817105e-12
0.000000000000000000e+00
0.000000000000000000e+00
1.105301620244097719e-11
3.674737179558451371e-11
3.893040120611824835e-11
2.345515799632284174e-11
3.442677292550655927e-11
3.819293388271274747e-13
4.083196985083178525e-10
7.076416794855054011e-16
1.532607743832234885e-15
2.413708955609820758e-15
1.496095172409351523e-11
1.688517206432317966e-15
3.099543151386871593e-11
6.675493244488906060e-12
2.082324580670317836e-15
1.211175084310984162e-12
2.561397147573440250e-11
5.478645609695550763e-16
3.350232369656188950e-11
3.151348979066210138e-11
3.192946068017659273e-11
1.929678570438915987e-15
3.778733178215166694e-15
1.880616287317579521e-15
2.243752276940910995e-11
2.545546047148647308e-15
2.268588653216029614e-15
3.478200207224596820e-11
6.412821612477517746e-12
7.001932601581265463e-15
2.073232748705433367e-15
1.810689585779019392e-15
1.554440084948149805e-15
3.677630921601799814e-15
1.170817644360289215e-15
3.511383235094104188e-16
5.239686944304186690e-12
6.630715588816963444e-16
5.675206492332939892e-11
3.363075240272936566e-11
6.985657277291732549e-12
1.532944772523148514e-11
3.536140046948860648e-12
2.597484289596437570e-12
5.077581363044809341e-12
4.790072004805576803e-12
5.560862997139117809e-12
5.716092840932710840e-12
5.971640521795847324e-12
6.159575732769024352e-12
1.894827509845974054e-11
1.864854443167236573e-11
5.414455244918390812e-12
0.000000000000000000e+00
0.000000000000000000e+00
6.433765463852048688e-12
6.027383478406516453e-16
3.561327735220514757e-11
1.621363959329249577e-15
5.266173279103104300e-11
4.444344296740810884e-15
8.282089845997597788e-02
1.676190616130221467e-02
2.769952293305057446e-12
4.511430665937767343e-12
5.025453003773680909e-15
2.327177697108639500e-15
3.126357693737749388e-15
1.132417569122929470e-15
8.332398723421674353e-12
8.958239529760269789e-16
2.761493164827589671e-16
1.239363175328626740e-15
3.408708265279282964e-11
4.691123641871160002e-11
2.449044818758174742e-15
2.524220081584236825e-15
5.314015076527302561e-11
3.379748204328032182e-11
2.954967099971347884e-15
2.211442717211714864e-11
3.597304623645100001e-11
7.165445929029884744e-16
1.396775253742501897e-11
7.699178005835014169e-15
8.280897844621420389e-12
7.165316919494192794e-12
1.151303015596621501e-11
3.939007186356319121e-15
2.423001992773928167e-15
8.351639449192744656e-12
3.374029982454501091e-11
6.781402049149945637e-12
3.681411585532980174e-15
3.493778280896304860e-11
3.419898193956068104e-11
3.358607708201464198e-11
1.115300393889128476e-11
2.769681917886849617e-12
2.713293274976495949e-12
3.293380180130758773e-16
1.888778012465998938e-11
5.393393881657009537e-12
5.034965253377525850e-12
5.489057708437523283e-12
5.423510645736483075e-12
5.218111304945851227e-12
5.870739894017780966e-12
0.000000000000000000e+00
0.000000000000000000e+00
3.342287964791325479e-15
2.130054771772547203e-11
1.034951929287773887e-14
2.381856252244213266e-11
6.371959223724242753e-15
6.007675948049097846e-15
4.133041618322108146e-15
1.912569526517224057e-12
7.772091616309433577e-10
2.997134243690673396e-15
2.433471453009628317e-16
1.655757105058739606e-15
1.094454388482696782e-12
8.811565009740478206e-16
9.132593038399367975e-12
6.007732711216319733e-13
1.081455345092407438e-15
7.575108636261237907e-16
3.516281120998050801e-11
1.981932934148328122e-15
3.318232742527584915e-11
3.281524042220580917e-15
7.127172834726958367e-16
1.686772997472691533e-11
8.604299149831016492e-15
9.504956454715808502e-15
6.889871822689315638e-12
9.306488871282876123e-12
3.261334250440681475e-15
3.112749790101023088e-15
1.746018979716249588e-11
4.153895395095710573e-16
3.726280383413221481e-15
3.594437102071573801e-15
5.473654895806442578e-11
2.884487842548627410e-15
1.971102722063759151e-11
5.106020626210885510e-11
3.303477681499646485e-15
4.282532373819998349e-15
3.299645908442307596e-16
1.395346198555653247e-15
5.532594586273400142e-11
1.408786531609666728e-15
3.295497230034739079e-16
3.297056875721856782e-16
3.300961489959033100e-16
1.884816419697750621e-11
1.888551881349137416e-11
1.829424986302038652e-11
1.846629004081478382e-11
1.881504401697513361e-11
1.880420294523608941e-11
0.000000000000000000e+00
0.000000000000000000e+00
2.476918447888861871e-11
7.597719457621804490e-15
1.480331631896107490e-15
7.059855421507967907e-15
8.966889038818005751e-15
6.935403552923448305e-15
3.604454456443128348e-15
4.511014037119284262e-15
1.421073526792503581e-15
1.925957451292776956e-14
4.539974825541826165e-15
1.885849706146723040e-15
1.698583247829016899e-11
3.210311791729976421e-17
2.042928216868522970e-11
1.155687687445727230e-15
2.509174679890860257e-16
2.436658359837176385e-11
2.771760866789627217e-11
1.113019532296045115e-15
3.472569852452415879e-15
3.721199075965894326e-11
1.092863014813314922e-11
5.524074259832701775e-11
1.947762561243162590e-11
1.299925062000756588e-11
1.328126690821579639e-11
5.494632388994273654e-12
2.325693610095187913e-11
1.079191361079663142e-11
5.689144129661663111e-15
1.437688038365092928e-15
1.038565822955645857e-15
5.454028406650903933e-11
1.376412860232766831e-11
2.294766695873292113e-15
2.000925321501630647e-11
7.628549956908328672e-11
3.674255164312552641e-15
5.603323807096436851e-11
2.020730350381574674e-11
1.396862506206825371e-15
4.194764052725629211e-11
4.255145958348473190e-11
1.409138484949087246e-15
3.280261055125646300e-16
3.286713093740923021e-16
3.281840238406793198e-16
1.829381122958780003e-11
1.782507117884324306e-11
1.845293653429317339e-11
1.985267801467562460e-11
1.982136687380118325e-11
0.000000000000000000e+00
0.000000000000000000e+00
2.708615646962865317e-11
1.572080331205897585e-15
7.278469933573982581e-15
6.175344170482068873e-15
7.850512700033551978e-15
7.345686086059411372e-15
7.930130290605193071e-16
2.358537191554073314e-15
2.198898721089049428e-15
4.617546099129223950e-15
9.962467226551168017e-15
4.230111344656681103e-16
0.000000000000000000e+00
2.197596819398524557e-15
4.140974606784979776e-12
1.736077107509326498e-12
2.248567028503136833e-11
2.702229213327171812e-15
2.295431148850117393e-15
2.144617505730253455e-15
9.955039717616368220e-16
1.149413832408753979e-11
2.620151740464099462e-16
4.574390241240403127e-11
2.610139429826032868e-11
5.083659114600275373e-11
3.978675858316780815e-15
3.815187148843980447e-15
5.698801392004092447e-12
5.417066838768549336e-16
2.937788732838188332e-11
3.611644240890914734e-15
1.132177911014060943e-15
2.870287441158798953e-11
5.389919275353660773e-11
3.632836011208110114e-16
6.721739858434042969e-11
1.408959041468608638e-15
5.262933074101753577e-11
1.093315532997253147e-15
7.074550826413679368e-15
4.980590577372659397e-11
1.168726453913108242e-15
4.489222962130691305e-11
2.874796666336000897e-11
1.400239975387786129e-15
3.278270412699308513e-16
3.306586158098479932e-16
3.287965956303797452e-16
1.889439923817869433e-11
1.833489702328909490e-11
1.923266503453575167e-11
1.796111496683270624e-11
0.000000000000000000e+00
0.000000000000000000e+00
2.074767590492808234e-11
3.532901164907188929e-11
3.854217557950245307e-15
6.181535577457550870e-15
5.135538214668551561e-15
2.377608293290169533e-15
4.748355463551492560e-15
1.533345678259939832e-15
3.736659007100837211e-15
7.200363189757744893e-16
8.614864937576078362e-16
3.822746150543961352e-15
2.816851347661782910e-15
2.743749360907731698e-11
7.160325715131647394e-16
4.842077173418456651e-16
4.893536134064707915e-17
3.229928078695059347e-16
1.883783296907643364e-11
5.169656684932241857e-16
2.582915710268753624e-15
4.075976940032145469e-15
1.486131379892938263e-15
1.248572244257028990e-15
3.890723242272065791e-15
2.164996455740246977e-11
2.013837643642378110e-11
5.609278058323148465e-11
9.113594567756751952e-16
1.759057043967975308e-12
7.978755206321189549e-16
6.945502825476767130e-11
5.017016118678841326e-16
1.746394978792680191e-15
5.380366364390778678e-11
5.318148534097474606e-15
1.476731787889895203e-15
2.568370707798874951e-11
5.498077042023738003e-11
2.770238194012285952e-15
5.720339189006456903e-11
3.322464616405077542e-15
2.129568285407224976e-11
1.484555163275785231e-15
3.598119595057615496e-15
3.053954212683725198e-15
6.321597217907038541e-16
3.144802050642829662e-12
5.527922001814731755e-12
2.897127576383944260e-12
4.747146644198393995e-12
1.834847518119971811e-11
1.944901834824939352e-11
0.000000000000000000e+00
0.000000000000000000e+00
3.593560161886621530e-15
1.217722338252218482e-15
8.438801810904417245e-16
8.789915079113186190e-16
2.165407345943339101e-15
1.849266322400038646e-16
3.867992334701152214e-15
2.410625950697313031e-15
3.874949113498799616e-16
1.037289436778021919e-15
2.504942242009052046e-15
1.374933770109961276e-02
1.300300677103888804e-15
7.209176271057290413e-17
1.750433973092934877e-15
1.592772596293010698e-11
1.536967598106731052e-11
1.633063574513823660e-11
1.768909476038181626e-11
6.532073133866811453e-16
7.474225321792601627e-16
4.758846756761251289e-15
2.613144922706438113e-11
3.184076417602045261e-11
9.639940940948992953e-17
2.899355278280964708e-15
2.628684524461502960e-15
1.628421002563649988e-11
6.052711083894686637e-12
3.330810987027610830e-11
1.845648254331206743e-11
4.865561572838242370e-11
1.516098996560832339e-11
1.687651650697044023e-15
3.355212147690819648e-11
3.396729312438808076e-11
2.949389063289437186e-11
2.080415832130546587e-13
1.215095507195484094e-15
1.498217902562974912e-11
3.411907680736681190e-16
2.518803480773859523e-15
8.362664668197972760e-12
3.246394642877861450e-15
6.371045296560832808e-16
4.311395273361632366e-12
3.255745064988149931e-15
1.043105415393009853e-15
3.273593190304435355e-16
3.056189973307544555e-12
5.122470086762600526e-12
5.013617783653743975e-12
4.589846968198337117e-12
0.000000000000000000e+00
0.000000000000000000e+00
3.701044622643371557e-11
1.523486394328845316e-15
3.728887884557139128e-15
3.948297490848538405e-11
3.394850437725298135e-15
2.964499178643927299e-15
8.700179071755570307e-12
3.420743033106365322e-15
1.462234900144008336e-15
2.443288609293089699e-11
6.178376669716626047e-12
2.636562714281397766e-11
9.430720424593529161e-02
1.136008047290925745e-12
1.010379221386884070e-11
2.738868551846377992e-15
1.708845149715663010e-15
3.140784741222842145e-16
6.909845122381843375e-15
5.082184269237304921e-16
2.650282282381971906e-11
1.691763251736866520e-15
2.849550074334133074e-15
1.191687611049641242e-15
2.849050860902051721e-11
1.194432241067382908e-11
4.878391289296483334e-15
4.699850281799294347e-11
2.432146083448183133e-11
7.617009283636776987e-15
4.237370184355830809e-15
2.218068241812642894e-12
2.640404627309269630e-15
2.526498139200766061e-12
3.465401218348065353e-15
1.487411478580806209e-11
4.973429086784686702e-11
1.122619633163161200e-15
2.489686400106431173e-11
4.518606835739169382e-11
4.007297772876396562e-15
7.381061712733404972e-16
4.502297273192209579e-16
1.005401391238497692e-15
2.139261727041302119e-11
3.731093224626639096e-15
3.474062141427815264e-15
1.407962364881514316e-12
3.280442210977754152e-16
3.285866163441644513e-16
1.917728170640754118e-11
1.910813915504843445e-11
1.835428432044099132e-11
0.000000000000000000e+00
0.000000000000000000e+00
7.057128777658996979e-11
2.484462341463077560e-15
7.462242318575235283e-16
1.915978364387486434e-11
3.189023619272362159e-11
4.530483909725078580e-12
1.028966362751587561e-15
1.180222327834605265e-15
1.058671883640607513e-11
6.952441373238007346e-12
3.742003548193730406e-12
2.072719886267281679e-15
2.526978699933855701e-12
1.317827554834276295e-13
1.058344959529886750e-11
3.407359250148801497e-11
1.554524882052398915e-15
8.706503735050289920e-12
1.725033173327638910e-15
2.544553760649179390e-16
1.819749456473858666e-11
2.238084986621146593e-11
1.982454579148773592e-11
6.013117575005149506e-15
3.903978877681877197e-15
3.765065309907146986e-11
3.572980436880157053e-11
5.186336198698947954e-15
1.324001957053584068e-15
8.166369091806651588e-16
3.366089612152576493e-15
5.810129528318128531e-11
2.295835968979429140e-11
1.152788168670684253e-15
4.569600221748012492e-12
2.378519063952277952e-15
5.425725865629216626e-15
2.634083636646824772e-11
2.746182330058321236e-15
2.795108497778575097e-12
9.490170078460248150e-12
5.239313160702949499e-11
6.896620659738296297e-16
4.489211028605232569e-11
2.459487793500990315e-11
5.036592764444040375e-15
4.813429095331683574e-11
4.733710083890255864e-15
3.470659068576479625e-12
3.290075108067578422e-16
3.266730312773592125e-16
1.954021020497795648e-11
1.878532091788287975e-11
0.000000000000000000e+00
0.000000000000000000e+00
1.401424453873467376e-11
1.355464200156341703e-11
2.036092865428578046e-11
1.291028137024175720e-11
2.027841152255591981e-15
3.686096540098480128e-15
1.315124256968767244e-15
1.372631712135617130e-15
2.244660219848491802e-15
1.679308655954144508e-11
1.261061888269328197e-15
1.264078271101174427e-15
1.325439939750776267e-15
1.220971034901934984e-16
2.515245925784272833e-14
2.241570087268761045e-15
5.579011563547283526e-13
4.183883098278420972e-12
1.047122113680636207e-15
2.158454124459863630e-15
1.606147637351416911e-17
2.465109301777255562e-15
1.684906408006166146e-15
4.357241028445565748e-15
1.429253034314309626e-15
6.145047658553303978e-11
8.992062383428090898e-16
6.792335128652880114e-16
2.979043248805897390e-12
2.991075632906495369e-15
7.635233580097761331e-16
1.201453178755263414e-11
2.461027569310609620e-11
4.173569572024040793e-11
2.005842448108397382e-11
4.449547203231516931e-12
4.055235480408656008e-15
1.675814722498738855e-15
3.656170870428304607e-11
2.898833408016116970e-15
2.100955755300628926e-16
2.827360149282370698e-15
2.709700934735771401e-12
1.831746990275525828e-15
3.643508230812228071e-11
2.196350226125064017e-11
2.976642005201536036e-16
2.981941821333898180e-16
3.620825774755984401e-11
3.871712759968180937e-12
3.361792769672559363e-12
5.560245331659993799e-12
5.405609733357733822e-12
0.000000000000000000e+00
0.000000000000000000e+00
1.087235809646454246e-11
2.509151482695109807e-11
2.987213240042445142e-15
3.303093322651528732e-15
3.006342304261932679e-11
2.531718875820221531e-15
4.078697705249301553e-15
1.946006645007591429e-11
7.024334987527655673e-16
1.820824249428222470e-15
2.455189627967650547e-12
2.447686814517527072e-15
1.772755243532891581e-15
5.217060260540655650e-15
2.567404232197563063e-11
1.780797297856564655e-14
1.313921427083370409e-15
1.793359214624101625e-15
4.372999371080651065e-15
2.299715549601247968e-11
2.263181092100241213e-15
4.028720367150920421e-15
1.505224645800183038e-11
2.516583484066326050e-15
1.894255117183604523e-11
3.997877694737919713e-15
1.172301119013894812e-16
3.093620211596488975e-12
2.013797857478285910e-15
1.358334506009696262e-11
5.980826834935498030e-12
1.641341527640495279e-11
9.670348519745467075e-13
1.382329769053286393e-11
1.057572844153159643e-11
4.220373820664138236e-16
1.502233975210224584e-11
2.381511389460490683e-11
1.475129518358377950e-15
3.433750539886266113e-11
2.162721852428668917e-11
5.685077143606967287e-16
1.532068938153692713e-11
3.908978799420088032e-11
8.143061126000083961e-15
1.468096161949753577e-16
3.296534810089898053e-11
4.126863921666302967e-11
3.642447641768001084e-11
1.916932564766047169e-11
4.439787956851461117e-12
6.176221517368530808e-12
7.302504421454232712e-12
0.000000000000000000e+00
0.000000000000000000e+00
2.108530722072219108e-15
1.800474408693044679e-15
8.513674155659064685e-16
2.763630219826211047e-15
3.748102662533900724e-15
5.347960075261022456e-15
2.959863940716000154e-15
2.356626067530979864e-15
7.501030485313106428e-16
6.785943836259394533e-12
1.901891030989742795e-15
4.017425450529673369e-11
4.644952938942702744e-12
3.743002637016254123e-15
3.245379158544574157e-15
3.300075694131839798e-15
7.748777094831284240e-02
3.223433515221011766e-15
5.240779415027098201e-15
8.047967388667382771e-16
3.469663136425503099e-15
3.957377114405348911e-15
2.511558524961921685e-15
4.267876145848954895e-15
5.526005399268516179e-15
1.962226434566609636e-11
2.962824144100837530e-11
4.290560553896032497e-15
3.062089492525866077e-15
6.300272765724940274e-12
3.871269548081350230e-15
3.774502582334730039e-12
3.658622617147028130e-11
3.757108105599222691e-11
3.444709308583595934e-13
1.548093795053019523e-15
2.505065657352697253e-13
3.630299228609349437e-15
2.876983239808908816e-11
2.352718041201515317e-11
3.541646817035683469e-11
2.485918866653768968e-15
6.133510743169891423e-16
1.104706938112200304e-11
6.470426910112751762e-16
1.725366595924753030e-11
2.306390761148392895e-16
2.430368892068827059e-15
1.443976477957788102e-15
8.105196987026784951e-12
2.787832223822758984e-16
3.372694300030312351e-12
6.014239209680624734e-12
0.000000000000000000e+00
0.000000000000000000e+00
9.012655148344066119e-12
9.348710149326413803e-12
1.632430035616656121e-11
2.006335441666329390e-17
8.163301396811470934e-12
2.977437955092427815e-11
4.252448944922922075e-15
2.598811044604119626e-11
1.201295485509379754e-15
9.214324743516330666e-16
1.309693117678893162e-15
2.005501737532943651e-15
1.944986469307363087e-15
7.571052498878517448e-16
3.219820936430695647e-15
3.490372678908146166e-15
5.188409418453005445e-15
9.315747337989164333e-14
1.869087869745400029e-15
4.209553070757086552e-15
1.573413584402697998e-15
4.633463255977234937e-15
5.069904149715207653e-15
3.390848014549038818e-15
1.307046214291467627e-11
4.672656813915589463e-15
2.166607125055869902e-11
9.443833920572693640e-15
4.795789347979587820e-11
2.917464876539110807e-15
3.158729610693852495e-15
2.144426776191767479e-15
5.350136352672234433e-15
3.258740203716019756e-16
3.696821484196508219e-11
3.132171463179591744e-15
1.118408992847802004e-11
1.685303998255429786e-11
5.259614312278590507e-16
3.461482105900985795e-11
2.259114174581372205e-16
7.630126577706239478e-13
2.054490361689108493e-15
3.545560846775356924e-15
4.945893903983861243e-16
3.808949052584590547e-11
3.588900691528408133e-12
7.069964856078693070e-11
1.564866807426672922e-15
1.564019183211467754e-16
2.089499949746742403e-11
3.858441030450979733e-12
6.947149397290748421e-12
0.000000000000000000e+00
0.000000000000000000e+00
3.252306529462859444e-12
2.666374256085592674e-11
2.473082779064541363e-15
2.070497422026115819e-11
1.768104071973976418e-11
3.492184198548463875e-11
4.172389101901767831e-15
4.185393626116502252e-12
2.781928611281259680e-11
8.125339553275562380e-15
5.576343904172577695e-16
1.089622173935253676e-15
1.931120919605195571e-15
3.391437873148837830e-15
2.602268784585312982e-15
1.379849742361120611e-12
5.562693681540088215e-15
3.303596921401527796e-15
3.383439042715539071e-15
4.810728099892399692e-15
3.656229193424643983e-15
1.133909603049398423e-15
3.860568824318381333e-15
3.481304599938517806e-16
7.554009616494793523e-15
6.277075288957415288e-15
4.440690043129916847e-15
1.209868272702555608e-15
1.253511045588310315e-15
3.726466866872665620e-15
3.413957363440570896e-11
2.154171233938404686e-11
1.506802873589655809e-11
1.893981110061947925e-15
3.652853696414054193e-11
4.035747203522895630e-12
1.569970298379711947e-11
8.557180831459396219e-12
2.235337857851266791e-12
3.545532529509587841e-15
8.458792136625643480e-15
3.581985392797258110e-11
4.336642186753238588e-11
6.706897793641761080e-12
5.813940749322895270e-16
2.331951557147607715e-11
7.809659231749767757e-15
1.158888329748826817e-11
3.696594529457543167e-11
4.977752408156699920e-16
2.281546261803126242e-15
2.240776756802334856e-16
6.463132291990815502e-12
0.000000000000000000e+00
0.000000000000000000e+00
2.303021961486660793e-11
1.732696848325448973e-15
2.467027705364453141e-15
4.014990761301583466e-15
9.679909571176004871e-12
1.340172841822446701e-15
3.591391914708352032e-11
2.980729689374408332e-15
1.184118098776279625e-11
3.099554671566404017e-15
3.498682521949115381e-15
2.163876077847582652e-15
2.347356359187542106e-15
2.134001648432530289e-15
3.086332932904884108e-15
2.591358843114621823e-15
1.389080853505283836e-15
6.893725073515906712e-15
4.022643852129020411e-14
7.038425324096984138e-15
2.980072200963894077e-15
3.787968580980706512e-15
4.175524397616919493e-15
6.493650070509220073e-15
7.446249249610081035e-15
1.585139949134665904e-11
3.695383718366875530e-15
3.243707246598106788e-12
3.263943920172963714e-11
4.809372709273732356e-12
2.654368879563403338e-15
1.772037957098520279e-11
1.472779859335721574e-11
7.622360417655098309e-12
3.705453324438816953e-11
1.663077527132088141e-15
1.762550263269772892e-11
2.487503023852907239e-15
3.633388906584434721e-11
4.469450187223606778e-12
3.532586104318721374e-11
1.446281244240935211e-11
6.265730954038415408e-11
4.859831324057598841e-15
1.870011521517529330e-11
3.522321429049234704e-11
2.465987210456466249e-15
3.570944173716714053e-11
7.403468540863273680e-12
1.297872068043882627e-11
2.058935248695781346e-15
2.125847372487417374e-15
3.490016003091729529e-12
0.000000000000000000e+00
0.000000000000000000e+00
1.493499452265533449e-11
2.594784148733720524e-11
1.232932315952607166e-11
3.730644972939863816e-15
3.878135168852466141e-11
3.714901709499021423e-15
1.443155905961160830e-12
4.270888793070752388e-16
1.126519020511695209e-15
4.066976816655936829e-15
2.232347639637793044e-15
6.930371261713702229e-12
2.212184603390853073e-15
2.403207421627072482e-15
3.522786914535117919e-15
3.542169534041882887e-15
1.884452141796895466e-15
2.306967493494734424e-15
7.697094717563327528e-15
3.785247830977693140e-09
2.685039209830167010e-15
7.929377958056512429e-15
7.727123040883757191e-15
4.725053403916762939e-15
2.686901340238048335e-15
3.710785151697987384e-15
2.323135535489762233e-11
3.569146047461998546e-15
1.355041249097189712e-15
2.716852644570805115e-15
1.859048953323893661e-11
1.411474649209531976e-15
4.714015456814180559e-15
1.422020220518712925e-11
6.632675715848369277e-12
7.651815627012246670e-16
1.534564388072174910e-12
3.164100175798532782e-16
5.482840701369244252e-16
9.311746995451361342e-12
4.023570765186563910e-15
1.455759637938507387e-11
6.263757884753360892e-16
4.758550719650939160e-15
3.901970479169620744e-11
5.311708910368011815e-12
3.982332196266366857e-15
2.603029260679551535e-11
6.404909313862381622e-16
1.151373392119719899e-11
3.552709867939756637e-12
1.558974689275604709e-11
5.722571214302459208e-16
0.000000000000000000e+00
0.000000000000000000e+00
1.059300713054438068e-11
4.232818867111230892e-11
6.710795533839328648e-12
1.466408972102133354e-15
3.518403154403948268e-11
3.418384848010798682e-11
2.687142660495850780e-15
2.874211198544400167e-15
1.136480551154135827e-15
1.237157311453297058e-11
1.785117856379324181e-11
2.283871223207344703e-15
1.574439481868805071e-15
2.711858517866689097e-15
5.097710022066141642e-15
4.748955556640798707e-16
5.640664719344411991e-15
1.754752159908730935e-15
8.484529300982154669e-15
9.572562609115890266e-15
1.345272008203777614e-13
5.307239230256879906e-15
4.353435817831705321e-15
2.045267015687198027e-11
1.494602696320801969e-16
3.758533100892171896e-15
3.289688864863156904e-12
5.006571218947725084e-12
5.554576363860495403e-11
1.373521052921376846e-15
2.324148789505458198e-16
4.091994232395648774e-15
9.460254218304694402e-16
2.295461181119970429e-11
2.454741720677246369e-15
4.275999430093151227e-15
1.546120777159549024e-11
4.921450729546914701e-12
3.628261350659230336e-12
7.773037124106335274e-12
1.685862151844721936e-11
4.010080401173491931e-15
2.054904445598478704e-15
5.712036894580460687e-16
4.829983004994779979e-12
1.860367241236217488e-11
2.685473203322135475e-11
5.655850482119216154e-16
2.978592809195955925e-15
4.369373468217834902e-11
6.575124446600636550e-13
5.154661352303965125e-12
1.790466616587946928e-15
0.000000000000000000e+00
0.000000000000000000e+00
1.582914279010362220e-11
8.394135032683694817e-12
2.123392677123822495e-15
4.293265521724309868e-11
2.583298362322015827e-11
3.780537481950520524e-11
4.950923229887751999e-15
6.956423094381902017e-16
5.058572029365591854e-15
2.176587497445181455e-15
2.915291757167124342e-11
3.154662000285211626e-11
3.385426192225747147e-15
1.264169682528352497e-11
2.098902760476764796e-15
2.953924417816044972e-15
3.793875442722030880e-15
5.634878079008174767e-15
9.240130712464905154e-15
7.407986156689688589e-15
4.626045368822201823e-15
1.227687663901106535e-01
5.363870732258765146e-15
4.783860874213847487e-15
1.921361251987003257e-15
2.733605197411671577e-15
2.210947822562864879e-15
1.657275089621170730e-15
4.030096043444452388e-12
2.502177920807926041e-15
4.799202338958159821e-16
1.002136019065508742e-15
1.937575718693589427e-14
6.346705279794870331e-16
0.000000000000000000e+00
3.629742890169979692e-11
1.975082863471181264e-12
7.201544425574240815e-12
3.720542288822565031e-11
2.775249017881066752e-11
5.325713694598405547e-16
1.065844589774407465e-12
3.132338782729618630e-16
2.494808367003863982e-15
1.722892041133781959e-15
5.741711554615993049e-16
5.486435043658226535e-12
2.414666975766723892e-15
2.525233988352595627e-15
4.537824230758118709e-12
3.647518046582827019e-11
2.386651953606654134e-12
3.567099387519366757e-11
0.000000000000000000e+00
0.000000000000000000e+00
3.113196952886160747e-11
2.125512320390129658e-15
1.447670718427154841e-12
3.098957397577695055e-16
2.578719206547545876e-15
3.375978134485180854e-11
7.133555367494092344e-11
8.026619817089442361e-16
3.142530713824953295e-11
3.042253691561991736e-15
5.553040051920985161e-16
6.451468151378843102e-15
4.751532564564523195e-15
4.674478595983381026e-15
6.941575233906379596e-15
6.581190239428616916e-15
4.763656822752264271e-15
8.839121143716199615e-15
1.043058607719187100e-14
5.258386234626937941e-15
8.242700240810077680e-15
5.223677105300540465e-15
6.536937364062520191e-03
4.400889367464044630e-15
1.254515965737298112e-11
2.325729963816477337e-11
4.181954365655217097e-12
9.604142852388660056e-12
1.421742411151791614e-15
1.171600987329862144e-16
6.328334596975481045e-16
4.586995463645275612e-11
0.000000000000000000e+00
1.522969862210800437e-15
3.521960531684374687e-11
2.855864243689069077e-12
4.872522551460707780e-16
3.810372875987139421e-15
1.694693232822905166e-15
3.725300607471382617e-11
1.850174880281482290e-15
5.243220225774768216e-12
1.840607260106819595e-11
1.751703217009033947e-17
4.227191670986328232e-15
2.132101014097921668e-15
3.954823019412628456e-15
1.907960429224066027e-15
5.020778582260790604e-12
3.436265002893741729e-11
1.365316808437439444e-11
5.715053284613117612e-16
2.309228093225460536e-11
0.000000000000000000e+00
0.000000000000000000e+00
6.248355164914158239e-16
5.452835018539190688e-12
7.081261427206281408e-11
5.196111562499751562e-15
3.197756506142095422e-15
3.462335651467533800e-12
4.152222263830909882e-11
2.386695283731863078e-11
4.139749843112920150e-11
3.989601785261117599e-11
1.225827698841075658e-12
1.725215918154745680e-15
3.626858869003697210e-15
3.361316332546445200e-15
6.047823054434845031e-15
5.059926395038737825e-15
3.486599306424712004e-15
4.657286333543471149e-15
4.476938905988570441e-15
8.628016553584682519e-15
1.719428473807266070e-15
8.054819781625444189e-15
3.877672036656623861e-15
4.351467737922547815e-10
9.635221006666106793e-16
3.124562965801337460e-11
4.132355339876452043e-12
7.972127798087973449e-12
1.052954845499783218e-15
4.387203187005252642e-11
3.155680724315200006e-15
1.533913189804544186e-11
1.387587967475847806e-11
2.192475420844768382e-15
8.885446050797502850e-16
2.031735592350668001e-15
3.097225456214193867e-12
3.890852401930700193e-11
2.035338201788342135e-15
2.823826753881002944e-15
4.597238157234324929e-16
3.686593058061400514e-16
2.104184474441356005e-12
3.167344560943787939e-15
1.323928768195162031e-12
4.353728833908983591e-11
3.219151311476767675e-17
1.389510875175027766e-12
8.339784416446785619e-11
1.217248521189664002e-16
1.262012550330780206e-11
1.413815761895247141e-15
4.475211416960592011e-11
0.000000000000000000e+00
0.000000000000000000e+00
3.420022302503273582e-11
2.536303599630782587e-11
1.784817691649900859e-16
4.175397773817877649e-11
3.209540483423231821e-12
1.654945854369596246e-11
9.073456213136579606e-16
2.358616548929867076e-15
2.234115445318279038e-11
4.529609877948041123e-16
3.056565791041806251e-15
2.441881748570392575e-15
5.231117369511626473e-12
2.756846757014180023e-15
2.964006709701266679e-11
6.181648363570735575e-16
4.460446962075623882e-15
7.360981318086619167e-15
6.966093040646339579e-15
2.537082843255279571e-15
6.538140738137594896e-15
3.262480156803502958e-15
2.224102009362420551e-15
1.393892559560138080e-11
1.408949928786003757e-09
8.964723547112154379e-12
1.073191418110061767e-15
3.655846710610484310e-11
2.326814062289429806e-11
2.380066164424552443e-11
4.105890149360420146e-11
8.801718829506851280e-16
2.455299224723877245e-17
7.583810771849671143e-12
6.087665693468957498e-12
5.169478040995207489e-16
8.093416122793882331e-11
4.562343429674705576e-11
3.112122833591266637e-11
3.184419160211369159e-11
2.509730040849857794e-12
4.608990644508478775e-15
4.617980675414882488e-15
1.388863622854096019e-11
3.980461390083932181e-15
1.763540443764009109e-11
9.483156931922747244e-12
1.321072640811161555e-11
6.920457369196487902e-16
4.294686759841430250e-16
1.388150685365955577e-11
4.200038731495233524e-15
4.339972863249402463e-11
0.000000000000000000e+00
0.000000000000000000e+00
1.410935936770153303e-11
5.374595373565603604e-11
1.033539822380433017e-11
3.232584723015622462e-15
2.201967287068158863e-15
4.448935872012566400e-12
1.659904785199154778e-15
2.404180148739221455e-11
4.224031059743807878e-11
6.850529003827842321e-16
2.073236656013522527e-15
1.737947121877862917e-11
1.382832706138719864e-15
1.969566751472022306e-15
4.728740592309291192e-15
2.704389083212080204e-15
3.305299370412949754e-15
3.790632182248672691e-15
7.430869518701089320e-15
7.541282028203419551e-15
3.422161742501433418e-15
2.729591280941307104e-15
2.471641249447750305e-11
3.088961635786270323e-11
2.598186809731572091e-11
1.822878370072569298e-11
3.658360856005999797e-11
1.186140423702517243e-11
1.765472148822343949e-11
1.155371418389637680e-11
2.152975966674501128e-12
3.033385104021435270e-16
1.578501530656875377e-11
1.131607103291931940e-11
4.362338927481878238e-11
4.216343216047744308e-11
1.796802672065955163e-15
1.832718090845250534e-15
1.203110144081425656e-11
3.783387582581160388e-11
9.344563266878934084e-16
4.346072211936187902e-11
3.747953284819994457e-15
1.905704130329173344e-15
8.947630696774509554e-16
3.251071943190228453e-12
1.306594428716901629e-11
2.289667575242430331e-11
1.403175260368167039e-11
3.854685570091985346e-11
2.588719638543280429e-11
2.223012484661224624e-15
1.632227485276628710e-11
0.000000000000000000e+00
0.000000000000000000e+00
3.024853168149907922e-12
1.445380782071255581e-11
4.418238570796613084e-11
4.262457497869560310e-11
2.236914513185353335e-11
2.283030666295845068e-15
4.711032943547851532e-12
1.879656652129327459e-11
3.459498407072685847e-11
1.018923675616713679e-11
6.434755789307104416e-12
3.202841204749133530e-15
3.656912794347004735e-11
8.054469702052650155e-15
1.621692899953940384e-15
4.433628976956329695e-15
5.983854326742728247e-15
3.915835981823381851e-15
2.250320595002400185e-11
5.007896202717481904e-17
2.925385747761639889e-15
2.944416313389869122e-15
2.618085543672725515e-11
2.188231714072735488e-13
3.217907867379555181e-11
9.606368357728590038e-16
1.244493063041577145e-15
1.345099623129651516e-11
7.642035902161842665e-12
5.961787225049418991e-12
1.086931906072386010e-11
1.196715418007044221e-11
4.155291074148191272e-16
2.175247471955476899e-11
1.193587156586932998e-15
4.513155460037203994e-11
1.072207862388227396e-15
2.766771828092068368e-15
3.128238312006753415e-12
8.529057925685798024e-17
2.824188433376559096e-15
3.318297251971362025e-16
7.742210247770789415e-11
3.313103107386161818e-15
2.664240497605822918e-15
4.520608112898041713e-15
3.459446188550985711e-15
2.507926364649443204e-15
2.874468229402510310e-15
1.357070350091747202e-15
4.233413049584940380e-16
5.617892715216287286e-15
1.104664512313900478e-15
0.000000000000000000e+00
0.000000000000000000e+00
1.145795730132715660e-13
1.337357045479673090e-11
3.987595872702441336e-15
5.245292530957835976e-11
1.012795034740901511e-15
9.957839703060609197e-12
3.353877381507648931e-15
5.862500240538522294e-11
5.735426107759493609e-11
5.607237576937188150e-11
2.333616324608235221e-15
3.051245225060407421e-16
5.252150528731876196e-11
5.156949520646705407e-15
2.512774748439714334e-12
7.944845900681936785e-16
2.771334262213348094e-15
4.039753916413148922e-11
3.030904137181117012e-11
4.962168375881079346e-13
2.579182419095157404e-15
1.159789946745977231e-15
8.222477170437208231e-12
1.662671095310860097e-11
1.551427929431757131e-11
6.057694639611366862e-12
1.031327598260649440e-15
5.861892066335017920e-10
3.119337569808457830e-15
1.522114129970849462e-15
2.762565257687036771e-17
2.108273556158156957e-11
3.903053225300040560e-11
3.434628431833869131e-11
5.264147653835174561e-11
1.965807357895281191e-11
1.043810118913943280e-11
1.217116701719251096e-15
1.882724082228745058e-15
1.738386683592898259e-11
9.984879942297394840e-13
1.901607391270987690e-11
1.686220653437408784e-16
3.118022142877447991e-15
1.772317688024089744e-11
6.826655618573458036e-16
5.310824195567904667e-11
4.443864711595811509e-15
4.621611633956033311e-11
2.827121226194566401e-15
1.286620018992057814e-15
4.243772447508286869e-15
5.137667041458091144e-11
0.000000000000000000e+00
0.000000000000000000e+00
5.117993748593525811e-11
3.598661439476022536e-15
2.690066677068720330e-17
5.371857494055301197e-11
1.763738353709858369e-11
4.888096622451021309e-15
5.822663310547371951e-12
5.699935654805568330e-12
5.196313163843870730e-11
1.409008270449984882e-11
1.146973816259268605e-15
3.096925971403394615e-11
5.452234524110068482e-15
3.243050696347738470e-15
4.597777350229479659e-15
1.536987498812503701e-11
4.517570204072449188e-15
5.023940265000238331e-15
8.595433738171285765e-15
4.264055582725926393e-11
3.551519845227961278e-15
1.378339556781630039e-15
1.091159774000564719e-12
8.180538859953068308e-16
2.249781726430787713e-11
1.246530547793290856e-15
7.707912778494056390e-16
7.142143327170221832e-12
2.998379701583195239e-13
5.479057774428917543e-11
5.339164159941156459e-11
4.188894661196853081e-11
4.858100592761620434e-11
3.660301149349111449e-11
3.670528082540017503e-11
5.292694558473058784e-11
1.597529537398089260e-15
2.252119600563347733e-15
4.820144481062743401e-15
3.766812683082018496e-15
3.830224173737986815e-15
1.633746354889762248e-15
1.114216189799198568e-11
2.029513401527277774e-11
5.113483244625926718e-15
4.786044980214169282e-15
3.491484342029278902e-15
4.860455198690844799e-11
1.494489684971204428e-11
6.989703229336465925e-12
7.310147757656276940e-12
1.156396813763754966e-11
3.742982718193440917e-15
0.000000000000000000e+00
0.000000000000000000e+00
1.552833904455422809e-15
5.005921961254542325e-12
3.033552025222245181e-15
1.356303235765670149e-15
2.940839682470530460e-15
1.557067252763876570e-12
4.261692800187804360e-11
9.630150149649985647e-16
2.663110934575534682e-15
1.051325995490560449e-15
5.288126775946268046e-11
2.366859090247670507e-15
4.981750436417463585e-11
9.495686386582452568e-12
1.500059179737203131e-15
1.168336471619186325e-15
1.997363899353872455e-11
3.975715401221357253e-11
1.488324944271327595e-15
1.147990433188370936e-15
3.309053118466432857e-12
1.226293549612857050e-15
3.210202786133984835e-11
1.924772408047064322e-11
1.606556908517069079e-16
4.455757041738262115e-12
1.144196271107128234e-15
5.160602529415337726e-12
1.413775161062367502e-01
3.277138217438837193e-11
4.807779709357813981e-11
3.467186563364183542e-11
7.476562831772246478e-11
4.006413561104389319e-11
5.158587481046322379e-11
2.823264436831124758e-11
6.100345398949727804e-16
2.065705413620483133e-11
1.165406276996753666e-11
7.516957418528742348e-12
1.051104420825744801e-11
3.339835756150065968e-11
2.612219633560224836e-11
1.107748096197474669e-12
5.268395667806378945e-12
5.331284623104566641e-12
6.456082078540899768e-12
2.138879142683332809e-12
9.327556589701908281e-12
2.818841522258831901e-12
5.222527964242002543e-16
3.287087455167356840e-11
3.797427873328783891e-11
0.000000000000000000e+00
0.000000000000000000e+00
3.413721170157341372e-12
3.649628807791255492e-11
2.081587523432196952e-15
8.085868080190796397e-15
3.350414786737217171e-11
2.026042490735955457e-11
3.495359464975212628e-12
3.370185825894719480e-11
5.458259111565612520e-11
3.594280275422199271e-11
7.258243098696096531e-12
1.690955750702619114e-11
4.814760063644539901e-15
6.021950253656296984e-12
3.582238130970006292e-11
3.197734342831247333e-11
8.391695730887461477e-12
4.421239210874969192e-15
8.848179550643851480e-17
1.954492259216528120e-16
2.911824022151042858e-11
1.913466860509054350e-11
5.267754773361891960e-12
1.230041404826540267e-11
1.797495076977517132e-11
8.704761715893196393e-16
2.083565655918609690e-11
1.274545759072821604e-11
3.144442619561018416e-11
4.615002846359227269e-14
3.171881337640333670e-11
5.633056389519469464e-11
5.549093848736282834e-11
9.595961381069000470e-11
7.803336022180308057e-11
4.353235739932758721e-11
4.154776005613297464e-11
7.908200439461184262e-12
4.076637323804452309e-11
2.800330122201331772e-11
2.525329969583312194e-15
5.001719594640118823e-12
3.302689811764691192e-12
4.928502776504391359e-12
2.721580058035488377e-16
2.212522015363800879e-11
2.231469079497177217e-16
2.462363357123908520e-16
5.254915663316141214e-12
2.924188620858397042e-12
1.006347092277404391e-11
3.648560654364168001e-15
1.410939722907462097e-15
0.000000000000000000e+00
0.000000000000000000e+00
7.026292233708826019e-16
9.519993070428038435e-16
1.976739139152221928e-11
1.822730871995598175e-15
5.944342224770028286e-11
1.415918437551924823e-15
1.790492707928302500e-15
2.588198088597284410e-11
2.916707358558066359e-11
3.751776947677010117e-12
2.130437151954367871e-15
3.408762072370992552e-11
3.479428534764619022e-11
1.688451195740913974e-15
2.716935784190322419e-11
3.323583773975049812e-11
1.355420291856716119e-12
1.868919494324391297e-11
2.996952671955992872e-11
1.619982035710889816e-12
1.536529699008304218e-16
1.351104658556933742e-15
1.220275203217966825e-12
1.504335614065020072e-15
1.329292932822556051e-11
5.864509198550508772e-16
5.334229648863209987e-11
4.518624008562900225e-11
7.201289180967613985e-11
5.110988310457756469e-11
1.121898937627571254e-14
4.896296236612739556e-11
8.423592529673807285e-11
6.426213383478886782e-11
8.276648103142444276e-11
4.789954961680834476e-11
6.141595927901708708e-11
3.436578606546795642e-11
9.674837282210373904e-12
2.172158124090067998e-15
3.202556291532214999e-11
8.804351201478446028e-13
6.805470625285580510e-12
4.337461684737359393e-11
4.745232773748161292e-11
3.560054300879381707e-11
6.102589194371571189e-11
4.650544281765029166e-11
6.015133664521960826e-11
1.580987532958801200e-11
4.165848623661856836e-11
3.163353591515875094e-11
4.338280078111454669e-11
0.000000000000000000e+00
0.000000000000000000e+00
2.426427202647469635e-15
3.443948796631020790e-11
3.399178567623765084e-11
2.579314050703511834e-15
1.188480418589327434e-15
1.798868962913356183e-15
1.350490690117816233e-15
1.343299827033110710e-11
3.372387502429310090e-11
4.028870795812585673e-11
5.854263508791141615e-15
9.769867504845428564e-12
3.639843636819122240e-11
3.629005412226927283e-11
1.065243573443496762e-12
2.258568482654202796e-15
1.220005440553918389e-11
3.612740464940454239e-16
2.344577439831028315e-12
2.085809014152158376e-15
1.867421197253337749e-11
2.973564390285566793e-11
1.603185476871898446e-15
8.305258970805406603e-12
1.562008382820524006e-11
1.475256596024992963e-16
2.689058246558757454e-11
4.840361599425316492e-11
3.106754799874955705e-11
4.607625088576145719e-11
5.313142456020454433e-11
3.638096141702887052e-11
9.003274039234704468e-11
3.156142107762406817e-11
7.152623652056799413e-11
3.078901404539686490e-11
5.426525311982108299e-11
1.461850988692199625e-11
1.436536391913906252e-15
4.831955802697823658e-13
3.046405977727738899e-11
1.894046240182079581e-11
3.602816208808037809e-15
1.714769216558144697e-16
2.452080834751210836e-11
5.965142314092274098e-12
1.039552000264870043e-15
3.417896134778402512e-12
3.492892389832472500e-11
6.264483537046665833e-16
3.420698169641747742e-11
1.529656985584962140e-11
3.284574301416010510e-15
0.000000000000000000e+00
0.000000000000000000e+00
5.352228578191249970e-12
1.290199226908259936e-15
1.421121089590641371e-11
3.601047474189414725e-15
7.493619201615815007e-12
6.028862677633904296e-11
4.229045656905199225e-16
5.580529396265767753e-11
2.805683911832835436e-15
5.382810640470813320e-11
2.401350394910377694e-11
8.075331922905676012e-12
1.505408795746351350e-11
1.435215228545794233e-15
1.249013884228967693e-16
3.162627109945109486e-15
2.630962168165468528e-15
3.274872419634506802e-15
3.786186738264554812e-15
5.532656335663260764e-16
6.259266275394852036e-12
2.096070303577304447e-15
6.850023085485352436e-12
3.520279611221816323e-12
1.193384859075666508e-11
1.331574370051845250e-11
4.159134312033542609e-11
4.493989450271668978e-11
9.342058072922170747e-11
9.841520431293521312e-11
7.468431741637630073e-11
7.060749146649638551e-11
6.741242143590015400e-11
8.347741644270197157e-11
5.830264829743916717e-11
2.325327121403899197e-11
8.221782529992127867e-12
1.054692584485861792e-15
4.898708544759724746e-16
1.314581612108288416e-15
5.495289643846044090e-11
5.410415737908637487e-11
2.527777338531291343e-11
3.789921052751514799e-11
9.359801285666650399e-12
3.481138723230263073e-11
3.292832169623005649e-15
3.781413805233342839e-15
1.427850174542847890e-11
1.270160422766189623e-11
2.088624247489610955e-11
4.352664742356911633e-11
3.152552707969085441e-11
0.000000000000000000e+00
0.000000000000000000e+00
3.358621599858991752e-12
1.011752945470864748e-15
4.696826089113310988e-11
4.389714902275597174e-12
2.246933787103317545e-11
5.056182863674813207e-11
2.772646393621021497e-15
4.850960629155753094e-12
5.824278238475650980e-11
5.526689612903919815e-11
5.562885322254777470e-15
2.647734291735448796e-11
3.528928221696391201e-15
3.392039762362661916e-15
6.139718586264115997e-11
1.262612520769022393e-11
2.497721190982016892e-11
1.527001768550605980e-15
2.715446145946379350e-15
5.084764532912909282e-11
4.833355069080445343e-11
8.412422078664188577e-12
2.006350536500148635e-15
1.043518318042626179e-11
5.893809839545022526e-12
1.161449866715098887e-11
7.256585818603785821e-11
3.022678591964619663e-11
9.423185110236052106e-11
4.500185362901855915e-11
7.269715910785792812e-11
5.406257840383661305e-11
6.417942569839323361e-11
8.628385598277560636e-11
6.026109941906672176e-11
6.880387683774472433e-12
5.728882330517409806e-11
4.770480469699936874e-11
7.400543871601515229e-12
2.201142715823887886e-11
2.234864728109573399e-12
2.266328565912239688e-15
3.857083956848161502e-15
1.010068672906478570e-11
1.515790725177557995e-11
1.343139017165037682e-11
7.314853741810422611e-15
1.608924692312479938e-15
6.165547138216044455e-12
2.019341645240690471e-11
6.482018662301274620e-11
3.582979962468422102e-11
3.203772888082629350e-11
0.000000000000000000e+00
0.000000000000000000e+00
1.199422646701642740e-11
3.593553434847120518e-11
3.437159924931441319e-15
5.558490713438883442e-11
6.471802381212188305e-12
1.747289694476933213e-11
1.630303079281550291e-11
1.522344544682558810e-11
1.004013288855077178e-15
5.597767820187894804e-11
1.028704675815270073e-15
2.768356836759699854e-15
4.772396093228694004e-11
5.202791716010326951e-11
1.407919292662185205e-15
2.953287081309754229e-11
1.665981391361275595e-11
3.071442705939119162e-15
5.425608480075931012e-11
2.774349649449879833e-15
4.842867491532413020e-11
4.985909615276957838e-17
3.399798629592556493e-15
1.810290532805251959e-11
6.006993545003442393e-11
1.691041673851338823e-11
6.502618874912118452e-11
5.218919224475122254e-11
4.403379979106242165e-11
9.130999217522115329e-11
6.790502297837158321e-11
4.453659446607861306e-11
3.500776947027436530e-11
6.218094228839455979e-13
2.838679521045950157e-11
3.332116524326882419e-11
3.195036504674444902e-11
2.130291337727611274e-11
1.563687975064101006e-15
3.053729858033700559e-12
7.719646562237564267e-15
2.075937347205937158e-15
9.011532936655114770e-16
1.377048816627391824e-15
2.180444165658269742e-15
5.433293596358558624e-15
1.730215591339654375e-11
3.311844906456889218e-11
6.922221705322054348e-11
2.375866299513213228e-15
1.632783478034447678e-11
6.242336008899045517e-15
1.494908362726048455e-15
0.000000000000000000e+00
0.000000000000000000e+00
2.185271072352454011e-12
4.248989614512589633e-12
8.117532485385630497e-12
6.754703975655147368e-16
3.018730993185659551e-11
6.641002631959007824e-16
5.576223825817087181e-11
1.218038069013370494e-11
5.495772751274102430e-11
3.168397212787841224e-15
1.103325931636454543e-15
1.013064375737020654e-15
1.973905733234223503e-11
5.295885749620960171e-12
2.169549489824634204e-11
2.980703389154514146e-15
3.248773184440956712e-15
5.578494810167104400e-11
1.063904945210916645e-15
5.711072357817544183e-11
2.307590652399720909e-11
5.025832310975202709e-15
2.958533255500022297e-11
2.448578098958269262e-11
3.679511729672959977e-11
2.139315333101186173e-11
6.083349918908916660e-11
4.163152602883589555e-11
5.618291365877345264e-11
7.332650269093333244e-11
4.241458137382010883e-11
4.961961163653057803e-11
5.889908056181857464e-11
1.294430609750508471e-11
4.748849330590679263e-02
1.133692158168928261e-11
1.771024018309350580e-15
3.499461716260152608e-11
4.474194383844298495e-15
6.432929767010543985e-16
4.294196135349762928e-15
1.292287195957956646e-15
3.034172842736252527e-11
1.304011239225545975e-11
2.672870417573736708e-11
1.949504916902792374e-11
4.099444776205477043e-11
6.620770584815131802e-11
6.350731088956287176e-12
1.842107413348914616e-11
6.764575456284527523e-11
3.183820887377815494e-11
3.987354284537064673e-11
0.000000000000000000e+00
0.000000000000000000e+00
2.104633368390782699e-16
1.107434545939462763e-11
3.441356718259607624e-12
2.249903274340283847e-15
1.225040992802050782e-11
3.987935941335375247e-11
5.677727352885802038e-15
2.411280090935230881e-15
5.027346418331435920e-11
9.369960015583262560e-16
9.130649231646912320e-16
4.576222169993777507e-16
3.973410809093699352e-11
3.826046701124246084e-11
2.214052513211190939e-15
5.584149938944769798e-15
1.202766533937772414e-15
4.804814250877147945e-15
3.595566306689635183e-15
2.925523652342384618e-11
1.244982164635296886e-11
1.207353449365214236e-15
1.100716529881180630e-11
4.371857213975213372e-11
1.076648898697403099e-11
1.229851541472078866e-11
4.623463516565906558e-11
6.322840391289883202e-11
3.954956845101349960e-11
1.379013704236348470e-11
6.541166342713867865e-11
2.996163097508904590e-11
3.349576759670946279e-11
4.578319060736000355e-11
1.503533587381483059e-15
1.088991755087706931e-01
8.336695413566093019e-13
4.647616127310058744e-15
3.065191225451389556e-15
5.926324268569857940e-15
8.143566681531095305e-12
1.779539112352429253e-15
2.667017138813523438e-15
1.329106000926246448e-11
3.647271536599870364e-11
4.438357333653460474e-15
3.048258887849066177e-16
2.947901369176871334e-11
4.835594196806852613e-11
3.605302878736321256e-15
1.660755061300300032e-15
1.526562863633543400e-15
1.960495671084991546e-11
0.000000000000000000e+00
0.000000000000000000e+00
1.127462130762504522e-11
1.979585819610237887e-11
5.613918794610859752e-11
3.168000816913833409e-15
1.540141131806621290e-11
3.541411458356287436e-15
4.750587237518096390e-11
1.284994391710327537e-11
1.285204770658001491e-15
6.188701905679704067e-15
7.289434278301909672e-15
2.940854480728599854e-15
9.344506355217834794e-16
7.369142407156665282e-15
2.245375403243389240e-16
2.146772571881071417e-11
3.108829454452780484e-11
2.165156925204500381e-15
1.846501151424742143e-11
3.030510014952104331e-11
3.381717514294891775e-15
1.812680948458306560e-11
5.566826674360459799e-16
4.335529744102035404e-15
3.151598411899745961e-11
7.340389771607758418e-12
1.658442188948344139e-11
8.805801846053779547e-12
2.048879771721975200e-15
2.395050673086127543e-11
4.770628144236154905e-11
1.268934569179943863e-11
1.840740152639395253e-15
1.465124270842858192e-11
2.457764754905343213e-11
2.425829076353785687e-11
2.332801931690943933e-13
3.972116663557572719e-15
1.970942887744148809e-15
5.053270043485134786e-15
2.932651013350811978e-15
4.309325929800627335e-15
9.669149687515329976e-12
9.111392636962866878e-12
2.616741971177348905e-15
3.714623847460960607e-11
2.393090051077735683e-11
4.059368284636394383e-11
2.060125590311355615e-11
1.993439213589236704e-15
4.743080325184390965e-11
5.848487561283150053e-16
3.874833179072072199e-11
0.000000000000000000e+00
0.000000000000000000e+00
2.426736716851288795e-11
2.385623814031799338e-11
1.635727340197039448e-11
2.141050935999574115e-15
1.088915922008706793e-15
9.193701222472148140e-16
5.549221994190198336e-11
7.721943195733548552e-12
3.191588727581507953e-11
6.114680582854405709e-15
1.353336104760171423e-15
2.817364603784525072e-11
2.864437584151060039e-16
3.655535854679574356e-15
2.832000640033979286e-11
3.209406086771223608e-15
6.758010496929683983e-16
1.135966677785512629e-15
6.672734833913525322e-16
7.241469146033992001e-16
2.995127785702166799e-11
5.403559519642208070e-15
2.764027733845561001e-11
1.083977651923578958e-11
5.351709409172422247e-15
2.674556860243096156e-15
2.968365424815745155e-15
4.304211282354180485e-11
2.250052365540321123e-15
1.307576740130863471e-11
6.179208482699683797e-11
1.700114067419121081e-11
1.895521061311553296e-12
4.766436252369682916e-12
6.253350234639636041e-12
3.148898661058059092e-15
9.288045894567966003e-15
1.374891289601076540e-10
6.996959142836540449e-15
5.880833461482276661e-15
3.655104209022208291e-15
2.838075089658885288e-11
2.989798938290967707e-11
2.580475676877437795e-11
6.412604324217234744e-15
5.115542451371946503e-15
9.787555895097764592e-12
3.962915894990050946e-11
4.511286623221476386e-12
3.695626835565540180e-11
1.466179860214430942e-11
4.442711915447755586e-11
1.516593628960106638e-16
0.000000000000000000e+00
0.000000000000000000e+00
2.064533783005092367e-11
2.091642333700533080e-11
3.338612443057365449e-11
3.060849171151171487e-15
2.369737659034330350e-11
9.248967203260944893e-16
1.645379771585031019e-16
5.385592199883535569e-11
4.555273181607703833e-15
1.369626243088619626e-15
2.705576569996761236e-15
5.683537631725691297e-15
3.677424066672475607e-15
4.742717051061134295e-15
7.378406451979889745e-11
3.616912515761490762e-15
7.377832802666202839e-11
6.424783334852638057e-15
2.584476793113550302e-15
5.431159763071653209e-12
2.486692035879239821e-11
4.633402108249932800e-11
4.650653106984568323e-15
4.113986652925574514e-15
4.900741893377176338e-15
5.557034133175279076e-15
1.795551331231307266e-15
2.726025620251864200e-15
1.227949913002717183e-11
1.411929221082438267e-11
3.511994440779486959e-15
6.395140747927359364e-16
3.235310519963238700e-15
2.783674749911241973e-11
4.993462463653403430e-16
6.867937092281500776e-15
5.474784073292448493e-15
7.316302831146205890e-15
2.907189831154967407e-10
7.615870477702834234e-15
1.311280867456377268e-11
2.823692087829307575e-15
5.953476800442048837e-13
5.796396403985231146e-12
2.488321441212583252e-15
5.851064253069214109e-15
2.655564024169789540e-15
1.539758938719932361e-15
2.228622965200921630e-11
3.843316230313146336e-11
5.222582149154453248e-11
1.957032937186974855e-11
2.359356899726967535e-11
0.000000000000000000e+00
0.000000000000000000e+00
2.075349135263064460e-11
2.060965279657291028e-11
2.034181058611947562e-11
6.920768896171747717e-13
1.641876338444447453e-11
3.750201691477492862e-15
1.421965341617620738e-11
1.494119547829624338e-15
5.088882532939708967e-11
3.755045647650696635e-15
5.265406314243248173e-11
2.257157617049175670e-15
1.169076964933065465e-11
4.150804749940761226e-12
4.806215038298812654e-11
7.121275462765513276e-16
1.159280590258764785e-15
4.054516603316254575e-15
4.908302398205268900e-11
3.405007269178713148e-15
6.802022673659870290e-11
3.821688092565719934e-15
1.836330619001160384e-15
1.636571878593271243e-11
3.227917155863437764e-15
2.175400308779577055e-11
1.459519067877597215e-15
3.426339794092220817e-11
3.434596855116594710e-11
1.249578316620807412e-15
1.319344982642067881e-15
2.213508244409220864e-11
1.675724854960783215e-15
3.805889326514921507e-15
3.226021038824006117e-15
5.489727646973307743e-15
4.821989841978834029e-15
2.582687205053342652e-15
4.614024246391959128e-12
6.720299623260893056e-15
6.536907701248138460e-15
3.909419866457277300e-15
2.397110818411578342e-15
2.963138006134722379e-11
7.277963945260732817e-11
4.563584751951704818e-15
3.500834287889616280e-16
6.444175252295705329e-11
2.066215944168408568e-11
8.315891203346454558e-15
1.856795419883800053e-11
4.980229489593208269e-11
4.317344677909713032e-11
0.000000000000000000e+00
0.000000000000000000e+00
2.113581808854213368e-11
2.037658469334102591e-11
2.118394314965779411e-11
2.067262844035523405e-11
1.462224394436576100e-11
5.318753134166305747e-11
3.754515390577742952e-15
2.164192779017077006e-16
5.093652378936599341e-16
2.405948016112489188e-11
2.512196434320910597e-15
5.039178952624083642e-15
5.033873787638541122e-11
2.343662679226357617e-15
4.858803569786583905e-11
2.261361416615346403e-15
3.082606929934160853e-15
1.942457432207389621e-11
3.848357278874049933e-16
3.333258041245071798e-15
5.068017690908727218e-11
4.810673771407556470e-15
5.922117006011464263e-16
1.109195863536488442e-11
4.693449041816451194e-12
1.676524523376341881e-15
2.640484082442470807e-11
4.973639406753341645e-11
1.663087225179996388e-11
1.522304046639736279e-17
3.916359761678172641e-15
1.792573976785050690e-11
6.676397350892674372e-17
3.640757603908183431e-15
3.770289629241670421e-15
1.502519204784294222e-15
4.722725529946509850e-15
1.273886585218573341e-15
3.290271550875101777e-15
2.988600850805135537e-11
4.594965925411187190e-10
3.818998273205735793e-11
5.808005571114629192e-15
2.001166756223398701e-11
1.736724832945858331e-16
7.903730804662472938e-12
2.296080340705091906e-11
4.496306090804987471e-11
5.008294460627366841e-15
1.017103668152800968e-15
1.995480591751177377e-11
3.587553741330008736e-11
5.404603433712034244e-11
0.000000000000000000e+00
0.000000000000000000e+00
2.093199693051672995e-11
3.994827043954496539e-12
3.513514396447494090e-12
3.376888248360532431e-12
1.308117656394581986e-11
4.484077825142028767e-16
1.485851178943513555e-15
1.359708018783006850e-15
1.593900633567971218e-11
3.167029304552740705e-11
2.310051710524717916e-11
1.261190927599746452e-15
1.617843677170115729e-15
1.281610242173909133e-11
1.705614063729814606e-15
3.019433755354829983e-15
3.893213775005417676e-11
3.386762251926511752e-15
7.253736103879766160e-16
1.545014350928808222e-15
2.075344443989422037e-11
2.165070562430121708e-15
1.211931925727669558e-15
7.428865738707147716e-12
6.754863041368157579e-17
2.069323444278110716e-11
8.918111465216596164e-16
6.929828660473249579e-13
3.307848782915047452e-15
1.388676194616611803e-11
3.326721387754586215e-15
2.196334349566540990e-15
5.110706604292974762e-11
3.773023973827318818e-15
1.470455679765972053e-11
1.972974119838576811e-15
2.588910724822827721e-15
3.715466237148892892e-15
3.086027165362494200e-11
9.616742937306826423e-12
3.617127246873087229e-12
3.274930302819521310e-03
1.611998731404824494e-11
6.492661273940271142e-11
4.214234870517292715e-11
9.657982344165343168e-12
3.898830611333436521e-11
1.393017918668323002e-15
3.886882577979072362e-12
2.676279076578821821e-15
1.767939630139098618e-15
9.204246104436603367e-16
6.097518949501015421e-15
0.000000000000000000e+00
0.000000000000000000e+00
3.085322160888959997e-12
3.357663115950370095e-12
2.889579085090842293e-12
3.365308719158626206e-12
3.255637404427252960e-12
2.519628874865592435e-11
3.455866977651058051e-11
2.136792249520580246e-11
1.316798047360032969e-12
1.333169636876045530e-15
1.919653282952874144e-15
3.667628303966994985e-11
1.720511117336222440e-15
3.665405289039512737e-15
8.609072300074248047e-15
3.098923504530011214e-11
3.043779154848881875e-11
2.484525647447870650e-15
6.399058076386568432e-16
1.150379311882774465e-16
2.406014852220182099e-15
9.458293892119079839e-12
1.677571068672765262e-11
3.669912106541630224e-11
1.680123769575739376e-12
8.645862733367435187e-12
2.050220170770041960e-11
2.593219979680135194e-11
1.578743008359220536e-15
2.893846525229860574e-11
5.196182182123212382e-15
1.208260787478579651e-11
2.083475891357757054e-15
2.376649495602608249e-15
8.584652515145163931e-16
6.834650898058802061e-12
5.877505524362285185e-16
9.924255400854906241e-12
3.593097054531608194e-11
4.409729132435544544e-17
3.062149892930650110e-11
2.730374948187182147e-11
1.097145231908558949e-01
9.516756720872706300e-11
3.011623215909307332e-11
3.643655515821623626e-15
3.085504877963778801e-11
2.842631518637812963e-16
4.523050994926185164e-11
6.011582387091457639e-11
1.525461108199678070e-11
3.080125776181411690e-15
2.705070491875681580e-15
0.000000000000000000e+00
0.000000000000000000e+00
3.444002607920994459e-12
2.855570397450538422e-12
3.518001489758072013e-12
2.907317415405956069e-12
3.047019507092016947e-12
3.380985665426086979e-16
5.018632429052114616e-16
3.039748728467188444e-11
2.082270251446272109e-15
2.120602863800577287e-15
1.363547148812126869e-11
2.330147990903807358e-11
6.794318307215477804e-12
3.299422915625600763e-15
1.302071223035508415e-15
6.945545427890171292e-11
3.131378354376850707e-11
6.740411294195793575e-11
5.377608658352232740e-16
9.258003549672251085e-16
7.851924887234490294e-12
2.886684293065917589e-15
6.144993363438145657e-17
3.206177640362166962e-11
3.663344291988192652e-11
1.243528085053393134e-11
1.454463717742646132e-11
4.672159899644600415e-12
1.198077814798638744e-11
2.669898888001039147e-15
1.191305581159383777e-16
2.791658102492978777e-15
8.185072552382884164e-16
2.717320941314199151e-16
4.088836707865942977e-11
2.767417809749399619e-11
1.273130031912728590e-15
8.420016069118910622e-16
5.609718774576765074e-16
1.554458972462736276e-11
6.922530264560206547e-12
3.095433305180822245e-11
1.243422957050130945e-13
3.823969837633816476e-11
2.137794321557075406e-11
7.785035673808849460e-12
3.412316073992622433e-11
5.306945665281492674e-11
4.942871438471971735e-11
1.855054573320068641e-15
1.597242703993399827e-11
2.067124750139499287e-15
2.204740485583328769e-11
0.000000000000000000e+00
0.000000000000000000e+00
3.965761653854490806e-12
4.046312701612947967e-12
3.363198424098900568e-12
3.802117530801998443e-12
2.912173347243658115e-12
3.629635303109722085e-12
1.316227518733754946e-11
6.635555671305619309e-16
2.488771559955499661e-11
8.604188993874336190e-16
3.407053971808379324e-11
3.477669430294414560e-11
9.027916581607061733e-12
3.387463301476237441e-15
1.853454796654110127e-11
1.289060108707463069e-11
2.134586304788503350e-15
3.018121392496787066e-11
3.852617180615714998e-15
2.873666108126700534e-12
6.317096393688207458e-11
2.236933880678078298e-11
6.057843512964512462e-16
3.419250511742616477e-13
1.031970553294604190e-15
1.266707312110100608e-11
6.816617747651358869e-16
1.456060192944771614e-15
1.068811833664367475e-11
4.127581281789659918e-16
3.586473980426066718e-11
3.638104958391156331e-17
1.014196551088595531e-15
3.833609312420292693e-11
6.477278281398478415e-11
6.229643645577689715e-11
1.059634857480934675e-11
1.837254817371026316e-15
3.768855053516462239e-15
1.817796859587239695e-11
6.322598971198600167e-12
1.948925025346992303e-11
9.723931872303030542e-13
8.144318380288616630e-10
4.650040965355510269e-11
6.244979870094615728e-11
2.298787368300088264e-11
3.316189206832463242e-11
1.236842221879998313e-15
3.833962124775128979e-11
6.221688651526555546e-11
8.538203136736682964e-11
4.895228258291183370e-11
0.000000000000000000e+00
0.000000000000000000e+00
3.274520132532401308e-12
3.530152832169206553e-12
2.349511647256039047e-12
3.162046843571434240e-12
3.484798499405974659e-12
3.257464613274557277e-12
3.553359294620364361e-12
1.331167358905565129e-11
7.447452998162155264e-11
1.818164297911736050e-15
1.884377635523981136e-11
3.432287360525547465e-11
2.387622870278335289e-11
1.299186621128879866e-11
3.458137516930627175e-11
6.863791007178687300e-12
2.035389561013348537e-11
9.777697480552135211e-12
2.995136606249672398e-11
2.809457362329147095e-11
5.732328881332267506e-11
3.418740208958457455e-15
5.907799864171864022e-11
1.922051204585491384e-15
2.290766651646994013e-11
3.624213511664745462e-12
1.180095728182083265e-11
2.773690845184253826e-11
4.212627674884456732e-15
5.177796117092943190e-16
1.137679527748038614e-11
5.147189229801571571e-16
7.646585759357696366e-11
1.591213216063236479e-15
2.941585088482561201e-15
2.960614686274726003e-15
4.881319827138414006e-16
3.983675976522617874e-11
2.756036186147100809e-11
1.587392689086613903e-15
2.831433710963723820e-15
4.838805101449217663e-12
4.427832671487617257e-11
4.406625912957971210e-11
9.373722428590251084e-14
3.697479257809857423e-11
7.309187856070990374e-13
5.739811528806510248e-16
6.759648049785100925e-11
7.167843708917350877e-11
5.014210168848634091e-16
1.731947215146883885e-11
2.704713391297604640e-11
0.000000000000000000e+00
0.000000000000000000e+00
3.197326217599432265e-12
2.978550612033999659e-12
3.170390720726318251e-12
4.136201087792945840e-12
3.270778402280366311e-12
3.280330193722839485e-12
3.459868936206684201e-12
1.265518358842833278e-11
1.342610474844199181e-11
6.165333126359542958e-12
1.079684611647486087e-15
3.441470383642849955e-11
3.464265523653261652e-11
3.361779291660970101e-11
1.607309338805329916e-15
7.374319882374993067e-15
2.893742159993372560e-11
7.008432379381792207e-12
3.802679860988697027e-11
2.067004734987821365e-15
2.586962119270421981e-11
3.687561724288938920e-15
3.802724713000671413e-11
8.822821392484711697e-13
3.376873718502810014e-11
1.772542430675516741e-15
4.212594521968874631e-11
1.136301448025706650e-15
4.150006213435284878e-11
4.016637698154180010e-15
4.471544133647232257e-15
2.161529415339301859e-11
2.180680259178002133e-11
3.426124580640862031e-15
5.487952874411063309e-16
1.954205594733261770e-11
2.798135505458698974e-11
9.940025259181462135e-15
2.000486054355196497e-16
7.629245512237165647e-12
5.334935025653437788e-12
2.335036727390489907e-15
2.062265044971000114e-11
1.517160226522168411e-11
1.496370057379719504e-15
1.377187064937109185e-15
3.219306669176377272e-11
4.175136806499875969e-11
6.634624601790513868e-11
3.547098167874827215e-11
4.380789437715344068e-11
3.934574453583410481e-11
7.548287687565935158e-12
0.000000000000000000e+00
0.000000000000000000e+00
3.703627366095474358e-12
3.595534346201548070e-12
3.508441424435937096e-12
3.327178595914722537e-12
3.616093706860337429e-12
3.876543198444420002e-12
3.725655960885523372e-12
3.126239828446625449e-12
1.306969397759067000e-11
1.330485155470426448e-11
1.965817738022823161e-15
2.124912058677092366e-12
3.183527851001841897e-11
3.744935986949473842e-12
1.275405349786097013e-15
1.234058742571126667e-15
3.938016466311884942e-16
4.766283465401879648e-15
2.289896838359544023e-17
3.637208553726997534e-12
6.874506564380370144e-12
1.614035445008805730e-11
3.889662884796453035e-15
9.063470917851388906e-12
2.865512268925720821e-12
3.553113153578062428e-11
5.505945213684556627e-16
3.410777129995559109e-16
2.805331995466063186e-12
2.893410204042800690e-15
8.929179116215151316e-16
3.247456768657458937e-11
9.435766569216938739e-13
1.626972619786435477e-11
3.509977481665411147e-15
7.798213549461184908e-12
2.982625812177296760e-11
4.374937263386163101e-15
6.617179515483517284e-12
1.179908389394441035e-14
9.803067606698548565e-12
3.958818707503765963e-11
5.570549266590776571e-15
1.135313337534387292e-11
1.265178629953986365e-15
6.422827371283200381e-11
5.624699769647859698e-02
2.571565511914488717e-11
8.655738041823110867e-11
3.357700900760934508e-11
6.071796018193324130e-11
6.012900224928016631e-11
2.229950436137696181e-15
0.000000000000000000e+00
0.000000000000000000e+00
2.081792611096689031e-11
3.336649007119621235e-12
2.079313947768507723e-11
2.048061914130954066e-11
2.092791920354294693e-11
2.084165964147383833e-11
3.846735855255869516e-12
3.579646254207004906e-12
2.052460654565100640e-11
4.177947794841235807e-16
3.411697231152952168e-16
2.538824328960813132e-15
5.266818281916710791e-11
9.011773029721993927e-16
1.569304453928564057e-15
2.035758141604639045e-11
5.268916138315530857e-11
3.132500383816144064e-15
2.079187568533716745e-11
4.034148172097377445e-15
3.660696877306411542e-11
4.066655322881680206e-11
3.308582822297449804e-15
1.736507637393575710e-11
2.887134648682829864e-15
3.154642449689781195e-11
2.140021778803376111e-11
2.946975611563366530e-15
6.077645302931540955e-15
1.400131216320192362e-11
5.246468128240240142e-11
3.773927313674897291e-12
4.153152073019757235e-11
4.153139878982809926e-11
8.345831310034802394e-12
1.243636894255947207e-11
4.540279963383672616e-15
1.179341985718936796e-11
2.092640791713328455e-15
2.372977464806233833e-11
9.608204043755195229e-12
1.330638723995651743e-11
3.419603143314151999e-11
2.693864151744600994e-15
6.151854168058200569e-11
5.712786808159135509e-11
1.366125116099715811e-10
3.716317001246792484e-02
1.108578671816982691e-10
1.108364398759218501e-10
7.155420752294585133e-11
9.209447518530451648e-11
1.416686346743109955e-11
0.000000000000000000e+00
0.000000000000000000e+00
2.133494074426006084e-11
4.105813937780164722e-12
3.518418403213416291e-12
2.110290717895632952e-11
4.504075543220251787e-12
2.062507843556951586e-11
2.113033201740758305e-11
2.037810204805443217e-11
2.104519740326806231e-11
4.786509374748806908e-12
4.079705137484998679e-12
3.401925198992972234e-16
2.409291830266022792e-11
4.133335099779132380e-16
3.291003449007699955e-15
3.213433755446711415e-12
3.268903408191342024e-15
4.022969760356523846e-11
2.167932498436145038e-11
5.640993756580049392e-11
7.030747328643207730e-12
3.246067716753244473e-15
3.995372870735999994e-11
4.989131067710457020e-11
3.671964740895960707e-11
5.558667033713878059e-15
7.524322992993207998e-12
1.904950248615340729e-15
1.817985547157730803e-15
8.785449150347696912e-15
1.760461331482200376e-11
1.946156575457966669e-11
2.087582408089111300e-11
3.671797364550703460e-11
7.167795840770546119e-11
6.736834579083160830e-15
6.509508007510563777e-11
5.577125053758099698e-16
1.090166111955656275e-11
1.192354554165466111e-11
4.368200918065208990e-12
3.462491268272935531e-15
1.810788020631514946e-11
2.949002153847073166e-11
9.698714028454389724e-12
7.818136689548999717e-11
1.320985192700152679e-10
1.254736128613140122e-10
6.382915952625520089e-11
7.309124762424148369e-11
6.668138934166138460e-11
9.848850396591298713e-16
9.549417119792863070e-16
0.000000000000000000e+00
0.000000000000000000e+00
2.069885622120574349e-11
1.980105543828331847e-11
2.093560742388095470e-11
2.053357903485985687e-11
2.072026038932161107e-11
2.111730809729815097e-11
2.086546878177044792e-11
2.087880389352258862e-11
2.003115485479267508e-11
2.057486773228504211e-11
2.109251768824624591e-11
2.049144909847318108e-11
3.377410459787970662e-16
3.405006019462711187e-16
7.363150838652543485e-11
4.893708756752661467e-11
4.026112981195419025e-15
3.163897801144833297e-11
2.557674798720448609e-15
2.147297879725710137e-13
4.046727090320064775e-11
1.323074614755396102e-15
1.571836739591620236e-11
1.385701640529430305e-15
1.163039999972968097e-11
2.752337211735023016e-11
2.230010866854954713e-15
3.045699579456677027e-16
2.329858332899439879e-16
1.389094928284726969e-11
1.712418623164950482e-11
5.202610780725371712e-11
3.775102938158770779e-11
5.210560495289327277e-15
5.456139893153525263e-11
6.436205930188465115e-12
4.048808067178898025e-11
2.204803694766996450e-16
3.631933802388840364e-11
5.220305390614879664e-16
1.482527810542441794e-11
3.194875113305775274e-11
5.451701701124485456e-11
5.322258999793204898e-11
4.958107384628258196e-11
8.934868539458737355e-11
3.137859241835256018e-11
6.589823093305282837e-11
8.006630642355249604e-11
3.467671477807412416e-11
1.470574179042523614e-15
1.204845167142634677e-02
7.655097745838249264e-03
0.000000000000000000e+00
0.000000000000000000e+00
0.000000000000000000e+00
0.000000000000000000e+00
0.000000000000000000e+00
0.000000000000000000e+00
0.000000000000000000e+00
0.000000000000000000e+00
0.000000000000000000e+00
0.000000000000000000e+00
0.000000000000000000e+00
0.000000000000000000e+00
0.000000000000000000e+00
0.000000000000000000e+00
0.000000000000000000e+00
0.000000000000000000e+00
0.000000000000000000e+00
0.000000000000000000e+00
0.000000000000000000e+00
0.000000000000000000e+00
0.000000000000000000e+00
0.000000000000000000e+00
0.000000000000000000e+00
0.000000000000000000e+00
0.000000000000000000e+00
0.000000000000000000e+00
0.000000000000000000e+00
0.000000000000000000e+00
0.000000000000000000e+00
0.000000000000000000e+00
0.000000000000000000e+00
0.000000000000000000e+00
0.000000000000000000e+00
0.000000000000000000e+00
0.000000000000000000e+00
0.000000000000000000e+00
0.000000000000000000e+00
0.000000000000000000e+00
0.000000000000000000e+00
0.000000000000000000e+00
0.000000000000000000e+00
0.000000000000000000e+00
0.000000000000000000e+00
0.000000000000000000e+00
0.000000000000000000e+00
0.000000000000000000e+00
0.000000000000000000e+00
0.000000000000000000e+00
0.000000000000000000e+00
0.000000000000000000e+00
0.000000000000000000e+00
0.000000000000000000e+00
0.000000000000000000e+00
0.000000000000000000e+00
0.000000000000000000e+00
0.000000000000000000e+00
