#Conditional distribution of mass given radius from initial fitting w/o bootstrap
nan
-2.812457871652628283e-01
-2.450044258164596755e-01
-2.117614641763120586e-01
-1.811524228345365584e-01
-1.528747476882125755e-01
-1.266712204979958956e-01
-1.023211908117395985e-01
-7.963411922913479768e-02
-5.844450546288278842e-02
-3.860781428387905639e-02
-1.999716151021809288e-02
-2.500592108068259902e-03
1.398117471101521098e-02
2.953662907804195312e-02
4.424505712292926135e-02
5.817788926797672761e-02
7.139985680920418742e-02
8.396999437017958756e-02
9.594251887612023633e-02
1.073676103733886555e-01
1.182921159370775438e-01
1.287601947922502876e-01
1.388139204179604513e-01
1.484938536539003318e-01
1.578395995704583721e-01
1.668903600032776990e-01
1.756854931202408154e-01
1.842650911200756081e-01
1.926705871001780368e-01
2.009454022178017996e-01
2.091356444359622202e-01
2.172908703091676608e-01
2.254649213138768815e-01
2.337168460150233773e-01
2.421119186792417555e-01
2.507227635200748872e-01
2.596305912156511853e-01
2.689265501753683174e-01
2.787131885941185883e-01
2.891060137801179653e-01
3.002351215265458562e-01
3.122468491551104730e-01
3.253053798476326364e-01
3.395941914755033486e-01
3.553171989448630774e-01
3.726993842243113142e-01
3.919866429896852744e-01
4.134445035897675869e-01
4.373552986200153758e-01
4.640133026846157693e-01
4.937173096783862292e-01
5.267601350787206593e-01
5.634146274062145077e-01
6.039159975025432114e-01
6.484406614345861186e-01
6.970823631160090184e-01
7.498270800783022327e-01
8.065290449220691160e-01
8.668909847509788102e-01
9.304521679007061730e-01
9.965877937427084499e-01
1.064522453689304982e+00
1.133358765206212038e+00
1.202120011030553215e+00
1.269803139538074221e+00
1.335436407766927847e+00
1.398134864623410856e+00
1.457147125018700695e+00
1.511888434420910476e+00
1.561957445010688561e+00
1.607136777276884532e+00
1.647379697111959862e+00
1.682786681876510482e+00
1.713576157137525202e+00
1.740053392965231982e+00
1.762580734830630824e+00
1.781551314912419359e+00
1.797367391022310468e+00
1.810423642918648879e+00
1.821095178602325060e+00
1.829729659273221287e+00
1.836642797655479997e+00
1.842116465050615881e+00
1.846398705840044396e+00
1.849705063071117594e+00
1.852220736507904419e+00
1.854103207437918677e+00
1.855485063357297459e+00
1.856476836904357608e+00
1.857169737067247528e+00
1.857638198616588632e+00
1.857942210594483612e+00
1.858129409530632214e+00
1.858236941392897856e+00
1.858293114705311444e+00
1.858318911734165191e+00
1.858329688537309066e+00
1.858341076093941391e+00
nan
