#Upper limit for the Conditional distribution of mass given radius from initial fitting w/o bootstrap
-8.371499668478424860e-01
-7.270623458082040580e-01
-3.024047438892044082e-01
6.544693666534522059e-02
2.397435786198958696e-01
3.347101810494255703e-01
3.931040364298793444e-01
4.323983500927209844e-01
4.608736058856144902e-01
4.828820277323579435e-01
5.009050158678132192e-01
5.164626069338492664e-01
5.305524311547986649e-01
5.438762508299176401e-01
5.569632688448136193e-01
5.702398880999423048e-01
5.840699817690834239e-01
5.987777361975801238e-01
6.146592177886816000e-01
6.319857310179785026e-01
6.510003736832832288e-01
6.719084230142553515e-01
6.948619694090719667e-01
7.199398480574766834e-01
7.471250732370571246e-01
7.762839850422856847e-01
8.071531469054362695e-01
8.393408223180025551e-01
8.723479342222070221e-01
9.056083556337967133e-01
9.385417389608422534e-01
9.706072749581734493e-01
1.001346681569437846e+00
1.030409283980238566e+00
1.057558443645644219e+00
1.082663425298683535e+00
1.105682723959717340e+00
1.126644305291795378e+00
1.145626512586493062e+00
1.162741635225734038e+00
1.178122834330732838e+00
1.191914356858018831e+00
1.204264616325486870e+00
1.215321619159263511e+00
1.225230247582384191e+00
1.234130996698597826e+00
1.242159864956110527e+00
1.249449196459066824e+00
1.256129366414612480e+00
1.262331289942641988e+00
1.268189826060859948e+00
1.273848252750388266e+00
1.279464119957227641e+00
1.285216967177680303e+00
1.291318656846214719e+00
1.298027486429732313e+00
1.305667915096797138e+00
1.314658895620288481e+00
1.325555889689358446e+00
1.339115647040223900e+00
1.356401045586449472e+00
1.378961588130171556e+00
1.409170116337473244e+00
1.450921013561177864e+00
1.511296147415907676e+00
1.605296588855935180e+00
1.769005364276575287e+00
2.000686902926920308e+00
2.147675727677806456e+00
2.228957342670349728e+00
2.279552859785837438e+00
2.313349494457660249e+00
2.336825546620415750e+00
2.353502620947164115e+00
2.365500967596192883e+00
2.374188621861438531e+00
2.380491795650849784e+00
2.385059120473580041e+00
2.388355708009602729e+00
2.390720477152413981e+00
2.392402938342096608e+00
2.393587830049214826e+00
2.394412201506511018e+00
2.394977604589295872e+00
2.395358994479561687e+00
2.395611341301805641e+00
2.395774603342770259e+00
2.395877498905587988e+00
2.395940379960028732e+00
2.395977424161508385e+00
2.395998304035454218e+00
2.396009452348490942e+00
2.396015014459601300e+00
2.396017557835545375e+00
2.396018593489830373e+00
2.396018952319117545e+00
2.396019050161369623e+00
2.396019068212842384e+00
2.396019069735922269e+00
1.243100141456719543e+00
