#Upper limit for the Conditional distribution of radius given mass from initial fitting w/o bootstrap
8.159625143510950140e-01
-1.030942475912115658e-01
-1.030438715515314685e-01
-1.028115421069722007e-01
-1.021438579732969892e-01
-1.006376313594747329e-01
-9.770021481471957703e-02
-9.249996630659977626e-02
-8.391693899101063114e-02
-7.055052475057142780e-02
-5.096812857093231675e-02
-2.452370444515587083e-02
7.388410710391168403e-03
4.124246437495115297e-02
7.336972967354002395e-02
1.016750177714807607e-01
1.256142195652585059e-01
1.454906591615199585e-01
1.619258866817181175e-01
1.755947706748976211e-01
1.871162831161276852e-01
1.970184586030746532e-01
2.057359230486195956e-01
2.136203965208506861e-01
2.209550889944114083e-01
2.279689275711420382e-01
2.348489883699431402e-01
2.417506655150563066e-01
2.488056181435544523e-01
2.561277133907003956e-01
2.638171995080452192e-01
2.719632675767474361e-01
2.806451413205969247e-01
2.899316215746152725e-01
2.998791708078762941e-01
3.105284957118043532e-01
3.218998548135870719e-01
3.339876126603609219e-01
3.467550298955393573e-01
3.601307546600666654e-01
3.740086454028232477e-01
3.882521952173350055e-01
4.027036815612779486e-01
4.171966628119106457e-01
4.315693363978698183e-01
4.456760041698536456e-01
4.593947767015864603e-01
4.726309988996861278e-01
4.853169778972995507e-01
4.974092716727948060e-01
5.088847549991233343e-01
5.197364338654489879e-01
5.299695995611801713e-01
5.395986046821633630e-01
5.486443355857500981e-01
5.571323431438330864e-01
5.650915477231133188e-01
5.725534153084358424e-01
5.795515617433395494e-01
5.861216743183986777e-01
5.923017882734572526e-01
5.981328677939899974e-01
6.036598079105953696e-01
6.089328519030540177e-01
6.140096611794073622e-01
6.189582237679865928e-01
6.238609864576925013e-01
6.288207885089096560e-01
6.339695293377973773e-01
6.394811110451986691e-01
6.455913488238890219e-01
6.526296363333421446e-01
6.610718051256253558e-01
6.716337152840792246e-01
6.854509089904001762e-01
7.044635449911235137e-01
7.323785705793103284e-01
7.776470308291018041e-01
8.637436486736446151e-01
9.925000916959599850e-01
1.072612255577285234e+00
1.119442765155224562e+00
1.150299386938809398e+00
1.171808055744485655e+00
1.187124810180872014e+00
1.198051508317689473e+00
1.205763304731569452e+00
1.211101620862259587e+00
1.214702317693538980e+00
1.217055279874628360e+00
1.218535937001597125e+00
1.219426420644041054e+00
1.219932965068410313e+00
1.220201427339734579e+00
1.220330994493405763e+00
1.220385890936273032e+00
1.220405053647842575e+00
1.220409923475548331e+00
1.220410598421413306e+00
1.220410619068109881e+00
