#Weights for Beta densities from initial fitting w/o bootstrap
7.426482681332591046e-11
0.000000000000000000e+00
0.000000000000000000e+00
8.419878005869432825e-13
2.113420538424946255e-12
2.733237371930681990e-12
3.387126831093916831e-12
3.833518894478993683e-12
4.067176657635102153e-12
4.172456578014602204e-12
4.134282452889211654e-12
4.421659908996723612e-12
4.318670790828624732e-12
4.144806675989751981e-12
3.838522270557449823e-02
0.000000000000000000e+00
0.000000000000000000e+00
6.304677431569247775e-13
1.873452260653534108e-12
2.596190453622386193e-12
3.277423792328637896e-12
3.796676175625336171e-12
3.996813788554227530e-12
4.163856249200406999e-12
4.235244225629185614e-12
4.252886613635660951e-12
4.134523558318966796e-12
4.098583733956516813e-12
0.000000000000000000e+00
0.000000000000000000e+00
0.000000000000000000e+00
4.763180015361307316e-13
1.649072099604947709e-12
2.475120930394154016e-12
3.152503634938354753e-12
3.683582212300818308e-12
4.010637234276661314e-12
4.140952315829176351e-12
4.294942062195989974e-12
4.202725330084867778e-12
4.208977301758981156e-12
4.128601636827675569e-12
0.000000000000000000e+00
0.000000000000000000e+00
0.000000000000000000e+00
3.401090088254836691e-13
1.203768239833699885e-12
2.036297086593839039e-12
2.794764494654182795e-12
3.482157105330765578e-12
3.797231276436075507e-12
4.134980285828616122e-12
4.263329903313144022e-12
4.230146958015659996e-12
4.240013082008397582e-12
4.235861187876220530e-12
0.000000000000000000e+00
0.000000000000000000e+00
0.000000000000000000e+00
1.125505593496308188e-13
5.328402729915555275e-13
1.146032335812294926e-12
1.992004063110327941e-12
2.708264586955830506e-12
3.393625380303962570e-12
3.810686603751904505e-12
4.137897366257432047e-12
4.171892217453873186e-12
4.240472982067333113e-12
4.362079605660251630e-12
1.970642343049551406e-12
8.684293968303984067e-13
2.988423682229753853e-01
0.000000000000000000e+00
0.000000000000000000e+00
0.000000000000000000e+00
1.697589311011481466e-13
1.095090373913981877e-12
2.119607078401853395e-12
3.074379055180043223e-12
3.674101922544209577e-12
4.065414016652647447e-12
4.152393974185733293e-12
4.238834031364821523e-12
3.266411859080671908e-12
2.195895931161787163e-12
9.964284487486465210e-13
1.951354498310093610e-01
0.000000000000000000e+00
0.000000000000000000e+00
0.000000000000000000e+00
0.000000000000000000e+00
0.000000000000000000e+00
1.478595604732481296e-12
2.873783398854935092e-12
3.763778044624710605e-12
4.193152259714272846e-12
4.302478631523963872e-12
3.807823779322395923e-12
2.978843429164828753e-12
1.453616173770836502e-12
0.000000000000000000e+00
0.000000000000000000e+00
0.000000000000000000e+00
0.000000000000000000e+00
0.000000000000000000e+00
0.000000000000000000e+00
0.000000000000000000e+00
1.476206886820379491e-12
3.172127453408843492e-12
4.007970407531455813e-12
4.195269133030242785e-12
4.077881911683182047e-12
3.397975907275662244e-12
1.954369096481761917e-12
0.000000000000000000e+00
0.000000000000000000e+00
0.000000000000000000e+00
3.426628063405445790e-01
0.000000000000000000e+00
0.000000000000000000e+00
0.000000000000000000e+00
0.000000000000000000e+00
2.329384896723688164e-12
3.577596655520332098e-12
4.069960226884031361e-12
4.209961744140289464e-12
3.713101089382182258e-12
2.537354987907503116e-12
3.607046363151911203e-13
0.000000000000000000e+00
0.000000000000000000e+00
0.000000000000000000e+00
1.538402584023075974e-11
0.000000000000000000e+00
0.000000000000000000e+00
0.000000000000000000e+00
1.145341432741422662e-12
2.835934445486715733e-12
3.792540931080146303e-12
4.230644369387297559e-12
3.965634545088310310e-12
3.225471074767851642e-12
1.711120185645245578e-12
0.000000000000000000e+00
0.000000000000000000e+00
0.000000000000000000e+00
0.000000000000000000e+00
0.000000000000000000e+00
0.000000000000000000e+00
0.000000000000000000e+00
0.000000000000000000e+00
1.131410493128335808e-12
3.073508944986246763e-12
4.241558344223323819e-12
4.150015546636870207e-12
3.749100452399915213e-12
2.958675579993093954e-12
1.669202086850119362e-12
0.000000000000000000e+00
0.000000000000000000e+00
0.000000000000000000e+00
0.000000000000000000e+00
0.000000000000000000e+00
0.000000000000000000e+00
0.000000000000000000e+00
0.000000000000000000e+00
1.868840327177270767e-12
4.226700317012715267e-12
4.301939616706948025e-12
4.208998334365526486e-12
3.810801291525362385e-12
3.312029269092576928e-12
2.461046046438301688e-12
1.353977564773682072e-12
3.226326599924695568e-13
0.000000000000000000e+00
0.000000000000000000e+00
0.000000000000000000e+00
0.000000000000000000e+00
0.000000000000000000e+00
7.634197904321855045e-13
4.239189874989865182e-12
4.205732859853176459e-12
4.174753722307428846e-12
4.150275891397342650e-12
4.090435988239378897e-12
3.832562536946744841e-12
3.611731967286449435e-12
3.227069076049210118e-12
2.627371949668527419e-12
1.239238451000189590e-12
0.000000000000000000e+00
5.618455870710093933e-03
1.193556969297896453e-01
9.865349284489835383e-13
