#Akaike Information Criterion from bootstrap run
1.442032801822015927e+03
1.389922077345981506e+03
1.413479691773676450e+03
1.479676194257053794e+03
1.415456360123625473e+03
1.414429159759593631e+03
1.345845052363278455e+03
1.368555303416051856e+03
1.459297842028734522e+03
1.382730319111320114e+03
1.395534372993108718e+03
1.444242308044158563e+03
1.379059858946235636e+03
1.481004721652565877e+03
1.398016095685692790e+03
1.429135408555102231e+03
1.426918313210389442e+03
1.347529334209951458e+03
1.391515201460789740e+03
1.425672561809791205e+03
1.388897243755922773e+03
1.478356015973231706e+03
1.391236246585456911e+03
1.421758332372186715e+03
1.455880938208055341e+03
1.426972696573562871e+03
1.401384313082839981e+03
1.380707286486577914e+03
1.442165378452062214e+03
1.419550511255426045e+03
1.441058221054870046e+03
1.425829848316438529e+03
1.358395456020622987e+03
1.443063314997856196e+03
1.371184142998299649e+03
1.402821106136944309e+03
1.454697768695862806e+03
1.410593954653636956e+03
1.437371598985720539e+03
1.450055933006423857e+03
1.392809518933661593e+03
1.431303773238701297e+03
1.387781624925946517e+03
1.464545226539416035e+03
1.445910199082509962e+03
1.390192131512570995e+03
1.408488398678504382e+03
1.456719087926583143e+03
1.376811813129401116e+03
1.390402458860345860e+03
