#Weights for Beta densities from initial fitting w/o bootstrap
0.000000000000000000e+00
0.000000000000000000e+00
0.000000000000000000e+00
0.000000000000000000e+00
0.000000000000000000e+00
0.000000000000000000e+00
0.000000000000000000e+00
0.000000000000000000e+00
0.000000000000000000e+00
0.000000000000000000e+00
0.000000000000000000e+00
0.000000000000000000e+00
0.000000000000000000e+00
0.000000000000000000e+00
0.000000000000000000e+00
0.000000000000000000e+00
0.000000000000000000e+00
0.000000000000000000e+00
0.000000000000000000e+00
0.000000000000000000e+00
0.000000000000000000e+00
0.000000000000000000e+00
0.000000000000000000e+00
0.000000000000000000e+00
0.000000000000000000e+00
0.000000000000000000e+00
0.000000000000000000e+00
0.000000000000000000e+00
0.000000000000000000e+00
0.000000000000000000e+00
0.000000000000000000e+00
0.000000000000000000e+00
0.000000000000000000e+00
0.000000000000000000e+00
0.000000000000000000e+00
0.000000000000000000e+00
0.000000000000000000e+00
0.000000000000000000e+00
0.000000000000000000e+00
0.000000000000000000e+00
0.000000000000000000e+00
0.000000000000000000e+00
0.000000000000000000e+00
0.000000000000000000e+00
0.000000000000000000e+00
0.000000000000000000e+00
0.000000000000000000e+00
0.000000000000000000e+00
0.000000000000000000e+00
5.948566614676105424e-02
1.171486218184631486e-07
2.176551305712956077e-14
5.588045406695097828e-21
9.330629871707182395e-26
5.305217497551397691e-28
6.196000861292028048e-29
8.702306838763862229e-30
4.654176527261046951e-31
6.781007297101498147e-33
2.512015776467997312e-35
2.414455886508128793e-38
6.418606042909898530e-42
5.363531826974739086e-46
1.944307682557228061e-50
7.628200632683538616e-55
2.580693864058296594e-58
6.204570959166104221e-60
4.896812129229815344e-60
1.174085955752368159e-59
1.971388705684250715e-59
1.353866572457204076e-59
3.257329104934665524e-60
2.656225560566975312e-61
7.386446910431421153e-63
7.185135272486617175e-65
2.572514480227195349e-67
3.821792784965099454e-70
3.388011177305977065e-73
5.825781146089401351e-76
3.099705843186562123e-77
4.257822220291862047e-76
1.754208299399905646e-73
1.108591253694106086e-70
2.832918208283717349e-68
1.867156211393693358e-66
2.625754918963931451e-65
6.888789161970405869e-65
2.933921285575939202e-65
1.716352550304037951e-66
1.115203023012878438e-68
6.079186004362638066e-72
1.888937833912435257e-76
1.903484923731313597e-82
2.538510886030811791e-90
8.673124676993573523e-101
0.000000000000000000e+00
0.000000000000000000e+00
2.289348009650766266e-04
2.906175119356574835e-09
4.092743154311901781e-14
5.802021233528415247e-18
1.330192315097081098e-20
2.471999041533260883e-22
1.213027925542458542e-23
5.798840530065741674e-25
1.401253403936960588e-26
1.213230065978044858e-28
3.253075337343810062e-31
2.596889923984030779e-34
6.304543341504194501e-38
5.038334854028110607e-42
1.621453729628760855e-46
3.661566656162620158e-51
2.386096930809132952e-55
4.239778393703061578e-58
4.297084255639557658e-59
3.881542780654270871e-59
4.531533093275798035e-59
2.744969829817311228e-59
6.325559828869414658e-60
5.084486511707866721e-61
1.408884019004908702e-62
1.372386514170391883e-64
4.934237486814386626e-67
7.363978911405122702e-70
6.497154118238060076e-73
1.064699929133580107e-75
4.925076032502675179e-77
5.739618783280557229e-76
2.170563680270732032e-73
1.332472490591871425e-70
3.375582349245196300e-68
2.219093948924884034e-66
3.118246336019950299e-65
8.178891405233243022e-65
3.483109446272418159e-65
2.037580183467244298e-66
1.323911015539565245e-68
7.216875434967323442e-72
2.242441353067374075e-76
2.259710255224869924e-82
3.013577110445220895e-90
1.029624471543191307e-100
0.000000000000000000e+00
0.000000000000000000e+00
7.433758474681215460e-07
1.535664637155541395e-09
1.044239717320491952e-11
1.367145200833101226e-13
2.394868728102382505e-15
5.561427122199011357e-17
1.520180077322086289e-18
3.424028188570313346e-20
4.297915426418660940e-22
2.286959042923589825e-24
4.453294993324848741e-27
2.992235792606708644e-30
6.942439680057083611e-34
5.868729527754826151e-38
2.071270422921213268e-42
4.272045465634169729e-47
1.197641937275347187e-51
2.464177584468297400e-55
1.854579013114334132e-57
3.037118701619187310e-58
1.621414609752298163e-58
7.218027264284497411e-59
1.479688733772805844e-59
1.137353503605788835e-60
3.099285991912677125e-62
3.004525853230443415e-64
1.081364668846397574e-66
1.618126691479596856e-69
1.416895858832150724e-72
2.191848193044909078e-75
8.585784491824002731e-77
8.199570091947749130e-76
2.790032944533595336e-73
1.652053392600895301e-70
4.140110419825611704e-68
2.712949985342612755e-66
3.808496449704389312e-65
9.986351428774041541e-65
4.252442455167268022e-65
2.487556597086704902e-66
1.616266125471097186e-68
8.810527980658951803e-72
2.737621371870336873e-76
2.758702725511381250e-82
3.679039154959881736e-90
1.256987453367247691e-100
0.000000000000000000e+00
0.000000000000000000e+00
4.747237995004317985e-08
4.202795065416794724e-08
1.352212979907211868e-08
1.223398346053003095e-09
4.994468734541845721e-11
1.481070555853091224e-12
3.580304666541361167e-14
5.912009032390896566e-16
5.242658403672968392e-18
2.088972002203783496e-20
3.381576565460539538e-23
2.134413071327427873e-26
5.279142565634186461e-30
5.368041416136489884e-34
2.490521110367951556e-38
6.533510723707564234e-43
1.566263642774388169e-47
9.566121953441178940e-52
6.732117779024793136e-55
1.098822479122301330e-56
1.457026333443047527e-57
3.372216621197069933e-58
5.218239399292139391e-59
3.548721668824834440e-60
9.131712895836271145e-62
8.594720650341457595e-64
3.041916872562788016e-66
4.495381521826970041e-69
3.842316959483839269e-72
5.459412833794977791e-75
1.719789950859875825e-76
1.268741512857533900e-75
3.762075629651859681e-73
2.125554055152799700e-70
5.252742164561382904e-68
3.427853791356063979e-66
4.806107086020680964e-65
1.259737684549706608e-64
5.363638019146895864e-65
3.137454134215642410e-66
2.038505874786223922e-68
1.111218128014246965e-71
3.452790367887034025e-76
3.479377519249614107e-82
4.640139109379617593e-90
1.585358607587274158e-100
0.000000000000000000e+00
0.000000000000000000e+00
7.787584279827471119e-08
2.864691173786620365e-06
5.189232552407349724e-06
1.212616624802033684e-06
9.459098091293414544e-08
4.254032719571784065e-09
1.231896951152036169e-10
2.043281987310395189e-12
1.682245284713436151e-14
6.256920889312371793e-17
1.004550678917430103e-19
6.895064800422338715e-23
2.064921311800997520e-26
2.836558595880687142e-30
1.946111164968009979e-34
7.704699961159843993e-39
2.333597569348792418e-43
9.803408962965319705e-48
1.653755110263665518e-51
3.291376462939804041e-54
7.459229491394240930e-56
6.029005395471949392e-57
5.417693977318850957e-58
2.774224012236581393e-59
6.050763947132219375e-61
5.092151545596082075e-63
1.651959381482739757e-65
2.256202875038452729e-68
1.751934530171477513e-71
2.074787047810968166e-74
4.550096900590206314e-76
2.250362843522746866e-75
5.425129065032145692e-73
2.862867969868251215e-70
6.936920716327611495e-68
4.501405324421667981e-66
6.300779906993286502e-65
1.650671317129800063e-64
7.027023725766848131e-65
4.110244872461020794e-66
2.670517101787528420e-68
1.455728857718217412e-71
4.523250784056273117e-76
4.558078244784263069e-82
6.078706127864206378e-90
2.076861990593378950e-100
0.000000000000000000e+00
0.000000000000000000e+00
2.978813068003286530e-07
6.280660788727105955e-05
2.818088517724414072e-04
1.393430977651017840e-04
2.164139948436117087e-05
1.681751130710825077e-06
6.971236119284190834e-08
1.422936335584338748e-09
1.333584966660227520e-11
5.581700567100113407e-14
1.044720694289528811e-16
8.913614022994073089e-20
3.588880191518739443e-23
7.175243831376151916e-27
7.644220266046380245e-31
4.825567912917415233e-35
2.194927949879760396e-39
1.082508387404599884e-43
1.249753810049749212e-47
8.883142264781599884e-51
5.648459867999738768e-53
1.615992178797837133e-54
7.128001183216507967e-56
2.242915747812941737e-57
3.400129858999288778e-59
2.117502914175198485e-61
5.235235112609722541e-64
5.472560420556618302e-67
3.126123478380154425e-70
2.334411485320295314e-73
2.392700662908352542e-75
5.387938535976649597e-75
8.775779574649360202e-73
4.100313492843017659e-70
9.616263954553336654e-68
6.185544865168573709e-66
8.636875054810784678e-65
2.261051522926398349e-64
9.623355944817445727e-65
5.628509210794572985e-66
3.656888633735260495e-68
1.993397414692197826e-71
6.193884598206646637e-76
6.241570910577996284e-82
8.323829590574404360e-90
2.843934819984474448e-100
0.000000000000000000e+00
0.000000000000000000e+00
4.827182962067273211e-07
2.509498647534398478e-04
2.328536034312746195e-03
2.509718991639636049e-03
8.357700262724042850e-04
1.223782499368315389e-04
8.112881929478459961e-06
2.336647208670352978e-07
2.892479248405295964e-09
1.572045079934672460e-11
3.883496390734094665e-14
4.534207988631883477e-17
2.613100070312952352e-20
7.819117145001367102e-24
1.295549803508541540e-27
1.313580607237616076e-31
9.898738169278057271e-36
8.277675865280722249e-40
1.550991484513180577e-43
1.444939942463452394e-46
8.506735021681966884e-49
1.710794247206829933e-50
4.711548975210573744e-52
9.040354277809677024e-54
8.408254444591385019e-56
3.230462304297867919e-58
4.891149752939809121e-61
3.028154020023570687e-64
9.255854681339610045e-68
2.751055247276178963e-71
6.219194383666621905e-74
2.644482604607860771e-74
1.798865327751955808e-72
6.454152711449521479e-70
1.417443323139284240e-67
8.971520468897629690e-66
1.247491442371389530e-64
3.262100386566938985e-64
1.387940970708948025e-64
8.116990864537681824e-66
5.273514822450037975e-68
2.874604974678527347e-71
8.931945492220119243e-76
9.000703098334774896e-82
1.200343567510679848e-89
4.101115339271740346e-100
0.000000000000000000e+00
0.000000000000000000e+00
1.848245448997547686e-07
1.892988988413066580e-04
3.782398394846865890e-03
9.679683535777432526e-03
7.394668589511036415e-03
2.165715230634154484e-03
2.478831339942690342e-04
1.110781286509538963e-05
2.020160903868843991e-07
1.574659306135651488e-09
5.558837295474033443e-12
9.352216184908566523e-15
7.881501945588343517e-18
3.516567241567317843e-21
8.962405971109806175e-25
1.491724887591694516e-28
2.123220554584840142e-32
4.297038264164858369e-36
2.560378303237054089e-39
7.784468627612653425e-42
1.031570872352371773e-43
2.807524513829649833e-45
7.236566679975234768e-47
1.066987765193715646e-48
6.918343343263217375e-51
1.749020849710301111e-53
1.651916730972404696e-56
5.907267174868872197e-60
8.914892817577758034e-64
8.678547869450046587e-68
2.448006247730886115e-71
5.837495286021077915e-73
6.153199131554470922e-72
1.199047059053483686e-69
2.271153404452837994e-67
1.389519319063229133e-65
1.916623463115532072e-64
5.001652658061465573e-64
2.126911542598088102e-64
1.243671530057174890e-65
8.079612764337239059e-68
4.404152724129156603e-71
1.368448050188910197e-75
1.378980312332961388e-81
1.839022316032234794e-89
6.283235677475143813e-100
0.000000000000000000e+00
0.000000000000000000e+00
1.598931987499227157e-08
3.314547809438434211e-05
1.599464107523537477e-03
1.068548060930820873e-02
1.977391391470334145e-02
1.208899215920007132e-02
2.524792217357358769e-03
1.884321496648790561e-04
5.392962706621501849e-06
6.379983079799590139e-08
3.337585260883175393e-10
8.201889474315267120e-13
1.005856799137803354e-15
6.627520570404901701e-19
2.633459886257452138e-22
7.834997141624070943e-26
2.626505678190895238e-29
1.883483160155234726e-32
5.474232502702519118e-35
7.285469366802342777e-37
2.552352186621470154e-38
1.082249294935263331e-39
3.075357400709116793e-41
4.165831084946487370e-43
2.262260717831488140e-45
4.531556262393648144e-48
3.229313068615438628e-51
8.156645550617806116e-55
7.654265828965045040e-59
3.310233290090504625e-63
1.583675020290955454e-67
1.285098663796309517e-70
5.692702804097482453e-71
3.027808780034117897e-69
4.113949079095792067e-67
2.336587062400237757e-65
3.169452319723080425e-64
8.238322688534488659e-64
3.499767227628159363e-64
2.045869003078867381e-65
1.329012143476066102e-67
7.244206981692650182e-71
2.250887175206750280e-75
2.268206081771908859e-81
3.024900791378498173e-89
1.033492641833279220e-99
0.000000000000000000e+00
0.000000000000000000e+00
3.630187557918186825e-10
1.738227639696739795e-06
2.334841626206003923e-04
4.438617292591682389e-03
2.065941503087412312e-02
2.708377061771310296e-02
1.068491961082950435e-02
1.380079129254685715e-03
6.416435402139674272e-05
1.173098467501807187e-06
9.119875258007425017e-09
3.246827242380533060e-11
5.748652484320749964e-14
5.672486000587750710e-17
3.777938186463247000e-20
2.401210480099678189e-23
2.558987561005973428e-26
8.813602886072794963e-29
1.344551697468701139e-30
6.445916464634794680e-32
4.711554019225168357e-33
2.750345895829634652e-34
8.518332634351538521e-36
1.122120564856383403e-37
5.611009438501595537e-40
1.003884432550713184e-42
6.230005594341886858e-46
1.324379146410647963e-49
9.777997181231667003e-54
2.764075056288917808e-58
4.675015795829210105e-63
2.670083870413556470e-67
2.441374746904123354e-69
1.314327680970095667e-68
9.008681303352385394e-67
4.371997525173691928e-65
5.727630447639736605e-64
1.476955470390447373e-63
6.262181116296683078e-64
3.658857689732182707e-65
2.376489704578440898e-67
1.295330285383714651e-70
4.024742877287678059e-75
4.055695029723511667e-81
5.408706293876121475e-89
1.847946912200177538e-99
0.000000000000000000e+00
0.000000000000000000e+00
2.716710822116491717e-12
3.623709855211975916e-08
1.564536156483636972e-05
9.003109065870946526e-04
1.068452918714211421e-02
3.021365618259838626e-02
2.272463330514576732e-02
5.115523753719331164e-03
3.860041207364390344e-04
1.080286743984155570e-05
1.231259554442136798e-07
6.301695959885250464e-10
1.635660140994548492e-12
2.582597777337712975e-15
3.363263958603358713e-18
5.913310838086355127e-21
2.637521439812274192e-23
4.654837533493599803e-25
2.868692890695015113e-26
3.353785149374316258e-27
3.821359887326288441e-28
2.650317342035155510e-29
8.521835222956833634e-31
1.097436496520605581e-32
5.229859091582885225e-35
8.815219922939007108e-38
5.112377695186370894e-41
1.003793706287268155e-44
6.663715504852649622e-49
1.559857406210442556e-53
1.608436309073065028e-58
1.938131934759531828e-63
5.772747939837194125e-67
1.320293605447533604e-67
2.647539431619908651e-66
9.441311997267368632e-65
1.154041220979479004e-63
2.929111466928314167e-63
1.237195526135655809e-63
7.221608322783121420e-65
4.689303108164975242e-67
2.555761144262922681e-70
7.940870283712508854e-75
8.001883804177010151e-81
1.067135098044476796e-88
3.645987727347553093e-99
0.000000000000000000e+00
0.000000000000000000e+00
8.915820683731557877e-15
4.097612259321117480e-10
6.381534050338911087e-07
1.132834410095411883e-04
3.363534574481331051e-03
2.009236048284689796e-02
2.828655002575425348e-02
1.087826774152377343e-02
1.303067696463441156e-03
5.473354073775000639e-05
9.067765594081538725e-07
6.781933868566395126e-09
2.746712979522648669e-11
7.949733039916152595e-14
2.531498996798100359e-16
1.581865266302545976e-18
3.232393647641404452e-20
2.332815289595693289e-21
3.825833720609769158e-22
7.573088904145907875e-23
1.080283667880673014e-23
8.017151895654841476e-25
2.572689766642851218e-26
3.219692298264478236e-28
1.479976892395684070e-30
2.406627505727813930e-33
1.349888538218866847e-36
2.567634901228596999e-40
1.644499351296261090e-44
3.611696397573493651e-49
3.058443431918669556e-54
1.721767061926499033e-59
4.979427477833437200e-64
3.902558632520101737e-66
1.206673264811391249e-65
2.483852722610754144e-64
2.664368783489086306e-63
6.558846942015832769e-63
2.749677001289405254e-63
1.601902422154206608e-64
1.039630985119131554e-66
5.665339032707456888e-70
1.760168402730253086e-74
1.773668174363269904e-80
2.365362278284907233e-88
8.081516918663353067e-99
0.000000000000000000e+00
0.000000000000000000e+00
1.809180678935848970e-17
3.473982486334734685e-12
2.048381824900475527e-08
1.079605775847651039e-05
7.593887914711597168e-04
9.144163306282598533e-03
2.315660425176073456e-02
1.469826295165170375e-02
2.723315032090171690e-03
1.699503500164541723e-04
4.161275323944214551e-06
4.823924885903456934e-08
3.437912271568187876e-10
2.207095578189173472e-12
2.137119991695177507e-14
5.257796438465193024e-16
4.151753283073805261e-17
8.283534021615361412e-18
2.444832419216534725e-18
6.310879581722978837e-19
9.811245544053160300e-20
7.310448734045847982e-21
2.284324465996824226e-22
2.765264290842639501e-24
1.234101718922799930e-26
1.964364556471388311e-29
1.089572018899622648e-32
2.072650035243749381e-36
1.342042153626121256e-40
2.988471056836249785e-45
2.456530688491494823e-50
1.028786177539164216e-55
8.033027942628969505e-61
3.562014568048276448e-64
1.016652420395035660e-64
8.621985546316110265e-64
7.326545887566701594e-63
1.702901876854894901e-62
7.035845632894397326e-63
4.083057424457927314e-64
2.647016585894226499e-66
1.442008672055467146e-69
4.479767337526293427e-74
4.513995332512059085e-80
6.019806000630331269e-88
2.056726334849626859e-98
0.000000000000000000e+00
0.000000000000000000e+00
3.320274326838835484e-20
2.960810253474422091e-14
6.306040476616286740e-10
8.991582731256466917e-07
1.381438239785364927e-04
3.151431929494710911e-03
1.369439969241660442e-02
1.388968023353776525e-02
3.930209314178504873e-03
3.698917163990922429e-04
1.412078341901482950e-05
2.815122103359463501e-07
4.134282399107960007e-09
7.040008297966518633e-11
2.279600702549460011e-12
1.951951832503028706e-13
4.231539066000868040e-14
1.585041934699236547e-14
6.331465375478870476e-15
1.810800988507313430e-15
2.830994026837546602e-16
2.044053026623629609e-17
6.142505306110643694e-19
7.192422159984013639e-21
3.141695817711757303e-23
4.968527863268067215e-26
2.786842671743198502e-29
5.473065893430725267e-33
3.748642956043117170e-37
9.059191506488280440e-42
8.152898458022517743e-47
3.375816153693996020e-52
1.473110578846153778e-57
8.671579853716853323e-62
1.911698539870741197e-63
4.442856850722534489e-63
2.540408889337185873e-62
5.313357664523142631e-62
2.134374676658475970e-62
1.229031905456939931e-63
7.949963386279494578e-66
4.328049169266411191e-69
1.344291993272394396e-73
1.354480278669319777e-79
1.806282897024707379e-87
6.171307858620260274e-98
0.000000000000000000e+00
0.000000000000000000e+00
7.802371336320371448e-23
3.110044312822805490e-16
2.091213779372772058e-11
7.127737554353357184e-08
2.188544580758592357e-05
8.896334947287857413e-04
6.375971425048006583e-03
1.015718577078627595e-02
4.433276830712867302e-03
6.575218196030910116e-04
4.257779043806176759e-05
1.651580211038762869e-06
5.726269883443555992e-08
2.784507801455448747e-09
2.750568835776825399e-10
6.172830542001068860e-11
2.568266857362756726e-11
1.349898428211294340e-11
6.099530037211785700e-12
1.760717019994043179e-12
2.651344680916270959e-13
1.824196664823553657e-14
5.258412338664842425e-16
5.993993818846056144e-18
2.597934653430065211e-20
4.169725993606943330e-23
2.437722285930253771e-26
5.153644642178877415e-30
3.953785496782109209e-34
1.122264216772794992e-38
1.242554499759220778e-43
6.279535229647707437e-49
2.500637738333146844e-54
4.563798001275238643e-59
9.550577120685189241e-62
4.024840186659227123e-62
1.209990303564718697e-61
2.093701142734307958e-61
7.971717113298766237e-62
4.520369955138649414e-63
2.910814317875355715e-65
1.582540992667329586e-68
4.913340545818110514e-73
4.949943722262461785e-79
6.600789585927066245e-87
2.255183638906866483e-97
0.000000000000000000e+00
0.000000000000000000e+00
2.917653076993774751e-25
4.367603864970061152e-18
7.783171702659100939e-13
5.613418618604108204e-09
3.185418468940816117e-06
2.197542880921991414e-04
2.534785693122969946e-03
6.347085581206791602e-03
4.400134731021611290e-03
1.092164411523068512e-03
1.308591457373009591e-04
1.083146854321716432e-05
9.280354772445818171e-07
1.196445191459101991e-07
2.873827014695158954e-08
1.238990363749740360e-08
7.490425731979794712e-09
4.587282363139720839e-09
2.117527265271441328e-09
5.877996932114771756e-10
8.364732062282131958e-11
5.467748419311262339e-12
1.522583923245466016e-13
1.715311273171183199e-15
7.551318095914048844e-18
1.271315486277322872e-20
8.103162374206270489e-24
1.958169858639627589e-27
1.820287532396440130e-31
6.715582086034093504e-36
1.042455540210273010e-40
7.731022069137334124e-46
3.948032648134238432e-51
4.394890696225855772e-56
1.416040807025909405e-59
7.952924618406329530e-61
8.961160654387780213e-61
1.116334865996752030e-60
3.850489235369976131e-61
2.120272983186148256e-62
1.353326503044634069e-64
7.338012499063745370e-68
2.276358804404577568e-72
2.292724674642870968e-78
3.057118103192754422e-86
1.044448999943126931e-96
0.000000000000000000e+00
0.000000000000000000e+00
1.802743038889972740e-27
8.039427638668584043e-20
3.229434957845008074e-14
4.464164286263077374e-10
4.407152505858894269e-07
4.983096818375764870e-05
9.134880648847035732e-04
3.631890552903506431e-03
4.131971354642218278e-03
1.804776259099535136e-03
4.211356578547129775e-04
7.566824719412364468e-05
1.500203020622693218e-05
4.294513892984188885e-06
1.944661348616637620e-06
1.256126179281175044e-06
9.208454911090294381e-07
5.914172676372880253e-07
2.650028166886013653e-07
6.938227932560852927e-08
9.315635338002773469e-09
5.840346908532315331e-10
1.600229120942029547e-11
1.831283951385938649e-13
8.505188451824294825e-16
1.580175292588313446e-18
1.173347498948230039e-21
3.527250345459321933e-25
4.411937521063262446e-29
2.396483593476058204e-33
6.009214986238300241e-38
7.680710331165046358e-43
6.320369730978704943e-48
6.823983245948248988e-53
6.075802636121714968e-57
4.213603170145642418e-59
1.210674071385377288e-59
8.830880531359987383e-60
2.562537695751514764e-60
1.338024217278828119e-61
8.402373537692770602e-64
4.533112119244015862e-67
1.404039619128264940e-71
1.413439636196457355e-77
1.884387204188064758e-85
6.437601379948603743e-96
0.000000000000000000e+00
0.000000000000000000e+00
1.670241532459314207e-29
1.805408390016566193e-21
1.444826056373344685e-15
3.551753040233817448e-11
5.814766017774385842e-08
1.047095881981340829e-05
3.016703647783110492e-04
1.914061980985952947e-03
3.633736267376504875e-03
2.838884316235544981e-03
1.281247817300408456e-03
4.700612589819379706e-04
1.879877338051250905e-04
9.790640021129537224e-05
6.783256789002563736e-05
5.563408567038795522e-05
4.460635867614024745e-05
2.854027522095964052e-05
1.219204192000962985e-05
3.015196245586865280e-06
3.872464572582778576e-07
2.383804045909433659e-08
6.644254365915607244e-10
8.076616907333813804e-12
4.194785032706619571e-14
9.263729250136301058e-17
8.788290182873771583e-20
3.671039274675687223e-23
7.009715135326922851e-27
6.409148613987957990e-31
2.952353851612352505e-35
7.278639580892505947e-40
1.088225975763121117e-44
1.482779734563533255e-49
6.176484905214079669e-54
6.527838447110963333e-57
3.511091109133971117e-58
1.158184893957941075e-58
2.540945002066933517e-59
1.213274328877264700e-60
7.409016606545372388e-63
3.962446746588391254e-66
1.223927118264363373e-70
1.231054435009376177e-76
1.640781002126549946e-84
5.604889190321858940e-95
0.000000000000000000e+00
0.000000000000000000e+00
2.002072366250427684e-31
4.513092193629705189e-23
6.566444160224316250e-17
2.696836982557249625e-12
6.996560287482043532e-09
1.944019919053461633e-06
8.633361567078581182e-05
8.649722690064599959e-04
2.713075063311383168e-03
3.702166353215365600e-03
3.052421077220360789e-03
2.057035880460674447e-03
1.426976395250782346e-03
1.144692594274131095e-03
1.051631224562430853e-03
9.944732126654165852e-04
8.295642772585657982e-04
5.204134229440756558e-04
2.131469093764340407e-04
5.077524098861780179e-05
6.430318789580298406e-06
4.049750415973030454e-07
1.211064253947864916e-08
1.672825602249992215e-10
1.056234496300158855e-12
3.065889491612469458e-15
4.174229346943717989e-18
2.751059700040970454e-21
9.109919554261890722e-25
1.569082354273811142e-28
1.438625848186529064e-32
7.107388663719696818e-37
1.966092167558593246e-41
3.761912761701400995e-46
1.076973747844693275e-50
2.624237545810099934e-54
2.412050058719005253e-56
2.814219551709593016e-57
4.102904920792665224e-58
1.708248575389551665e-59
9.984745851560968921e-62
5.266500383284062280e-65
1.619601807741225358e-69
1.626761770532157907e-75
2.167224145561838228e-83
7.402173495282488215e-94
0.000000000000000000e+00
0.000000000000000000e+00
2.670653268757479017e-33
1.125711430128377510e-24
2.756453250457245456e-18
1.779450290902665833e-13
6.965600924539780180e-10
2.873860719838909948e-07
1.909036223031125221e-05
2.939513680133959395e-04
1.473508917947210757e-03
3.334909833536442176e-03
4.631856076879221906e-03
5.127576533649469241e-03
5.430587538918702807e-03
5.963394225720656909e-03
6.663109190915231933e-03
6.926050955397928741e-03
5.924623854927570099e-03
3.678641002619649145e-03
1.482455328424386572e-03
3.535877037600732627e-04
4.645638968612836073e-05
3.190717917720403944e-06
1.107268311013592367e-07
1.909283771058603300e-09
1.634554002464346603e-11
7.038190137254096734e-14
1.559401567712189602e-16
1.825452489800117342e-19
1.153494854588332741e-22
3.961669985402713834e-26
7.288364993450753267e-30
6.951789033523574987e-34
3.370048357347266326e-38
9.153958848182275032e-43
2.291846431506731755e-47
2.040200877804944827e-51
3.803527391848801651e-54
1.368174513530228306e-55
1.177630824022513258e-56
4.065615634354813491e-58
2.234771757408853768e-60
1.155736346956387957e-63
3.531915059743278627e-68
3.540388868962431512e-74
4.713571208475080819e-82
1.609595244109365234e-92
0.000000000000000000e+00
0.000000000000000000e+00
3.409805382727125718e-35
2.451669850168733327e-26
9.377624194707260224e-20
8.939589211371036234e-15
5.014502978987462059e-11
2.944815871075027021e-08
2.821058810366547004e-06
6.434804687326677096e-05
4.927327280537814993e-04
1.739212875571058978e-03
3.751777820549752687e-03
6.205199779494466154e-03
9.139616431484474599e-03
1.275333337812748977e-02
1.656985607953079254e-02
1.866382151142144744e-02
1.655893338192109682e-02
1.049865540562634411e-02
4.363860355045761676e-03
1.108428962461576643e-03
1.630572785353944908e-04
1.338040122379744227e-05
5.990048784614017330e-07
1.450842629488033949e-08
1.907548060986674048e-10
1.376408978577535553e-12
5.520020851391984467e-15
1.238947244898703745e-17
1.545802232606357716e-20
1.044066652198507876e-23
3.639016504083965707e-27
6.150705130380589319e-31
4.793684369031188526e-35
1.790445050476939123e-39
4.494565959518123104e-44
2.164652264554060493e-48
1.162557944990108037e-51
1.341693861119550773e-53
6.429638015391873693e-55
1.776668811818004888e-56
9.058094915079564782e-59
4.571113057995007243e-62
1.385936444445712688e-66
1.385733027766737237e-72
1.843412571352764778e-80
6.293266001158707531e-91
0.000000000000000000e+00
0.000000000000000000e+00
3.556149379194017696e-37
3.999788831575088224e-28
2.222846659924674829e-21
2.946881005663224146e-16
2.255558958132382908e-12
1.810470049370763160e-09
2.411547440388205942e-07
7.842857116539244666e-06
8.760308018540467030e-05
4.550565248222725699e-04
1.423417646380570984e-03
3.275276424703921913e-03
6.307929830479270736e-03
1.073560034073589402e-02
1.597977399660213335e-02
1.972192976668877759e-02
1.877919080800257573e-02
1.283568326559680374e-02
5.916823093527044490e-03
1.750699571204957341e-03
3.204978904270691458e-04
3.539232731480983435e-05
2.321007417508274829e-06
8.966453264521666594e-08
2.032872811011549801e-09
2.694277987827188621e-11
2.067758740434442756e-13
9.003289021419344364e-16
2.146281210601506311e-18
2.658093791264994002e-21
1.598628071152382630e-24
4.332062034501466422e-28
4.974446821262767447e-32
2.448508729973150791e-36
6.636316036696821363e-41
2.315989942192608035e-45
5.386705305825490162e-49
2.472243094930233966e-51
6.881254734299327841e-53
1.523474302174254433e-54
7.189060909274126990e-57
3.536242831375049544e-60
1.063276478512169520e-64
1.060254504888012163e-70
1.409201876439516995e-78
4.809564179210493538e-89
0.000000000000000000e+00
0.000000000000000000e+00
2.574435186914641693e-39
4.178445324867396062e-30
3.160284839327750930e-23
5.530487416738556309e-18
5.541407534460153512e-14
5.873861758529646295e-11
1.053795262463246546e-08
4.721979370974378401e-07
7.386341363120127191e-06
5.379004205189991084e-05
2.314282334738659397e-04
7.052931982614709999e-04
1.713304350777207540e-03
3.502736377819808643e-03
6.029776520552975437e-03
8.442636292866092379e-03
9.154006634678732435e-03
7.323317896221885094e-03
4.151308210402264443e-03
1.615020482797742754e-03
4.203085986076775206e-04
7.158674481643982200e-05
7.818529141772497773e-06
5.364271060709980142e-07
2.260119939800897864e-08
5.690976899750566552e-10
8.275674135310820042e-12
6.653002988794965671e-14
2.799921247498401787e-16
5.778115029575873383e-19
5.429387406516882113e-22
2.151551747248538519e-25
3.378960660708186967e-29
2.107213859326271685e-33
6.424484867537540065e-38
2.002825475604060433e-42
2.969310950164093858e-46
7.559773615893571808e-49
1.423062552446040021e-50
2.656219152844309582e-52
1.178533227300560708e-54
5.678016566824650411e-58
1.695640516926078764e-62
1.687051929554492776e-68
2.240657948978022476e-76
7.645519466501103833e-87
0.000000000000000000e+00
0.000000000000000000e+00
1.108795899838684446e-41
2.421923775159274457e-32
2.362426001036115705e-25
5.237601886995342092e-20
6.654283668109047021e-16
9.070517657449418620e-13
2.136718219683532610e-10
1.282455212340086196e-08
2.716967128399537785e-07
2.670571955196416685e-06
1.521648520125889723e-05
5.958376531551751762e-05
1.799018777347217621e-04
4.451556424541334880e-04
9.168242043763731412e-04
1.549883005066682914e-03
2.095011359850695171e-03
2.204372404556525448e-03
1.762268334525673216e-03
1.044983199079102358e-03
4.470710074682171823e-04
1.334593000635632680e-04
2.673750850589058490e-05
3.444330012006214492e-06
2.726716066157880506e-07
1.265044760005195144e-08
3.269687142394448286e-10
4.454260800423392581e-12
3.007232050952977444e-14
9.398387674783658875e-17
1.263323743316051376e-19
6.785169811156077773e-23
1.373458450122586794e-26
1.051027567484269720e-30
3.704483076195602981e-35
1.210425862411123221e-39
1.618408183129684880e-43
3.366008114391301328e-46
5.412706377719373285e-48
9.371620498896454208e-50
4.040850314079844509e-52
1.927517202071255271e-55
5.736883743894697058e-60
5.701451842575395966e-66
7.569588547640897017e-74
2.582569587891570046e-84
0.000000000000000000e+00
0.000000000000000000e+00
2.485093473638687315e-44
6.911407593451970717e-35
8.348607823286698560e-28
2.275996535153737729e-22
3.584119230528807722e-18
6.162536001939609461e-15
1.869421265060931231e-12
1.469506923647867593e-10
4.106648989647373658e-09
5.296852695819399485e-08
3.899941141595684156e-07
1.936172913594931045e-06
7.310051562404061771e-06
2.261822974565936892e-05
5.943762132988946898e-05
1.338464504593649238e-04
2.568864918388665160e-04
4.145798206144134875e-04
5.501466781621871605e-04
5.796668374842666718e-04
4.619378322922409238e-04
2.624410673191212282e-04
9.974356534683700938e-05
2.381588332142680812e-05
3.367041147626487575e-06
2.665206705721778784e-07
1.117997416239785653e-08
2.347759372746848286e-10
2.321535526541153463e-12
1.011433111121746975e-14
1.809313963510026896e-17
1.239913018668901260e-20
3.089533595662527448e-24
2.835518791680716378e-28
1.188318379814345005e-32
4.703115819926399898e-37
7.849619215920830260e-41
1.982019381196664838e-43
3.543257825877164732e-45
6.385628243288786726e-47
2.788617160176647915e-49
1.335276500508657858e-52
3.978697706493244088e-57
3.955464182037399715e-63
5.252051182240664061e-71
1.791936254705257299e-81
0.000000000000000000e+00
0.000000000000000000e+00
2.600297800976717584e-47
8.839300711829634426e-38
1.284986145046227431e-30
4.221192854541704935e-25
8.113710410884222996e-21
1.735860829457610813e-17
6.681352153786250720e-15
6.757718730781847158e-13
2.441318902121775658e-11
4.053827062626330481e-10
3.813002211338047862e-09
2.412241662312668911e-08
1.174977743334081145e-07
4.856841974490334701e-07
1.811095106637245061e-06
6.279800322092776896e-06
2.033372992299082752e-05
6.021905460273041202e-05
1.557308154127394744e-04
3.282803023455417991e-04
5.193000221614611344e-04
5.659569187139808135e-04
3.926163035138496697e-04
1.618664739055199002e-04
3.739509436964322058e-05
4.592843413334058072e-06
2.849322789699717353e-07
8.462182131042452308e-09
1.134618545549566095e-10
6.442470418933191174e-13
1.448079514388864076e-15
1.207837417904922527e-18
3.580119165626393924e-22
3.897511074376201589e-26
2.026842423254592002e-30
1.143083902384915838e-34
3.316231592413537995e-38
1.477507994118718677e-40
3.720987772592978948e-42
7.727764350416415296e-44
3.544970954329520651e-46
1.724904715317194991e-49
5.166179112278544737e-54
5.144476541047887165e-60
6.834436962005312069e-68
2.332223037044397058e-78
0.000000000000000000e+00
0.000000000000000000e+00
1.167133575576730025e-50
4.713577437415734584e-41
8.090845911453219930e-34
3.160888660917556990e-28
7.341238513427174136e-24
1.935243518000375131e-20
9.343031646683059611e-18
1.199157078566556784e-15
5.520986571375345019e-14
1.169247540647568525e-12
1.411100503141746553e-11
1.171824458500311528e-10
7.878180491276372042e-10
4.879552492631000446e-09
3.036449825162622447e-08
1.969915249878030089e-07
1.312152784813452268e-06
8.425567082308398003e-06
4.730891943504245985e-05
2.075075204562502309e-04
6.371956224261184727e-04
1.246428926060345974e-03
1.440602611165633972e-03
9.278602329655801732e-04
3.175025826160873701e-04
5.525664620315613067e-05
4.675109797016137034e-06
1.828817407958941992e-07
3.125685584313786129e-09
2.193249573078898237e-11
5.922175471852802213e-14
5.800874779761479481e-17
2.000404021408664306e-20
2.598977018953493090e-24
1.806698646734495724e-28
1.797343629234624900e-32
1.293223091302434277e-35
1.394697414876626139e-37
5.822426801407992681e-39
1.483381891383516823e-40
7.304012175138661982e-43
3.637544871526245508e-46
1.097681301859878368e-50
1.095724587008751512e-56
1.456816943368724373e-64
4.972599995839621091e-75
0.000000000000000000e+00
0.000000000000000000e+00
2.103714177770305984e-54
9.905047490019269854e-45
1.983234643344329223e-37
9.138350028044739650e-32
2.547145058791768268e-27
8.212908731478270174e-24
4.928277296236256989e-21
7.945705998373886100e-19
4.628470681490950686e-17
1.254905589697406879e-15
1.997556876586977508e-14
2.330211447779050502e-13
2.445279004024581521e-12
2.722150137520419957e-11
3.531060573070306003e-10
5.350836811108076423e-09
8.720036370713930829e-08
1.332315541776640995e-06
1.638151053576934518e-05
1.411436155503182504e-04
7.637383015445031514e-04
2.397668074094940621e-03
4.133381810742488109e-03
3.759947187436599256e-03
1.744830740388293375e-03
3.988942348848032913e-04
4.313393488286634760e-05
2.101797187053637091e-06
4.363962891240579824e-08
3.631531414799913040e-10
1.138506980899402685e-12
1.277455439539187777e-15
5.085234940525951696e-19
8.148312942975179614e-23
8.627609937135171715e-27
2.035455394630399340e-30
5.247524467316865441e-33
1.690103585154848156e-34
1.245002252610808472e-35
3.950614286910573003e-37
2.096800056133301173e-39
1.070249797798078063e-42
3.255485083782344895e-47
3.258098817462467819e-53
4.335472738808177684e-61
1.480261097067834320e-71
0.000000000000000000e+00
0.000000000000000000e+00
1.443738448328433707e-58
7.828826206751423308e-49
1.814527380543113719e-41
9.808977378269122073e-36
3.265263484580428194e-31
1.280299134699233724e-27
9.483712638417218569e-25
1.910580294063533576e-22
1.412722592825027292e-20
5.027424522892581398e-19
1.127786897551297520e-17
2.103178285173054885e-16
4.219571525305883748e-15
1.090397309514238509e-13
3.793573285667785088e-12
1.610120051777072005e-10
6.908833314262190873e-09
2.440383917430154419e-07
5.960323270857876929e-06
8.870159520831597379e-05
7.411756770558688935e-04
3.311508751839241371e-03
7.684021849706858774e-03
9.065513628911961441e-03
5.317762193485975689e-03
1.506116069244255130e-03
1.980823929971205829e-04
1.152273214508378072e-05
2.802172147789220312e-07
2.681470615034907637e-09
9.527938495518681816e-12
1.208857643075647930e-14
5.623986442085648692e-18
1.200628973601404822e-21
2.417239323522725316e-25
2.006642276108986426e-28
2.549528422210577811e-30
2.599308497483915082e-31
3.267215759652534943e-32
1.262019211504722324e-33
7.156139437270612288e-36
3.732436880596751682e-39
1.143331534012250351e-43
1.146879035421353037e-49
1.527300212123538072e-57
5.216101844631717188e-68
0.000000000000000000e+00
0.000000000000000000e+00
3.601924460972713695e-63
2.231895083669743978e-53
5.958744023310925790e-46
3.765125925913442241e-40
1.491166609613368228e-35
7.078257675602704699e-32
6.449040649746855593e-29
1.628121645497560694e-26
1.561894491176953832e-24
7.765860161683006152e-23
2.801420664220427402e-21
1.042950623931934371e-19
5.367334497654144955e-18
4.305546222013584333e-16
4.875538165451906418e-14
6.094207539457532141e-12
6.404246154641213533e-10
4.540911429838445824e-08
1.875505422918777968e-06
4.146283282899372016e-05
4.707186266267332107e-04
2.699228730758721460e-03
7.768279856988304435e-03
1.114002509808639449e-02
7.838859544165821883e-03
2.633850613845808465e-03
4.061275148722566421e-04
2.732920805481040195e-05
7.577889210874699309e-07
8.158975239746988795e-09
3.239710727911562170e-11
4.658084961292019786e-14
2.648224409721967021e-17
8.776879416261369090e-21
4.795742464364778614e-24
2.214543520414021779e-26
1.634488479287120484e-27
4.759982858281706598e-28
9.256864343253632495e-29
4.169654897683721687e-30
2.488029044777889037e-32
1.319443225683542639e-35
4.063766110724427591e-40
4.083755019394929244e-46
5.441838847925691541e-54
1.859019728637986361e-64
0.000000000000000000e+00
0.000000000000000000e+00
3.126906890501063839e-68
2.202446697671804691e-58
6.749968244305879219e-51
4.970958016443732422e-45
2.335254560789949979e-40
1.338814499528708309e-36
1.504200995045004524e-33
4.848143580239645877e-31
6.386975149517371217e-29
5.052028982888856937e-27
3.712387274265007257e-25
3.851944228130999892e-23
7.133790078826903531e-21
2.196538823935647238e-18
8.299474351491045471e-16
2.705340279526761370e-13
5.770119033805351088e-11
6.774414735885647473e-09
4.003664190414574563e-07
1.150514481394372007e-05
1.601610633143147559e-04
1.090446118809021122e-03
3.667557688773903906e-03
6.102581297210312068e-03
4.961907115009605782e-03
1.917215710367672563e-03
3.375336875201805390e-04
2.568602641460964318e-05
7.969870181931712377e-07
9.526822426421551176e-09
4.216795929815338026e-11
7.047938054994968894e-14
5.419562001054195293e-17
3.688761045670205963e-20
9.125588112986020865e-23
3.471139394421929785e-24
1.376981005149980477e-24
9.225639992398300713e-25
2.461536329464880212e-25
1.234848531747534547e-26
7.633808805754689175e-29
4.095436792778759244e-32
1.266206696961850802e-36
1.274147604517566359e-42
1.698809170593494829e-50
5.805176412244702659e-61
0.000000000000000000e+00
0.000000000000000000e+00
9.029804177859149671e-74
7.201687039567875022e-64
2.526659373571423009e-56
2.163586680705623673e-50
1.203670687965267625e-45
8.352815273961521513e-42
1.175226101317634773e-38
5.083191029498073451e-36
1.039786468495980291e-33
1.667910177969114745e-31
3.615479718763675091e-29
1.552271096307872368e-26
1.317302259653858558e-23
1.557452060199640286e-20
1.647783140026406566e-17
1.105508746028921692e-14
3.830621231052187706e-12
6.217952520533855001e-10
4.588164346503858674e-08
1.550526502051458752e-06
2.459809605023240793e-05
1.883535114730066522e-04
7.105251412233849198e-04
1.328322831612021703e-03
1.215767935256501344e-03
5.285036332772776683e-04
1.042746231947127650e-04
8.834847448546113326e-06
3.031783313886922225e-07
4.006170239743999455e-09
2.005390976304018689e-11
4.166510870298155436e-14
5.322641965092639474e-17
1.190641459462218368e-19
2.420380339853963167e-21
8.621073747181223695e-22
1.355134933311787366e-21
1.626710048175534561e-21
5.338774076817121005e-22
2.869466206275932621e-23
1.814453573197896612e-25
9.807411276287923471e-29
3.040103419018513838e-33
3.062357310819947916e-39
4.085299836560521302e-47
1.396644034458700988e-57
0.000000000000000000e+00
0.000000000000000000e+00
8.266186579985466548e-80
7.434207392627418349e-70
2.978200497600181811e-62
2.960828398433062779e-56
1.953863031225806040e-51
1.661581398408604234e-47
3.054209289698888164e-44
1.982341909133421448e-41
7.999982613572278447e-39
3.875639481262549158e-36
3.915592967848811832e-33
9.256016750230209877e-30
3.533270545862492468e-26
1.271839910688886731e-22
2.826332619579648700e-19
3.035694391141362443e-16
1.412108446913987036e-13
2.764597918605168151e-11
2.313765001396529878e-09
8.591573373976482463e-08
1.479095815544970108e-06
1.228430324983165304e-05
5.055336379587423244e-05
1.038797237735018922e-04
1.051202346703186013e-04
5.064179055098847393e-05
1.105684349161302661e-05
1.032829694001492492e-06
3.901534482272719730e-08
5.745825496351181013e-10
3.402174755894133765e-12
1.018861976578601975e-14
3.187793958540069844e-17
4.614565099862378302e-19
1.198023664893260489e-19
3.104283974223647550e-19
1.286608905888161183e-18
2.226901554072020572e-18
8.277370616612434932e-19
4.635241821926753145e-20
2.971076178294906265e-22
1.613473084235206333e-25
5.010746824869692462e-30
5.052368418997213613e-36
6.745060434672155250e-44
2.307716692324461261e-54
0.000000000000000000e+00
0.000000000000000000e+00
2.319684720288365740e-86
2.301499829793277767e-76
1.047379900684371235e-68
1.208916062274138733e-62
9.550221605269452828e-58
1.030314903339145688e-53
2.728464579402588410e-50
3.334161409514416805e-47
4.011728190614280964e-44
9.868770763577546921e-41
6.577678199814492467e-37
8.346972028490426246e-33
1.073018510391945493e-28
8.363044409039440519e-25
2.951702854660638995e-21
4.158876736826331477e-18
2.269434425367918289e-15
4.894382803101831768e-13
4.367009776895748946e-11
1.705823462070058273e-09
3.087398190747635772e-08
2.715603555943339504e-07
1.196769880934370015e-06
2.663215734778911042e-06
2.943572454911075727e-06
1.555680413009615499e-06
3.728691493067829586e-07
3.823156404924539157e-08
1.597145732954143844e-09
2.703422587656026302e-11
2.107667304003106244e-13
1.235642188448827794e-15
1.822473117653715443e-17
3.489087741582235142e-18
1.137024874744908601e-17
1.269559941132688471e-16
9.571319895736081290e-16
2.043299109906486115e-15
8.143893638781395306e-16
4.667177181552294808e-17
3.015503520593184544e-19
1.642742941702233372e-22
5.110009501158083350e-27
5.158801777996489126e-33
6.895499949859232736e-41
2.362829931432941428e-51
0.000000000000000000e+00
0.000000000000000000e+00
2.962268407099746713e-93
2.193938731146466505e-83
1.058984342117997145e-75
1.404143059731931452e-69
1.357074993412465424e-64
2.012742663510507844e-60
9.429829280267678367e-57
3.272034627826225695e-53
2.083699644665127527e-49
3.990744526255448449e-45
1.733408130430129971e-40
8.371683259937295533e-36
2.435824252520553507e-31
3.017852431839352280e-27
1.375246490905680989e-23
2.226856210309931077e-20
1.309835329596281700e-17
2.943552520112717787e-15
2.695494585991772752e-13
1.077840759224035816e-11
2.009620340821405288e-10
1.842864673210756041e-09
8.590135420242942264e-09
2.049607364546054018e-08
2.454157806302768535e-08
1.413696252001610067e-08
3.705313170203864613e-09
4.181049743411553647e-10
1.974000115035542286e-11
4.156647899274479464e-13
5.420347294722608407e-15
1.114601768549836243e-16
1.856546066702984313e-17
6.553496558036382938e-17
1.591530184169643842e-15
4.410594896054454569e-14
4.634098315603279796e-13
1.106405568572569147e-12
4.576796886924487541e-13
2.656745152465247320e-14
1.725201453292626921e-16
9.423038293460468738e-20
2.936992201128319826e-24
2.970761542331588535e-30
3.979626470850994958e-38
1.368447982362709883e-48
0.000000000000000000e+00
0.000000000000000000e+00
1.688903397231958025e-97
3.641141465199763622e-90
4.951837076523636675e-83
5.371813420428413019e-77
6.027050558163272085e-72
1.403088284352401987e-67
1.684945229983012287e-63
3.028594900655472848e-59
1.710154982589342381e-54
2.617010237758946084e-49
5.007980490597579351e-44
5.821913824938807773e-39
2.723372337545080198e-34
4.320261450714553855e-30
2.231776198305204989e-26
3.838552299731471078e-23
2.316540905547800378e-20
5.250827428506979332e-18
4.823619406396352023e-16
1.941408506043844178e-14
3.680442699930992882e-13
3.482434499428818769e-12
1.702698429486908820e-11
4.326763276168242836e-11
5.582782048989778029e-11
3.493475277388000749e-11
1.002703651557152322e-11
1.264972420266251541e-12
7.167847790750675295e-14
2.269159749694341665e-15
8.186136441093612845e-17
1.492663867166725028e-17
5.587087960758388941e-17
2.520745338581550626e-15
2.223198775972799850e-13
1.010742894134466003e-11
1.258430087167657072e-10
3.179718135991972487e-10
1.341295870223699434e-10
7.846022715850121946e-12
5.115590025979900100e-14
2.802751792612459082e-17
8.762070689679216120e-22
8.892625769616750678e-28
1.196448486769041810e-35
4.152295758339396050e-46
0.000000000000000000e+00
0.000000000000000000e+00
2.455805556875853784e-91
5.021398283899570879e-90
3.297014429046912772e-87
2.854094475931597311e-83
5.222307439155071962e-79
1.034925130980936560e-74
3.680233968674333004e-70
5.002216857272278166e-65
2.488512981084664261e-59
1.911028325946269456e-53
9.408472238872415271e-48
1.789286781972090057e-42
1.068348456569170997e-37
1.904676990766107726e-33
1.035548421333935749e-29
1.810498432043464758e-26
1.090529612661651806e-23
2.447306669236547451e-21
2.225122821064525186e-19
8.920507833611706403e-18
1.705070470367805046e-16
1.653262496994475757e-15
8.431597045127777049e-15
2.271733667843372286e-14
3.149441903556841893e-14
2.142409550805269173e-14
6.814417172477855213e-15
1.007678354532653100e-15
7.994256883320191580e-17
5.874509651273825133e-18
1.471887154898201139e-18
6.348814198818236898e-18
4.900111936112998436e-16
1.232672758735472120e-13
2.184941451110611673e-11
1.268286660995249218e-09
1.714089341790818583e-08
4.455507584743833029e-08
1.900583751748895502e-08
1.118403943604773865e-09
7.325733050551801636e-12
4.032098018196747339e-15
1.266968570343175851e-19
1.293868892788539772e-25
1.757704865100868738e-33
6.278523290221477838e-44
0.000000000000000000e+00
0.000000000000000000e+00
2.847369074305794703e-81
4.257569377427904394e-81
8.648145332654570054e-81
3.227163491582614687e-80
3.395022027809933437e-79
2.080143740663227807e-77
2.533449427846345123e-74
1.312211657359940719e-69
8.948636562072862049e-64
1.131144111484325476e-57
7.775686431663589470e-52
1.768907939890600207e-46
1.151074130819169617e-41
2.125106601327832400e-37
1.163108852595915284e-33
2.014542396008749608e-30
1.191792403733360631e-27
2.619117147674933799e-25
2.337691318205764883e-23
9.273804697753233064e-22
1.777443507565434610e-20
1.757956123352635117e-19
9.316651953763377666e-19
2.654740611322903559e-18
3.955775526033378032e-18
2.952957553697225590e-18
1.082195717257394498e-18
2.137126845756358672e-19
3.484348672185739378e-20
1.454143707607704668e-20
8.411563590962109267e-20
1.113061229955621636e-17
7.495152420179066573e-15
4.792597160652023555e-12
1.186237918466491588e-09
7.707641544140512594e-08
1.083078682397423853e-06
2.859050566735872906e-06
1.229802595640767353e-06
7.284914388100424449e-08
4.803842463151073020e-10
2.664016729234928376e-13
8.447031784102021777e-18
8.735365911216917247e-24
1.216975608544103040e-31
4.809812735093247925e-42
0.000000000000000000e+00
0.000000000000000000e+00
2.761344823167559734e-71
3.629484839238521312e-71
4.918203823880005819e-71
6.997594256033417563e-71
1.092403832056118894e-70
2.153221655983523054e-70
8.521548311545938327e-70
2.206606679276287050e-68
1.811618470281842049e-65
4.731598014408821668e-61
6.011664275302552125e-56
7.005744656285713715e-51
3.461940385248577826e-46
5.621806607654179039e-42
2.861634763336725366e-38
4.711355314817623685e-35
2.674573347327703249e-32
5.674838198362318950e-30
4.925566514663824483e-28
1.920439184839557491e-26
3.671678317177730163e-25
3.689307926448530474e-24
2.026361491563668514e-23
6.106807129450965512e-23
9.860665330045463544e-23
8.361046486336473562e-23
3.969762861296478379e-23
1.492669932684358218e-23
1.206529263120135336e-23
1.129805164834318589e-22
2.789782361362160404e-20
4.984409696376041830e-17
1.094974504272716713e-13
1.078399027511704894e-10
3.089978204839583831e-08
2.111538516624398791e-06
3.026841862150483361e-05
8.077936646579878097e-05
3.505895970292498097e-05
2.096199256011841300e-06
1.397109320828495475e-08
7.848723318748561118e-12
2.532220352235686328e-16
2.696820314271057712e-22
4.061893572502645250e-30
2.333615808256529622e-40
0.000000000000000000e+00
0.000000000000000000e+00
1.079811335232205390e-61
1.412010228754145757e-61
1.881310422386171202e-61
2.559018354118433602e-61
3.568187774012858969e-61
5.165816499021784486e-61
8.122236794619521076e-61
1.600369809479561713e-60
5.751665866251932386e-60
7.776826974759055744e-59
8.708038377008059700e-57
8.428532909090183347e-54
2.845584387093222648e-50
1.157194475033968358e-46
2.880507607718003334e-43
3.216043161041131600e-40
1.455580113065072906e-37
2.680219289171613063e-35
2.121636741565568435e-33
7.810189843832494174e-32
1.451947577925899011e-30
1.458884477095904449e-29
8.243771263222623463e-29
2.640808070701780955e-28
4.781481619598400615e-28
5.180523301376297553e-28
4.539657675971060731e-28
7.983644711185262221e-28
1.465925498149228852e-26
7.693441097984444708e-24
3.738969861833318976e-20
2.729807899474188275e-16
1.008676048570472606e-12
1.183329547697822712e-09
3.596815811158715857e-07
2.514571840162391919e-05
3.650407818093045933e-04
9.848637125325575802e-04
4.325775166586596100e-04
2.623577080382580174e-05
1.780076224397320924e-07
1.024433084449207871e-10
3.434971606214059683e-15
3.975052158219746542e-21
7.835789025038908882e-29
1.698817757560936087e-38
0.000000000000000000e+00
0.000000000000000000e+00
1.503968234833000404e-52
1.966279059264516242e-52
2.618073397577971327e-52
3.554270920702422818e-52
4.926525454060507071e-52
6.986508235580698889e-52
1.018491111010342812e-51
1.546029102567118164e-51
2.528479633946716752e-51
4.826007875840585066e-51
1.257986462361308186e-50
5.714501909758206474e-50
5.867258976993274268e-49
1.523013761122767147e-47
8.493196158347567746e-46
7.008584231936518916e-44
5.755936539151853345e-42
3.518015829244891254e-40
1.364524211819228712e-38
3.169185737382651110e-37
4.414474667299486996e-36
3.770890420657420088e-35
2.014459294040922560e-34
6.836067645200894679e-34
1.567804514940990730e-33
3.169030797507909641e-33
1.251215578071359159e-32
4.373500773660531282e-31
4.106059318489509873e-28
4.366944714318960315e-24
8.928291281066406411e-20
1.092511328518380020e-15
4.742614128000602198e-12
5.831196411917382138e-09
1.798904501960677839e-06
1.268088888299373409e-04
1.858160464591535575e-03
5.077386226150248406e-03
2.268866547645829318e-03
1.408571778863143044e-04
9.880057452947275371e-07
5.997175993546403378e-10
2.232638057903312752e-14
3.383529351309203284e-20
1.691478901085710264e-27
1.671464083922210119e-35
0.000000000000000000e+00
0.000000000000000000e+00
6.562369918676463675e-44
8.579544820323529862e-44
1.142325801168787666e-43
1.550673848616693322e-43
2.148635268654724388e-43
3.042735231060701108e-43
4.410335917557378563e-43
6.557005452045503150e-43
1.003644811347828483e-42
1.593043886702016719e-42
2.658071866724876133e-42
4.771474054118980878e-42
9.530288111044491923e-42
2.203655231013185437e-41
6.100375773538274513e-41
2.044711510393031607e-40
8.113062143476073270e-40
3.610236768256077408e-39
1.680223247185700919e-38
7.655175599413261287e-38
3.249008021255832166e-37
1.243297981742096953e-36
4.226045934398271738e-36
1.297731045397687676e-35
4.029873759218901674e-35
1.824589799127388292e-34
2.776780599625948757e-33
4.430006677902846812e-31
1.066564573307860641e-27
1.406498673445429355e-23
2.594731855826115926e-19
2.752492280410342041e-15
1.075660533419649174e-11
1.240544498636827078e-08
3.699401585757485714e-06
2.573337740818475551e-04
3.776776386556387078e-03
1.046583192887370548e-02
4.805216045515217638e-03
3.120723385082630765e-04
2.363885693283163134e-06
1.661424840146939009e-09
8.601852172079194399e-14
3.182149226911563205e-19
2.427079327054764407e-25
2.165086508637611996e-30
0.000000000000000000e+00
0.000000000000000000e+00
7.531094277631315081e-36
9.846038376393644755e-36
1.310952144666135420e-35
1.779571487354718796e-35
2.465747915118783626e-35
3.491466299629295048e-35
5.058673624488288983e-35
7.509493727691876714e-35
1.143832679172479728e-34
1.790742970271876687e-34
2.887706758467805881e-34
4.809839947055502289e-34
8.304098672308354737e-34
1.492063045069238252e-33
2.800860228348745378e-33
5.507557262379722008e-33
1.134979901502173301e-32
2.445962499681575568e-32
5.489237603496629993e-32
1.276310445460435122e-31
3.060553646926292445e-31
7.544167450662295724e-31
1.912892120811481688e-30
5.051959800121978449e-30
1.458289945840285026e-29
5.295859269478560432e-29
3.375596254515086923e-28
6.856490256140202531e-27
8.461501184772753109e-25
7.001394761070074453e-22
1.937756027190322973e-18
6.829931447908978888e-15
1.464444238294550307e-11
1.223944529868908676e-08
3.077199318302468915e-06
1.966673266432154388e-04
2.799838884662299819e-03
7.845100736297582616e-03
3.800233373762018814e-03
2.764611505642534830e-04
2.616177141345110468e-06
2.912718858043636515e-09
4.265975277224426964e-13
1.876970613749872361e-17
2.457879714756488557e-21
1.065342987927438666e-23
0.000000000000000000e+00
0.000000000000000000e+00
1.765779120214129211e-28
2.308552809004135166e-28
3.073725714900504824e-28
4.172473747300881962e-28
5.781310603819664466e-28
8.186207550082566027e-28
1.186041124227460048e-27
1.760474699978754467e-27
2.680648244878217365e-27
4.192864270119819392e-27
6.745869665737010473e-27
1.117971109704672545e-26
1.911207306720220156e-26
3.375086218894457679e-26
6.165194023634132613e-26
1.166301215917375504e-25
2.287117316923568297e-25
4.652229036050894612e-25
9.819204746653982999e-25
2.150615797075896132e-24
4.887335181447853950e-24
1.152178944665467011e-23
2.818959231570251915e-23
7.180072350754287402e-23
1.926705538964652084e-22
5.645401971384388525e-22
1.977775909971763193e-21
1.005479140746271645e-20
1.030137657700928065e-19
3.110918155169216833e-18
3.273345539461171857e-16
9.083098196561857924e-14
3.598938661514636652e-11
1.075061485847737070e-08
1.487789820442750573e-06
6.865599617390745523e-05
8.450706577372036352e-04
2.356716642073695880e-03
1.312437203898195485e-03
1.339199012689508850e-04
2.501714884684610893e-06
1.057312946042516953e-08
1.989371796424609972e-11
6.201766703131627041e-14
1.106138473262376224e-15
9.652692385885657970e-17
0.000000000000000000e+00
0.000000000000000000e+00
5.714310554537982548e-22
7.470802847195583638e-22
9.947010392357146868e-22
1.350271399814082719e-21
1.870913582140741576e-21
2.649171149874638334e-21
3.838188639848823537e-21
5.697098796292695239e-21
8.674718300238352950e-21
1.356758776469607609e-20
2.182583754963593410e-20
3.616047030167947139e-20
6.178136759123433292e-20
1.089907260567178598e-19
1.987698191605227859e-19
3.751625197680374941e-19
7.335333301152705604e-19
1.486972430307266353e-18
3.127021670494783643e-18
6.824321880150715395e-18
1.545697096561103303e-17
3.632726490022710621e-17
8.855509395611749614e-17
2.238786450546039152e-16
5.878916678816357887e-16
1.614340368798619915e-15
4.727500588699963831e-15
1.546352101423783324e-14
6.188505801732603152e-14
3.503993131007595172e-13
3.327503831186427957e-12
5.871364483376533869e-11
1.778033062961010766e-09
6.912369292960976430e-08
2.294177497321077572e-06
4.359501010902957195e-05
3.451700892043121265e-04
9.169474389680005002e-04
7.314715308394873069e-04
1.782186046108972437e-04
1.619599559617450587e-05
8.568842463981504086e-07
4.993288314515295933e-08
5.323985527207898245e-09
1.039641808249217782e-09
2.413482501593986444e-10
0.000000000000000000e+00
0.000000000000000000e+00
1.290889303864738670e-16
1.687689073703369334e-16
2.247075862836602981e-16
3.050325825958687147e-16
4.226480689911023958e-16
5.984600575970863495e-16
8.670645561805054960e-16
1.287000561372547082e-15
1.959656438307599731e-15
3.064968342571715826e-15
4.930503640043454486e-15
8.168604466637067258e-15
1.395591948558638386e-14
2.461886115860240357e-14
4.489453030305335257e-14
8.472512936938742145e-14
1.656335574688337246e-13
3.357039695972005061e-13
7.058370522020917751e-13
1.540114953108980363e-12
3.487670700723802647e-12
8.194742361668987243e-12
1.996530437870009304e-11
5.038916849104024597e-11
1.315996664579919569e-10
3.554765303194524966e-10
9.947207157213540556e-10
2.902632243663825695e-09
8.974186322821505781e-09
3.027630108535721004e-08
1.163187171986419084e-07
5.317948024669058701e-07
2.945217806603600536e-06
1.893344670706425590e-05
1.251766174667581256e-04
7.096908623917556804e-04
2.839325266513307699e-03
6.875404695621998262e-03
9.411685047906265256e-03
7.598561666642232072e-03
4.202095660704292801e-03
1.953787450159759527e-03
8.954101711023207009e-04
4.130058277844631887e-04
1.696126116377272026e-04
5.108542064529659950e-05
0.000000000000000000e+00
0.000000000000000000e+00
0.000000000000000000e+00
0.000000000000000000e+00
0.000000000000000000e+00
0.000000000000000000e+00
0.000000000000000000e+00
0.000000000000000000e+00
0.000000000000000000e+00
0.000000000000000000e+00
0.000000000000000000e+00
0.000000000000000000e+00
0.000000000000000000e+00
0.000000000000000000e+00
0.000000000000000000e+00
0.000000000000000000e+00
0.000000000000000000e+00
0.000000000000000000e+00
0.000000000000000000e+00
0.000000000000000000e+00
0.000000000000000000e+00
0.000000000000000000e+00
0.000000000000000000e+00
0.000000000000000000e+00
0.000000000000000000e+00
0.000000000000000000e+00
0.000000000000000000e+00
0.000000000000000000e+00
0.000000000000000000e+00
0.000000000000000000e+00
0.000000000000000000e+00
0.000000000000000000e+00
0.000000000000000000e+00
0.000000000000000000e+00
0.000000000000000000e+00
0.000000000000000000e+00
0.000000000000000000e+00
0.000000000000000000e+00
0.000000000000000000e+00
0.000000000000000000e+00
0.000000000000000000e+00
0.000000000000000000e+00
0.000000000000000000e+00
0.000000000000000000e+00
0.000000000000000000e+00
0.000000000000000000e+00
0.000000000000000000e+00
0.000000000000000000e+00
0.000000000000000000e+00
