#Upper limit for the Conditional distribution of Mass given Radius from initial fitting w/o bootstrap
9.110903009043410299e-09
-3.748801364630243715e-01
-3.566608443612214185e-01
-2.700708229782312619e-01
7.189482626072338581e-03
1.473424704868437907e-01
2.303164551715494168e-01
2.844426838596414431e-01
3.225978781592737099e-01
3.519359285648844815e-01
3.765032129256795645e-01
3.986799473104470359e-01
4.200203661958087364e-01
4.417299595670662882e-01
4.649499918577825741e-01
4.909458933756029042e-01
5.212250952478123533e-01
5.575083149682710237e-01
6.012965841378752341e-01
6.526836203413804993e-01
7.089401813241972272e-01
7.650782296122911053e-01
8.166538246057297723e-01
8.614371097830922919e-01
8.989942822764176444e-01
9.298117493368447395e-01
9.547576603796127381e-01
9.748288473567007228e-01
9.910306920089071436e-01
1.004315803883577773e+00
1.015557228960788816e+00
1.025547553654780675e+00
1.035017718909099882e+00
1.044669817993342686e+00
1.055219566028852585e+00
1.067445710552564764e+00
1.082242988676545004e+00
1.100666935665224777e+00
1.123928992762749157e+00
1.153221276644853743e+00
1.189129795502114284e+00
1.230553694447520385e+00
1.274151472037782229e+00
1.315850389079506577e+00
1.353018985817473929e+00
1.384856286692178085e+00
1.411600939242594333e+00
1.433858500180421380e+00
1.452292367742612500e+00
1.467518904802071811e+00
1.480082387045404069e+00
1.490456265182351858e+00
1.499052738317555145e+00
1.506236141089206448e+00
1.512340740906772618e+00
1.517696197457959029e+00
1.522667141353771125e+00
1.527719394530047126e+00
1.533538498311176612e+00
1.541258012420296586e+00
1.552945315757421341e+00
1.572817394756100606e+00
1.611357316474489210e+00
1.714009885164073044e+00
2.057816681944406589e+00
2.183786930861549624e+00
2.250650968193007362e+00
2.290147997705449523e+00
2.312982200132315924e+00
2.326000449150059879e+00
2.333505864808763430e+00
2.338010530404819765e+00
2.340935981067783000e+00
2.343075513092089501e+00
2.344867844865660800e+00
2.346554023501630670e+00
2.348266042927267261e+00
2.350076267960817145e+00
2.352024616166760396e+00
2.354133231206504195e+00
2.356414175281055012e+00
2.358873245841269561e+00
2.361511638262846269e+00
2.364326390431493063e+00
2.367310095996025598e+00
2.370450105437713617e+00
2.373727255762816402e+00
2.377114082947460627e+00
2.380572301984791306e+00
2.384049349947100715e+00
2.387473848850515612e+00
2.390750378132982412e+00
2.393755525039162446e+00
2.396340790090628836e+00
2.398353766544004007e+00
2.399691322897285595e+00
2.400378501722148172e+00
2.400607625372215281e+00
2.400642352830769433e+00
9.110903009043410299e-09
