3.245311296822241047e+02
3.849002888381639877e+02
3.734905183938808477e+02
3.621819348878359506e+02
3.902183371420758817e+02
3.491572850148805287e+02
3.267862498268004856e+02
3.358984394822878130e+02
3.853654432277637056e+02
3.262429106383397084e+02
3.374681464970219622e+02
3.934097311306130678e+02
4.104908146618488445e+02
3.630953290208081512e+02
3.960807451087016489e+02
3.466645635444695017e+02
3.509782715220496812e+02
4.190339341124445696e+02
3.372315086100320514e+02
3.508762431860676543e+02
4.161906024254060412e+02
3.975198624106184866e+02
3.268656414222596140e+02
3.659456859685868153e+02
3.812981385020822245e+02
3.785680134881462209e+02
3.904762992218583122e+02
3.381013637762326312e+02
4.333810982161965057e+02
3.444942134231807813e+02
3.976663978696696518e+02
4.041394660307348090e+02
4.023914231319529335e+02
3.708460176903714114e+02
3.413374714252138915e+02
3.524973780457183921e+02
3.601462291835039196e+02
3.755443582655286718e+02
3.990892336358181751e+02
4.036739403726126625e+02
3.674416211276527520e+02
3.924937850541233502e+02
3.765878438734749807e+02
3.745830392871237109e+02
3.393455224455685766e+02
3.766894987207261920e+02
3.834599941882113399e+02
4.161175706727004808e+02
4.168790288562295245e+02
3.692820084666615230e+02
3.712488925233901682e+02
3.430970935101362329e+02
4.186831456115066885e+02
3.500320264416952796e+02
3.521918061305269703e+02
3.336312740614619656e+02
3.709430820443917582e+02
4.369928861707408601e+02
3.898660758390352612e+02
3.613150278108144562e+02
3.327814895009228167e+02
3.773972759168914308e+02
3.734992428123888430e+02
3.433915734612603501e+02
3.523478797901837538e+02
3.814732837613463516e+02
3.578941383375548639e+02
3.322280413576302180e+02
3.435040981511994005e+02
3.959032695491121103e+02
3.996426639833196077e+02
3.591957184597904984e+02
3.484649203804056583e+02
3.810418554167405318e+02
3.619673130390978031e+02
4.362002353669570311e+02
3.248801939867661304e+02
3.657430538784634564e+02
4.000556579958096108e+02
4.087194654120901305e+02
3.763785043620166562e+02
3.819476676148476599e+02
3.200725671471079181e+02
3.484623872647867415e+02
3.882386345892225563e+02
3.642900276618984208e+02
3.876154661167350923e+02
3.931971957784434153e+02
3.389622421580330638e+02
3.485790257548585487e+02
4.042847640671663498e+02
3.835278567132578473e+02
3.647350975354905245e+02
4.002598565481144419e+02
4.253857905308752265e+02
4.128225962163267013e+02
3.482027059598415235e+02
3.579766213209828152e+02
3.826616581254087350e+02
4.313686800633377061e+02
