-1.904373254734058163e+00
-1.873098127219866571e+00
-1.837665649592143957e+00
-1.797246270208858299e+00
-1.750807547251248319e+00
-1.697110752893447483e+00
-1.634816666391541995e+00
-1.562878835961259538e+00
-1.481469861023509749e+00
-1.393276935136869010e+00
-1.303728962326385687e+00
-1.218741795202829215e+00
-1.141964193104565872e+00
-1.074307047426513728e+00
-1.015077330557360602e+00
-9.630387091245075082e-01
-9.169414566053042392e-01
-8.757038707558109092e-01
-8.384422116175648254e-01
-8.044494045880640209e-01
-7.731623677237534631e-01
-7.441313877517961028e-01
-7.169949576610363806e-01
-6.914601009792636921e-01
-6.672872710595344481e-01
-6.442788147391137477e-01
-6.222701366907936738e-01
-6.011228887238714291e-01
-5.807196741728326561e-01
-5.609598881692129391e-01
-5.417564127695684295e-01
-5.230329581498788238e-01
-5.047218938542952227e-01
-4.867624524733859537e-01
-4.690992162418810008e-01
-4.516808175402098335e-01
-4.344587994129003317e-01
-4.173865933404286022e-01
-4.004185797411260461e-01
-3.835092027841585649e-01
-3.666121156359959388e-01
-3.496793356483162141e-01
-3.326603915550894741e-01
-3.155014467186097460e-01
-2.981443840994688621e-01
-2.805258400266792962e-01
-2.625761753246816377e-01
-2.442183739618688232e-01
-2.253668614131719150e-01
-2.059262375525545141e-01
-1.857899223656297449e-01
-1.648387173762629054e-01
-1.429392917364712412e-01
-1.199426098230551990e-01
-9.568232741269880326e-02
-6.997319676722846271e-02
-4.260953834257109191e-02
-1.336386018723987115e-02
1.801426130090286876e-02
5.179887784284623736e-02
8.828770815358218116e-02
1.278011670143973655e-01
1.706798399100130370e-01
2.172795407870662943e-01
2.679625705069740293e-01
3.230829668592662962e-01
3.829622940985595858e-01
4.478508441663532902e-01
5.178673724188607164e-01
5.929100585150856029e-01
6.725358047747727053e-01
7.558206627854902049e-01
8.412469736763781292e-01
9.267039082703075747e-01
1.009694104156471983e+00
1.087751040548780690e+00
1.158913238717129257e+00
1.222027504334408654e+00
1.276768712850680609e+00
1.323447545128516811e+00
1.362754185313047373e+00
1.395542900209443715e+00
1.422690889519041324e+00
1.445022030478342989e+00
1.463274060307824032e+00
1.478090504679606676e+00
1.490024906762946300e+00
1.499550165087260467e+00
1.507069223870921570e+00
1.512925344752346746e+00
1.517411248008268876e+00
1.520776938705325598e+00
1.523236274219181841e+00
1.524972423947153599e+00
1.526142395143524233e+00
1.526880789914328407e+00
1.527302937125840643e+00
1.527507518526336483e+00
1.527578781804162844e+00
-1.450060315900564056e+00
