1.943259554437968273e-01
2.607604007043904382e-01
3.050016853122802796e-01
3.364981896992055299e-01
3.599967467391801401e-01
3.781437296795750469e-01
3.925313388513281820e-01
4.041751301615312819e-01
4.137535228468895987e-01
4.217370810738831910e-01
4.284625343677783138e-01
4.341772605731365475e-01
4.390671233597530088e-01
4.432745028244947094e-01
4.469103246817733299e-01
4.500622943399561482e-01
4.528006612432882716e-01
4.551823347932404951e-01
4.572538749450028583e-01
4.590536988505532490e-01
4.606137312252592264e-01
4.619606532783527286e-01
4.631168573760569562e-01
4.641011827913420484e-01
4.649294862799979722e-01
4.656150862955144576e-01
4.661691091887416039e-01
4.666007582955221111e-01
4.669175214536043228e-01
4.671253285811259870e-01
4.672286680691132843e-01
4.672306686008248500e-01
4.671331514129950513e-01
4.669366568217570568e-01
4.666404479563198704e-01
4.662424940147681940e-01
4.657394349404746503e-01
4.651265291947416780e-01
4.643975862666753218e-01
4.635448857233420150e-01
4.625590849821369366e-01
4.614291186139820033e-01
4.601420929009802929e-01
4.586831806233293563e-01
4.570355226892924283e-01
4.551801452977903839e-01
4.530959038719634679e-01
4.507594680316830416e-01
4.481453653404788295e-01
4.452261053427178372e-01
4.419724092534786930e-01
4.383535741603754587e-01
4.343380031082476056e-01
4.298939330667593817e-01
4.249903903520551030e-01
4.195983961701082454e-01
4.136924320411620726e-01
4.072521545646696772e-01
4.002643204642660213e-01
3.927248464144973972e-01
3.846408858872321646e-01
3.760327616355590985e-01
3.669355545558322107e-01
3.574001268479809479e-01
3.474933597867150836e-01
3.372974226226552186e-01
3.269079631133945951e-01
3.164312183378990562e-01
3.059801740635457734e-01
2.956700311781098600e-01
2.856133435813502097e-01
2.759152505549081202e-01
2.666692237962529077e-01
2.579536840598745107e-01
2.498297276195471095e-01
2.423400617051611750e-01
2.355091075219869490e-01
2.293441129561799574e-01
2.238370397013341173e-01
2.189669560529117487e-01
2.147026726156142651e-01
2.110053933265202686e-01
2.078312060041040410e-01
2.051332935050979300e-01
2.028637997255524905e-01
2.009753287642104813e-01
1.994220883452079984e-01
1.981607101761668488e-01
1.971507918251437508e-01
1.963552091013374967e-01
1.957402470584491128e-01
1.952755935825370714e-01
1.949342336431139910e-01
1.946922758074517423e-01
1.945287362874058290e-01
1.944253000418112720e-01
1.943660735096075509e-01
1.943373394823544043e-01
1.943273217002365050e-01
3.883283708066028739e-01
