-1.507143583209774151e+00
-1.167263091529667562e+00
-9.360067953753281600e-01
-7.670358687469123193e-01
-6.370773723846272496e-01
-5.331631268125235357e-01
-4.474965145979686865e-01
-3.751096363072920492e-01
-3.126882055540763927e-01
-2.579372162295314741e-01
-2.092177205251239958e-01
-1.653285154184361838e-01
-1.253694880894765107e-01
-8.865306921630258796e-02
-5.464512331114668164e-02
-2.292445085988703210e-02
6.845601289595003129e-03
3.493745203131234239e-02
6.157408843890227468e-02
8.694003502123637261e-02
1.111896086985126320e-01
1.344532212897510681e-01
1.568422576715239325e-01
1.784529019499004332e-01
1.993691782315535621e-01
2.196653996459418667e-01
2.394081682301851810e-01
2.586580320840031755e-01
2.774708801959082094e-01
2.958991364351779008e-01
3.139928002933043416e-01
3.318003715918870777e-01
3.493696885314062639e-01
3.667487024055293698e-01
3.839862075100660688e-01
4.011325408242131241e-01
4.182402626075726326e-01
4.353648258645723135e-01
4.525652394319532035e-01
4.699047260104516344e-01
4.874513725541587683e-01
5.052787658085307054e-01
5.234666001996378659e-01
5.421012384674310791e-01
5.612761971590360943e-01
5.810925191464058059e-01
6.016589835820697063e-01
6.230920901877144980e-01
6.455157397692296017e-01
6.690605170470443896e-01
6.938624665244984557e-01
7.200612391934436696e-01
7.477974803592271069e-01
7.772093308280785262e-01
8.084279303313157694e-01
8.415718494307619091e-01
8.767404405431694636e-01
9.140061954075684447e-01
9.534063276466402392e-01
9.949339619511050614e-01
1.038529494540493481e+00
1.084072871138356264e+00
1.131377675907178304e+00
1.180187996270691375e+00
1.230178981230824586e+00
1.280961810913751497e+00
1.332093431744313827e+00
1.383090908742975689e+00
1.433449667695199770e+00
1.482664342323809281e+00
1.530250515730714467e+00
1.575765447061355795e+00
1.618825956105456987e+00
1.659121991938972140e+00
1.696424967855115762e+00
1.730590593556830648e+00
1.761556556075741575e+00
1.789335892582984089e+00
1.814007201820609705e+00
1.835702944216954347e+00
1.854597011383132488e+00
1.870892555052319883e+00
1.884810811840444522e+00
1.896581395033146489e+00
1.906434285293904463e+00
1.914593560015264151e+00
1.921272763271112627e+00
1.926671732236518331e+00
1.930974653033135091e+00
1.934349108516348226e+00
1.936945892025287108e+00
1.938899385599245573e+00
1.940328331734239242e+00
1.941336859591235253e+00
1.942015656625879050e+00
1.942443203207312230e+00
1.942687010191392005e+00
1.942804817279153218e+00
1.942845720405647070e+00
-1.755501657162835683e-01
