-1.216849905586567249e-01
-1.216578230835380914e-01
-1.214571849200446890e-01
-1.208803071942931295e-01
-1.196940662478268580e-01
-1.176426596851218448e-01
-1.144636283439569718e-01
-1.099131294121819119e-01
-1.037988987326335100e-01
-9.601582456140582422e-02
-8.657570699291147753e-02
-7.562159270816698475e-02
-6.341975191147877777e-02
-5.032876982274669259e-02
-3.675276177938594652e-02
-2.309065531608830990e-02
-9.693472815840955409e-03
3.162816468226229642e-03
1.528726475825492939e-02
2.656985606466633065e-02
3.696865461750094284e-02
4.649336561584443278e-02
5.518910010564809926e-02
6.312248579400069060e-02
7.037092589121106412e-02
7.701495559827412074e-02
8.313322322063258774e-02
8.879949229214707807e-02
9.408109188036671566e-02
9.903834189111851427e-02
1.037245946161259452e-01
1.081866368532243272e-01
1.124652794353102198e-01
1.165960223796543571e-01
1.206097272109601937e-01
1.245332573754187044e-01
1.283900668316244054e-01
1.322007289521029694e-01
1.359834051114371112e-01
1.397542564326347825e-01
1.435278042599365811e-01
1.473172457955714276e-01
1.511347314869394276e-01
1.549916105047569048e-01
1.588986502157525016e-01
1.628662350496930811e-01
1.669045496625952141e-01
1.710237508461436295e-01
1.752341322476009544e-01
1.795462856525960604e-01
1.839712623454812235e-01
1.885207378944023793e-01
1.932071836039074564e-01
1.980440478276646044e-01
2.030459503261496379e-01
2.082288928743949163e-01
2.136104893540518024e-01
2.192102185767099976e-01
2.250497030470433035e-01
2.311530167373512523e-01
2.375470246438382282e-01
2.442617563392662228e-01
2.513308148028743361e-01
2.587918203290275887e-01
2.666868870656746715e-01
2.750631264137120557e-01
2.839731667391233727e-01
2.934756721132499857e-01
3.036358334832802708e-01
3.145257930429368187e-01
3.262249457817405496e-01
3.388200403719241471e-01
3.524049739605178977e-01
3.670801417295297964e-01
3.829511628046166627e-01
4.001267613814423196e-01
4.187155406280252956e-01
4.388213559161849853e-01
4.605369877975522552e-01
4.839358554086798381e-01
5.090616263126439556e-01
5.359158022777683605e-01
5.644437221610808519e-01
5.945199351170562529e-01
6.259345319251725659e-01
6.583826853878448349e-01
6.914601642443940488e-01
7.246676955567550316e-01
7.574264883099111056e-01
7.891058257540570775e-01
8.190614597547595244e-01
8.466810143361996888e-01
8.714304463761460839e-01
8.928946085832628610e-01
9.108056230894864269e-01
9.250550454396126998e-01
9.356890195532525656e-01
9.428888044392929046e-01
9.469412996099160207e-01
9.482050533682363502e-01
