2.855671585102901103e-02
2.860673153511885183e-02
2.897579437723331319e-02
3.003629142503801489e-02
3.221719171255828240e-02
3.599280410814658521e-02
4.185627621369806400e-02
5.027137954565068928e-02
6.159730696197487226e-02
7.598955116877942340e-02
9.329984224348780719e-02
1.130233348644742175e-01
1.343452144291938377e-01
1.562948559794017367e-01
1.779458663075063063e-01
1.985723416845627809e-01
2.177121776863076841e-01
2.351486982160408135e-01
2.508508460544498497e-01
2.649069607737755128e-01
2.774701734961387278e-01
2.887200894158278852e-01
2.988388680890545213e-01
3.079978880065974978e-01
3.163513960612213127e-01
3.240344086333742935e-01
3.311630042565363863e-01
3.378358286840719704e-01
3.441361061826478385e-01
3.501337579579588133e-01
3.558874186023686659e-01
3.614462541988814892e-01
3.668515497697323324e-01
3.721380680890363224e-01
3.773351987239617067e-01
3.824679229992954954e-01
3.875576219796704192e-01
3.926227532160985190e-01
3.976794194155822137e-01
4.027418492603707101e-01
4.078228077175786725e-01
4.129339506153700823e-01
4.180861360451398334e-01
4.232897033443698831e-01
4.285547289819519601e-01
4.338912675904613159e-01
4.393095856391714960e-01
4.448203947968893401e-01
4.504350918835610118e-01
4.561660124540228844e-01
4.620267055203741702e-01
4.680322376978985344e-01
4.741995362943556280e-01
4.805477824900225570e-01
4.870988680471062260e-01
4.938779319677006896e-01
5.009139974619916114e-01
5.082407347277633214e-01
5.158973817574105114e-01
5.239298640466790724e-01
5.323921652662452209e-01
5.413480151057914469e-01
5.508729779920671366e-01
5.610570468786575393e-01
5.720078677046602778e-01
5.838547359533797776e-01
5.967535002036865599e-01
6.108924385181767613e-01
6.264989490978486453e-01
6.438463094514259577e-01
6.632583620663217161e-01
6.851068884515529867e-01
7.097901512453551609e-01
7.376703610749507645e-01
7.689368186943921213e-01
8.033750133742570965e-01
8.401156551962000174e-01
8.776062186278563715e-01
9.140217902640698222e-01
9.478895004615031095e-01
9.784235507937683041e-01
1.005441875554235365e+00
1.029115270881363342e+00
1.049759600251650271e+00
1.067718905014977349e+00
1.083314083272960193e+00
1.096826365139367931e+00
1.108496327026530226e+00
1.118528747837379100e+00
1.127098950068947447e+00
1.134358841420971542e+00
1.140442021779754844e+00
1.145467810249113594e+00
1.149544249338187552e+00
1.152770225368476398e+00
1.155236875184735723e+00
1.157028455324238703e+00
1.158222839986912778e+00
1.158891792557298350e+00
1.159101126042532126e+00
