3.992032819687728606e-01
3.718740558565512000e-01
3.464939161516024102e-01
3.232662641404534520e-01
3.023585544271374381e-01
2.839046621046956154e-01
2.680071662377301323e-01
2.547395511021026127e-01
2.441483266278912656e-01
2.362550694917080751e-01
2.310583863044821107e-01
2.285358003408145267e-01
2.286455632560098206e-01
2.313283932368899454e-01
2.365091410324944021e-01
2.440983853107733803e-01
2.539939587873781823e-01
2.660824065726556387e-01
2.802403781829485574e-01
2.963359546623107743e-01
3.142299122607409290e-01
3.337769241150401744e-01
3.548267013783966695e-01
3.772250752448078615e-01
4.008150213144398566e-01
4.254376277460315547e-01
4.509330086424493955e-01
4.771411641154994498e-01
5.039027884760930442e-01
5.310600279958869185e-01
5.584571896864882756e-01
5.859414025423377304e-01
6.133632326933736723e-01
6.405772539135836663e-01
6.674425749315465728e-01
6.938233249890718435e-01
7.195890990940426724e-01
7.446153644135651284e-01
7.687838292535305040e-01
7.919827760706955599e-01
8.141073599633863456e-01
8.350598740869302761e-01
8.547499834399204799e-01
8.730949284674238697e-01
8.900196999272252940e-01
9.054571864652305457e-01
9.193482963461160340e-01
9.316420547853422329e-01
9.422956783286334792e-01
9.512746277250218041e-01
9.585526407395769111e-01
9.641117463519045527e-01
9.679422617865404144e-01
9.700427738213338591e-01
9.704201058199205532e-01
9.690892719344085249e-01
9.660734199243622422e-01
9.614037640382018246e-01
9.551195094031224020e-01
9.472677693696290868e-01
9.379034772568098921e-01
9.270892939444322911e-01
9.148955127579823099e-01
9.013999630927488349e-01
8.866879142230545963e-01
8.708519807427391735e-01
8.539920310830103611e-01
8.362151005537433734e-01
8.176353103543689826e-01
7.983737940004232980e-01
7.785586326118835165e-01
7.583248005093863320e-01
7.378141225644408996e-01
7.171752447497330429e-01
6.965636193356344874e-01
6.761415061790170267e-01
6.560779915504773019e-01
6.365490259460806488e-01
6.177374823297249185e-01
5.998332362522341699e-01
5.830332692932816974e-01
5.675417972722539561e-01
5.535704246741566248e-01
5.413383267366664864e-01
5.310724606444415796e-01
5.230078072767855302e-01
5.173876449547796241e-01
5.144638566339803099e-01
5.144972719887945800e-01
5.177580458346341397e-01
5.245260743339521525e-01
5.350914504322742404e-01
5.497549599703210887e-01
5.688286199183334446e-01
5.926362601787047435e-01
6.215141504030201602e-01
6.558116732696178675e-01
6.958920456677640809e-01
7.421330892345658903e-01
7.949280516907051286e-01
