8.008192816051069862e-02
5.848595144868258284e-12
1.948521473837082352e-11
2.589503565629460314e-11
2.903907412045414992e-11
3.012785357343628892e-11
3.032008578567415864e-11
3.062372715133298336e-11
0.000000000000000000e+00
5.267790871851883282e-12
1.704405501690110444e-11
2.342674276579516119e-11
2.722626909419157727e-11
2.921818119887937756e-11
3.010690172390091028e-11
3.032143469072485879e-11
0.000000000000000000e+00
0.000000000000000000e+00
1.068666532575698403e-11
1.438802021708223853e-11
1.923302893273290187e-11
2.470516336231171669e-11
2.859892310474201850e-11
3.014512238903876724e-11
4.892662940882087832e-12
3.225773705843330563e-01
0.000000000000000000e+00
0.000000000000000000e+00
0.000000000000000000e+00
1.247378834524605828e-11
2.422141348303258682e-11
2.935487825073709953e-11
1.836291952828382262e-11
5.270257761290104287e-12
2.714308488580670087e-01
0.000000000000000000e+00
0.000000000000000000e+00
0.000000000000000000e+00
1.646376941519261819e-11
2.767417708516873307e-11
2.434499658953586700e-11
8.799979094961554553e-12
0.000000000000000000e+00
1.664438008482904963e-01
0.000000000000000000e+00
0.000000000000000000e+00
7.969763360070607379e-12
2.413499276209099586e-11
2.774935199361511749e-11
1.796804357641427477e-11
0.000000000000000000e+00
0.000000000000000000e+00
0.000000000000000000e+00
0.000000000000000000e+00
1.223511528162667290e-12
1.678080575818525653e-11
2.931039333226199972e-11
2.633518149155322915e-11
1.965091509535042387e-11
1.088998152230438851e-11
3.680246221262988265e-12
0.000000000000000000e+00
1.594660517685247969e-01
0.000000000000000000e+00
