1.322672229204869598e+00
1.324837627166132181e+00
1.324410575205783536e+00
1.306895939396106598e+00
6.820215370107931552e-01
6.426451585522455767e-01
6.395097238652660554e-01
6.390270057129396886e-01
6.389263263861651998e-01
6.389078304941818720e-01
6.389207646509110772e-01
6.389620121286744281e-01
6.390451746286871515e-01
6.391974345872160068e-01
6.394635084776036926e-01
6.399135393639081570e-01
6.406554024206467801e-01
6.418535943394546583e-01
6.437592159155574034e-01
6.467606317338369104e-01
6.514774492641939307e-01
6.589597912779953104e-01
6.712017852240433902e-01
6.929561796744966307e-01
7.448882406130363787e-01
1.149498832501846701e+00
1.196755510553118240e+00
1.219781317995113357e+00
1.234287982152354024e+00
1.244241972835945065e+00
1.251331168124554916e+00
1.256466414934805931e+00
1.260212446753357085e+00
1.262948983289807536e+00
1.264941840695841258e+00
1.266378743976344978e+00
1.267389281962643555e+00
1.268056382824594985e+00
1.268422220412890100e+00
1.268490054350929652e+00
1.268223935853993956e+00
1.267550634805276077e+00
1.266372846333694735e+00
1.264607075767621769e+00
1.262252561640603288e+00
1.259463133495374532e+00
1.256549076631221284e+00
1.253863900608716886e+00
1.251653226700063293e+00
1.249991212075455271e+00
1.248822679116245116e+00
1.248038372166092147e+00
1.247527983810304386e+00
1.247202500634632116e+00
1.246997670919749224e+00
1.246869915873208834e+00
1.246790734534156675e+00
1.246741883780529747e+00
1.246711823436490674e+00
1.246693271086216637e+00
1.246681559460397271e+00
1.246673498761251775e+00
1.246666471674348076e+00
1.246657456866974378e+00
1.246641510410888554e+00
1.246608777944979041e+00
1.246537996731239106e+00
1.246381805426403755e+00
1.246032991239743426e+00
1.245246701445654969e+00
1.243463858037787473e+00
1.239428074335401364e+00
1.230404479688829822e+00
1.210341849003971681e+00
1.159464914668853153e+00
1.010709835851350658e+00
9.735213905746658014e-01
9.627302007250463367e-01
9.592643285351707405e-01
9.585673299265783376e-01
9.591886103476334746e-01
9.607878861363243761e-01
9.635907190949520862e-01
9.683625652780865067e-01
9.768656428893593979e-01
9.937815452773952618e-01
1.042976181917332879e+00
1.318860314755511798e+00
1.338234431497422161e+00
1.345646857678996611e+00
1.349133775013412029e+00
1.350838058961896682e+00
1.351651095036177752e+00
1.352014454917638497e+00
1.352160656403285754e+00
1.352210970784347710e+00
1.352224629767347475e+00
1.352227144177159390e+00
1.352227366999610325e+00
1.352227370368783488e+00
