1.134821196976198765e+00
1.138218913664094334e+00
1.134979283080326029e+00
5.099092928879725983e-01
4.247088229763428258e-01
4.192636249138589344e-01
4.187172199654840554e-01
4.186322065587807506e-01
4.186147197578172219e-01
4.186117538608393751e-01
4.186144415966498444e-01
4.186223983361712642e-01
4.186382723835613828e-01
4.186672297259179110e-01
4.187176850586756816e-01
4.188026820985175092e-01
4.189419055829248228e-01
4.191644565688038560e-01
4.195125766212023377e-01
4.200465172533019986e-01
4.208507062550186917e-01
4.220412238896001367e-01
4.237743205939901725e-01
4.262552610663831176e-01
4.297462587821825886e-01
4.345720302977584826e-01
4.411223453712048714e-01
4.498541098537146565e-01
4.613024085888658421e-01
4.761224653826219289e-01
4.952095477460796147e-01
5.200149975875218988e-01
5.534686085284303836e-01
6.037573725419990156e-01
7.364923332033959102e-01
1.083555278068554450e+00
1.109306442479168542e+00
1.122002691486399417e+00
1.129378054675674870e+00
1.133736541611205961e+00
1.136007077348929029e+00
1.136589241778827919e+00
1.135673604056956831e+00
1.133449487345151274e+00
1.130258674989274015e+00
1.126624698433833061e+00
1.123112078465617891e+00
1.120127478193801096e+00
1.117830998734262060e+00
1.116187660509256441e+00
1.115069773140997533e+00
1.114334861402538124e+00
1.113862512327113086e+00
1.113563392597790580e+00
1.113375811323020770e+00
1.113258903473488770e+00
1.113186236322642131e+00
1.113140885995679508e+00
1.113111927569540693e+00
1.113091943989063859e+00
1.113075077664357870e+00
1.113055063154069879e+00
1.113022403710504094e+00
1.112959114761486568e+00
1.112827647103014517e+00
1.112546206905700830e+00
1.111931597826089302e+00
1.110560262000551246e+00
1.107400535749963444e+00
1.099654778697614521e+00
1.077257432969247697e+00
9.597460959801442648e-01
8.483405952715967757e-01
7.993081829291908136e-01
7.741150672603770433e-01
7.621091660689884861e-01
7.569045892123577035e-01
7.548335155066411284e-01
7.541078435799838386e-01
7.539576140283987815e-01
7.540896431477068784e-01
7.544261853890794622e-01
7.550006269880046306e-01
7.559335042954170580e-01
7.574582952388918544e-01
7.599971027091593223e-01
7.643107446298542662e-01
7.717737948562717332e-01
7.848618659127585273e-01
8.080828238857660217e-01
8.508101576523601217e-01
9.531175210649438512e-01
1.281676977675769269e+00
1.296858373135584275e+00
1.301318809691393685e+00
1.302715076136103711e+00
1.303083436059283118e+00
1.303150767799316156e+00
1.303156727455658137e+00
1.303156817511388565e+00
