3.402287670822164677e-03
3.324664144216775852e-03
3.397699541682592996e-03
6.342138765407147154e-03
1.129700252305578315e-02
1.196304408377561919e-02
1.203425144367056485e-02
1.204548635550518020e-02
1.204784326143588588e-02
1.204829320984364405e-02
1.204803206176169490e-02
1.204715274002211671e-02
1.204537246944773453e-02
1.204211617919474092e-02
1.203644256355006388e-02
1.202689555540208295e-02
1.201129065106205408e-02
1.198643149400677524e-02
1.194775573002825400e-02
1.188892734767932162e-02
1.180143241888351700e-02
1.167430634792001980e-02
1.149422787917703769e-02
1.124633740767646758e-02
1.091619515738910876e-02
1.049312533074513859e-02
9.974604781787152138e-03
9.370364631454408677e-03
8.704031849107504021e-03
8.010458816430266957e-03
7.328870395528712563e-03
6.694470250828527327e-03
6.132073958363793743e-03
5.653869396616815514e-03
5.260976810950030759e-03
4.947002090100403524e-03
4.701785038636286870e-03
4.514340710565402891e-03
4.374763325626913717e-03
4.275265445830112726e-03
4.210581196242248712e-03
4.177798601713830599e-03
4.175449340829258393e-03
4.201651409351549876e-03
4.251717334295027767e-03
4.316849198170171452e-03
4.385714169981057634e-03
4.448293937552146027e-03
4.498914202497179306e-03
4.536453638655884441e-03
4.562620618824894843e-03
4.580102568683479605e-03
4.591456041755563253e-03
4.598693057443853545e-03
4.603249715792431633e-03
4.606095824966967289e-03
4.607865724702536747e-03
4.608967766942866258e-03
4.609665296510448776e-03
4.610134738125282357e-03
4.610510202093878046e-03
4.610926252672776365e-03
4.611575806257043469e-03
4.612814111069814607e-03
4.615373377637431614e-03
4.620830447211164184e-03
4.632646599205473247e-03
4.658486735337336038e-03
4.715299474057283065e-03
4.839737023989573554e-03
5.105609207222307558e-03
5.635336866134359884e-03
6.541528452099533604e-03
7.730495234039678684e-03
8.827779522784989785e-03
9.544292387956709520e-03
9.904361557296731747e-03
1.005464917799630924e-02
1.010436950588971920e-02
1.010747463485336776e-02
1.008456977330822631e-02
1.003930425646719013e-02
9.965446886780342933e-03
9.848012004690131702e-03
9.660599468281705696e-03
9.359953271249962445e-03
8.879764364068488958e-03
8.131630638320820614e-03
7.034268697291098764e-03
5.596954259539004342e-03
4.018460924336456942e-03
2.637839336806137996e-03
1.692986403289762102e-03
1.179391525274598894e-03
9.528629533748590513e-04
8.719855810151609307e-04
8.497613797184427626e-04
8.456576717510420373e-04
8.452938693568735982e-04
8.452884019308349976e-04
