1.207890250160241541e+00
1.215187487812289024e+00
1.211371899076145509e+00
9.798005164725517302e-01
5.882190086441687615e-01
5.355472806440907396e-01
5.299168412034679365e-01
5.290291652974954406e-01
5.288435166858387326e-01
5.288090939345465591e-01
5.288320098759348165e-01
5.289059904630525333e-01
5.290551509448031542e-01
5.293277907239358759e-01
5.298027831467453375e-01
5.306020708238272654e-01
5.319085768189734109e-01
5.339899430038371753e-01
5.372281863327561524e-01
5.421538344080994998e-01
5.494797757921150438e-01
5.601240988386562147e-01
5.752022215195635724e-01
5.959583750654260381e-01
6.236016466333970110e-01
6.590259767568662497e-01
7.024427061491826940e-01
7.530371753349638375e-01
8.088313363728009131e-01
8.669074645061025652e-01
9.239821516166206727e-01
9.771094261557805583e-01
1.024214354780008662e+00
1.064281363085690879e+00
1.097224885615968537e+00
1.123593864125149722e+00
1.144261006210715248e+00
1.160181060434039235e+00
1.172237525567609850e+00
1.181162491659293767e+00
1.187507106515499622e+00
1.191649080771422176e+00
1.193838122737098439e+00
1.194286275670269237e+00
1.193286625184429850e+00
1.191289875918272179e+00
1.188853921932551128e+00
1.186482777501537189e+00
1.184488530631776060e+00
1.182973107936359236e+00
1.181899471763836029e+00
1.181174040302800377e+00
1.180699099442386490e+00
1.180394569117353853e+00
1.180201976250054408e+00
1.180081252524986413e+00
1.180005912222849673e+00
1.179958744125437553e+00
1.179928504138729961e+00
1.179907451117208961e+00
1.179889333243756999e+00
1.179867262156456320e+00
1.179830564070150967e+00
1.179758853149134090e+00
1.179609591374767508e+00
1.179290844971089047e+00
1.178600625601707197e+00
1.177091545523716976e+00
1.173774318748777468e+00
1.166509583284624618e+00
1.150989111545876797e+00
1.120067072446025991e+00
1.067169377851192147e+00
9.977612096227272964e-01
9.336945793059907572e-01
8.918395236900211742e-01
8.707724197627706442e-01
8.619264263540562521e-01
8.589157485530080072e-01
8.585732260638285762e-01
8.596672646414804664e-01
8.619382235217410981e-01
8.656736469259770361e-01
8.716227795497736297e-01
8.811200301280288638e-01
8.963564258275730223e-01
9.206921138104255942e-01
9.586071647554470498e-01
1.014220953897124078e+00
1.087063383709676589e+00
1.167060696616508908e+00
1.237029960464322675e+00
1.284914669156985267e+00
1.310943418128795335e+00
1.322423779322998039e+00
1.326522605439203639e+00
1.327648916474017060e+00
1.327856889729979173e+00
1.327875326613712437e+00
1.327875603438173124e+00
