3.043256273139649033e-08
3.128975349879671370e-08
3.360726758536722497e-08
5.275541266806458391e-08
4.023903607133254358e-07
3.462640662392245719e-06
1.953841856299760087e-05
7.879277708792787390e-05
2.471265051549643185e-04
6.385186701778561638e-04
1.414074980993146064e-03
2.761362800835393937e-03
4.855316383002503122e-03
7.810215628650053581e-03
1.163703675871827214e-02
1.621986052570769526e-02
2.131955585636146483e-02
2.660500481723922575e-02
3.170459420122367922e-02
3.626583765667720782e-02
4.000983526397718093e-02
4.276957816946216906e-02
4.450572287140178163e-02
4.529888891838790288e-02
4.532238749326337329e-02
4.480260580109161200e-02
4.397563552189373559e-02
4.304822535252161853e-02
4.216920104001186526e-02
4.141475980214567865e-02
4.078815907663079637e-02
4.023182695684032056e-02
3.964818814393938212e-02
3.892468310504411388e-02
3.795852633315097840e-02
3.667752200675146457e-02
3.505446500538796778e-02
3.311401200736843048e-02
3.093215382220083215e-02
2.862937160532814940e-02
2.635912455263743695e-02
2.429349601538787623e-02
2.260769434072548018e-02
2.146478488318145222e-02
2.100165230164257116e-02
2.131686867929426937e-02
2.246094089585963516e-02
2.442934361226615364e-02
2.715877449764370760e-02
3.052712184005548432e-02
3.435762402265589432e-02
3.842755076003171594e-02
4.248140839029419802e-02
4.624817727374579135e-02
4.946149317537210099e-02
5.188109427765666415e-02
5.331340054405328543e-02
5.362889455084157708e-02
5.277411753609951434e-02
5.077660528614770519e-02
4.774191691142375127e-02
4.384293807654565667e-02
3.930270234953586739e-02
3.437288662660960281e-02
2.931073644590711028e-02
2.435735726879500671e-02
1.972004021222195300e-02
1.556063204984662295e-02
1.199103831081134268e-02
9.075935967183262551e-03
6.841842183901061802e-03
5.290974416639199207e-03
4.417913824003598736e-03
4.226937304910750350e-03
4.747931121032828231e-03
6.048918513688160067e-03
8.243311465783704703e-03
1.148998928301402100e-02
1.598430610326288803e-02
2.193842665011711338e-02
2.955052764059837300e-02
3.896521334478293686e-02
5.023311260050693922e-02
6.328747966979023087e-02
7.797142850251093105e-02
9.417327149818124910e-02
1.121621266302757769e-01
1.332661238919254643e-01
1.611101295652061505e-01
2.037473337727465639e-01
2.772166806063517952e-01
4.114081759184710640e-01
6.597520743513995978e-01
1.115390864235929813e+00
1.938507149691516496e+00
3.402916657654723842e+00
5.975692220772589103e+00
1.045259884399323269e+01
1.818618826968338809e+01
3.146543981096568388e+01
