#Variance for the Conditional distribution of radius given mass from initial fitting w/o bootstrap
2.014844722119024309e-02
9.051352633671960746e-03
9.053601834612736224e-03
9.063827155481651854e-03
9.092712519596632403e-03
9.156451850464824779e-03
9.277066033080382662e-03
9.481828069740431617e-03
9.801112977617900540e-03
1.026405940237402892e-02
1.089202235649383219e-02
1.169104132143361161e-02
1.264600882578381137e-02
1.371973989993248953e-02
1.485860442674134980e-02
1.600319143285704529e-02
1.709983180012246071e-02
1.810876110322206731e-02
1.900703147327042347e-02
1.978694002870517651e-02
2.045207450434146507e-02
2.101294654652293217e-02
2.148336758347742931e-02
2.187793949525152978e-02
2.221056729807022179e-02
2.249372773035618334e-02
2.273822290258684445e-02
2.295320888584169092e-02
2.314635843491246250e-02
2.332407289196562414e-02
2.349169671213809096e-02
2.365371192915330378e-02
2.381390359446377072e-02
2.397549450168280291e-02
2.414125099235850391e-02
2.431356302953524215e-02
2.449450204760313804e-02
2.468585992954409891e-02
2.488917214855005181e-02
2.510572780670151244e-02
2.533656908575263045e-02
2.558248251890129707e-02
2.584398449101891343e-02
2.612130345054875999e-02
2.641436142639397300e-02
2.672275753400257803e-02
2.704575616696720114e-02
2.738228244502560749e-02
2.773092717716144420e-02
2.808996306992107145e-02
2.845737316551297594e-02
2.883089156677324724e-02
2.920805546829954857e-02
2.958626646691885076e-02
2.996285818856669891e-02
3.033516655798236539e-02
3.070059864330128979e-02
3.105669597777054036e-02
3.140118858988059231e-02
3.173203660146749899e-02
3.204745707676987659e-02
3.234593469328120308e-02
3.262621562080326304e-02
3.288728461454928920e-02
3.312832565362901910e-02
3.334866642142848836e-02
3.354770649307767943e-02
3.372482825624114472e-02
3.387928835547944495e-02
3.401008585645512450e-02
3.411580147138254526e-02
3.419440030042979195e-02
3.424298914115182779e-02
3.425751959771256711e-02
3.423243218810238797e-02
3.416024855668464005e-02
3.403114601273379836e-02
3.383260229358701215e-02
3.354929318612095285e-02
3.316357135913254595e-02
3.265703305582168953e-02
3.201379330142124086e-02
3.122590022022819073e-02
3.030045632830507055e-02
2.926628957835461509e-02
2.817613591207214843e-02
2.710030260735703592e-02
2.611158455592010527e-02
2.526725862206677387e-02
2.459687596193461251e-02
2.410087995755264695e-02
2.375822160399309810e-02
2.353722327310290088e-02
2.340477065448431926e-02
2.333186653038637690e-02
2.329587665610938219e-02
2.328065243536903486e-02
2.327562779273865956e-02
2.327459790854988220e-02
2.327453644082999595e-02
