#Upper limit for the Conditional distribution of mass given radius from initial fitting w/o bootstrap
9.641094293796076309e-09
-1.632349874632081296e-02
-1.437017920708696245e-02
-1.109456583202166752e-02
-6.536256975656420075e-03
-7.846734861913193552e-04
6.026590198957711489e-03
1.373217141366125590e-02
2.215407984802511901e-02
3.112648882263872527e-02
4.052415334908117395e-02
5.029268361500343482e-02
6.047975375564986628e-02
7.126832301282670645e-02
8.301541582368335281e-02
9.630313528901600362e-02
1.120126734698022736e-01
1.314371552174461444e-01
1.564511298026776409e-01
1.897275379185408839e-01
2.348203930774868942e-01
2.952727730738817780e-01
3.710126678227108621e-01
4.541689993682289095e-01
5.336980362659846655e-01
6.037006893544072383e-01
6.634700619560337520e-01
7.143373094336931128e-01
7.580154714492646217e-01
7.961005573042185812e-01
8.299733529011698030e-01
8.608037391262252092e-01
8.895721011612757190e-01
9.170874111157892861e-01
9.439983200121278006e-01
9.707976422377376791e-01
9.978225677671226368e-01
1.025254961133386322e+00
1.053128171532533575e+00
1.081346737589750306e+00
1.109721612824575487e+00
1.138017039995044888e+00
1.165999254945995434e+00
1.193476245208572095e+00
1.220322177000242592e+00
1.246486414617129501e+00
1.271991457008494031e+00
1.296925271502461063e+00
1.321432425862298476e+00
1.345706564336071942e+00
1.369985247224201785e+00
1.394547021340011295e+00
1.419709809669823741e+00
1.445828857283198543e+00
1.473291195358958694e+00
1.502501473927819076e+00
1.533850957849808960e+00
1.567658440625343097e+00
1.604073475987449982e+00
1.642948484669956022e+00
1.683726655889669743e+00
1.725437721343046293e+00
1.766872852055342724e+00
1.806882762513032148e+00
1.844630124852257858e+00
1.879677743524124089e+00
1.911934221939110223e+00
1.941545956271780504e+00
1.968800251757879760e+00
1.994060963826946420e+00
2.017733908512607588e+00
2.040252984071972087e+00
2.062078985424697475e+00
2.083705527578582739e+00
2.105667493738944795e+00
2.128545968389782939e+00
2.152957614267516639e+00
2.179502690407689069e+00
2.208623652700040463e+00
2.240319500227798244e+00
2.273766431727960224e+00
2.307201748518945106e+00
2.338514638340108309e+00
2.366190983512975521e+00
2.389694748091597098e+00
2.409187845673440798e+00
2.425126550328549069e+00
2.438019415557742153e+00
2.448333058674745821e+00
2.456471621760598190e+00
2.462782613793850661e+00
2.467568270580718259e+00
2.471095135302282308e+00
2.473600315404929972e+00
2.475295000089962727e+00
2.476366357158128917e+00
2.476978784016017343e+00
2.477275123627124209e+00
2.477378109707327081e+00
9.641094293796076309e-09
