#Conditional distribution of radius given mass from initial fitting w/o bootstrap
nan
-1.549104101612529816e-01
-1.491553404526957671e-01
-1.437582888778421164e-01
-1.386526540183100065e-01
-1.337466827441702866e-01
-1.289123531109556409e-01
-1.239740015032080311e-01
-1.186973098341215366e-01
-1.127801127229080269e-01
-1.058476984421463929e-01
-9.745677238919447927e-02
-8.711362500496079575e-02
-7.431238360428289724e-02
-5.859706837979725830e-02
-3.964500100631587753e-02
-1.735872765871301210e-02
8.057966763761269247e-03
3.607026694671074118e-02
6.585162913729322720e-02
9.639274256437867228e-02
1.266530017948455378e-01
1.557102614554438935e-01
1.828684958955644757e-01
2.077038711728731168e-01
2.300538158026165514e-01
2.499687849831916941e-01
2.676492274092737711e-01
2.833847688628473027e-01
2.975046569221881376e-01
3.103419624935755405e-01
3.222101795031078741e-01
3.333893429745726777e-01
3.441187151531634458e-01
3.545936876236643331e-01
3.649653147918058838e-01
3.753415758301645866e-01
3.857899573209965793e-01
3.963412370041304866e-01
4.069944492809360326e-01
4.177229662984086600e-01
4.284814902171842355e-01
4.392135864947768753e-01
4.498592559946374414e-01
4.603619908685612216e-01
4.706748040797320565e-01
4.807648538249232328e-01
4.906164672059094567e-01
5.002325574808971220e-01
5.096345859237486620e-01
5.188613176368185309e-01
5.279666540837595345e-01
5.370168029433037837e-01
5.460869871402931341e-01
5.552578218864520077e-01
5.646114222022131646e-01
5.742272608683908208e-01
5.841777906494952655e-01
5.945238824635074026e-01
6.053102142529726004e-01
6.165608663613224572e-01
6.282755193113631620e-01
6.404267764314544031e-01
6.529592023361694419e-01
6.657906309742321893e-01
6.788161183753308459e-01
6.919145921819128686e-01
7.049578268277449933e-01
7.178209412474465534e-01
7.303932912489176088e-01
7.425885111787642323e-01
7.543525916286238919e-01
7.656692247608251067e-01
7.765621012877604867e-01
7.870942688449854563e-01
7.973649439321442989e-01
8.075042441220835476e-01
8.176661716937030366e-01
8.280198864246048895e-01
8.387389477173250452e-01
8.499879151866873706e-01
8.619056459241303259e-01
8.745850341270998696e-01
8.880500288127080033e-01
9.022326396344593213e-01
9.169550368635899229e-01
9.319238748270413097e-01
9.467440813177108172e-01
9.609560171367559356e-01
9.740929155746060886e-01
9.857471851965522447e-01
9.956288643774203750e-01
1.003600922274922924e+00
1.009684115436939589e+00
1.014034529779877625e+00
1.016904492442183061e+00
1.018599484514490339e+00
1.019440867929532146e+00
1.019739446357344814e+00
nan
