9.486326213495460680e-02
9.487435794661075450e-02
9.510001237307816324e-02
9.637007070852644797e-02
1.004588094173883978e-01
1.094505625116553443e-01
1.234025717435242447e-01
1.389222513239040113e-01
1.520371816434654966e-01
1.612705713382762973e-01
1.671796786360954523e-01
1.708287166360532572e-01
1.730773880185733637e-01
1.744833793773908903e-01
1.753816474772320055e-01
1.759689612147461446e-01
1.763609919329144626e-01
1.766263016774489991e-01
1.768057640328178637e-01
1.769235557621418875e-01
1.769933895570923454e-01
1.770220611469152661e-01
1.770114714831116653e-01
1.769597889247942757e-01
1.768621569793124571e-01
1.767112257710059531e-01
1.764977295508921851e-01
1.762113071634139883e-01
1.758417300823645890e-01
1.753806234546729514e-01
1.748236047988475372e-01
1.741725197693070881e-01
1.734371915893610783e-01
1.726359705016080881e-01
1.717945426994917646e-01
1.709429814304599393e-01
1.701116994513240110e-01
1.693274194374524144e-01
1.686102362032997903e-01
1.679723428741253521e-01
1.674183521018838550e-01
1.669466962265139243e-01
1.665514684981114490e-01
1.662241949459430379e-01
1.659552478781508578e-01
1.657348073710960823e-01
1.655533978111232429e-01
1.654020757608426484e-01
1.652723465298171490e-01
1.651558626260568596e-01
1.650439222556887853e-01
1.649267463698544656e-01
1.647924686489157797e-01
1.646257209934954002e-01
1.644056327834126363e-01
1.641029814108800333e-01
1.636761358437996139e-01
1.630653417266281491e-01
1.621848631126747431e-01
1.609126681346138010e-01
1.590780440615037761e-01
1.564493576510865014e-01
1.527280427365546034e-01
1.475614548948712412e-01
1.405947988452869168e-01
1.315825308977344177e-01
1.205548442850454677e-01
1.079729501809665732e-01
9.474452759112253486e-02
8.200733421665865053e-02
7.076245280055892817e-02
6.158449714836525951e-02
5.456656803122561517e-02
4.945978640146884986e-02
4.586530088835976543e-02
4.337733506317485027e-02
4.165426547900819010e-02
4.043744971549277645e-02
3.954368959259801225e-02
3.884889678489347742e-02
3.827164956784299271e-02
3.775978196377467039e-02
3.728048718589020011e-02
3.681342278358832459e-02
3.634608312968060084e-02
3.587077657151474530e-02
3.538269366015859424e-02
3.487869674960017430e-02
3.435657593861495690e-02
3.381460032497435320e-02
3.325125230602517939e-02
3.266507260733424178e-02
3.205457031511836641e-02
3.141816957577934361e-02
3.075417578865646470e-02
3.006075113684987185e-02
2.933589360069669902e-02
2.857741613976954448e-02
2.778292411773422912e-02
2.694979038944196256e-02
