-1.621472059557690137e+00
-1.621451436712307181e+00
-1.621035682029616565e+00
-1.618678582688398926e+00
-1.610703982011810087e+00
-1.590514842070246404e+00
-1.548447536370076705e+00
-1.471101211839012324e+00
-1.332973081956431827e+00
-1.070149011882927548e+00
-8.171866020839962941e-01
-7.089114582292117550e-01
-6.559532655426371095e-01
-6.262799382121975178e-01
-6.081843721785461510e-01
-5.964233946570575151e-01
-5.883410807711840773e-01
-5.824731400929412661e-01
-5.779533641590043347e-01
-5.742312466388413972e-01
-5.709257361886520554e-01
-5.677435620054451793e-01
-5.644298747152730611e-01
-5.607355776520133173e-01
-5.563933946787916751e-01
-5.510985559992717109e-01
-5.444920861776907373e-01
-5.361459579594693992e-01
-5.255501970044855753e-01
-5.121024453970679513e-01
-4.951003666606891840e-01
-4.737363446482688034e-01
-4.470920364706351124e-01
-4.141278441027729240e-01
-3.736609500221050317e-01
-3.243302731151592178e-01
-2.645728070731310222e-01
-1.927307605716310490e-01
-1.076938148039850579e-01
-1.098279000656685218e-02
8.977060124641546290e-02
1.818140527298358344e-01
2.564693328187534482e-01
3.132790944171219283e-01
3.556759201801962811e-01
3.873359646112891630e-01
4.111443083299076706e-01
4.291944564789141880e-01
4.429855143164236897e-01
4.535995272752992857e-01
4.618294556671825313e-01
4.682673074102868260e-01
4.733651753079226587e-01
4.774788719373344592e-01
4.809008823609659533e-01
4.838874009679478005e-01
4.866831625704763908e-01
4.895474015079613883e-01
4.927844238209697081e-01
4.967828466801716969e-01
5.020683914717042340e-01
5.093758649475608191e-01
5.197458894090632997e-01
5.346498657740192950e-01
5.561418156549661207e-01
5.870316726365822912e-01
6.310895067501405276e-01
6.933786606406147079e-01
7.811239555315744321e-01
9.065895630939501126e-01
1.098704317841956213e+00
1.456421932477190984e+00
1.760774013020042661e+00
1.862368769164071347e+00
1.911246812514989513e+00
1.939118605859417199e+00
1.956526750439036455e+00
1.968216976668114349e+00
1.976669555982001336e+00
1.983287480784059031e+00
1.988898659786090484e+00
1.994002514336889575e+00
1.998903838298488944e+00
2.003790286534410381e+00
2.008778946656187170e+00
2.013944838341958032e+00
2.019338422586376414e+00
2.024996286953380853e+00
2.030947559218140519e+00
2.037217644093734847e+00
2.043830281338770316e+00
2.050808541375662042e+00
2.058175126265083144e+00
2.065952182172706486e+00
2.074160725406291039e+00
2.082819720126320107e+00
2.091944812394673114e+00
2.101546718632770094e+00
2.111629287776560115e+00
2.122187299130716021e+00
