-1.317583427817390573e+00
-1.317433395198390755e+00
-1.314336910883670884e+00
-1.296733765991689991e+00
-1.239670847819294375e+00
-1.113529271966813505e+00
-9.169450725659972212e-01
-6.973400089944440383e-01
-5.108753754328453356e-01
-3.788140508945708196e-01
-2.936250353468871088e-01
-2.404347926945908931e-01
-2.071326493896035181e-01
-1.858099868515529496e-01
-1.716712473701787756e-01
-1.618490901861972808e-01
-1.545962727819143456e-01
-1.487981970810228205e-01
-1.436876952166641075e-01
-1.386760716986273345e-01
-1.332488797280981241e-01
-1.268976591636637730e-01
-1.190724348184515335e-01
-1.091480098155491740e-01
-9.640263786848481120e-02
-8.001199450650207934e-02
-5.906501275218666719e-02
-3.261068804449578085e-02
2.550701818450482245e-04
4.025842915451071508e-02
8.778056004751139119e-02
1.426819180829111133e-01
2.041660520060950279e-01
2.707410140133284515e-01
3.403216857477688317e-01
4.104734078010538467e-01
4.787424582128424477e-01
5.429824118922167431e-01
6.015897044398096360e-01
6.536030015767991808e-01
6.986730340770322956e-01
7.369454481596052764e-01
7.689085557548328564e-01
7.952470723116660256e-01
8.167246889505278551e-01
8.341023234122147967e-01
8.480889752901271672e-01
8.593179190220128216e-01
8.683405233867218520e-01
8.756313621425565463e-01
8.816002054191390824e-01
8.866083249492890950e-01
8.909881056320465564e-01
8.950662540207887652e-01
8.991920431492627097e-01
9.037731498521622830e-01
9.093227756821581353e-01
9.165227629688880162e-01
9.263077645898082357e-01
9.399737193188462125e-01
9.593066457273775605e-01
9.867088876577480017e-01
1.025260201491699830e+00
1.078583866984904605e+00
1.150310875750079731e+00
1.242934464371191039e+00
1.356103400486711408e+00
1.485037962617952623e+00
1.620388350110833819e+00
1.750471707940069788e+00
1.865040196251618321e+00
1.958243839373036366e+00
2.029177527592947339e+00
2.080435675988327571e+00
2.116137123827039446e+00
2.140458825822516786e+00
2.156910449604705793e+00
2.168144949074337635e+00
2.176038586168162592e+00
2.181860147375241699e+00
2.186440499201630416e+00
2.190310549829826758e+00
2.193802888409789098e+00
2.197122496062720032e+00
2.200394139698881535e+00
2.203693287685087654e+00
2.207065835439610435e+00
2.210540441197629935e+00
2.214136089577748212e+00
2.217866635970075162e+00
2.221743480767863321e+00
2.225777112406913893e+00
2.229977985532817453e+00
2.234357022572334817e+00
2.238925912809902830e+00
2.243697311344879708e+00
2.248684996376766776e+00
2.253904017261628034e+00
2.259370851366822031e+00
2.265103575866983299e+00
