4.440420239468129370e-10
5.086961086946712070e-04
3.281005233382174729e-03
8.907799660713786732e-03
1.694682352500632982e-02
2.650422288777877847e-02
3.658808700972607936e-02
4.630701466774807956e-02
5.496681256427916190e-02
6.210322724584264875e-02
6.747708804586288744e-02
7.104960125803105875e-02
7.294916468168759216e-02
7.343647997668729943e-02
7.287154143928849248e-02
7.168396251462783031e-02
7.034681092519862178e-02
6.935344883963361073e-02
6.919664034254048579e-02
7.034924857424189326e-02
7.324607945824318511e-02
7.826674199516844843e-02
8.571971291199773080e-02
9.582806278769348540e-02
1.087174871394862991e-01
1.244073714914045309e-01
1.428056005120580396e-01
1.637077057795422452e-01
1.868007511660992326e-01
2.116721016117025789e-01
2.378229356279721596e-01
2.646860702775293839e-01
2.916473940837490120e-01
3.180699695442699149e-01
3.433196893386527559e-01
3.667912603595305798e-01
3.879332532236614006e-01
4.062709923729593275e-01
4.214261687521231869e-01
4.331322246632224315e-01
4.412447768327547593e-01
4.457465948919809851e-01
4.467469231749603420e-01
4.444752087114148265e-01
4.392695630956316988e-01
4.315605276917011679e-01
4.218509196770631187e-01
4.106927025224905159e-01
3.986619431162691241e-01
3.863329859713243719e-01
3.742529923893325727e-01
3.629179608624704123e-01
3.527512679532723294e-01
3.440856513953606255e-01
3.371494051967652839e-01
3.320573767337855475e-01
3.288071551601919329e-01
3.272806259950373775e-01
3.272508455320135567e-01
3.283939676838404376e-01
3.303057419031649178e-01
3.325219007377952507e-01
3.345415762353081135e-01
3.358527327155425568e-01
3.359584863078748929e-01
3.344031059319826360e-01
3.307964625723380236e-01
3.248357195274066411e-01
3.163231403498202310e-01
3.051790361330254386e-01
2.914490797957763335e-01
2.753054789503313615e-01
2.570418137516019552e-01
2.370617002719805633e-01
2.158618171140646025e-01
1.940102121107551980e-01
1.721211617621997703e-01
1.508281599465246259e-01
1.307568341229726760e-01
1.124996968238251710e-01
9.659461082520129360e-02
8.350865713697087911e-02
7.362873419064895619e-02
6.725968488725531103e-02
6.463006076805445643e-02
6.590482094519407863e-02
7.120337509194790693e-02
8.062047601976178590e-02
9.424661815763837880e-02
1.121838740807917234e-01
1.345525614379209089e-01
1.614838105175509797e-01
1.930929883305092243e-01
2.294289573614590183e-01
2.703941582747517169e-01
3.156302730760701669e-01
3.643634368333822371e-01
4.152012621426657835e-01
4.658709826226680728e-01
5.128836207812993431e-01
