4.348136808828094620e-03
3.527690360937695089e-03
3.527690365172465176e-03
3.527698694371803664e-03
3.527750091837032840e-03
3.527961243648689363e-03
3.528638249826509046e-03
3.530472026928879476e-03
3.534867075905821256e-03
3.544464686867415150e-03
3.563936028225024068e-03
3.601123733576335872e-03
3.668576987693001820e-03
3.785400675591257813e-03
3.979030167852501583e-03
4.285939350858127168e-03
4.749405432944595051e-03
5.411800728589502563e-03
6.299907797093256406e-03
7.406280889406633740e-03
8.676719740844253403e-03
1.001624637810171435e-02
1.131576176815709753e-02
1.248499340035064999e-02
1.347265699282870245e-02
1.426695266917125775e-02
1.488344548203753871e-02
1.535078133536575684e-02
1.570022407175108298e-02
1.596004446921802863e-02
1.615346073488996628e-02
1.629853664505343663e-02
1.640891089202420328e-02
1.649474052587306810e-02
1.656358326665446912e-02
1.662112756704901134e-02
1.667176326699973399e-02
1.671901682130188388e-02
1.676588182017130918e-02
1.681507244800768686e-02
1.686922125895301203e-02
1.693103575559928853e-02
1.700342141365016393e-02
1.708957189235390042e-02
1.719301991128240059e-02
1.731763459216829545e-02
1.746754356680834189e-02
1.764695265597271412e-02
1.785983597183621666e-02
1.810948020481635209e-02
1.839789446080931229e-02
1.872514413208284031e-02
1.908872783832006592e-02
1.948316999032087549e-02
1.990001438859138189e-02
2.032834444074681224e-02
2.075581880040034202e-02
2.117004055463481138e-02
2.155995221990016780e-02
2.191693552767651904e-02
2.223540277491286785e-02
2.251283765700736947e-02
2.274939552097995574e-02
2.294725080134888198e-02
2.310987739722929549e-02
2.324139542608501599e-02
2.334605187207645927e-02
2.342784797941471764e-02
2.349029164021790989e-02
2.353623621498162136e-02
2.356776135820608936e-02
2.358604936384716202e-02
2.359120645460429169e-02
2.358196774415565605e-02
2.355520366194728543e-02
2.350511265951290077e-02
2.342194534531092179e-02
2.329008836720184231e-02
2.308544154817587790e-02
2.277251504463347065e-02
2.230311010683462547e-02
2.162146772058281055e-02
2.068427606977161701e-02
1.950032449152875810e-02
1.817043794316640024e-02
1.687625054999004892e-02
1.579446537717375462e-02
1.500747074752943611e-02
1.449295801322480343e-02
1.417583928112512749e-02
1.397855428900930674e-02
1.384299112276765956e-02
1.373204907282293483e-02
1.362384094964167076e-02
1.350538593340033615e-02
1.336779303382199836e-02
1.320288752781642941e-02
1.300062896415055992e-02
1.274647136912063043e-02
1.241746727289728611e-02
