-2.855034817387803736e-01
-2.888465981768342794e-01
-2.888465995624458493e-01
-2.888465912470817853e-01
-2.888465395908341726e-01
-2.888463293906811113e-01
-2.888456612031617965e-01
-2.888438643126901573e-01
-2.888395827763375889e-01
-2.888302734409227690e-01
-2.888114310366854398e-01
-2.887754224520787671e-01
-2.887097649931154586e-01
-2.885946124419873637e-01
-2.883990997747662433e-01
-2.880760055623555749e-01
-2.875538432510310050e-01
-2.867248209576677698e-01
-2.854257288099145695e-01
-2.834057707785382907e-01
-2.802680635614518967e-01
-2.753520179461290129e-01
-2.674636233856633738e-01
-2.541386131566954476e-01
-2.292304032183059004e-01
-1.817523637010831083e-01
-1.383400199613012971e-01
-1.141573822793147674e-01
-9.965296976942601692e-02
-9.025342407667269473e-02
-8.386236687586602623e-02
-7.936663720114370268e-02
-7.611406363112666051e-02
-7.369738342330547920e-02
-7.185062397606813145e-02
-7.039380469223607828e-02
-6.920105196661044400e-02
-6.818110615019859488e-02
-6.726481438583996331e-02
-6.639673277297744591e-02
-6.552920377846817301e-02
-6.461792838196256383e-02
-6.361841545244366347e-02
-6.248290165208778696e-02
-6.115746258353040726e-02
-5.957911605860613524e-02
-5.767277030300539675e-02
-5.534790171349130566e-02
-5.249485665018802788e-02
-4.898064554669302739e-02
-4.464400384719956899e-02
-3.928927729003846986e-02
-3.267826274585156759e-02
-2.451838131708017690e-02
-1.444434491739227805e-02
-1.988787191129603570e-03
1.346397881051703861e-02
3.274218635502424563e-02
5.692961422480207617e-02
8.714454739635216218e-02
1.231989711138870291e-01
1.608577582120612470e-01
1.934784184906805093e-01
2.184101294169387142e-01
2.367190865372181541e-01
2.501467838822486467e-01
2.600760864948815643e-01
2.674823806471630094e-01
2.730477060026526570e-01
2.772580377220109638e-01
2.804687509838565407e-01
2.829476623164686178e-01
2.849045354004831054e-01
2.865131293049116845e-01
2.879300645159279526e-01
2.893141219324521507e-01
2.908499434835254971e-01
2.927815299479410438e-01
2.954636965216721478e-01
2.994440865186555611e-01
3.055945720384001252e-01
3.153189993025006799e-01
3.308805646342453666e-01
3.559679582040515267e-01
3.970469110228508347e-01
4.687242375415853757e-01
6.369165506739820071e-01
8.194838282250643813e-01
8.650174687039333676e-01
8.841140767909788645e-01
8.936393859176390286e-01
8.991070918695676095e-01
9.029618659423267468e-01
9.064153736373309345e-01
9.101152427374449294e-01
9.144686954735066209e-01
9.198305064891525440e-01
9.266360431079100346e-01
9.355303823709798516e-01
9.475409994385239898e-01
