#Conditional distribution of radius given mass from initial fitting w/o bootstrap
9.721778848983394149e-09
-1.446814130806114151e-01
-1.446790615300129479e-01
-1.446621066283114432e-01
-1.445954465078737594e-01
-1.444047265174146499e-01
-1.439554549058866539e-01
-1.430272968913054166e-01
-1.412840146920266993e-01
-1.382420241928488669e-01
-1.332473258512783532e-01
-1.254883263550043981e-01
-1.141127631262645187e-01
-9.857429326241526346e-02
-7.926683980792678663e-02
-5.799394721699978328e-02
-3.736219472793353424e-02
-1.938860686680844367e-02
-4.836385129936428273e-03
6.455588721815746014e-03
1.503659480896447562e-02
2.151411086083371629e-02
2.641979097945036312e-02
3.017739933891743637e-02
3.311094239088673702e-02
3.546421642326343798e-02
3.742058837736950833e-02
3.911954482596913252e-02
4.066953934151052580e-02
4.215765779375084399e-02
4.365682822019807674e-02
4.523123941161196621e-02
4.694050194013624916e-02
4.884295921104544330e-02
5.099845496422370644e-02
5.347078916357146661e-02
5.633004182714827779e-02
5.965490769212860450e-02
6.353515608844977069e-02
6.807430105269270115e-02
7.339250140111461262e-02
7.962965730188455160e-02
8.694832103557385838e-02
9.553571921806906786e-02
1.056030375593825649e-01
1.173783449315049660e-01
1.310863633946620088e-01
1.469045684570203236e-01
1.648847724167100681e-01
1.848441683641022237e-01
2.062721946866560019e-01
2.283457767622685819e-01
2.501086347793758935e-01
2.707267191562130471e-01
2.896543089191665477e-01
3.066467496926594816e-01
3.216813512534832387e-01
3.348655262326636350e-01
3.463687619903771941e-01
3.563819380310545015e-01
3.650961977209624121e-01
3.726935095996554703e-01
3.793436326909074841e-01
3.852044775697469059e-01
3.904243211951637371e-01
3.951451853035178319e-01
3.995071815042008367e-01
4.036539420112703058e-01
4.077395135478002475e-01
4.119373779272291203e-01
4.164526617139838183e-01
4.215392338699731622e-01
4.275244970918369858e-01
4.348467246972406719e-01
4.441140518024941364e-01
4.562034529179472275e-01
4.724415869610046337e-01
4.949763202095416315e-01
5.276776563986201873e-01
5.789139838811027117e-01
6.732237127140063837e-01
8.362221705907980640e-01
9.290336381540085231e-01
9.760116079420493307e-01
1.004468459710065931e+00
1.022955259677683415e+00
1.035257284423873214e+00
1.043458933923940402e+00
1.048865220756533212e+00
1.052354707441030879e+00
1.054540906066173678e+00
1.055857939873959372e+00
1.056612112541773785e+00
1.057016305251602839e+00
1.057214565357019076e+00
1.057300527101533882e+00
1.057331583421707633e+00
1.057339933312650304e+00
1.057341222394869051e+00
9.721778848983394149e-09
