#Weights for Beta densities from initial fitting w/o bootstrap
0.000000000000000000e+00
0.000000000000000000e+00
0.000000000000000000e+00
0.000000000000000000e+00
0.000000000000000000e+00
0.000000000000000000e+00
0.000000000000000000e+00
0.000000000000000000e+00
0.000000000000000000e+00
0.000000000000000000e+00
0.000000000000000000e+00
0.000000000000000000e+00
0.000000000000000000e+00
0.000000000000000000e+00
0.000000000000000000e+00
0.000000000000000000e+00
0.000000000000000000e+00
0.000000000000000000e+00
4.149986088225780800e-02
4.147907221520210751e-10
5.739161648125759661e-10
6.242862393129048259e-10
6.413200892751633447e-10
6.602978056716130939e-10
6.839703679222387898e-10
7.053600528724460412e-10
7.204027834596817654e-10
7.290265693491777442e-10
7.330134986949406184e-10
7.343472079372975834e-10
7.348311779943210225e-10
7.348880089380805834e-10
7.348545725089993636e-10
0.000000000000000000e+00
0.000000000000000000e+00
2.053030469204188265e-10
4.107145825373118573e-10
5.504326383810122280e-10
6.032265081156839692e-10
6.274068447969258309e-10
6.522492941751263521e-10
6.793198514374075092e-10
7.030490176422094948e-10
7.192451927483657463e-10
7.286351680416543143e-10
7.328072328637025290e-10
7.343301961817950366e-10
7.348371017531189634e-10
7.348927243061234441e-10
7.349470016149536227e-10
0.000000000000000000e+00
0.000000000000000000e+00
2.890787068170208324e-10
4.069304344529088785e-10
5.086879893261155678e-10
5.624059043571083853e-10
5.986371834322616299e-10
6.342205540684788239e-10
6.685985496444061182e-10
6.965654891369430900e-10
7.156239449206011584e-10
7.264530951124609356e-10
7.318812194033192785e-10
7.338981394815365360e-10
7.345015938780424802e-10
7.348434420793322321e-10
7.348672319517209018e-10
0.000000000000000000e+00
0.000000000000000000e+00
3.698030059121537247e-10
3.943906182300868039e-10
4.488823952959844791e-10
4.991827763370712675e-10
5.487484479504620410e-10
5.986289454930544297e-10
6.435871517064328329e-10
6.787303484240140346e-10
7.031020267174068698e-10
7.186537038780858953e-10
7.274833004659945470e-10
7.319794019178873243e-10
7.339030450186404507e-10
7.347163795800161316e-10
7.348876013780136166e-10
0.000000000000000000e+00
0.000000000000000000e+00
4.370885197206700106e-10
3.848395497165325949e-10
3.872133746453398917e-10
4.219883230420192269e-10
4.760069331074086784e-10
5.352285996067132449e-10
5.883605971994816100e-10
6.316518844940181756e-10
6.660676010559481814e-10
6.928364681183755026e-10
7.123526734697220196e-10
7.246822283645421589e-10
7.311622428638413869e-10
7.338162898984086462e-10
7.347398686777814950e-10
0.000000000000000000e+00
0.000000000000000000e+00
4.980463791558133353e-10
3.959713493086844697e-10
4.518793109694891341e-01
3.483052731698382375e-10
3.842872069889061333e-10
4.320345809637828093e-10
4.786202276606303868e-10
5.244001810869955036e-10
5.731442826511167453e-10
6.234380986210443041e-10
6.687936629739925365e-10
7.024231263254890030e-10
7.224376507904698352e-10
7.312828586750170319e-10
7.341262100635015169e-10
0.000000000000000000e+00
0.000000000000000000e+00
5.574869313201228499e-10
4.353135997981258777e-10
3.432352773533655374e-10
3.564145579355409684e-09
2.814887516261184268e-10
2.811530386640366226e-10
2.901188320546146775e-10
3.196993196077777466e-10
3.807753387346824196e-10
4.692068272984910044e-10
5.656860845024212596e-10
6.468296514860550142e-10
6.992031646255321940e-10
7.244559684832144577e-10
7.328800188351528282e-10
0.000000000000000000e+00
0.000000000000000000e+00
6.128760388323913413e-10
4.958960704873024202e-10
3.772253604674699135e-10
2.737393126131255471e-10
1.812756799306696571e-10
9.315224578433948729e-11
2.188408912499320222e-11
0.000000000000000000e+00
5.411582291188607365e-11
1.883933862539566859e-10
3.670598366051989461e-10
5.347092725597980475e-10
6.512462123496934579e-10
7.098393004456132445e-10
7.300923730326185773e-10
0.000000000000000000e+00
0.000000000000000000e+00
6.588099184638989032e-10
5.623193033799323221e-10
4.356371230938171522e-10
2.853379589322303702e-10
0.000000000000000000e+00
1.677652817108792375e-08
0.000000000000000000e+00
0.000000000000000000e+00
0.000000000000000000e+00
0.000000000000000000e+00
6.398299600339182099e-11
3.556040505868452925e-10
5.738805495098225472e-10
6.852561525808471268e-10
7.249037539601931555e-10
0.000000000000000000e+00
0.000000000000000000e+00
6.918817669480291583e-10
6.210762358963998813e-10
5.043504081895594992e-10
3.333897579357902093e-10
1.004779626386946350e-10
0.000000000000000000e+00
3.737055821801816280e-01
0.000000000000000000e+00
0.000000000000000000e+00
0.000000000000000000e+00
0.000000000000000000e+00
1.497353805497773612e-10
4.793644377859454346e-10
6.540099684061842283e-10
7.174505235072673858e-10
0.000000000000000000e+00
0.000000000000000000e+00
7.127516037583461273e-10
6.662754508303273069e-10
5.738452978129023963e-10
4.170811012590291836e-10
1.765157849802165974e-10
0.000000000000000000e+00
0.000000000000000000e+00
7.240827586237371175e-03
0.000000000000000000e+00
0.000000000000000000e+00
0.000000000000000000e+00
0.000000000000000000e+00
4.062414936746355700e-10
6.244923054137739528e-10
7.069182968492092323e-10
0.000000000000000000e+00
0.000000000000000000e+00
7.246828108758762493e-10
6.981495369017947381e-10
6.374724865950429434e-10
5.212853558659208452e-10
3.228609378104648191e-10
1.728363517233886919e-11
0.000000000000000000e+00
0.000000000000000000e+00
0.000000000000000000e+00
0.000000000000000000e+00
0.000000000000000000e+00
0.000000000000000000e+00
3.883946222601184547e-10
6.006766819444879328e-10
6.893431032633091753e-10
0.000000000000000000e+00
0.000000000000000000e+00
7.307024446724311043e-10
7.184218627780841228e-10
6.865741446830225239e-10
6.189713573741468296e-10
4.904078900900345509e-10
2.737943311960632517e-10
0.000000000000000000e+00
0.000000000000000000e+00
0.000000000000000000e+00
0.000000000000000000e+00
0.000000000000000000e+00
1.499212710373505663e-10
4.203714999522194934e-10
5.707228523666439159e-10
6.545060890458039449e-10
0.000000000000000000e+00
0.000000000000000000e+00
7.330519762101142360e-10
7.285786114095147217e-10
7.162903463130842899e-10
6.864379412921308571e-10
6.245772944144065576e-10
5.121565535782585847e-10
3.477031639599083550e-10
1.703440230651419264e-10
5.818233145874721502e-11
7.359707551303864594e-11
2.007300174636120291e-10
3.511006121626684528e-10
4.506049722076893105e-10
5.112112237178604484e-10
5.884506881014781596e-10
0.000000000000000000e+00
0.000000000000000000e+00
7.306961413107356538e-10
7.292484555013433985e-10
7.253308963989083848e-10
7.158785196378241768e-10
6.950517566009506432e-10
6.556555921086626611e-10
5.962042703981553903e-10
5.295848860930164968e-10
4.812137184869835337e-10
4.674593509012366001e-10
4.727553803362079992e-10
4.581918721338103110e-10
4.118708989282163137e-10
1.256743213262911385e-01
4.438951995911546164e-10
0.000000000000000000e+00
0.000000000000000000e+00
0.000000000000000000e+00
0.000000000000000000e+00
0.000000000000000000e+00
0.000000000000000000e+00
0.000000000000000000e+00
0.000000000000000000e+00
0.000000000000000000e+00
0.000000000000000000e+00
0.000000000000000000e+00
0.000000000000000000e+00
0.000000000000000000e+00
0.000000000000000000e+00
0.000000000000000000e+00
0.000000000000000000e+00
0.000000000000000000e+00
0.000000000000000000e+00
