-8.345395767398473552e-01
-8.270266677247344322e-01
-8.134031379389354832e-01
-7.846182192412621825e-01
-6.806588915681666130e-01
4.729032413891011699e-01
1.224563316810377112e+00
1.191915699101866011e+00
7.418268587110055101e-01
6.117956235528723141e-01
5.613844063730977219e-01
5.385958956179701662e-01
5.297429349678614008e-01
5.307013946790040126e-01
5.411561002478276761e-01
5.627110196786369034e-01
5.974158431137953640e-01
6.452307455107699763e-01
7.011502191724422461e-01
7.564329808871932403e-01
8.041519815240129043e-01
8.418715152013528380e-01
8.702382817864060538e-01
8.910848695438987610e-01
9.063965250334465873e-01
9.179208727729922801e-01
9.270873074395394875e-01
9.350476019786863047e-01
9.427458691176326955e-01
9.509738975014794260e-01
9.603894314104444163e-01
9.714863003097212735e-01
9.845195071610340909e-01
9.994138258722730095e-01
1.015714656239278257e+00
1.032645205255632526e+00
1.049284365282142417e+00
1.064797329115187097e+00
1.078612227134400081e+00
1.090479966688786551e+00
1.100430971448361328e+00
1.108684205415984891e+00
1.115558419063172657e+00
1.121410461824009497e+00
1.126604870085524457e+00
1.131509495691899625e+00
1.136510581885727733e+00
1.142042823076064639e+00
1.148632474257516689e+00
1.156952578277155474e+00
1.167886532368487940e+00
1.182584566453487973e+00
1.202467004069938783e+00
1.229065217890443762e+00
1.263515168457461035e+00
1.305602498085805863e+00
1.352856449584889154e+00
1.400927438665092506e+00
1.445538861893733040e+00
1.484272338926555523e+00
1.516890743567337552e+00
1.544720616971329008e+00
1.569961596334568110e+00
1.595284270642742142e+00
1.623755328093938743e+00
1.659050212203420083e+00
1.705915160367091898e+00
1.770693278049374042e+00
1.860565376785352276e+00
1.976685501339905171e+00
2.103643193263430966e+00
2.222468169791220305e+00
2.327824886005597005e+00
2.421805251702594752e+00
2.507024287880863511e+00
2.584837083226798615e+00
2.655398774601701373e+00
2.718329638872204690e+00
2.773432794032382187e+00
2.821009249646294847e+00
2.861747714345971527e+00
2.896473235224794163e+00
2.925958103860943904e+00
2.950831853173613961e+00
2.971555356870962950e+00
2.988417737529946550e+00
3.001522146657377821e+00
3.010725756288286981e+00
3.015482005521275877e+00
3.014489884192685931e+00
3.004977797015655483e+00
2.981373096566157788e+00
2.933268699288782422e+00
2.844792779071471323e+00
2.717004569742292208e+00
2.617453671173709751e+00
2.576871200743415802e+00
2.567513292704987293e+00
2.572156561260650953e+00
3.069165939882586791e+00
