-8.774897468376414711e-01
-8.437101561936745098e-01
-7.897001188593004706e-01
-7.035119598574662847e-01
-5.659714496174027554e-01
-3.496280159829394663e-01
-5.171849295969389165e-02
2.150415538758531364e-01
3.255950856872915078e-01
3.290349741023244068e-01
3.051317632249728184e-01
2.835461404232766935e-01
2.697886722063747578e-01
2.637812806696053225e-01
2.651572436929056087e-01
2.741991068127633824e-01
2.916062858794124524e-01
3.178402009603817358e-01
3.523172295526921238e-01
3.928640398036053472e-01
4.359240336227645507e-01
4.775731305210760835e-01
5.147315754868920790e-01
5.458273389426443467e-01
5.707129590772929140e-01
5.901676005748938136e-01
6.053825997724602281e-01
6.176196641824811540e-01
6.280462539076222539e-01
6.376815899438845747e-01
6.473865622032610734e-01
6.578523119363639537e-01
6.695654632242975524e-01
6.827515100964522965e-01
6.973222675694922268e-01
7.128698163139082222e-01
7.287411971967375779e-01
7.441889038693439984e-01
7.585451303494941122e-01
7.713518825761774833e-01
7.824080736871066311e-01
7.917413277328769761e-01
7.995407458028455094e-01
8.060870384930319821e-01
8.117011372714015849e-01
8.167171629024856383e-01
8.214771305555118586e-01
8.263423309507775816e-01
8.317168600933136924e-01
8.380795334432995514e-01
8.460193662173408624e-01
8.562650136185431249e-01
8.696880888732724246e-01
8.872438799043504964e-01
9.097981215311666814e-01
9.378005550559351811e-01
9.708489408741964866e-01
1.007355020908567766e+00
1.044653831847137226e+00
1.079736695866375218e+00
1.110304790290789434e+00
1.135513258155048888e+00
1.156039184410535992e+00
1.173648920220125458e+00
1.190673374774626536e+00
1.209651614056399094e+00
1.233174189683974076e+00
1.263836114892419094e+00
1.304186853092406340e+00
1.356581426868228801e+00
1.422867697605203041e+00
1.503902207870477570e+00
1.598990702083045168e+00
1.705482908767351757e+00
1.818823277618428991e+00
1.933240560659540197e+00
2.042931538741137310e+00
2.143269985092596475e+00
2.231539548778061821e+00
2.306987526710362779e+00
2.370360346402323071e+00
2.423246934646899664e+00
2.467495952846798790e+00
2.504822805909757033e+00
2.536601727692852748e+00
2.563780979057259657e+00
2.586844626193893770e+00
2.605740237606041898e+00
2.619671598805682677e+00
2.626602485112856211e+00
2.622267361807065988e+00
2.598788208527725629e+00
2.545147250732857636e+00
2.457272884513865385e+00
2.358460186814535842e+00
2.288381757370727243e+00
2.256555651897731885e+00
2.242930735404606413e+00
2.213347081736548816e+00
1.539321237068647319e+00
