-2.584730319284644362e-01
-2.490726991712275129e-01
-2.329666600126608089e-01
-2.059830383267973464e-01
-1.621482855650956956e-01
-9.512494384106968959e-02
-2.627817370469353285e-03
1.071366128917231736e-01
2.122539244065574648e-01
2.823864603264077955e-01
2.950967133914112472e-01
2.567781430411123500e-01
1.987633678655811031e-01
1.478181432562839515e-01
1.131938032989680265e-01
9.402694934809970040e-02
8.715435204517663070e-02
8.995613860921281013e-02
1.006225873934734200e-01
1.177368641180751990e-01
1.398775765715535579e-01
1.654461632885542710e-01
1.927350544756960826e-01
2.201423198681508875e-01
2.463909738514865611e-01
2.706467474767869086e-01
2.925104733651953115e-01
3.119258242160942718e-01
3.290601024720430923e-01
3.441990155680985097e-01
3.576720850774707250e-01
3.698085393573858348e-01
3.809163993690876104e-01
3.912765616587148276e-01
4.011453718652394085e-01
4.107613116369766559e-01
4.203531220241288335e-01
4.301477814019412094e-01
4.403773383495081517e-01
4.512838259547848896e-01
4.631215084052914266e-01
4.761556863984764965e-01
4.906573847729247539e-01
5.068936551533023138e-01
5.251141173548540264e-01
5.455357565047039836e-01
5.683295455376832228e-01
5.936132423186877283e-01
6.214531771537736837e-01
6.518723942885624734e-01
6.848529100418614401e-01
7.203096262997201737e-01
7.580122570109271152e-01
7.974540425909040220e-01
8.377189871470912541e-01
8.774561263856726079e-01
9.150604075240830193e-01
9.490383023502320103e-01
9.783820096097036734e-01
1.002751790383405783e+00
1.022407119839171985e+00
1.037984645571303099e+00
1.050262219823829168e+00
1.059991765440493339e+00
1.067814632582526624e+00
1.074237255299541838e+00
1.079639491889650804e+00
1.084295666337712571e+00
1.088397328097370664e+00
1.092073066808229687e+00
1.095404223039038838e+00
1.098436947295835742e+00
1.101191594516839789e+00
1.103670386651274482e+00
1.105863886742007196e+00
1.107756277260724120e+00
1.109328901756559516e+00
1.110561175335051942e+00
1.111427841504516456e+00
1.111891503178802143e+00
1.111889129718689917e+00
1.111310846744167691e+00
1.109970002653784871e+00
1.107570483712128739e+00
1.103705548185286212e+00
1.097995853392416565e+00
1.090544486617644804e+00
1.082582875447574144e+00
1.076240893880152427e+00
1.072844076086550302e+00
1.071917242583606988e+00
1.072153542755351019e+00
1.072513649622889531e+00
1.072509043492867464e+00
1.072276206258597986e+00
1.073280843479789581e+00
1.079757749594104643e+00
1.094303110341393381e+00
1.108100947870987119e+00
1.115806365323616989e+00
