-2.946555047936515459e-01
-2.945783690346160943e-01
-2.944414222659484937e-01
-2.941981903337401172e-01
-2.937595892124968411e-01
-2.929536997663529929e-01
-2.914350813816106722e-01
-2.884343870520471587e-01
-2.818423624099749558e-01
-2.629449900485149039e-01
-1.549793403728768615e-01
-8.987185918801479656e-02
-7.644817732065692373e-02
-7.290122430697569544e-02
-7.144809955941618107e-02
-7.003900812256612374e-02
-6.801697167116943499e-02
-6.505397159185663525e-02
-6.086800334775526594e-02
-5.514549768357528831e-02
-4.751510878700799384e-02
-3.752583288158642394e-02
-2.461414972782872621e-02
-8.077975635650437927e-03
1.280769509795208656e-02
3.807587128830565437e-02
6.551277577295910870e-02
9.107380020527577891e-02
1.125003476690072529e-01
1.300035096743926422e-01
1.445705919420754160e-01
1.571104949389708350e-01
1.683102938584130626e-01
1.786738769026896267e-01
1.885767612056418463e-01
1.983073950495710391e-01
2.080944249517637235e-01
2.181231650265536837e-01
2.285438190709417061e-01
2.394734008767222810e-01
2.509938707939081137e-01
2.631508947050185121e-01
2.759596609374148080e-01
2.894235814661716977e-01
3.035665162969972686e-01
3.184725731996241871e-01
3.343267213127230075e-01
3.514574830520724169e-01
3.703962747576013403e-01
3.919854304469692075e-01
4.176007164738493316e-01
4.496378698947711694e-01
4.925256086213033457e-01
5.526768356422212536e-01
6.227441946807869000e-01
6.815229160930907915e-01
7.306864378711356300e-01
7.762076955357976038e-01
8.196485404951517895e-01
8.586523807358601434e-01
8.901913622771588930e-01
9.139043305468165235e-01
9.314293247538100173e-01
9.446285728092878031e-01
9.549381275511581446e-01
9.633551455003160902e-01
9.705547756230008538e-01
9.769921000234088604e-01
9.829710903964065105e-01
9.886876492345981760e-01
9.942553947044378004e-01
9.997211369442877693e-01
1.005075673777442002e+00
1.010264506160450049e+00
1.015201501322049227e+00
1.019785933938712530e+00
1.023920294448318113e+00
1.027524274674046278e+00
1.030540566634251531e+00
1.032930051798660820e+00
1.034655792453357925e+00
1.035655456126766794e+00
1.035800956787510829e+00
1.034847459605355402e+00
1.032399104808410906e+00
1.028003013875143035e+00
1.021600256937827300e+00
1.014269792802408698e+00
1.008080327183363378e+00
1.004388099900160869e+00
1.002915583082654161e+00
1.002667304525705960e+00
1.002870209317921590e+00
1.003219371562361406e+00
1.003974745123037859e+00
1.006564360509613065e+00
1.014601357340056742e+00
1.028468891419876519e+00
1.038003430122768522e+00
1.041807831201165602e+00
