-2.429806511865932606e-01
-2.407202950296849220e-01
-2.362643607589399730e-01
-2.263830813271402731e-01
-1.926724682566280378e-01
1.591327363606284129e-01
5.109442708896702046e-01
7.258174946221097601e-01
8.664768418171183706e-01
9.224353139367857946e-01
8.965235926299093272e-01
7.905900012714358605e-01
6.099983341781137769e-01
3.586296240215544606e-01
2.236582347359115652e-01
1.943436811702656253e-01
1.956288281364447212e-01
2.143577595755036258e-01
2.455885316435420240e-01
2.841035646764669131e-01
3.259379372122208629e-01
3.680571233366073391e-01
4.066389010289711003e-01
4.390856095813026050e-01
4.653598401837483745e-01
4.865909822316127897e-01
5.039705497296682601e-01
5.184644626154952807e-01
5.308169164289575637e-01
5.416064850726036717e-01
5.512984038274045817e-01
5.602865302449681062e-01
5.689281144157519732e-01
5.775757092072189014e-01
5.866107755072755836e-01
5.964841919199543874e-01
6.077692837539602211e-01
6.212278610756059027e-01
6.378546568915729464e-01
6.587189052218106466e-01
6.841317812111680219e-01
7.123254602161214200e-01
7.402626214587133546e-01
7.662232661729853067e-01
7.901008738627182115e-01
8.124160266379339967e-01
8.338019406425372093e-01
8.549064311738391320e-01
8.764372786658820580e-01
8.992363484144819674e-01
9.243086456092597381e-01
9.526451598482785776e-01
9.844948759159235507e-01
1.018126805611610397e+00
1.050103560857694962e+00
1.077954565100152307e+00
1.101262417064997168e+00
1.120597592512862395e+00
1.136658768668797892e+00
1.150019075441522487e+00
1.161114675898057058e+00
1.170284110984438852e+00
1.177802901250835088e+00
1.183903663147841900e+00
1.188785359198782254e+00
1.192617881417305625e+00
1.195546326901638645e+00
1.197696451825596586e+00
1.199180783128892314e+00
1.200104089724736589e+00
1.200566998530053331e+00
1.200667094164085125e+00
1.200497590083902777e+00
1.200144340234812645e+00
1.199682321558593223e+00
1.199172640675992829e+00
1.198660688676949748e+00
1.198175493402243719e+00
1.197729772924563063e+00
1.197319718362761298e+00
1.196923023687014753e+00
1.196492931638293067e+00
1.195944957926378560e+00
1.195132278174544593e+00
1.193810456133656661e+00
1.191620101688377620e+00
1.188198785675560920e+00
1.183596247111143418e+00
1.178741259171570688e+00
1.174956397299044664e+00
1.172797610541215674e+00
1.171963810185302934e+00
1.172015167515905620e+00
1.172832717658109924e+00
1.174829204753924827e+00
1.179137253360742266e+00
1.186617996092745431e+00
1.193791025781063553e+00
1.196415029650801154e+00
1.196669787640048055e+00
