#Conditional distribution of radius given mass from initial fitting w/o bootstrap
nan
-2.496301353991678684e-01
-2.498741451110273459e-01
-2.499030739862001527e-01
-2.499110987806829887e-01
-2.499141608053881136e-01
-2.499154217276494394e-01
-2.499157899258314941e-01
-2.499155137113330261e-01
-2.499143101355567609e-01
-2.499102572076709605e-01
-2.498947544215290584e-01
-2.498336083756681758e-01
-2.496024157687752043e-01
-2.487821582698136191e-01
-2.460648351672966028e-01
-2.377610772701325148e-01
-2.153343416546088240e-01
-1.669133489858133368e-01
-9.455413129105842696e-02
-2.480830463716773501e-02
2.416600778965335983e-02
5.644458695851323204e-02
8.076894271077887655e-02
1.023216049663253774e-01
1.232622703838592571e-01
1.442369827081419476e-01
1.652451965172138104e-01
1.860487185767377705e-01
2.063605533902036493e-01
2.259312808521281857e-01
2.445839029257548536e-01
2.622208417682910797e-01
2.788161441743993718e-01
2.944010830945319457e-01
3.090483390045130063e-01
3.228577260379524305e-01
3.359448148887779761e-01
3.484327521432410979e-01
3.604469927133778229e-01
3.721124177787599185e-01
3.835522775802089890e-01
3.948884786943809844e-01
4.062428671993267293e-01
4.177393114839466071e-01
4.295065527862293453e-01
4.416819734768654415e-01
4.544166448590882257e-01
4.678822669675428703e-01
4.822808904779833927e-01
4.978585436581998702e-01
5.149238635495483329e-01
5.338720446589911850e-01
5.552118211739055509e-01
5.795869364387096212e-01
6.077711986675022882e-01
6.405970711970119247e-01
6.787601810159014093e-01
7.224565750890905580e-01
7.709091378764030278e-01
8.220368726389126746e-01
8.726525952984245382e-01
9.193359358032421325e-01
9.595481089493087534e-01
9.922700578123200277e-01
1.017869350727000910e+00
1.037507915242411816e+00
1.052553426911743584e+00
1.064224025664992856e+00
1.073459365214459282e+00
1.080924941354078017e+00
1.087068980097711135e+00
1.092186979185185036e+00
1.096475775461386748e+00
1.100072914116324796e+00
1.103082689701406993e+00
1.105591806134908150e+00
1.107677582502894609e+00
1.109411078178992538e+00
1.110856798544746393e+00
1.112069842266916853e+00
1.113090387284808358e+00
1.113934115120124746e+00
1.114575437021894988e+00
1.114919130354428356e+00
1.114761137409899572e+00
1.113771781086697166e+00
1.111624442517342493e+00
1.108423343619906021e+00
1.105088192448775652e+00
1.102814837673415482e+00
1.102130497593814873e+00
1.102937032247069293e+00
1.105106500021349580e+00
1.108735144764422698e+00
1.113887009773720571e+00
1.119849836672847321e+00
1.124722921179281077e+00
1.126998414398789450e+00
nan
