#Conditional distribution of mass given radius from initial fitting w/o bootstrap
-1.346419877271096910e+00
-1.346419725999001615e+00
-1.346402116521434600e+00
-1.345681875431996133e+00
-1.335693324469575671e+00
-1.262574324919136126e+00
-9.641561466312087436e-01
-4.185917235183052587e-01
-1.291998016638777266e-02
1.564434161209890817e-01
2.164954421054371969e-01
2.397671085835043625e-01
2.522438040621319266e-01
2.633473335591998143e-01
2.773277780977587703e-01
2.966562655591704623e-01
3.226683723354191180e-01
3.552609055225318668e-01
3.925903811999835735e-01
4.314558465884210658e-01
4.684196817272990310e-01
5.009761204427278791e-01
5.280576205524247779e-01
5.498213355798085011e-01
5.671303790859500982e-01
5.811007292483236775e-01
5.928400964642775994e-01
6.033461783612806828e-01
6.134913561284848216e-01
6.240345828212171542e-01
6.356232484094818114e-01
6.487651951561750341e-01
6.637669219230354356e-01
6.806537985004913471e-01
6.991101543976984134e-01
7.184876478865022120e-01
7.379110316664333480e-01
7.564610549258401484e-01
7.733667389455901597e-01
7.881334511923940855e-01
8.005735223996884864e-01
8.107570348491286438e-01
8.189263620279847444e-01
8.254136888210504841e-01
8.305824493437461431e-01
8.347973826353752846e-01
8.384196369649579150e-01
8.418216750690380445e-01
8.454182046205314105e-01
8.497109863161952381e-01
8.553445361549267822e-01
8.631630182854530542e-01
8.742410904905471014e-01
8.898297323051543861e-01
9.111242606994301996e-01
9.387813331875745071e-01
9.722843021413148934e-01
1.009580053377623798e+00
1.047528059016718860e+00
1.083153092933861084e+00
1.114879351334579161e+00
1.142937009893730593e+00
1.168964556519777709e+00
1.195371916487956598e+00
1.224880261524611047e+00
1.260300234408398667e+00
1.304419703755880677e+00
1.359843210184147333e+00
1.428665364738957777e+00
1.511941142689751549e+00
1.609053397137121033e+00
1.717253092739319920e+00
1.831739765517065077e+00
1.946486006860416840e+00
2.055586338926197243e+00
2.154538998991299970e+00
2.240907526520087956e+00
2.314224615218139380e+00
2.375405981980492687e+00
2.426056806134430754e+00
2.467925695778815598e+00
2.502581695250935656e+00
2.531276085117639241e+00
2.554913335332001711e+00
2.574060059130698797e+00
2.588934947141539045e+00
2.599328464412890227e+00
2.604391842083007891e+00
2.602219909623851191e+00
2.589204444436124852e+00
2.559554142893179840e+00
2.506851823501903720e+00
2.431309175862322647e+00
2.349650671031264793e+00
2.287351600688757092e+00
2.254274588973439464e+00
2.241895142924868800e+00
2.238775859578315153e+00
2.238362248294811341e+00
2.387306671034516548e+00
