#Lower limit for the Conditional distribution of mass given radius from initial fitting w/o bootstrap
-1.530740475360449437e+00
-1.530740482139050673e+00
-1.530739568014487295e+00
-1.530701106920481003e+00
-1.530164255734385081e+00
-1.526059716485622220e+00
-1.505202753379728531e+00
-1.427233435225051528e+00
-8.807471834914710751e-01
-1.863019073330511310e-01
-1.317205845912209072e-01
-1.140687341731974891e-01
-1.055834470982414813e-01
-9.864497832872426430e-02
-9.009787772701940978e-02
-7.794572553390526071e-02
-6.057268874022019717e-02
-3.681741791390814172e-02
-6.468787262064249789e-03
2.916251716058818749e-02
6.715791010028616947e-02
1.038627130370253088e-01
1.363331279282683772e-01
1.632351534712365437e-01
1.847003101736375552e-01
2.016676118548028085e-01
2.153202997780770955e-01
2.267951448641541412e-01
2.370902315608104938e-01
2.470653287912621954e-01
2.574653480291686503e-01
2.689295867068253187e-01
2.819680106874367653e-01
2.968995110936440973e-01
3.137650844358451652e-01
3.322532497764840165e-01
3.516935155642797461e-01
3.711612633247510784e-01
3.896810226076801720e-01
4.064477337197055506e-01
4.209699101176611613e-01
4.330926297991420926e-01
4.429285851725472956e-01
4.507556546717991774e-01
4.569266889884590066e-01
4.618106777267071972e-01
4.657656418422680966e-01
4.691364082398161162e-01
4.722705033551915510e-01
4.755480496589971073e-01
4.794238127077014022e-01
4.844793078117563545e-01
4.914772355833897377e-01
5.013946460687785933e-01
5.153800590192199049e-01
5.345392623355328388e-01
5.594516706577306042e-01
5.894705951666178168e-01
6.222489138513644935e-01
6.542117255753614469e-01
6.820641304219160483e-01
7.041884072021794561e-01
7.208566559231670556e-01
7.335360446372284349e-01
7.441389750492447552e-01
7.546260816901319002e-01
7.669288325695847730e-01
7.830491008261177832e-01
8.052401479259254646e-01
8.362407263619037190e-01
8.795982874690538855e-01
9.402073051992321240e-01
1.025334109635621882e+00
1.146281657122529163e+00
1.315932296687767789e+00
1.513568912215658147e+00
1.674066569992709530e+00
1.787323254570869269e+00
1.871025720862868891e+00
1.937011601284129858e+00
1.991509893361475880e+00
2.037720250491481089e+00
2.077237021108853998e+00
2.110813296555091423e+00
2.138757446582894239e+00
2.161070229242326945e+00
2.177366730293908148e+00
2.186588164187396099e+00
2.186485519801155242e+00
2.173009434866981504e+00
2.140650314488500960e+00
2.086933018918820437e+00
2.021589198673416465e+00
1.964801535706413915e+00
1.929033080763430608e+00
1.912158666471277302e+00
1.906171745800219641e+00
1.904689781970873241e+00
1.904493915161353135e+00
1.979157794906206469e+00
