#Upper limit for the Conditional distribution of radius given mass from initial fitting w/o bootstrap
8.708180437078072433e-01
-2.538730889450808714e-01
-2.538762016351465700e-01
-2.538766148586861782e-01
-2.538767293592560925e-01
-2.538767608312927915e-01
-2.538767524795968455e-01
-2.538767102309094081e-01
-2.538765983248557068e-01
-2.538761680988828595e-01
-2.538739992999805017e-01
-2.538630040031044643e-01
-2.538117326862697198e-01
-2.535932834427381266e-01
-2.527263943780408972e-01
-2.493597512702674102e-01
-2.338864395819629516e-01
-3.932150388618021325e-02
6.518706346243884064e-02
1.305443520849094707e-01
1.754398321119600979e-01
2.079249540233581717e-01
2.347187746105331430e-01
2.591869937723007000e-01
2.828569781306669584e-01
3.065344600394003804e-01
3.306489554220465310e-01
3.552269521467794067e-01
3.797903546979580214e-01
4.034828851838914709e-01
4.254942987966204848e-01
4.454113349487677787e-01
4.632285163394188054e-01
4.791757816088123012e-01
4.935679467202110926e-01
5.067274148780609444e-01
5.189574146971325241e-01
5.305399488474369374e-01
5.417444455005456794e-01
5.528416392267135882e-01
5.641217818408081897e-01
5.759188918689275294e-01
5.886445956250306866e-01
6.028355182071777341e-01
6.192099583385430872e-01
6.386791854219663334e-01
6.620651569698171590e-01
6.890236906150455365e-01
7.169936012506200607e-01
7.430719657537449008e-01
7.663581971398870651e-01
7.874117231911892389e-01
8.072337744417179550e-01
8.269557450221812767e-01
8.478997128442657960e-01
8.717782226802384127e-01
9.008985965711195920e-01
9.377021594466126153e-01
9.814070064245135061e-01
1.024712630283067805e+00
1.061750521856335894e+00
1.092261347358790990e+00
1.117464859116601872e+00
1.138211435008688710e+00
1.154991847277468953e+00
1.168232211306165835e+00
1.178432460026545892e+00
1.186135536989350481e+00
1.191849643731726749e+00
1.196002939214952931e+00
1.198937721814745672e+00
1.200924374892268220e+00
1.202178945092982509e+00
1.202877264783436928e+00
1.203164297954769868e+00
1.203159731417830614e+00
1.202961258077985152e+00
1.202646634572958062e+00
1.202275036290539223e+00
1.201887709228446788e+00
1.201507436271776363e+00
1.201135767476392724e+00
1.200746124707171125e+00
1.200269752000992396e+00
1.199571125041620112e+00
1.198415553357097263e+00
1.196462588719203302e+00
1.193397463221612220e+00
1.189331643033623598e+00
1.185149639419417866e+00
1.181979339609996904e+00
1.180264536647520179e+00
1.179801997174019457e+00
1.180388940129058373e+00
1.182315621808035067e+00
1.186676866831773314e+00
1.194454943633006527e+00
1.202068685961130923e+00
1.204766869665606199e+00
1.204959143118589759e+00
