#Lower limit for the Conditional distribution of radius given mass from initial fitting w/o bootstrap
-2.675926020912953174e-01
-3.044022423154429946e-01
-3.044023798394982494e-01
-3.044023980493271164e-01
-3.044024031062725344e-01
-3.044024045265854017e-01
-3.044024042204909186e-01
-3.044024024838255515e-01
-3.044023979838957894e-01
-3.044023813913337984e-01
-3.044022995425729183e-01
-3.044018874096947602e-01
-3.043999710629773370e-01
-3.043918452661211194e-01
-3.043601510839072932e-01
-3.042449913906283276e-01
-3.038494262999074658e-01
-3.025357617679845790e-01
-2.980895675535865097e-01
-2.791393950719732731e-01
-1.181658387960898282e-01
-8.574133651416653013e-02
-7.334656376947193412e-02
-6.555087463337715137e-02
-5.868057571898496749e-02
-5.144496174689384277e-02
-4.326798599752436358e-02
-3.380050806185641576e-02
-2.276094996947157154e-02
-9.903131356817761882e-03
4.924336051855512583e-03
2.161418282981925412e-02
3.959300071236944440e-02
5.783859209015289327e-02
7.531465252215986672e-02
9.142765842451831826e-02
1.060718461943309793e-01
1.194199497362206513e-01
1.317394692094603081e-01
1.433020451650677263e-01
1.543523017986691004e-01
1.651023427787038922e-01
1.757346283166915935e-01
1.864060465350285134e-01
1.972503383723322457e-01
2.083776888315865550e-01
2.198711171403953391e-01
2.317803694024590522e-01
2.441159977828327721e-01
2.568490273944195601e-01
2.699231992390816459e-01
2.832841793922827867e-01
2.969229514600413844e-01
3.109246795751664516e-01
3.255169283590686469e-01
3.411220868202299306e-01
3.584326467502324531e-01
3.785469836922150666e-01
4.032548813586393499e-01
4.357580711965173825e-01
4.830196560916991677e-01
5.653628198497552271e-01
6.872296646341409243e-01
7.722835228654968409e-01
8.340201615403833868e-01
8.770716040232915400e-01
9.057629954071032552e-01
9.257051132150646566e-01
9.406209383498910226e-01
9.526233788055227247e-01
9.628783887225464966e-01
9.720034006775973845e-01
9.802907536206088013e-01
9.878456748798886133e-01
9.946802514871999623e-01
1.000777631023104020e+00
1.006130436183859000e+00
1.010756985155855769e+00
1.014701408355755508e+00
1.018024502883381199e+00
1.020790306664968838e+00
1.023050183050367989e+00
1.024822892983443090e+00
1.026066465052636767e+00
1.026638316396747186e+00
1.026255433300009789e+00
1.024524783180773335e+00
1.021211309259867139e+00
1.016771929443569089e+00
1.012460956043861993e+00
1.009398012909919373e+00
1.007812309901082282e+00
1.007394555076956966e+00
1.007936921718238121e+00
1.009762605087128229e+00
1.014213098293248017e+00
1.023524219767568910e+00
1.034963098309428231e+00
1.039733610191720725e+00
1.040090008391077347e+00
