#Conditional distribution of mass given radius from initial fitting w/o bootstrap
nan
-4.111075787502893042e-01
-4.107422263143696295e-01
-4.091514320481762779e-01
-4.048868619306456029e-01
-3.961001355143113356e-01
-3.809601083932185883e-01
-3.583362114652854924e-01
-3.284964071081409309e-01
-2.933392028864586498e-01
-2.558553135208394003e-01
-2.190916805236362008e-01
-1.852625679078324372e-01
-1.554173172733242791e-01
-1.295962174480827234e-01
-1.071815041911590161e-01
-8.721798688246487630e-02
-6.862347760003589814e-02
-5.030095664065890176e-02
-3.119335952617953434e-02
-1.031906528090786868e-02
1.318592623498414558e-02
4.000657250306228346e-02
7.056968257447719661e-02
1.049634146625915143e-01
1.428837247606906391e-01
1.836388181948121756e-01
2.262301317955502655e-01
2.695022876488042951e-01
3.123268287992914116e-01
3.537711911149679089e-01
3.932128675378700478e-01
4.303825049265835867e-01
4.653441516384360099e-01
4.984347521243204793e-01
5.301861020673418468e-01
5.612455310718252877e-01
5.923027352921580446e-01
6.240235753853907719e-01
6.569888241305736898e-01
6.916366194994737482e-01
7.282107190965531052e-01
7.667209796121978727e-01
8.069257251149851706e-01
8.483456025796438649e-01
8.903137616160871071e-01
9.320584040248346414e-01
9.728040883950579421e-01
1.011872041704283021e+00
1.048760205437352155e+00
1.083190581591521040e+00
1.115121265785490312e+00
1.144729073259304286e+00
1.172373091333891448e+00
1.198549486312390000e+00
1.223844897711927837e+00
1.248891730897682573e+00
1.274325183752071267e+00
1.300739845239805126e+00
1.328643632689867848e+00
1.358408839119415568e+00
1.390223928530035069e+00
1.424054535580937753e+00
1.459625961988597176e+00
1.496439600503065570e+00
1.533829964760185849e+00
1.571057711591153705e+00
1.607421270733630614e+00
1.642361711485258891e+00
1.675536805546826935e+00
1.706850310417044936e+00
1.736435959667605555e+00
1.764606243398834540e+00
1.791780504678797570e+00
1.818405898242902996e+00
1.844881421611127559e+00
1.871492527095524272e+00
1.898363131259754644e+00
1.925432547533383776e+00
1.952464897837700830e+00
1.979095573067305436e+00
2.004912425251064167e+00
2.029560510993794420e+00
2.052852679990038620e+00
2.074867980649069743e+00
2.096025397575079108e+00
2.117125251660968210e+00
2.139342599921467691e+00
2.164122227125262476e+00
2.192861412895989126e+00
2.226232800231072062e+00
2.263191603243948968e+00
2.300333137789456028e+00
2.332777984171527930e+00
2.356671841483266139e+00
2.371200149015983971e+00
2.378296868493218419e+00
2.380892662329238352e+00
2.381469772700011145e+00
nan
