#Lower limit for the Conditional distribution of mass given radius from initial fitting w/o bootstrap
9.542990129222431515e-09
-5.249811957337366941e-01
-5.249384321148558019e-01
-5.247514639861017294e-01
-5.242432435950453717e-01
-5.231616949316826304e-01
-5.211794029984954113e-01
-5.178954559286995663e-01
-5.128356680043347771e-01
-5.054405091695670649e-01
-4.950232656953617583e-01
-4.806818543815201128e-01
-4.611849494962980689e-01
-4.350777251823933489e-01
-4.020699201294144487e-01
-3.663405542507103818e-01
-3.347906045189550372e-01
-3.099943550445476981e-01
-2.907763778537523769e-01
-2.753197300855349527e-01
-2.621326636317721226e-01
-2.500805071544131564e-01
-2.382679682634346319e-01
-2.259372197338908594e-01
-2.123959448255111626e-01
-1.969661908612056200e-01
-1.789448962144657984e-01
-1.575716762046439345e-01
-1.320096060830236451e-01
-1.013700717024644538e-01
-6.487021274918186586e-02
-2.229220071340622458e-02
2.518444891767585361e-02
7.445611318592955385e-02
1.215982629152201899e-01
1.639678633151801790e-01
2.009354356738123071e-01
2.331589640520014273e-01
2.617576962504574167e-01
2.878899932193537126e-01
3.126148330938066655e-01
3.368748322073717438e-01
3.615191661132333700e-01
3.873358354708958950e-01
4.150844093426827031e-01
4.455270447503159037e-01
4.794537406574322924e-01
5.176846474941876330e-01
5.609941648797436287e-01
6.098174685785243687e-01
6.635200033374909490e-01
7.193785036396859178e-01
7.727640374821316271e-01
8.196970021556198027e-01
8.589300940434158038e-01
8.913453829244706306e-01
9.185623428382438949e-01
9.421947041801560507e-01
9.636485111667703052e-01
9.841295492271232570e-01
1.004701572058295689e+00
1.026344593395012383e+00
1.050000722821717414e+00
1.076603944926079803e+00
1.107085862212467964e+00
1.142331943531672556e+00
1.183023080645735359e+00
1.229241234291788221e+00
1.279772268625958498e+00
1.331572749386068732e+00
1.380607957049199364e+00
1.423998644741935271e+00
1.461134453589463922e+00
1.493003723054599829e+00
1.521180961330037329e+00
1.547277777346040217e+00
1.572765105395378171e+00
1.598944323879009533e+00
1.626940523217595969e+00
1.657649971107214570e+00
1.691585477990181330e+00
1.728578823909074025e+00
1.767428696959394419e+00
1.805903201996130525e+00
1.841567002442507928e+00
1.873005195104404219e+00
1.900355585995778585e+00
1.925021681009741803e+00
1.949268264994540534e+00
1.976093618034148403e+00
2.009289731037637416e+00
2.053175016506099571e+00
2.110193763117691912e+00
2.172827781374196743e+00
2.221751266187514950e+00
2.249201414993875936e+00
2.261504166260644766e+00
2.265804607749004607e+00
2.266745972963768008e+00
9.542990129222431515e-09
