#Upper limit for the Conditional distribution of radius given mass from initial fitting w/o bootstrap
9.159218990513148095e-09
-8.289243139257952697e-02
-8.216623306481858624e-02
-7.883446544414191015e-02
-6.927340267270573615e-02
-4.819805147800992895e-02
-1.352311984620004071e-02
2.387144903090772027e-02
5.284145426517483646e-02
7.270325264127973364e-02
8.612136690566712938e-02
9.550954322914957662e-02
1.025807940046020439e-01
1.085116773930485251e-01
1.141479828483173142e-01
1.201627718102253467e-01
1.271673191811211745e-01
1.357856237678704836e-01
1.466907650539832353e-01
1.605737777117747789e-01
1.779781533222719037e-01
1.989471606962570915e-01
2.226491130685537556e-01
2.474539008535223683e-01
2.716029076499125727e-01
2.938444335114630546e-01
3.135748121683038514e-01
3.306714033225736649e-01
3.452937719453393339e-01
3.577455616732742594e-01
3.683930566032438958e-01
3.776212349033717386e-01
3.858136323355697006e-01
3.933478446748591151e-01
4.006017020290406072e-01
4.079668433131647398e-01
4.158673637834870984e-01
4.247805447696786918e-01
4.352528106816695441e-01
4.478922794935181195e-01
4.632927622793485689e-01
4.818105431776155689e-01
5.031646241452634172e-01
5.261404999868298793e-01
5.489430554091523362e-01
5.700559183623179482e-01
5.887174336668654639e-01
6.047943367716063223e-01
6.184888315314912566e-01
6.301390654255681900e-01
6.401237785102532607e-01
6.488245996919109748e-01
6.566144108012235137e-01
6.638576020706753456e-01
6.709166323439995638e-01
6.781627652022759190e-01
6.859893074569707316e-01
6.948240972595425280e-01
7.051329350893182912e-01
7.173939774063440300e-01
7.320036321654593836e-01
7.490694957847551239e-01
7.681382924886206442e-01
7.881346697573327065e-01
8.077664856184066933e-01
8.260822275331339837e-01
8.426709527302498337e-01
8.575280932092205211e-01
8.708665549076702872e-01
8.829982193651328970e-01
8.942800745509806859e-01
9.050935977953408207e-01
9.158343425060689880e-01
9.268958694184210589e-01
9.386321789338144539e-01
9.512828690527463937e-01
9.648624314581120132e-01
9.790726441555906989e-01
9.933530551359320837e-01
1.007101662243683693e+00
1.019907747277406962e+00
1.031637293478628870e+00
1.042393257432851827e+00
1.052453703516741834e+00
1.062246694729170216e+00
1.072375316691333902e+00
1.083690749191183578e+00
1.097367279536951123e+00
1.114614582273987242e+00
1.134782764247853182e+00
1.153590882387985239e+00
1.167998431100371493e+00
1.178329941794966196e+00
1.185617513687725166e+00
1.190627836270542250e+00
1.193888942462890013e+00
1.195814215983820761e+00
1.196773613069740838e+00
1.197115298854472654e+00
9.159218990513148095e-09
