#Conditional distribution of radius given mass from initial fitting w/o bootstrap
nan
-1.573330750510841536e-01
-1.568828762601315319e-01
-1.548563259335862530e-01
-1.493532337369463669e-01
-1.383214262190421706e-01
-1.209107200844160013e-01
-9.871441187902259273e-02
-7.527143109525680220e-02
-5.397232591847782313e-02
-3.653275066439243962e-02
-2.304629599215055058e-02
-1.276800530787319463e-02
-4.747326600272153661e-03
1.883610539610925793e-03
7.841427824481337142e-03
1.371179350086084575e-02
1.998933890587445070e-02
2.710938398813815889e-02
3.546165187975890143e-02
4.538251908497692444e-02
5.712569854079528608e-02
7.081615869210550196e-02
8.639979571012340598e-02
1.036093315200395798e-01
1.219689169248021204e-01
1.408499666445444942e-01
1.595698799443446558e-01
1.775046814413348828e-01
1.941802398047049183e-01
2.093188005649238848e-01
2.228387162250993203e-01
2.348217909870140008e-01
2.454677461489145895e-01
2.550511197084163184e-01
2.638883377083519055e-01
2.723161912679413765e-01
2.806790505865340846e-01
2.893204706198985732e-01
2.985745121979527239e-01
3.087525402308475275e-01
3.201224189816011534e-01
3.328792480590946901e-01
3.471104044413317880e-01
3.627623446101372884e-01
3.796207413992292445e-01
3.973162169268978916e-01
4.153626418131818876e-01
4.332241111973501591e-01
4.503950225919642336e-01
4.664719047933752472e-01
4.811994387509396232e-01
4.944839696007568564e-01
5.063792369055494236e-01
5.170556281669947962e-01
5.267647219351186960e-01
5.358073495644254391e-01
5.445088051883465452e-01
5.532011097178913817e-01
5.622100037406518869e-01
5.718434337031044201e-01
5.823783561314870294e-01
5.940435344478670610e-01
6.069976778831326358e-01
6.213048343518963179e-01
6.369121231721622811e-01
6.536376895218548588e-01
6.711774559568951526e-01
6.891361414730674539e-01
7.070809382440768065e-01
7.246076583185254716e-01
7.414034558714062140e-01
7.572908065631115404e-01
7.722440282867802930e-01
7.863784336121333318e-01
7.999187313912112796e-01
8.131553767639286834e-01
8.263960644176726600e-01
8.399169988533848885e-01
8.539173743374117720e-01
8.684818017738458185e-01
8.835585523167253097e-01
8.989638476544139500e-01
9.144203734856408694e-01
9.296295675393804192e-01
9.443644391059676790e-01
9.585597882027843131e-01
9.723762094665399092e-01
9.862221542475947400e-01
1.000724763135267814e+00
1.016633556936905602e+00
1.034619977809555502e+00
1.054926661633979190e+00
1.076897764974491745e+00
1.098664119959111618e+00
1.117502839928445679e+00
1.131066241371032843e+00
1.138673163617144990e+00
1.141536839537604653e+00
nan
