#Lower limit for the Conditional distribution of radius given mass from initial fitting w/o bootstrap
9.159218990513148095e-09
-2.314377018379371875e-01
-2.313482376360839476e-01
-2.309408324646619881e-01
-2.297919552570427681e-01
-2.272772349138371950e-01
-2.225947423916884993e-01
-2.148200805337346642e-01
-2.029800453659159065e-01
-1.863532644752370349e-01
-1.658444053702205767e-01
-1.456137809940544481e-01
-1.296433222605320457e-01
-1.182872691075355781e-01
-1.102712563302281068e-01
-1.043834525731533180e-01
-9.976369361604728314e-02
-9.581961649011937199e-02
-9.212225865466010244e-02
-8.833219196057703892e-02
-8.415129879402159785e-02
-7.929111858076945407e-02
-7.345169097673284742e-02
-6.630775548697029342e-02
-5.750176068386161909e-02
-4.664765181554911960e-02
-3.335981660183752473e-02
-1.734392699355457451e-02
1.388797605586802701e-03
2.218185628198100778e-02
4.356706359969159809e-02
6.376438492277566872e-02
8.155371817346733498e-02
9.658865965788518415e-02
1.091033856070819374e-01
1.195543687542546391e-01
1.284249566313342139e-01
1.361559581162981314e-01
1.431345909219072510e-01
1.497042782817356865e-01
1.561796156938312918e-01
1.628607672085389813e-01
1.700453428468962080e-01
1.780370910516898830e-01
1.871510044963944630e-01
1.977139922753040902e-01
2.100584515421627108e-01
2.245009565408140895e-01
2.412867347546028551e-01
2.604630592861462701e-01
2.816492781471109930e-01
3.037945555224097482e-01
3.252774288708532024e-01
3.445760514115154827e-01
3.609330455613937727e-01
3.743820387507687530e-01
3.853824848131047753e-01
3.945120047375418881e-01
4.023240696285526052e-01
4.093088351087645349e-01
4.158969436007565745e-01
4.224766602523225001e-01
4.294129450999856212e-01
4.370647233503959228e-01
4.457992299698436689e-01
4.560026601998531381e-01
4.680850168691125246e-01
4.824724689671985867e-01
4.995687987764109161e-01
5.196422963734206313e-01
5.425679938680934011e-01
5.674339300735998792e-01
5.924036896196727131e-01
6.154455952458861567e-01
6.354326514972987727e-01
6.523840194346128829e-01
6.669699905016714947e-01
6.800542179038004953e-01
6.924912154085973715e-01
7.050737925406124207e-01
7.185272092980433678e-01
7.334926909435770526e-01
7.504565792894620779e-01
7.695769229220053020e-01
7.904018534024610521e-01
8.116923041501754588e-01
8.318084961624709894e-01
8.496187724213087877e-01
8.650435389677380016e-01
8.788952495113090402e-01
8.925588435343893012e-01
9.079068340866445208e-01
9.274904610120460191e-01
9.548987142977342080e-01
9.939982041714060523e-01
1.038722434472987066e+00
1.068254515759561762e+00
1.081393042336683763e+00
1.085721124417029060e+00
9.159218990513148095e-09
