#Sequence of radius points for initial fitting w/o bootstrap
-2.999999999999999889e-01
-2.845522266347360607e-01
-2.691044532694721325e-01
-2.536566799042082043e-01
-2.382089065389443039e-01
-2.227611331736803757e-01
-2.073133598084164475e-01
-1.918655864431525471e-01
-1.764178130778886189e-01
-1.609700397126246907e-01
-1.455222663473607625e-01
-1.300744929820968343e-01
-1.146267196168329061e-01
-9.917894625156897792e-02
-8.373117288630507749e-02
-6.828339952104114929e-02
-5.283562615577722110e-02
-3.738785279051332067e-02
-2.194007942524939248e-02
-6.492306059985464284e-03
8.955467305278463908e-03
2.440324067054239210e-02
3.985101403580632029e-02
5.529878740107024848e-02
7.074656076633417667e-02
8.619433413159810486e-02
1.016421074968620331e-01
1.170898808621259057e-01
1.325376542273898339e-01
1.479854275926537621e-01
1.634332009579176903e-01
1.788809743231816185e-01
1.943287476884455467e-01
2.097765210537094194e-01
2.252242944189733476e-01
2.406720677842372758e-01
2.561198411495012039e-01
2.715676145147651321e-01
2.870153878800290603e-01
3.024631612452929885e-01
3.179109346105569167e-01
3.333587079758208449e-01
3.488064813410847731e-01
3.642542547063487013e-01
3.797020280716126295e-01
3.951498014368765577e-01
4.105975748021404859e-01
4.260453481674044141e-01
4.414931215326683422e-01
4.569408948979322704e-01
4.723886682631961986e-01
4.878364416284601268e-01
5.032842149937239995e-01
5.187319883589880387e-01
5.341797617242518559e-01
5.496275350895156731e-01
5.650753084547797123e-01
5.805230818200435294e-01
5.959708551853075686e-01
6.114186285505713858e-01
6.268664019158354250e-01
6.423141752810992422e-01
6.577619486463632814e-01
6.732097220116270986e-01
6.886574953768911378e-01
7.041052687421549550e-01
7.195530421074187721e-01
7.350008154726828113e-01
7.504485888379466285e-01
7.658963622032106677e-01
7.813441355684744849e-01
7.967919089337385241e-01
8.122396822990023413e-01
8.276874556642663805e-01
8.431352290295301977e-01
8.585830023947942369e-01
8.740307757600580540e-01
8.894785491253220933e-01
9.049263224905859104e-01
9.203740958558499496e-01
9.358218692211137668e-01
9.512696425863778060e-01
9.667174159516416232e-01
9.821651893169056624e-01
9.976129626821694796e-01
1.013060736047433519e+00
1.028508509412697336e+00
1.043956282777961153e+00
1.059404056143225192e+00
1.074851829508489010e+00
1.090299602873753049e+00
1.105747376239016866e+00
1.121195149604280905e+00
1.136642922969544722e+00
1.152090696334808761e+00
1.167538469700072579e+00
1.182986243065336618e+00
1.198434016430600435e+00
1.213881789795864474e+00
1.229329563161128291e+00
