#Weights for Beta densities from initial fitting w/o bootstrap
0.000000000000000000e+00
0.000000000000000000e+00
0.000000000000000000e+00
0.000000000000000000e+00
0.000000000000000000e+00
0.000000000000000000e+00
0.000000000000000000e+00
0.000000000000000000e+00
0.000000000000000000e+00
0.000000000000000000e+00
0.000000000000000000e+00
0.000000000000000000e+00
0.000000000000000000e+00
0.000000000000000000e+00
0.000000000000000000e+00
0.000000000000000000e+00
0.000000000000000000e+00
0.000000000000000000e+00
0.000000000000000000e+00
0.000000000000000000e+00
0.000000000000000000e+00
0.000000000000000000e+00
0.000000000000000000e+00
0.000000000000000000e+00
0.000000000000000000e+00
0.000000000000000000e+00
0.000000000000000000e+00
0.000000000000000000e+00
0.000000000000000000e+00
0.000000000000000000e+00
0.000000000000000000e+00
0.000000000000000000e+00
0.000000000000000000e+00
0.000000000000000000e+00
0.000000000000000000e+00
2.125316387716372566e-15
5.608869899860653013e-02
2.015983056598624409e-02
6.948885190244318606e-10
5.589201846439723306e-10
2.714215852794416268e-10
1.743953745522033027e-15
9.674013943940904211e-15
1.592005942528441068e-14
2.010889534668303936e-14
2.266346364889462385e-14
2.405603323385539985e-14
2.475307022346764132e-14
2.507614423343431590e-14
2.522055885914287340e-14
2.528009560385099720e-14
2.530316093353124491e-14
2.531362098287428684e-14
2.531821245809854508e-14
2.531605268411848221e-14
2.532120831185038510e-14
2.531992340627304482e-14
2.531843593296197905e-14
2.531833544373977455e-14
2.531876134252245710e-14
2.531763507451648214e-14
2.531791081768782689e-14
2.531769150269037101e-14
2.531833742860065305e-14
2.531845244807988002e-14
2.531578926890648304e-14
2.531956729234771341e-14
0.000000000000000000e+00
0.000000000000000000e+00
3.745246023020694931e-15
3.470889328355006708e-10
7.703688572354533980e-10
9.971517578455909279e-10
9.694725309137184524e-10
7.215353877885851697e-10
3.946540947850937407e-10
1.014621391985151166e-15
9.476018720142245757e-15
1.575895187154554405e-14
1.994138811400772494e-14
2.247273576124581093e-14
2.387731809428651868e-14
2.462076345110084269e-14
2.499401608765631686e-14
2.517280082137815478e-14
2.525653246020495925e-14
2.529328029549752730e-14
2.530874968008651217e-14
2.531478469528157510e-14
2.531572739215534209e-14
2.531709009790155085e-14
2.531833980497855360e-14
2.531846765004288191e-14
2.531908815793101006e-14
2.531803532120632606e-14
2.531583588381507170e-14
2.531878085155320070e-14
2.531764881944107324e-14
2.531691698054823876e-14
2.531886019872606197e-14
2.531769093818666323e-14
0.000000000000000000e+00
0.000000000000000000e+00
8.918402084573222645e-15
1.360056123118001525e-10
6.221210471828004107e-10
9.669067472600474785e-10
5.969017151095367180e-08
9.010540039434328569e-10
6.317325509598467709e-10
2.547256048249202164e-10
2.661499335776354778e-15
1.026483384500557892e-14
1.590057305998974933e-14
1.970035018082630408e-14
2.213056317170488683e-14
2.358430530055755436e-14
2.441249500465124607e-14
2.486895894263475471e-14
2.510592628522100449e-14
2.522205684856963982e-14
2.527648720957589296e-14
2.530230066815495931e-14
2.531142595199757757e-14
2.531462031871601793e-14
2.531753371936278848e-14
2.531785522712055282e-14
2.531779397567218209e-14
2.531917269297920765e-14
2.531624990489139471e-14
2.531867338789466618e-14
2.531776336909370612e-14
2.531842225013289280e-14
2.531736753147979448e-14
2.531809841861937158e-14
0.000000000000000000e+00
0.000000000000000000e+00
1.361419248576887117e-14
2.586676276462640748e-15
3.844018074143785590e-10
7.865058036908892108e-10
1.516384543940750853e-13
1.027316366659921496e-09
8.455765358382745125e-10
5.473501266166661036e-10
2.118370971605138938e-10
2.803238555263700457e-15
9.692920383396710878e-15
1.501377187514870725e-14
1.885246246125237173e-14
2.146187797285517984e-14
2.312711953657614436e-14
2.413778656157611839e-14
2.471158412722639972e-14
2.502156031438887677e-14
2.518035276156159999e-14
2.525816410600588232e-14
2.529234938209988639e-14
2.530864542357807349e-14
2.531387029052785250e-14
2.531640815754165645e-14
2.531812488380626610e-14
2.531710062636322444e-14
2.531973211560308550e-14
2.531838855055452609e-14
2.531916782979813324e-14
2.531797678471342286e-14
2.531784514142445510e-14
2.531871684402781998e-14
0.000000000000000000e+00
0.000000000000000000e+00
1.713769912261841961e-14
8.009463597110103460e-15
1.285554425963912106e-10
5.592054120360388003e-10
8.862294014751487861e-10
1.713137623481819916e-01
1.019920798566308618e-09
8.473075246855929713e-10
5.780069379127423515e-10
2.685440810519524818e-10
9.477608917158798323e-16
7.836559496618523051e-15
1.343579672172162752e-14
1.767078138992151634e-14
2.064732819241001002e-14
2.261006917520260034e-14
2.382538224635850547e-14
2.453523822852953114e-14
2.492760393730237959e-14
2.513266288303125119e-14
2.523686829485867530e-14
2.528420952041969293e-14
2.530505304897521674e-14
2.531275758106310089e-14
2.531790753276947537e-14
2.531716004200219502e-14
2.531910014188276874e-14
2.531809528880822386e-14
2.531822434842688104e-14
2.531728205943824573e-14
2.531766965648384453e-14
2.531873997877223513e-14
0.000000000000000000e+00
0.000000000000000000e+00
1.980111503852579517e-14
1.273733857546644071e-14
3.059260358004309973e-15
3.047064340663377365e-10
6.967905656168284422e-10
9.847244503186070789e-10
1.059753700681757144e-02
1.108304568385117084e-09
9.529990596653908295e-10
7.008400245102221604e-10
3.918260218570330208e-10
7.605591515203827253e-11
5.449434948161262830e-15
1.161025829283452372e-14
1.635863622798794734e-14
1.975710647263081121e-14
2.204032663144009670e-14
2.348307040088340186e-14
2.434382715556305097e-14
2.482950100874233471e-14
2.509039163015087827e-14
2.521688348810034388e-14
2.527974269577658659e-14
2.530367894445423723e-14
2.531336443664675896e-14
2.531671249030371134e-14
2.531751705438819990e-14
2.531689576826115968e-14
2.531761035200473454e-14
2.531882482174393462e-14
2.531794104940326101e-14
2.531813860385582934e-14
0.000000000000000000e+00
0.000000000000000000e+00
2.179843036335727943e-14
1.667127329489741201e-14
8.860577022011872837e-15
4.006577596020917605e-11
4.578806128639690996e-10
8.403404618834301780e-10
1.127905200639464593e-09
3.185019586453099022e-08
1.275355293379793950e-09
1.125948376594335958e-09
8.709365648158585262e-10
5.455708699407579006e-10
2.061765701857266592e-10
2.812795707908394726e-15
9.615435317747189133e-15
1.492585897562398672e-14
1.879538651794108265e-14
2.143979298612099018e-14
2.314302116886961922e-14
2.417268540103120409e-14
2.475428730138481994e-14
2.506252119446426309e-14
2.521072878366604367e-14
2.527818033279087158e-14
2.530430044507876749e-14
2.531329786494347352e-14
2.531762850125005171e-14
2.531870551799621678e-14
2.531795031289321786e-14
2.531815545577869843e-14
2.531973766088973052e-14
2.531880376312050384e-14
0.000000000000000000e+00
0.000000000000000000e+00
2.320406808599067080e-14
1.970054817788657827e-14
1.377298396600975073e-14
5.384883107302267164e-15
1.908171555282714914e-10
6.205953951109669695e-10
1.018922550644198355e-09
1.326539632255625844e-09
3.742023849268296593e-14
1.503818952821599468e-09
1.348373337030591129e-09
1.071541792489800114e-09
7.229779244278516604e-10
3.518512927941641908e-10
3.697177956552787722e-12
7.470400900963458601e-15
1.346077252199545359e-14
1.788402998617926307e-14
2.093785243504517922e-14
2.290422684917223249e-14
2.408507016042748282e-14
2.473579177112190461e-14
2.506651751853264907e-14
2.521927765655827825e-14
2.528307598974996320e-14
2.530731306057365577e-14
2.531497914387395506e-14
2.531871672992422394e-14
2.531667280515281649e-14
2.531781205667484945e-14
2.531970458058506577e-14
2.531933156236990233e-14
0.000000000000000000e+00
0.000000000000000000e+00
2.411788994683313558e-14
2.185256432630356214e-14
1.761880944964964136e-14
1.097433630498925634e-14
1.879584460368404009e-15
3.588719617181972518e-10
8.234786692919449800e-10
1.258600155836076469e-09
1.596678198868874515e-09
5.072570466494691344e-02
1.780950194270556233e-09
1.613805396842859447e-09
1.306285298569643623e-09
9.189103745833400261e-10
5.071683296548240675e-10
1.182599176358103465e-10
5.512194285299643449e-15
1.229663599330334725e-14
1.730033296554142866e-14
2.071626436449025890e-14
2.287160116039564858e-14
2.411826233796427771e-14
2.477755992508874632e-14
2.509598030938314030e-14
2.523352791769276410e-14
2.528887044966125542e-14
2.530916548935632288e-14
2.531558238204839392e-14
2.531780709656608220e-14
2.531928720552808024e-14
2.532105280725176423e-14
2.531758547183077626e-14
0.000000000000000000e+00
0.000000000000000000e+00
2.466798605235893259e-14
2.328098996359634555e-14
2.041624982292583423e-14
1.544080207570093761e-14
7.869343597133104675e-15
9.380149159354545486e-11
5.807968621853391849e-10
1.099503472052616976e-09
1.580471438300436070e-09
1.943040601377539575e-09
6.037499557558243720e-08
2.111664803519600572e-09
1.904931900856411669e-09
1.551034535907288719e-09
1.110508061860841601e-09
6.444048346772091012e-10
2.052527782119745993e-10
4.339304072953199587e-15
1.185381706167978497e-14
1.727496292786152079e-14
2.086287740333036089e-14
2.303900918774896862e-14
2.424241020889537955e-14
2.485172051885864031e-14
2.513204801402403132e-14
2.525020057480955544e-14
2.529553485645979359e-14
2.531143438034715755e-14
2.531674998667859212e-14
2.531875988519309547e-14
2.531718132264554512e-14
2.531778590224411748e-14
0.000000000000000000e+00
0.000000000000000000e+00
2.497996598425656195e-14
2.416997334956812346e-14
2.231538260796362782e-14
1.874935841006662337e-14
1.274323113721609565e-14
3.756389107398950123e-15
3.224496123189515038e-10
8.781496467015555835e-10
1.454320053735641133e-09
1.967809155084539214e-09
4.777693193428655175e-08
2.502251005954468352e-09
2.443873560134934971e-09
2.180505145930972893e-09
1.760549164506674019e-09
1.252090979948348762e-09
7.241533946476044670e-10
2.358933959862770945e-10
4.361647036570985654e-15
1.226213512905402817e-14
1.776114214391628510e-14
2.126127705155053566e-14
2.329899964581985861e-14
2.438837346790295064e-14
2.492309477820964310e-14
2.516207939064832351e-14
2.526164733444928859e-14
2.530088309648171396e-14
2.531239661375342612e-14
2.531586053747950129e-14
2.531847119926032337e-14
2.531755608183206424e-14
0.000000000000000000e+00
0.000000000000000000e+00
2.515041883296302543e-14
2.469124268445501344e-14
2.353023097298778502e-14
2.105847564219512593e-14
1.647724822473345534e-14
9.006527905514366125e-15
7.078796426236691364e-11
6.157234908963043281e-10
1.235208059985948228e-09
1.852718139172221103e-09
2.377212996486696789e-09
8.292668887344646633e-02
2.007691112018854871e-08
2.724632924419357292e-09
2.383639545881957951e-09
1.885180622777635035e-09
1.305739729046380403e-09
7.244208801132554580e-10
2.055453422695703194e-10
5.405485662407269197e-15
1.321968332303425217e-14
1.846826634515454860e-14
2.170644269702601614e-14
2.354295114319965955e-14
2.450789627802813607e-14
2.497884974013464284e-14
2.518776423350307699e-14
2.527415443598791880e-14
2.530464014171264631e-14
2.531409651534223303e-14
2.531835794528796367e-14
2.531798209368303861e-14
0.000000000000000000e+00
0.000000000000000000e+00
2.523659968314168743e-14
2.498369689981957316e-14
2.427181274944326986e-14
2.260606252403978185e-14
1.924432301054210969e-14
1.332786451707619233e-14
4.148749099047194453e-15
3.342228999544529062e-10
9.441188550734062925e-10
1.608219709108626869e-09
2.242058376153531808e-09
2.751991663553914994e-09
7.550055450146234137e-02
3.110750684262667629e-09
2.904454772026752752e-09
2.477975346627252452e-09
1.903547828477989491e-09
1.270837718414180103e-09
6.618425878409252391e-10
1.381229149674337374e-10
6.855795996637105511e-15
1.425746247119942662e-14
1.911936266772459485e-14
2.207480883217955452e-14
2.374263694774873469e-14
2.461329239703675998e-14
2.503397976116537300e-14
2.521684364230105273e-14
2.528739760768754764e-14
2.531116167510228822e-14
2.531742442847372563e-14
2.531757302054039296e-14
0.000000000000000000e+00
0.000000000000000000e+00
2.527953446910473831e-14
2.514203072192856721e-14
2.471365223525288904e-14
2.362246490573610660e-14
2.125239665321109952e-14
1.679516740850016006e-14
9.434319063880702621e-15
5.396408863810492969e-11
6.118491304348481897e-10
1.267748315091435027e-09
1.953619974652083402e-09
2.579601956471217427e-09
3.051689951713100788e-09
3.911534400925016440e-13
3.263964215228048139e-09
2.971974514920079026e-09
2.469578874865698252e-09
1.843380821407665392e-09
1.184040198225164509e-09
5.744905784921703536e-10
6.515478118291963464e-11
8.199944752358223565e-15
1.513586348481744965e-14
1.966135158836531572e-14
2.240330777584922413e-14
2.394114006958597892e-14
2.473217664791255424e-14
2.509906297411918701e-14
2.524980986104489913e-14
2.529939322406406515e-14
2.531526810290442139e-14
2.531738729098382776e-14
0.000000000000000000e+00
0.000000000000000000e+00
2.529997564987495584e-14
2.522597770688651132e-14
2.497514212677718786e-14
2.428346741366441097e-14
2.268461031351091931e-14
1.949450428674716910e-14
1.391040230695404649e-14
5.211552767491142615e-15
2.731268289905837535e-10
8.758011391795221627e-10
1.558151907248221431e-09
2.245254235281895938e-09
2.843954212131513149e-09
3.261916551073973648e-09
5.153453320696985824e-08
3.321918586292715633e-09
2.955762527907719057e-09
2.401244877397321798e-09
1.747770593832111052e-09
1.086553885354940072e-09
4.901923996998431216e-10
6.143380601322732244e-13
9.373846283711292901e-15
1.595006111839494502e-14
2.022333409941275345e-14
2.278773141267128789e-14
2.419009519091908847e-14
2.487797078550254433e-14
2.517196004013144523e-14
2.527833415228588455e-14
2.530888704735933692e-14
2.531755044968135748e-14
0.000000000000000000e+00
0.000000000000000000e+00
2.530973706979596890e-14
2.527082030025354605e-14
2.512683456152621676e-14
2.470710628702376500e-14
2.367786496637217152e-14
2.150902639467846091e-14
1.749182924138625129e-14
1.086765896780808742e-14
1.032872653581056438e-15
4.792162847630322141e-10
1.112047263499224933e-09
1.805350704652722605e-09
2.478809482463644342e-09
3.039460341951281461e-09
3.397691460508264405e-09
3.494559846652716386e-09
3.315495669629485871e-09
2.895306566460534511e-09
2.307910395349255866e-09
1.643627504371076993e-09
9.897158775700992759e-10
4.088305765602924373e-10
1.619072181961754978e-15
1.064713806182887939e-14
1.692891761349710343e-14
2.094686752078375616e-14
2.327865640495147652e-14
2.448486632408136880e-14
2.502785201612453488e-14
2.523409552380421346e-14
2.530071549343117169e-14
2.531501718740609816e-14
0.000000000000000000e+00
0.000000000000000000e+00
2.531489465504100005e-14
2.529344586522631393e-14
2.521568053456490639e-14
2.497286070146316891e-14
2.433926382305240607e-14
2.293689069899219482e-14
2.019269450549211701e-14
1.539996071026114939e-14
7.857254678174253590e-15
1.148134723417978047e-10
6.665790269041864039e-10
1.319034566544182330e-09
2.012325196969312742e-09
2.663821945789562392e-09
3.178845212192478198e-09
3.474721624610723709e-09
4.167234073621368625e-09
3.262899761699018368e-09
2.799336741045456131e-09
2.191134776967926715e-09
1.526087466270538077e-09
8.826198134449264025e-10
3.158694526362896457e-10
3.619422237164119537e-15
1.229253391266931309e-14
1.820114803126270195e-14
2.183600767506343549e-14
2.382608655484115144e-14
2.477348539243410310e-14
2.515375848341703365e-14
2.527979229812814362e-14
2.531178209139181342e-14
0.000000000000000000e+00
0.000000000000000000e+00
2.531555717686010762e-14
2.530559820289884805e-14
2.526491610975913972e-14
2.513047066615341461e-14
2.476024410636676724e-14
2.389392273825442146e-14
2.210725699953392044e-14
1.880622687578866140e-14
1.330452601976487211e-14
4.955255526789613003e-15
2.600349235915831962e-10
8.364662852537482016e-10
1.498708319743891699e-09
2.181733244050960332e-09
2.798459335754891962e-09
3.256220793277025463e-09
9.821313131317030806e-08
3.808438808302766010e-09
3.149268328901541813e-09
2.656852014152944681e-09
2.040873458893587523e-09
1.382168611539581650e-09
7.503051256344642432e-10
1.977614375262555819e-10
6.185927188638748359e-15
1.433518271124579110e-14
1.967001745208204508e-14
2.276510230150997312e-14
2.433292337621488087e-14
2.500392150560429345e-14
2.523938544588306128e-14
2.530521331839931154e-14
0.000000000000000000e+00
0.000000000000000000e+00
2.531732063627174796e-14
2.531233340159373987e-14
2.529194950648000758e-14
2.521990539991657645e-14
2.501409180594737761e-14
2.450399670739329867e-14
2.339272118342817906e-14
2.122186022319614217e-14
1.739386273392707195e-14
1.123953211394100891e-14
2.183736357782530658e-15
3.937899849446822730e-10
9.845281219107138144e-10
1.641954216057785705e-09
2.294562062817664260e-09
2.855057280875600192e-09
3.240396771240677429e-09
1.562021939179230323e-01
3.295544748260194161e-09
2.968839254206714713e-09
2.466028020125360755e-09
1.854201977649622535e-09
1.205878616866209324e-09
5.885295381537740784e-10
5.541746581824251697e-11
9.151096171228113486e-15
1.653978630657922181e-14
2.112015043476884932e-14
2.359623979840274624e-14
2.473524966928500075e-14
2.516306453652062867e-14
2.528952332666964795e-14
0.000000000000000000e+00
0.000000000000000000e+00
2.531735174121432196e-14
2.531526566959740173e-14
2.530629150774952675e-14
2.526872049936401012e-14
2.515915067411266646e-14
2.487146510339852670e-14
2.420987472807598780e-14
2.284479893614299493e-14
2.030111320936870229e-14
1.597588138463120528e-14
9.246103792267337124e-15
1.356572082848259734e-11
5.060380355307273282e-10
1.090914257942695382e-09
1.717290071837762752e-09
2.312907580983192669e-09
2.800084493661188717e-09
3.111628259306931049e-09
3.825722012491966639e-02
3.077520822151470583e-09
2.742262587189237547e-09
2.244033296352386587e-09
1.642653731684637254e-09
1.007732840098934347e-09
4.091637103564121136e-10
2.472137670807045726e-15
1.217172030239408837e-14
1.864453112066538352e-14
2.240616373105776202e-14
2.426301093550072830e-14
2.502033722288703481e-14
2.525787175644342617e-14
0.000000000000000000e+00
0.000000000000000000e+00
2.531676630073346203e-14
2.531662729277112582e-14
2.531300339747703065e-14
2.529441435243602216e-14
2.523824038764935661e-14
2.508185134298164185e-14
2.470403588460531054e-14
2.388271853649551496e-14
2.226508501524226390e-14
1.936792055708850616e-14
1.462532459428194403e-14
7.511521385548497330e-15
8.886715332161616218e-11
5.713898147327994984e-10
1.123015912736057345e-09
1.692334532225715144e-09
2.217053556124474419e-09
2.635044207091945195e-09
2.895850107593218289e-09
3.988336702347619481e-08
2.459121801116658946e-13
2.508312568050649695e-09
2.021708473711664511e-09
1.430655530474620769e-09
8.082366358014937545e-10
2.293653517276074959e-10
6.289259184719355744e-15
1.503993733341618274e-14
2.053343013689535865e-14
2.346555043223196318e-14
2.474996960905638293e-14
2.519240263137398667e-14
0.000000000000000000e+00
0.000000000000000000e+00
2.531793464999211843e-14
2.531657743927083747e-14
2.531647436636490860e-14
2.530702763143031702e-14
2.527940280973226931e-14
2.519778350192990794e-14
2.499051363777383928e-14
2.451470110760613093e-14
2.353186801218595396e-14
2.168632206460346699e-14
1.852274499093350249e-14
1.355891317936129195e-14
6.424976772522900550e-15
1.171073320640818964e-10
5.649477124743990630e-10
1.061873401159885293e-09
1.566557828503776752e-09
2.032214500285599144e-09
2.410294013948898447e-09
2.657476707571915779e-09
9.370155274801435687e-13
2.621122511516305562e-09
2.309168072744657738e-09
1.827593957118111591e-09
1.235818879016288436e-09
6.162294092028713854e-10
5.207479158077484370e-11
9.999919615991479301e-15
1.770091111683758888e-14
2.214151464381500026e-14
2.425431800836835285e-14
2.505336152683395747e-14
0.000000000000000000e+00
0.000000000000000000e+00
2.531724232843431852e-14
2.531915318640092847e-14
2.531765539653579201e-14
2.531376847578414255e-14
2.529947630632996795e-14
2.525908677864104647e-14
2.514804878881830047e-14
2.488465596870368054e-14
2.431612046794124373e-14
2.320025487568665350e-14
2.121294092672903337e-14
1.796967257409349263e-14
1.311294170175224716e-14
6.420603815269851514e-15
8.315880159855972987e-11
4.822565757043049917e-10
9.244483276183233186e-10
1.382165862414720284e-09
1.821508057906121414e-09
2.200340534978974184e-09
2.468723636834164536e-09
2.212030435665866409e-08
2.477641445432268730e-09
2.163783658123676351e-09
1.662762192088979486e-09
1.048020769677711184e-09
4.191909979156730690e-10
3.259391425059611888e-15
1.355370715681591247e-14
1.999318551850596626e-14
2.334374820952830561e-14
2.475932515277332259e-14
0.000000000000000000e+00
0.000000000000000000e+00
2.531910348587243533e-14
2.531962883930197190e-14
2.531726431168597397e-14
2.531540889220919974e-14
2.530954531845303873e-14
2.529105858695453529e-14
2.523274987778073911e-14
2.509374851246552386e-14
2.478116965718713696e-14
2.414929239652653614e-14
2.297960137207256269e-14
2.100766009405888524e-14
1.794542548319269228e-14
1.353785070608129435e-14
7.616416248767133371e-15
1.167870811103140610e-16
3.510873342911375371e-10
7.599847783675389911e-10
1.205792759093311326e-09
1.659091766457173992e-09
2.071656173931949646e-09
2.377288716961728235e-09
2.382357517509088932e-02
2.397088684840268400e-09
2.043549006712519935e-09
1.491313780213873521e-09
8.398771994645318019e-10
2.094773599606114020e-10
7.677750677692389021e-15
1.655685806726644881e-14
2.167635957877954811e-14
2.414156311314026239e-14
0.000000000000000000e+00
0.000000000000000000e+00
2.531771855483820877e-14
2.531714726064773892e-14
2.531849695291442815e-14
2.531750028994290861e-14
2.531613349963987711e-14
2.530631621706579289e-14
2.527871744646359923e-14
2.520828545958773190e-14
2.504726545697082902e-14
2.471273650279670671e-14
2.407876300978489367e-14
2.297587486253489237e-14
2.120048727019561185e-14
1.853525341102156557e-14
1.475574254446980399e-14
9.627152075016793148e-15
2.920403733491865979e-15
2.199878013307557142e-10
6.280452860191846429e-10
1.096719117780022311e-09
1.590793521807267432e-09
2.044894339453128000e-09
2.371372677949583247e-09
1.233134668294108838e-01
2.319908895164890022e-09
1.893874447914567214e-09
1.283673922133631391e-09
6.161828306315991629e-10
1.590004630196256575e-11
1.117135786247381391e-14
1.869808940785373686e-14
2.289685941437310524e-14
0.000000000000000000e+00
0.000000000000000000e+00
2.531858146884304500e-14
2.531840465212390201e-14
2.531877920882724796e-14
2.531839588541692298e-14
2.531579238699316977e-14
2.531262259455725994e-14
2.530108157339117995e-14
2.526719824432682513e-14
2.519194801702873393e-14
2.502964052181339568e-14
2.471775791076652581e-14
2.415635087835653334e-14
2.322335909101754904e-14
2.175632881650446116e-14
1.954472356793083160e-14
1.631647895512501929e-14
1.170548108400858333e-14
5.284623671212062300e-15
1.322379528430317526e-10
5.646440019841570594e-10
1.072043359063059993e-09
1.603685301224051347e-09
2.073778388052420114e-09
2.378988223183714163e-09
3.513754301747960016e-07
2.190947743015348816e-09
1.703695955326952539e-09
1.074536797102585155e-09
4.322531162409243109e-10
3.098666244343049463e-15
1.367393559637399127e-14
2.058291604301117468e-14
0.000000000000000000e+00
0.000000000000000000e+00
2.531846485187035128e-14
2.531871418637432193e-14
2.531912997020328324e-14
2.531767043578037610e-14
2.531736270215653230e-14
2.531592990282140557e-14
2.531076059529892248e-14
2.529693935658087068e-14
2.526617649283378532e-14
2.519597132012171378e-14
2.505766719390372679e-14
2.480362288769610174e-14
2.436469191884049512e-14
2.363472338180702571e-14
2.245774298453988091e-14
2.059079904428051251e-14
1.766732125482750361e-14
1.320177202509229552e-14
6.639773611014752364e-15
9.740399512017047951e-11
5.573788466370611731e-10
1.088959408235867967e-09
1.626407316760852357e-09
2.072562517426843549e-09
2.324917471411584926e-09
3.795472204777018706e-09
2.031304926775570197e-09
1.537288353866609311e-09
9.314733840711249486e-10
3.127354195684676453e-10
6.047445347887998608e-15
1.674844776954403034e-14
0.000000000000000000e+00
0.000000000000000000e+00
2.531930038418844690e-14
2.531763726749860790e-14
2.531917947879428197e-14
2.531805853935844676e-14
2.531800549908786440e-14
2.531730570270916802e-14
2.531560730383728931e-14
2.531028566686035778e-14
2.529784665734478538e-14
2.527307722235322944e-14
2.522007254368083913e-14
2.512121176530211154e-14
2.493599557855876111e-14
2.461232121305689175e-14
2.404542977326471344e-14
2.305701080282099517e-14
2.136369070669199672e-14
1.853099093661294290e-14
1.401961453041978899e-14
7.261525825231632681e-15
8.345539441408884312e-11
5.482754228169945549e-10
1.070949051394188950e-09
1.580112046714724675e-09
1.984374218802766517e-09
2.198373720908254813e-09
4.103234024876944744e-12
1.905012540975350130e-09
1.431791534010262462e-09
8.163238665431027250e-10
1.493802199530478873e-10
1.133621284099541698e-14
0.000000000000000000e+00
0.000000000000000000e+00
2.531782470401968809e-14
2.531837562280447490e-14
2.531875420774819172e-14
2.531831187390118447e-14
2.531801914484225830e-14
2.531783837074692104e-14
2.531842883291557953e-14
2.531601773679732288e-14
2.531161614530848879e-14
2.530501459380566827e-14
2.528741304885506531e-14
2.525357000921709249e-14
2.518711654598887380e-14
2.505979953599940942e-14
2.481327994486381655e-14
2.434294140953933604e-14
2.345795686764583596e-14
2.185343603432669805e-14
1.909764788924801775e-14
1.466842077906295245e-14
8.084023190521899509e-15
3.586428576548080151e-11
4.736278350106416990e-10
9.577373832510414459e-10
1.426576541150451215e-09
1.805138049517967562e-09
2.022126610825592344e-09
1.216479316935049765e-01
1.763717405353096009e-09
1.248501034358679571e-09
5.383935145531797625e-10
5.156082491807485737e-15
0.000000000000000000e+00
0.000000000000000000e+00
2.531835857379396355e-14
2.531796361535202233e-14
2.531832896930123879e-14
2.531844510780390308e-14
2.531784396102497299e-14
2.531828724506939251e-14
2.531812400579656864e-14
2.531746847512703368e-14
2.531750949907308840e-14
2.531453841930588922e-14
2.530999871155101425e-14
2.530092325092581302e-14
2.527909959028243447e-14
2.523664999563785043e-14
2.514382195378398477e-14
2.494611049543086410e-14
2.454364054353950182e-14
2.375515761201277591e-14
2.230795632751385948e-14
1.982446091300878898e-14
1.586936999338710145e-14
1.005841413668875332e-14
2.203272088091011459e-15
2.952359579127844149e-10
7.229856121691729911e-10
1.150331342906448254e-09
1.514536385526349861e-09
1.735247601759525080e-09
6.625539357856553986e-08
1.404136666988713217e-09
7.813485439995915616e-10
1.497825138923438983e-18
0.000000000000000000e+00
0.000000000000000000e+00
2.531759300651692896e-14
2.531870657915089753e-14
2.531755024668151197e-14
2.531825810540768340e-14
2.531781124468662192e-14
2.531883673037024638e-14
2.531867789891397937e-14
2.531741940717198297e-14
2.531721004015921761e-14
2.531716142441774681e-14
2.531649121349585159e-14
2.531476232646580292e-14
2.530888472369810765e-14
2.529715832716125145e-14
2.526686403395203911e-14
2.519913880013597093e-14
2.504850814571579422e-14
2.473144512709690910e-14
2.411382148411638740e-14
2.298656283289215697e-14
2.106752213322064616e-14
1.803728218112112429e-14
1.359074996134658341e-14
7.531566048784609251e-15
5.423814591721245960e-12
3.568704493445939550e-10
7.244569047264018071e-10
1.046054314900802032e-09
1.225001618377964567e-09
1.148702095783084337e-09
7.453684532106554362e-10
7.621852189408356415e-11
0.000000000000000000e+00
0.000000000000000000e+00
2.531800291505076190e-14
2.531902620631535677e-14
2.531863303942693952e-14
2.531782080804221677e-14
2.531878941808659251e-14
2.531791401526605489e-14
2.531867736146340752e-14
2.531810102623927520e-14
2.531743450104608090e-14
2.531761747690283057e-14
2.531820712256887248e-14
2.531819838560651234e-14
2.531606479789651319e-14
2.531306233382466662e-14
2.530614811211052080e-14
2.528967431803204508e-14
2.524782883206074224e-14
2.515410924313334660e-14
2.496291984370217767e-14
2.459243955701301466e-14
2.391938623436167410e-14
2.277809767700145166e-14
2.095673086595180869e-14
1.821597060449055278e-14
1.431935843580709495e-14
9.095416390142924684e-15
2.604904169163597430e-15
1.790981507967655035e-10
4.267033609106149200e-10
5.363181597502941676e-10
3.883814263942642555e-10
6.944234935835079392e-02
0.000000000000000000e+00
0.000000000000000000e+00
0.000000000000000000e+00
0.000000000000000000e+00
0.000000000000000000e+00
0.000000000000000000e+00
0.000000000000000000e+00
0.000000000000000000e+00
0.000000000000000000e+00
0.000000000000000000e+00
0.000000000000000000e+00
0.000000000000000000e+00
0.000000000000000000e+00
0.000000000000000000e+00
0.000000000000000000e+00
0.000000000000000000e+00
0.000000000000000000e+00
0.000000000000000000e+00
0.000000000000000000e+00
0.000000000000000000e+00
0.000000000000000000e+00
0.000000000000000000e+00
0.000000000000000000e+00
0.000000000000000000e+00
0.000000000000000000e+00
0.000000000000000000e+00
0.000000000000000000e+00
0.000000000000000000e+00
0.000000000000000000e+00
0.000000000000000000e+00
0.000000000000000000e+00
0.000000000000000000e+00
0.000000000000000000e+00
0.000000000000000000e+00
0.000000000000000000e+00
