#Lower limit for the Conditional distribution of radius given mass from initial fitting w/o bootstrap
4.467050400904111762e-01
-2.042300236525292079e-01
-2.042298055242787458e-01
-2.042282314485174555e-01
-2.042220413671401447e-01
-2.042043217295183566e-01
-2.041625280815396459e-01
-2.040759554924726216e-01
-2.039124998016565993e-01
-2.036244771076541893e-01
-2.031431418772640940e-01
-2.023713366446986961e-01
-2.011733928969059448e-01
-1.993610252568483732e-01
-1.966739073636132318e-01
-1.927557035172282884e-01
-1.871374715070756589e-01
-1.792809388038676399e-01
-1.688265895916416792e-01
-1.561722975502400912e-01
-1.428291396935790492e-01
-1.305783631365423914e-01
-1.203661561985748113e-01
-1.122740645820681504e-01
-1.059919701401143971e-01
-1.011329596953331189e-01
-9.735216297304336019e-02
-9.437332805783814338e-02
-9.198395971187024733e-02
-9.002283549934959883e-02
-8.836770184123331207e-02
-8.692517081840633875e-02
-8.562295300426410460e-02
-8.440404260829430239e-02
-8.322240303541678097e-02
-8.203976364839198065e-02
-8.082322451714131495e-02
-7.954344248067102274e-02
-7.817323181560398293e-02
-7.668645721338414323e-02
-7.505712862104980954e-02
-7.325862977080944971e-02
-7.126302729971588368e-02
-6.904041699590139636e-02
-6.655826912060047729e-02
-6.378073676138266979e-02
-6.066789032321422137e-02
-5.717483801047393982e-02
-5.325068709136308864e-02
-4.883729506858781183e-02
-4.386775635626685710e-02
-3.826457497299556171e-02
-3.193750117307690706e-02
-2.478109066611996342e-02
-1.667224492036331954e-02
-7.468446223865520851e-03
2.991624262962739277e-03
1.488145896209669243e-02
2.836707932737752777e-02
4.356309025403103802e-02
6.045308541661630758e-02
7.878217632441479601e-02
9.798245094323634885e-02
1.172371585056997123e-01
1.357099373671730169e-01
1.527886147902234593e-01
1.681767186123968583e-01
1.818356564269337505e-01
1.938797771040355056e-01
2.044929236328700550e-01
2.138804267318003827e-01
2.222475022663370492e-01
2.297932000667904096e-01
2.367129584568036793e-01
2.432064440228206281e-01
2.494897618014088048e-01
2.558127084733817225e-01
2.624829948781489120e-01
2.699006268189578783e-01
2.786071590146546595e-01
2.893567072872507695e-01
3.032196704607691973e-01
3.217407913578259060e-01
3.472072924997466892e-01
3.831998212831298489e-01
4.360354590396854357e-01
5.196031523488342518e-01
6.657431759671990079e-01
7.961140251058140827e-01
8.492062553119055224e-01
8.740878063637346207e-01
8.868113775081905015e-01
8.933594613082872504e-01
8.965991465301096364e-01
8.980825028779867436e-01
8.986835138574467141e-01
8.988848439440049187e-01
8.989340100188902838e-01
8.989405645886838769e-01
8.989407579377540758e-01
