-9.847774721530113684e-01
-9.847774710141393717e-01
-9.847773414488726340e-01
-9.847718250908702453e-01
-9.846913780737300836e-01
-9.840401122209725404e-01
-9.803265635666468247e-01
-9.622065705874833785e-01
-8.087620856270643088e-01
-1.360741731798067178e-01
-9.212646007409128202e-02
-7.887307355394125585e-02
-7.324577001336625426e-02
-6.926632843108089521e-02
-6.462461477373646068e-02
-5.788351226330783889e-02
-4.769817814624042335e-02
-3.260951920880041099e-02
-1.110275476112686059e-02
1.810494783719883080e-02
5.548005024553365888e-02
9.972848354139410287e-02
1.469645354710704399e-01
1.915814178208562757e-01
2.292126015276395312e-01
2.585978690823309556e-01
2.807572572081752371e-01
2.974886620098053935e-01
3.105436220006542181e-01
3.213860052372307097e-01
3.311902730355404945e-01
3.408922818457146842e-01
3.512208711244473869e-01
3.626890831554241967e-01
3.755496562609039191e-01
3.897420220642944799e-01
4.048771440973095159e-01
4.203045949173973006e-01
4.352672211152934234e-01
4.490897350245737774e-01
4.613199206982104283e-01
4.717739715014475088e-01
4.804972966472744189e-01
4.876864678802770303e-01
4.936137971026197668e-01
4.985748126239598621e-01
5.028613852984982202e-01
5.067553870230364632e-01
5.105366964707155342e-01
5.145010350757582840e-01
5.189849315116111805e-01
5.243956826227460510e-01
5.312423252889242331e-01
5.401576215113557122e-01
5.518885730805881407e-01
5.672133342225013086e-01
5.867242494338169578e-01
6.104340006205496438e-01
6.372829209197479194e-01
6.648834159240999409e-01
6.899967557962005671e-01
7.097789564195315926e-01
7.229460075641169770e-01
7.299982267931590663e-01
7.326322949019157260e-01
7.330116565685392827e-01
7.333027705933050644e-01
7.355196894169903077e-01
7.415801050138454142e-01
7.534833247328092121e-01
7.735722574866974455e-01
8.049014312421346462e-01
8.518012901006696280e-01
9.207805140366479568e-01
1.021602581091273887e+00
1.165952850464144985e+00
1.355458611378901335e+00
1.557810282256399281e+00
1.718038581982923363e+00
1.827621358110277816e+00
1.904993761593252843e+00
1.963586954823162145e+00
2.010912728232814750e+00
2.051222782829133173e+00
2.086944951638712187e+00
2.119353903063904365e+00
2.148865905611795135e+00
2.175097119160597003e+00
2.196672836458400724e+00
2.210665811281419035e+00
2.211575141035582615e+00
2.190752865906370417e+00
2.141319803850278980e+00
2.073547599205129544e+00
2.015261472973908674e+00
1.982268599592384328e+00
1.969448293332090483e+00
1.966136904432198351e+00
1.965685588137101369e+00
-7.194312248637568796e-01
