-2.704022236271012569e-01
-2.704021737632505418e-01
-2.704020873708039563e-01
-2.704019096224411500e-01
-2.704001009249966114e-01
-2.703679680578447431e-01
-2.699914047306190557e-01
-2.669398738376300151e-01
-2.491646611841270287e-01
-1.846686639422041032e-01
-8.181256721254380471e-02
-1.712944164417681478e-02
7.496718933285424942e-03
1.804853227209282651e-02
2.594072840565333007e-02
3.503446046989348861e-02
4.691299652932042624e-02
6.240913262192325506e-02
8.189517027427746509e-02
1.052448045833709184e-01
1.317838195894002196e-01
1.603669101759216398e-01
1.896035011973412621e-01
2.181531621652194053e-01
2.449698253108940904e-01
2.694159149773242556e-01
2.912461004724529179e-01
3.105130919369170628e-01
3.274540675952056779e-01
3.423948601048661944e-01
3.556848513262880207e-01
3.676604935371856064e-01
3.786297373335815730e-01
3.888695045235079362e-01
3.986302505385148631e-01
4.081437453696073470e-01
4.176317815335490735e-01
4.273145010291727330e-01
4.374175385567462548e-01
4.481773604711548620e-01
4.598441813663609046e-01
4.726818000933268316e-01
4.869637652528467919e-01
5.029656268300182198e-01
5.209538059954207379e-01
5.411728331644201084e-01
5.638340353515473025e-01
5.891092867566624092e-01
6.171316150857183436e-01
6.479985656164152230e-01
6.817639201800366200e-01
7.183925637542739606e-01
7.576535306879799148e-01
7.989556294067207132e-01
8.411965016035504172e-01
8.827619482716417831e-01
9.217859578844740387e-01
9.566139038084099377e-01
9.862282793671792724e-01
1.010405493004155053e+00
1.029575199547359654e+00
1.044532664263199795e+00
1.056170380922389684e+00
1.065307798953438523e+00
1.072617663672444266e+00
1.078615066487971008e+00
1.083676408408953629e+00
1.088067358141254326e+00
1.091969572720836723e+00
1.095502555180305038e+00
1.098740319376469765e+00
1.101723863737334996e+00
1.104470776475745986e+00
1.106983107656540621e+00
1.109254186407699239e+00
1.111274490086634703e+00
1.113036155988340381e+00
1.114535427678762014e+00
1.115772292837639679e+00
1.116746630627233783e+00
1.117449989033958202e+00
1.117851294318330968e+00
1.117873438274803455e+00
1.117357838789051039e+00
1.116024724534090629e+00
1.113482920000394172e+00
1.109439848456453381e+00
1.104218839224808901e+00
1.099046232708352999e+00
1.095227961096565839e+00
1.093118248934242809e+00
1.092310695621875993e+00
1.092358380171012833e+00
1.093158287096974046e+00
1.095148376405481461e+00
1.099601104086584957e+00
1.107984301931539406e+00
1.116998050690161781e+00
1.120440302222486473e+00
1.120691335990864568e+00
