7.890920361486237697e-03
2.864330915387570384e-13
3.605608945623284366e-11
1.347535043237581904e-13
2.109743905516343271e-11
0.000000000000000000e+00
4.771197049624000468e-11
1.765623215877571241e-11
0.000000000000000000e+00
1.566516099393507382e-11
0.000000000000000000e+00
0.000000000000000000e+00
0.000000000000000000e+00
0.000000000000000000e+00
1.946842757292327935e-12
1.271767831221202747e-11
1.061508812092827319e-11
1.755444582683221818e-11
7.053489089205697583e-11
6.214082358735832979e-11
2.554319189899846645e-13
1.909641957200086452e-12
1.006519733783347591e-13
2.361087393767438344e-13
0.000000000000000000e+00
0.000000000000000000e+00
0.000000000000000000e+00
0.000000000000000000e+00
0.000000000000000000e+00
0.000000000000000000e+00
0.000000000000000000e+00
1.651888086288105367e-11
0.000000000000000000e+00
0.000000000000000000e+00
3.961620485043651088e-14
2.395468829238165506e-12
0.000000000000000000e+00
0.000000000000000000e+00
0.000000000000000000e+00
3.529043889415227528e-14
0.000000000000000000e+00
0.000000000000000000e+00
0.000000000000000000e+00
0.000000000000000000e+00
0.000000000000000000e+00
0.000000000000000000e+00
2.405841309818074271e-11
0.000000000000000000e+00
3.473514882150317838e-12
0.000000000000000000e+00
0.000000000000000000e+00
1.059380216259750996e-11
0.000000000000000000e+00
0.000000000000000000e+00
7.122308416305726473e-11
2.520057965797771539e-11
2.889103692451683271e-11
3.951013216447878347e-11
1.621289001040265165e-11
0.000000000000000000e+00
4.067884369607889579e-11
1.600703815825540121e-12
3.472150079818679211e-11
1.183110799483763458e-11
3.463532917996582808e-12
0.000000000000000000e+00
0.000000000000000000e+00
0.000000000000000000e+00
0.000000000000000000e+00
0.000000000000000000e+00
0.000000000000000000e+00
6.815840614936759899e-12
5.050922931900120427e-11
8.633048889990018438e-12
3.595939890203208207e-11
8.045855889633532917e-12
6.411369588477155624e-11
3.736019119430785481e-11
0.000000000000000000e+00
4.297240291983626577e-14
0.000000000000000000e+00
6.017286813551501936e-12
6.103820782204203307e-11
0.000000000000000000e+00
0.000000000000000000e+00
3.442966840673762533e-11
1.637898500695634117e-13
0.000000000000000000e+00
0.000000000000000000e+00
1.470143921575588625e-11
2.050210121404993972e-12
0.000000000000000000e+00
1.195926404084864400e-11
3.184886480199458167e-14
0.000000000000000000e+00
0.000000000000000000e+00
0.000000000000000000e+00
0.000000000000000000e+00
1.733365635235634251e-11
0.000000000000000000e+00
0.000000000000000000e+00
0.000000000000000000e+00
0.000000000000000000e+00
0.000000000000000000e+00
5.376791822691085987e-11
3.277988597112817226e-14
0.000000000000000000e+00
5.735000694135394651e-11
2.232446857207339832e-11
2.474900967873348251e-11
4.712919570126034608e-11
0.000000000000000000e+00
1.485195045708567981e-11
8.132136121788683142e-11
4.821024527311102420e-11
8.818759586123355014e-12
9.700329780380000473e-12
0.000000000000000000e+00
0.000000000000000000e+00
0.000000000000000000e+00
3.183097396269347473e-15
0.000000000000000000e+00
0.000000000000000000e+00
0.000000000000000000e+00
0.000000000000000000e+00
2.323683550041253452e-11
0.000000000000000000e+00
1.654761785998386653e-11
7.033822121702758424e-11
6.144546037271100949e-11
3.647355472427814165e-13
4.072812645013886983e-11
2.702733458238218582e-11
2.117783023035994475e-11
5.001022355464720374e-14
1.477619179294445977e-13
0.000000000000000000e+00
0.000000000000000000e+00
0.000000000000000000e+00
1.023943505576721653e-11
0.000000000000000000e+00
5.746059782660637414e-14
2.027012822339833324e-13
1.581918697754565716e-13
2.427741155696604916e-11
4.499921743325019176e-15
0.000000000000000000e+00
2.672422456936896396e-12
1.189667246557446316e-14
0.000000000000000000e+00
1.050317203842852350e-11
0.000000000000000000e+00
0.000000000000000000e+00
0.000000000000000000e+00
7.578516468728669408e-11
0.000000000000000000e+00
2.155715286481163874e-11
3.548881750119800714e-11
1.819803288343727315e-12
2.524455405432870907e-11
5.456994550463288953e-12
0.000000000000000000e+00
4.594645958571858320e-11
4.786545400685337037e-11
3.691850690286406865e-11
1.179007336318253769e-13
0.000000000000000000e+00
3.324337670033657908e-12
6.480507654041426431e-12
0.000000000000000000e+00
0.000000000000000000e+00
0.000000000000000000e+00
5.431142019936204679e-11
7.084557619547496516e-12
1.035902610857828331e-11
0.000000000000000000e+00
0.000000000000000000e+00
0.000000000000000000e+00
0.000000000000000000e+00
0.000000000000000000e+00
0.000000000000000000e+00
4.435656974904636712e-12
3.897288803101731691e-11
0.000000000000000000e+00
4.223250949578144053e-11
2.230808757770972043e-13
5.995993402936389518e-12
2.493568777771501303e-12
0.000000000000000000e+00
4.699180955307915077e-11
7.858738042835513439e-12
0.000000000000000000e+00
3.845930041130772224e-14
0.000000000000000000e+00
0.000000000000000000e+00
0.000000000000000000e+00
0.000000000000000000e+00
1.301399705902836377e-11
1.081655729363624526e-12
0.000000000000000000e+00
0.000000000000000000e+00
0.000000000000000000e+00
5.943131094747474065e-14
0.000000000000000000e+00
0.000000000000000000e+00
0.000000000000000000e+00
0.000000000000000000e+00
0.000000000000000000e+00
3.380668539828057926e-11
0.000000000000000000e+00
0.000000000000000000e+00
4.970502319145780115e-11
0.000000000000000000e+00
0.000000000000000000e+00
2.814906167347134738e-11
0.000000000000000000e+00
1.522214620137289843e-11
2.307311952521308611e-13
2.419603569275934913e-11
0.000000000000000000e+00
0.000000000000000000e+00
0.000000000000000000e+00
0.000000000000000000e+00
8.026357528689601970e-11
0.000000000000000000e+00
0.000000000000000000e+00
2.762251583865875982e-11
0.000000000000000000e+00
6.566879179995397349e-11
0.000000000000000000e+00
0.000000000000000000e+00
0.000000000000000000e+00
0.000000000000000000e+00
0.000000000000000000e+00
0.000000000000000000e+00
0.000000000000000000e+00
0.000000000000000000e+00
3.255218016942396225e-14
5.180148774906187939e-11
2.083469069709912682e-11
0.000000000000000000e+00
3.423400256465693282e-13
4.758089785214514925e-11
0.000000000000000000e+00
7.740164578468003463e-14
0.000000000000000000e+00
0.000000000000000000e+00
0.000000000000000000e+00
0.000000000000000000e+00
1.476699561104097409e-14
5.652151383204404804e-14
1.907553219416199283e-14
1.520505720578127015e-11
0.000000000000000000e+00
0.000000000000000000e+00
9.674063469358668274e-12
0.000000000000000000e+00
1.745723081781613388e-11
1.533070156418576787e-14
0.000000000000000000e+00
0.000000000000000000e+00
2.709371397515433335e-11
0.000000000000000000e+00
5.077318790609936293e-11
4.710216766383636651e-11
0.000000000000000000e+00
0.000000000000000000e+00
8.773036850651213432e-12
0.000000000000000000e+00
3.429710824664227039e-11
0.000000000000000000e+00
0.000000000000000000e+00
0.000000000000000000e+00
0.000000000000000000e+00
0.000000000000000000e+00
2.702408141323480750e-13
1.987417674874043978e-13
0.000000000000000000e+00
0.000000000000000000e+00
5.505296307998766511e-11
0.000000000000000000e+00
3.310341096067596330e-12
1.598491630626914410e-11
3.772941151537725663e-11
6.276940082353935491e-12
0.000000000000000000e+00
0.000000000000000000e+00
0.000000000000000000e+00
0.000000000000000000e+00
0.000000000000000000e+00
0.000000000000000000e+00
2.247487866792551893e-11
3.896794654452696695e-11
1.423606487903270715e-13
3.876420546455401011e-11
6.150113796732256672e-14
1.195544316565124714e-11
2.997261207655466399e-11
4.540733405705864121e-12
4.188508505954578218e-11
1.240206448033069995e-11
0.000000000000000000e+00
0.000000000000000000e+00
0.000000000000000000e+00
4.579709594744494122e-14
1.360256817016761452e-12
3.344801060983446674e-11
0.000000000000000000e+00
0.000000000000000000e+00
0.000000000000000000e+00
1.547253603448830320e-11
0.000000000000000000e+00
1.425802981591017524e-13
0.000000000000000000e+00
0.000000000000000000e+00
1.313110116267357982e-11
1.233166300993371507e-11
0.000000000000000000e+00
1.582567413457355406e-11
2.887682007388379911e-11
0.000000000000000000e+00
0.000000000000000000e+00
4.193047110272963926e-11
3.573276489675816175e-11
2.040820739090151374e-11
0.000000000000000000e+00
5.311733816798492567e-11
2.382110469167334735e-11
2.670248536889830348e-14
7.360235582570650456e-11
7.142907893211000167e-11
0.000000000000000000e+00
0.000000000000000000e+00
1.088389150197154424e-11
7.577245860295351101e-12
6.245163749743967569e-11
5.779432266515709030e-11
4.991302052157029270e-11
2.277241393175458174e-11
2.075120706963832424e-11
0.000000000000000000e+00
0.000000000000000000e+00
0.000000000000000000e+00
0.000000000000000000e+00
0.000000000000000000e+00
0.000000000000000000e+00
7.478216801962835967e-12
2.063299609816416472e-11
2.744297326185529148e-11
5.822194232552396998e-11
4.338433431678197036e-11
3.079482432870333598e-11
6.617410220765107067e-11
5.004436579028225868e-12
1.504245975419913438e-13
0.000000000000000000e+00
0.000000000000000000e+00
0.000000000000000000e+00
1.122393397656879619e-11
0.000000000000000000e+00
2.028207986716253991e-12
6.399157378365202637e-12
1.858790804438830312e-11
2.987333513547282512e-11
0.000000000000000000e+00
2.363827297146196526e-11
0.000000000000000000e+00
4.716315937445759811e-12
0.000000000000000000e+00
0.000000000000000000e+00
3.030893406506977037e-11
0.000000000000000000e+00
0.000000000000000000e+00
0.000000000000000000e+00
9.140022876145704226e-13
0.000000000000000000e+00
6.435342478635948372e-11
0.000000000000000000e+00
0.000000000000000000e+00
0.000000000000000000e+00
3.415818771365203477e-13
4.705701598503307788e-11
0.000000000000000000e+00
1.474505095531898288e-13
0.000000000000000000e+00
0.000000000000000000e+00
0.000000000000000000e+00
0.000000000000000000e+00
0.000000000000000000e+00
0.000000000000000000e+00
0.000000000000000000e+00
1.133933861993333623e-10
0.000000000000000000e+00
1.643916491424351660e-11
7.394521950117722376e-12
0.000000000000000000e+00
0.000000000000000000e+00
0.000000000000000000e+00
0.000000000000000000e+00
0.000000000000000000e+00
0.000000000000000000e+00
1.735743491792518915e-12
1.035654016067257981e-11
5.091145798496756605e-11
3.152525259320980307e-11
1.955866301578338995e-11
3.024063895651228883e-11
3.338668378281706018e-11
2.098913753209535713e-11
0.000000000000000000e+00
0.000000000000000000e+00
4.856515116747227836e-11
4.642562797159520707e-12
8.454347930359617099e-14
0.000000000000000000e+00
0.000000000000000000e+00
0.000000000000000000e+00
0.000000000000000000e+00
0.000000000000000000e+00
8.159627885640051455e-14
1.599544015982269145e-11
0.000000000000000000e+00
1.323005892663684896e-14
0.000000000000000000e+00
8.281723249204706265e-13
2.254919341734932014e-15
0.000000000000000000e+00
0.000000000000000000e+00
2.807420727479892102e-12
1.028512382690546657e-11
1.842570084120853969e-11
8.003750644522258191e-12
6.714912813724680497e-14
0.000000000000000000e+00
0.000000000000000000e+00
6.696198112180890485e-11
0.000000000000000000e+00
2.043607998887178887e-11
5.949159733491079013e-11
0.000000000000000000e+00
0.000000000000000000e+00
0.000000000000000000e+00
0.000000000000000000e+00
0.000000000000000000e+00
5.662635845942352484e-11
8.113333735072423317e-11
2.828048182306840172e-11
5.003123213030218277e-11
9.751842129089600124e-12
4.745724383114103211e-12
1.063946124054198541e-14
0.000000000000000000e+00
0.000000000000000000e+00
0.000000000000000000e+00
0.000000000000000000e+00
0.000000000000000000e+00
1.599962785740255535e-11
2.442227949686754430e-12
3.012489387695314499e-11
2.254346878056672273e-13
5.172369809075746101e-11
8.317093046856071274e-11
8.156465722598253218e-11
0.000000000000000000e+00
1.848437337119762425e-11
1.955866334112546083e-11
3.846264571732748971e-11
3.714340323617130973e-11
0.000000000000000000e+00
1.889900129579113570e-13
2.282071631421876137e-11
8.126894108126568742e-12
0.000000000000000000e+00
1.058640142030069831e-11
0.000000000000000000e+00
0.000000000000000000e+00
0.000000000000000000e+00
8.064100305561320457e-14
0.000000000000000000e+00
0.000000000000000000e+00
0.000000000000000000e+00
0.000000000000000000e+00
8.250567953401228223e-12
2.019467910611837067e-11
6.004350071318179512e-12
0.000000000000000000e+00
1.990408523975865578e-11
0.000000000000000000e+00
1.861751262853957410e-13
1.737135516866461243e-11
0.000000000000000000e+00
0.000000000000000000e+00
0.000000000000000000e+00
0.000000000000000000e+00
4.168856808289451649e-11
4.462916175123882963e-14
0.000000000000000000e+00
0.000000000000000000e+00
4.222292587092343477e-11
6.309561208722650005e-11
5.808257195591137969e-12
1.810210310142434357e-11
5.977657150316273888e-11
1.538601973262359556e-12
0.000000000000000000e+00
0.000000000000000000e+00
0.000000000000000000e+00
1.136462926135363005e-12
9.306158060304954766e-12
0.000000000000000000e+00
0.000000000000000000e+00
2.398269453443301711e-11
3.164459357499515305e-11
5.867533279210240763e-11
1.059509712616330868e-11
4.439168120128887908e-11
4.458093923574299975e-11
6.781673826125691292e-14
2.402965204384270448e-11
1.198983207082645376e-13
1.514234384034387448e-11
4.085308333623144204e-14
2.766620397316707688e-12
0.000000000000000000e+00
1.913867939436008371e-11
1.468479832691717770e-12
0.000000000000000000e+00
4.538184894175512767e-11
0.000000000000000000e+00
1.322555969884548030e-11
0.000000000000000000e+00
0.000000000000000000e+00
0.000000000000000000e+00
6.463318747123981115e-12
0.000000000000000000e+00
0.000000000000000000e+00
0.000000000000000000e+00
1.368368301707320639e-11
5.684262785653553989e-15
5.458636627841947342e-12
4.985143766339510327e-12
0.000000000000000000e+00
1.143220790828184156e-11
1.684505313379820176e-11
4.067466896159980798e-11
5.880309078578464961e-11
6.053051749887177878e-11
0.000000000000000000e+00
6.523327532450630265e-12
0.000000000000000000e+00
0.000000000000000000e+00
0.000000000000000000e+00
6.661933569096461518e-11
0.000000000000000000e+00
5.196537566609719359e-11
6.178374866856962070e-13
4.876325610069649631e-11
1.547028191924649647e-11
4.440387496228553115e-11
2.775964278639254313e-11
3.413691998804323057e-11
0.000000000000000000e+00
0.000000000000000000e+00
0.000000000000000000e+00
0.000000000000000000e+00
0.000000000000000000e+00
3.092639864651330811e-11
1.884289050317226338e-13
4.492440569677832413e-11
8.469380071224840630e-11
6.433520362974442408e-11
4.501107932226414870e-11
1.186163726672616952e-13
1.490879046620023030e-11
2.221361091121876712e-13
1.812981446106967085e-13
0.000000000000000000e+00
0.000000000000000000e+00
1.633150729690987175e-13
3.527261373995918698e-11
1.047769552261542622e-13
9.915805528522782267e-12
9.210383753963955390e-14
2.234197032311236037e-14
0.000000000000000000e+00
5.338814477147517437e-14
0.000000000000000000e+00
0.000000000000000000e+00
0.000000000000000000e+00
0.000000000000000000e+00
5.323549264991121309e-12
2.219236726501879961e-11
0.000000000000000000e+00
1.526064825716300465e-11
1.887467865237116236e-14
0.000000000000000000e+00
1.542647344410817362e-11
1.649981329367963182e-13
0.000000000000000000e+00
0.000000000000000000e+00
0.000000000000000000e+00
4.395832177935849286e-11
4.732307181337578238e-11
0.000000000000000000e+00
0.000000000000000000e+00
2.343452092076116295e-12
0.000000000000000000e+00
1.688895859922308269e-11
0.000000000000000000e+00
6.666577383788616206e-11
8.892493025419805406e-12
1.301522393757244959e-11
7.370504544267389826e-11
3.466300748750505629e-11
1.757588722544727970e-13
7.539654811607341246e-14
7.297400815438953380e-10
0.000000000000000000e+00
0.000000000000000000e+00
0.000000000000000000e+00
3.483371171200905583e-14
1.850002306975804531e-11
6.576471944463098692e-11
5.449228029392345882e-11
7.831725743154880504e-11
8.782742055805454934e-11
9.264705431778962452e-11
0.000000000000000000e+00
1.735915663299848118e-13
4.295645791714084726e-14
3.454742294347683421e-11
0.000000000000000000e+00
0.000000000000000000e+00
2.523141454936597941e-11
1.504375217251591870e-13
0.000000000000000000e+00
1.004112651960502405e-13
4.527311089270216335e-14
0.000000000000000000e+00
0.000000000000000000e+00
7.433056610604448073e-12
0.000000000000000000e+00
0.000000000000000000e+00
1.557204994278441107e-13
0.000000000000000000e+00
1.154894596716132923e-11
7.883274130823039856e-12
1.840319022254000504e-14
2.651738961590804485e-11
2.534387468147126113e-13
0.000000000000000000e+00
0.000000000000000000e+00
1.893329249968479272e-11
0.000000000000000000e+00
0.000000000000000000e+00
0.000000000000000000e+00
0.000000000000000000e+00
0.000000000000000000e+00
0.000000000000000000e+00
8.700111066181546384e-11
6.721442131152603423e-11
0.000000000000000000e+00
1.853942216424578348e-13
9.047798389665220941e-12
0.000000000000000000e+00
9.763703346563795611e-11
3.753035641419017110e-11
5.814010076711397979e-11
4.005116717800283936e-11
2.137816145971580325e-11
0.000000000000000000e+00
5.151889986927845040e-10
0.000000000000000000e+00
0.000000000000000000e+00
1.425554800455528740e-14
4.148773917751498592e-11
3.681659803486812751e-11
5.522981781225128579e-11
7.598139097937527308e-11
7.228786563330576711e-11
5.355541155967555382e-11
8.070313044973961170e-11
5.905921124843831153e-11
0.000000000000000000e+00
0.000000000000000000e+00
3.957759523410472659e-14
0.000000000000000000e+00
5.127571047160220276e-14
8.459141648735177416e-12
4.056047536369666156e-11
0.000000000000000000e+00
0.000000000000000000e+00
4.684832072017594422e-14
0.000000000000000000e+00
4.389808320512108660e-12
1.349503750274886495e-11
0.000000000000000000e+00
0.000000000000000000e+00
0.000000000000000000e+00
1.420913632852892218e-14
1.644349367406745303e-14
0.000000000000000000e+00
3.296207011707353309e-14
0.000000000000000000e+00
2.994597948205178308e-11
0.000000000000000000e+00
0.000000000000000000e+00
0.000000000000000000e+00
0.000000000000000000e+00
0.000000000000000000e+00
2.176748374959344013e-11
5.254098102162447013e-11
0.000000000000000000e+00
0.000000000000000000e+00
0.000000000000000000e+00
0.000000000000000000e+00
0.000000000000000000e+00
0.000000000000000000e+00
2.215896934399685188e-11
0.000000000000000000e+00
8.453245886670563020e-11
8.911108820690989635e-11
1.176692718117050666e-11
1.011014361174721520e-10
1.558261952999293910e-02
1.532474857604699398e-02
3.068325276702256883e-14
0.000000000000000000e+00
1.246796099533001343e-14
1.315364258359929276e-13
2.218145546513120800e-13
4.643930996060600069e-11
6.662651712949783202e-11
1.041813447683815995e-10
8.241943411502373681e-11
9.881334858119057850e-11
8.191375005464374312e-11
3.179592907897570717e-11
1.938174537864695414e-11
6.478467197033508382e-11
8.551359481732873982e-14
1.438786772047068992e-13
0.000000000000000000e+00
0.000000000000000000e+00
6.529656269860183601e-14
0.000000000000000000e+00
0.000000000000000000e+00
0.000000000000000000e+00
3.013508957055630198e-14
5.334404192260869482e-12
0.000000000000000000e+00
0.000000000000000000e+00
0.000000000000000000e+00
0.000000000000000000e+00
9.976899509042774951e-12
3.190782547500574056e-11
6.607954076645541997e-12
1.353942208752018340e-13
0.000000000000000000e+00
0.000000000000000000e+00
3.957263598926055437e-11
0.000000000000000000e+00
7.021169696219451112e-11
0.000000000000000000e+00
0.000000000000000000e+00
0.000000000000000000e+00
0.000000000000000000e+00
0.000000000000000000e+00
0.000000000000000000e+00
0.000000000000000000e+00
3.058696200479374298e-12
0.000000000000000000e+00
0.000000000000000000e+00
4.901517314792455502e-11
0.000000000000000000e+00
6.373235071631582815e-12
3.142532569362189594e-11
1.138999629418420946e-10
0.000000000000000000e+00
0.000000000000000000e+00
4.898031444149121378e-11
1.137671874601579259e-13
1.266378875500782398e-14
1.273829510911665764e-14
7.739813483722698705e-11
3.793916301348782793e-11
7.387542809757664686e-11
6.892364694955212664e-11
8.789931106116909952e-11
4.109773973548494600e-11
1.044310507177835760e-11
3.290980823553316372e-11
2.828120794801247163e-11
1.612576477046936586e-11
4.530787951953748617e-11
8.881110169677619007e-15
0.000000000000000000e+00
0.000000000000000000e+00
0.000000000000000000e+00
0.000000000000000000e+00
0.000000000000000000e+00
3.914879246211257150e-14
2.181275781538713538e-11
0.000000000000000000e+00
1.843780069802725184e-11
7.617094236596998502e-12
2.441634257370979940e-11
1.681497250325004031e-11
5.068641740505091319e-12
1.825853285038721239e-11
4.065757396939688317e-11
1.117821346504727792e-11
4.725111169788192363e-11
0.000000000000000000e+00
0.000000000000000000e+00
0.000000000000000000e+00
0.000000000000000000e+00
3.314700497883489057e-11
0.000000000000000000e+00
0.000000000000000000e+00
0.000000000000000000e+00
0.000000000000000000e+00
2.644662760786858284e-11
0.000000000000000000e+00
0.000000000000000000e+00
4.404801580138448462e-11
0.000000000000000000e+00
0.000000000000000000e+00
0.000000000000000000e+00
0.000000000000000000e+00
7.827178779200159280e-12
5.487411870674580945e-11
1.425711845593603554e-10
0.000000000000000000e+00
3.646093818506386272e-12
4.991390876875224406e-11
2.113826636759035062e-13
1.585801114548887809e-11
8.461349408278932143e-11
8.043410194704131536e-11
5.733500802026062560e-11
8.030263006165699869e-11
7.290636591018486418e-11
7.046213094937749380e-11
5.276544602446654568e-11
7.088076747009196549e-11
2.959962956085582436e-13
7.898979402562260196e-12
2.597742370663746799e-11
4.185565731622760528e-11
1.492798413380025734e-11
3.799579203180365865e-11
0.000000000000000000e+00
5.833194314833030780e-12
0.000000000000000000e+00
1.051229271279483434e-11
0.000000000000000000e+00
0.000000000000000000e+00
2.865056272209322938e-11
3.710726709939229126e-11
2.066513478708618306e-11
7.124866614124748095e-12
3.169753319415522133e-11
5.080132094464676820e-11
3.831458168440659196e-11
2.725267356738178215e-11
1.389218160685989202e-11
6.362748358853568936e-11
0.000000000000000000e+00
3.835203993403116700e-11
3.457263505512663680e-11
0.000000000000000000e+00
0.000000000000000000e+00
2.264693557834541153e-12
0.000000000000000000e+00
0.000000000000000000e+00
0.000000000000000000e+00
7.605164925540303930e-11
0.000000000000000000e+00
0.000000000000000000e+00
0.000000000000000000e+00
0.000000000000000000e+00
0.000000000000000000e+00
0.000000000000000000e+00
2.524849890110379768e-11
3.062429399506518632e-11
6.281547357620591096e-11
1.076758955334659527e-10
7.831048807490637064e-11
1.205277574801474948e-10
8.741273248519820625e-11
4.799693891629063037e-14
7.911941013750544099e-11
0.000000000000000000e+00
3.006773913603692104e-11
8.211463352494826231e-11
6.204639297410841990e-11
6.086225810033600832e-11
2.033868324513152701e-13
8.294820820175091012e-11
8.893004091110662306e-11
2.913737481462505771e-13
6.568585500115767775e-11
3.855666468194778248e-11
7.494970312317145525e-12
1.125180392425441484e-13
0.000000000000000000e+00
0.000000000000000000e+00
0.000000000000000000e+00
0.000000000000000000e+00
0.000000000000000000e+00
0.000000000000000000e+00
5.312977489835902202e-15
2.124514770617347766e-14
3.270378203421686864e-11
3.929412091855482265e-11
2.234228359258786763e-11
5.933483950401056799e-11
0.000000000000000000e+00
3.520368210371863699e-11
3.338347598274152473e-11
5.747342918732173665e-11
8.516475827385830427e-11
5.794758300987423417e-11
0.000000000000000000e+00
1.020720378605476786e-10
2.757528273313428732e-11
0.000000000000000000e+00
0.000000000000000000e+00
0.000000000000000000e+00
5.617076788992174024e-11
0.000000000000000000e+00
0.000000000000000000e+00
0.000000000000000000e+00
0.000000000000000000e+00
0.000000000000000000e+00
0.000000000000000000e+00
2.636829406054278126e-12
0.000000000000000000e+00
1.247897146591473296e-11
1.125088889913923774e-10
1.028711325321996665e-10
8.784711450253758075e-11
1.304128125235079400e-10
5.595439099209574602e-11
2.726884051184624363e-11
7.810401328239027514e-11
8.979834710364080487e-11
3.847390566445073696e-11
5.053074774120992569e-11
3.553848110439359535e-11
7.684797424582196584e-11
5.646715209065397764e-11
5.955338471575200962e-11
7.981569808178520845e-11
4.852346790922632028e-11
4.728310788834521061e-11
0.000000000000000000e+00
5.266803402113378412e-14
1.151554423827551216e-11
0.000000000000000000e+00
0.000000000000000000e+00
7.208343107764299853e-14
0.000000000000000000e+00
0.000000000000000000e+00
0.000000000000000000e+00
3.523416356594381444e-11
0.000000000000000000e+00
6.219194747508212466e-11
1.887137211853288044e-11
2.730441661173228123e-13
4.517380153427084694e-11
4.075047609462840060e-11
0.000000000000000000e+00
3.500286248227953913e-11
6.147591492815748122e-11
5.897454045632028663e-11
1.468382089046247058e-10
1.072396480523855419e-10
6.925502560769631247e-12
4.865859844696933322e-11
0.000000000000000000e+00
0.000000000000000000e+00
0.000000000000000000e+00
3.321364934601151192e-14
0.000000000000000000e+00
0.000000000000000000e+00
0.000000000000000000e+00
1.400346669306129400e-13
0.000000000000000000e+00
2.457016998302776555e-14
4.578719876044792077e-14
0.000000000000000000e+00
0.000000000000000000e+00
3.426190219441383536e-11
7.334760396699521940e-11
0.000000000000000000e+00
1.090421942977510211e-10
1.140213825752795015e-10
1.148736359274415182e-10
8.364099354087472913e-12
1.598407516573527051e-11
5.748085654984850632e-11
6.236276014524281686e-11
2.319741109359138875e-11
2.706170287749678625e-11
9.590066772222208269e-02
7.359423589263509868e-02
3.400712105675787617e-11
4.742036468331454888e-11
6.514739976052845573e-12
1.260509104296806871e-11
2.442463138649398833e-13
0.000000000000000000e+00
0.000000000000000000e+00
0.000000000000000000e+00
0.000000000000000000e+00
0.000000000000000000e+00
0.000000000000000000e+00
0.000000000000000000e+00
0.000000000000000000e+00
0.000000000000000000e+00
3.693785504740755604e-11
6.824593451108069092e-11
2.982609866434354157e-11
7.316949492040752179e-11
4.896477488148829079e-11
4.142312320607065017e-11
6.728504721984194804e-11
9.558620047629392479e-11
3.650504385370836572e-11
6.477640017507180500e-11
1.402049609722833027e-11
1.452682641737440006e-10
0.000000000000000000e+00
1.291024186893636488e-10
7.746630511648092234e-11
6.553765816048209189e-11
0.000000000000000000e+00
0.000000000000000000e+00
3.590069462315033652e-11
8.746089606498329717e-11
0.000000000000000000e+00
0.000000000000000000e+00
7.460169792136018547e-12
2.834566153131785676e-11
1.535464591968883725e-14
0.000000000000000000e+00
0.000000000000000000e+00
0.000000000000000000e+00
0.000000000000000000e+00
2.742129440248712035e-11
2.310577775700785036e-11
1.285929436210608698e-10
4.670131425197312170e-11
0.000000000000000000e+00
5.449720330521133192e-11
4.421523902503488130e-11
5.121430123089355916e-11
3.169636122900657850e-11
5.182719934416976362e-11
5.457840855849250285e-11
5.079473077181947240e-11
3.380865667167309084e-11
0.000000000000000000e+00
0.000000000000000000e+00
2.033076677160487572e-13
2.824527742134093577e-13
2.569309607288644873e-11
2.439049604995983294e-11
0.000000000000000000e+00
0.000000000000000000e+00
0.000000000000000000e+00
0.000000000000000000e+00
0.000000000000000000e+00
0.000000000000000000e+00
0.000000000000000000e+00
0.000000000000000000e+00
2.134202337820136335e-11
5.866158255632642434e-11
5.316817334695863414e-11
7.279566923883438905e-11
0.000000000000000000e+00
1.387851039652898168e-02
1.061492142683426011e-10
6.054352536053552759e-11
7.714474105998312620e-11
1.108464369177185757e-10
1.100672126791479766e-10
7.884330016601010942e-11
8.909833030702028534e-11
5.654909069221587149e-11
0.000000000000000000e+00
0.000000000000000000e+00
0.000000000000000000e+00
2.543985206427219212e-11
0.000000000000000000e+00
0.000000000000000000e+00
1.021559364550503328e-11
0.000000000000000000e+00
0.000000000000000000e+00
0.000000000000000000e+00
4.132503772677240509e-14
0.000000000000000000e+00
4.817561969176977917e-12
2.931536202814690924e-12
1.851105653552657537e-11
9.071841203554278660e-11
8.090839544024632349e-11
8.093629568461389566e-11
8.137519260836405435e-11
6.163562819554604250e-12
3.172773998660430503e-11
4.485174169527834266e-11
3.687222491738632772e-11
6.737133337894419163e-11
2.946035316603934830e-11
3.048987376485507425e-11
5.231757309089485279e-11
4.308924244679978409e-11
2.030279498318291906e-13
2.889286693702526063e-11
1.080688205721177020e-11
9.245261186351672043e-09
2.490051512152903213e-01
6.067265448727367816e-09
0.000000000000000000e+00
0.000000000000000000e+00
0.000000000000000000e+00
0.000000000000000000e+00
0.000000000000000000e+00
0.000000000000000000e+00
0.000000000000000000e+00
0.000000000000000000e+00
0.000000000000000000e+00
9.905791908083477363e-12
0.000000000000000000e+00
7.455948590706707076e-03
1.704282990759189292e-02
3.537505993140795059e-11
8.274595388538930756e-11
2.269509223993447354e-10
1.287300785102797429e-10
1.461338886128582313e-10
0.000000000000000000e+00
4.350134189954545213e-11
0.000000000000000000e+00
8.966957133098540412e-11
0.000000000000000000e+00
2.242707985454858188e-11
0.000000000000000000e+00
0.000000000000000000e+00
6.770281513425407513e-11
0.000000000000000000e+00
0.000000000000000000e+00
1.824244600915748694e-11
2.924278948207542335e-14
0.000000000000000000e+00
3.811685358077477761e-11
0.000000000000000000e+00
1.717480355020260706e-11
1.521417551964668493e-11
4.025504481347963271e-11
8.531956642536485136e-11
3.152806859940461391e-11
4.128897259276464007e-11
1.679928932160176313e-11
3.160336583069135772e-11
4.812163057529825630e-12
3.995314732724585527e-11
5.355227699808536241e-11
2.313162138354410195e-11
5.794504046788306556e-11
1.145851786569270785e-12
0.000000000000000000e+00
1.091746351205475410e-11
1.572808842927832452e-11
0.000000000000000000e+00
0.000000000000000000e+00
0.000000000000000000e+00
0.000000000000000000e+00
6.296725749234896585e-02
2.479240242321397392e-11
9.755057568346392491e-09
1.785694593536904566e-11
0.000000000000000000e+00
0.000000000000000000e+00
2.827364324947279710e-13
0.000000000000000000e+00
4.250518764543408218e-11
0.000000000000000000e+00
8.509071180287189118e-12
8.461007438913070144e-11
3.491642631638692208e-11
4.973741114208131686e-11
1.224149062699548087e-10
1.190478861944578573e-10
7.972819766307063361e-11
1.388291669180775226e-10
1.571026029845612579e-10
0.000000000000000000e+00
7.044386726069320212e-11
1.014989468517935081e-11
2.208688176453380781e-13
0.000000000000000000e+00
0.000000000000000000e+00
0.000000000000000000e+00
7.716386793873154559e-13
0.000000000000000000e+00
4.154651576164857199e-11
3.501127473595435489e-11
0.000000000000000000e+00
0.000000000000000000e+00
0.000000000000000000e+00
0.000000000000000000e+00
0.000000000000000000e+00
0.000000000000000000e+00
1.530816018864286612e-11
6.302231978593710956e-11
3.882962074091703900e-11
6.034163603689340185e-11
8.632089160541190010e-12
2.518111008885653135e-11
4.420447618466499445e-12
0.000000000000000000e+00
0.000000000000000000e+00
1.258676454840532682e-11
3.853847071829593891e-11
2.267880030645447581e-11
2.056909190596169650e-11
7.795568853145199147e-14
5.628165853478945826e-12
3.101083841190157548e-11
4.644872508180140748e-14
0.000000000000000000e+00
0.000000000000000000e+00
4.899304391648633933e-12
0.000000000000000000e+00
2.333971372032581142e-11
0.000000000000000000e+00
7.885809610114676552e-12
2.830175405545992333e-11
0.000000000000000000e+00
2.268923197889738431e-13
9.326625330509829886e-11
3.682385623315271111e-13
1.576009754868983200e-11
3.402956325942902141e-11
7.837824062999088451e-11
2.463985701664884371e-10
1.782822578882619372e-10
1.529731241721374841e-10
1.535321442945940506e-10
1.199899213308039415e-10
2.339885554030108576e-11
1.127352779062861407e-10
0.000000000000000000e+00
0.000000000000000000e+00
5.502834635011391161e-11
0.000000000000000000e+00
6.160473216721628357e-11
0.000000000000000000e+00
2.687735668384686325e-11
0.000000000000000000e+00
0.000000000000000000e+00
4.461563761194739917e-14
0.000000000000000000e+00
6.869000649831754659e-12
0.000000000000000000e+00
0.000000000000000000e+00
0.000000000000000000e+00
0.000000000000000000e+00
5.702370988825330174e-12
7.008278505184655033e-12
0.000000000000000000e+00
0.000000000000000000e+00
0.000000000000000000e+00
1.577550582547440314e-11
0.000000000000000000e+00
4.977687896466038821e-12
3.827246886895050360e-11
5.472389603355425158e-11
1.767058206372047753e-11
2.258107228963577563e-11
5.733736316688735482e-11
2.311761161307903189e-12
2.015638079484950766e-11
0.000000000000000000e+00
0.000000000000000000e+00
0.000000000000000000e+00
1.796639364456928567e-11
0.000000000000000000e+00
0.000000000000000000e+00
0.000000000000000000e+00
3.648478988884243418e-11
8.036533544486656553e-12
3.075549190432435578e-11
0.000000000000000000e+00
1.888140496850608223e-13
4.970532074428080753e-12
2.212580336649426233e-13
3.490438475710955018e-13
7.710424552305744832e-14
5.994597262724562078e-10
1.754646675409117654e-14
3.593031468630952401e-11
7.329289054518485507e-11
1.792572329307329639e-10
1.158835114630921762e-10
2.911355193746423573e-12
1.435102381530310490e-10
6.237740021841956788e-11
0.000000000000000000e+00
0.000000000000000000e+00
7.374541003053384124e-12
0.000000000000000000e+00
1.117189758113757745e-12
9.131155723920770119e-14
0.000000000000000000e+00
1.887521024935330450e-14
0.000000000000000000e+00
0.000000000000000000e+00
0.000000000000000000e+00
0.000000000000000000e+00
0.000000000000000000e+00
2.671895646040344355e-11
5.752121360613399810e-11
0.000000000000000000e+00
0.000000000000000000e+00
0.000000000000000000e+00
0.000000000000000000e+00
4.819492977153041392e-11
0.000000000000000000e+00
0.000000000000000000e+00
0.000000000000000000e+00
1.496680669411064472e-11
2.736375403245450110e-11
0.000000000000000000e+00
4.404807374002735573e-11
2.891198335353220306e-11
7.307787295201000969e-12
0.000000000000000000e+00
0.000000000000000000e+00
4.612738441106208243e-11
0.000000000000000000e+00
9.812195449356442510e-12
1.828350206698531152e-11
3.335398971159924915e-11
1.697361546397515377e-11
4.290894143188600954e-11
2.329964943875164004e-13
5.272376291594832894e-12
1.664988124764209031e-13
4.624416604588495415e-14
0.000000000000000000e+00
1.352599788016729056e-11
3.152874998697592708e-11
2.667715104366312309e-13
1.297548310882752364e-10
6.241480422827974951e-11
4.540305700150420865e-11
1.145472895220268088e-10
0.000000000000000000e+00
3.236928035802192021e-11
1.272997877866282662e-10
0.000000000000000000e+00
7.329933486089349411e-11
8.121971479166892950e-11
0.000000000000000000e+00
5.161103562301113719e-11
0.000000000000000000e+00
0.000000000000000000e+00
1.492897200985932233e-11
0.000000000000000000e+00
0.000000000000000000e+00
0.000000000000000000e+00
0.000000000000000000e+00
0.000000000000000000e+00
0.000000000000000000e+00
0.000000000000000000e+00
1.743638819641229559e-13
0.000000000000000000e+00
0.000000000000000000e+00
0.000000000000000000e+00
0.000000000000000000e+00
0.000000000000000000e+00
0.000000000000000000e+00
7.275364579781154252e-13
1.708849287336938070e-11
2.113108871595223692e-11
3.038107924289062538e-11
1.840878687818596951e-11
2.303559382890660337e-11
2.630700482125585384e-11
1.323927314321583761e-11
0.000000000000000000e+00
0.000000000000000000e+00
0.000000000000000000e+00
1.665096332351995888e-11
2.798123843780690777e-11
9.942915600574825589e-12
6.953653952066919716e-11
7.991018692142409079e-12
4.068445715154291607e-11
5.316534348697771432e-11
4.656637285353004380e-11
5.159741783316793643e-11
1.489176377549875468e-13
0.000000000000000000e+00
4.688380232884465509e-02
4.798785001327573324e-03
3.681615663704417197e-11
2.126594836100086251e-11
6.683299238750875579e-12
1.839010659988922135e-13
4.672953122725008617e-11
1.339054117150806066e-13
6.207731490038514806e-13
3.302328328350106005e-11
8.854978983660153552e-14
0.000000000000000000e+00
0.000000000000000000e+00
0.000000000000000000e+00
0.000000000000000000e+00
2.294538803972781339e-11
1.626947353694112253e-11
0.000000000000000000e+00
0.000000000000000000e+00
0.000000000000000000e+00
6.937595969865439787e-11
0.000000000000000000e+00
0.000000000000000000e+00
3.295659526755228068e-11
0.000000000000000000e+00
0.000000000000000000e+00
0.000000000000000000e+00
0.000000000000000000e+00
0.000000000000000000e+00
0.000000000000000000e+00
2.651331028156183518e-12
3.080356401556259094e-12
8.361065262207134167e-12
1.905712226799321989e-13
0.000000000000000000e+00
0.000000000000000000e+00
3.545586225271783158e-11
0.000000000000000000e+00
5.940652344287993924e-14
0.000000000000000000e+00
1.577783982517111660e-14
2.101090179210612014e-14
0.000000000000000000e+00
1.226519034581368170e-11
1.982098780734658591e-11
2.614941470718620229e-11
1.721276637223057942e-11
1.955115916656043857e-11
1.717312516184725230e-11
1.032630016147603222e-11
3.148532899555850956e-11
3.268132897680485131e-14
5.887931189781172090e-11
0.000000000000000000e+00
0.000000000000000000e+00
0.000000000000000000e+00
1.468507194750151524e-03
0.000000000000000000e+00
0.000000000000000000e+00
0.000000000000000000e+00
6.408971332531249681e-11
1.329559192401696793e-13
6.316717012710187694e-14
4.620859652225207141e-14
3.812299249614862348e-14
3.326534023720810080e-13
0.000000000000000000e+00
0.000000000000000000e+00
0.000000000000000000e+00
8.995243773074390133e-14
8.659684039447744681e-11
1.102055829731312570e-13
7.493470854273275642e-14
1.170139990040869219e-13
0.000000000000000000e+00
0.000000000000000000e+00
1.633256869410912472e-13
0.000000000000000000e+00
0.000000000000000000e+00
0.000000000000000000e+00
0.000000000000000000e+00
0.000000000000000000e+00
0.000000000000000000e+00
0.000000000000000000e+00
0.000000000000000000e+00
0.000000000000000000e+00
0.000000000000000000e+00
0.000000000000000000e+00
3.259922056026229351e-11
2.665390431869549809e-14
0.000000000000000000e+00
2.537322061370655233e-12
2.346990254962281316e-11
8.433716489480651793e-14
1.362410899701770453e-13
0.000000000000000000e+00
0.000000000000000000e+00
0.000000000000000000e+00
3.696562542999949261e-11
2.504238237326892214e-11
7.815815244181197220e-14
5.718702789630021350e-11
9.223776576698860699e-12
5.620822512273743596e-11
2.912177170562395291e-11
6.164056659793926429e-11
0.000000000000000000e+00
0.000000000000000000e+00
0.000000000000000000e+00
1.450203857591166760e-11
0.000000000000000000e+00
4.724182954814512320e-13
4.054405741943981000e-11
1.061323932240723724e-11
1.603041143343074751e-02
7.814792841229053640e-11
3.099345874690616596e-11
1.729518964371610885e-13
1.154585514645423999e-13
3.318688573016604617e-13
9.594557191275212184e-11
0.000000000000000000e+00
3.531191536974769089e-12
3.957025771988930150e-11
0.000000000000000000e+00
0.000000000000000000e+00
0.000000000000000000e+00
0.000000000000000000e+00
0.000000000000000000e+00
0.000000000000000000e+00
0.000000000000000000e+00
5.849958368666486013e-11
0.000000000000000000e+00
1.791826177784940481e-11
3.063015859314196471e-11
0.000000000000000000e+00
0.000000000000000000e+00
0.000000000000000000e+00
2.677401445009731073e-11
0.000000000000000000e+00
0.000000000000000000e+00
0.000000000000000000e+00
1.812633652875310635e-11
0.000000000000000000e+00
2.178410956534650046e-13
1.816842689421576103e-13
1.280331203365295893e-11
4.975685681199681314e-11
4.028297922822182213e-15
6.960593402388027690e-13
0.000000000000000000e+00
2.734363099107596956e-14
0.000000000000000000e+00
3.722920160530233905e-11
0.000000000000000000e+00
3.107086630661572586e-12
2.231452437839582221e-11
4.071472477071793673e-11
0.000000000000000000e+00
2.559415824067521907e-11
1.476146317580453796e-11
4.018028154207646903e-11
9.813015122926089514e-12
1.850601347112948238e-11
6.399378430974914629e-12
4.172860119381610075e-12
4.528302349513963681e-11
3.569628342199898813e-11
6.657314568475242393e-11
3.502306640642141447e-11
2.085736662261108987e-02
0.000000000000000000e+00
1.702564461317992396e-13
9.159114342547862333e-14
0.000000000000000000e+00
4.022669873424698306e-14
1.172560408818975733e-13
6.334539886660081010e-12
3.254479730092843115e-11
0.000000000000000000e+00
0.000000000000000000e+00
0.000000000000000000e+00
1.468044024555711452e-11
0.000000000000000000e+00
0.000000000000000000e+00
0.000000000000000000e+00
2.372339391206967119e-11
0.000000000000000000e+00
0.000000000000000000e+00
1.564440951621824239e-11
0.000000000000000000e+00
3.121086556921108926e-14
1.186263846759876225e-13
0.000000000000000000e+00
6.165945386133065861e-11
0.000000000000000000e+00
0.000000000000000000e+00
5.062889107656197971e-11
1.686948188219854695e-11
5.433459612551136980e-11
0.000000000000000000e+00
0.000000000000000000e+00
5.008293601251018746e-11
3.115685780365087303e-13
6.411593751530115275e-11
2.734691595952665168e-11
1.796077530145216529e-13
0.000000000000000000e+00
2.346877614323271292e-11
4.425805140133291474e-11
1.633737914980224842e-11
2.980274377046250848e-11
3.972928104477140904e-11
4.659581339468642387e-11
1.523138345219561295e-13
0.000000000000000000e+00
0.000000000000000000e+00
1.862889470477080264e-11
2.024216503455551079e-11
2.159394034047656113e-11
2.530509948235759402e-11
3.569410385078668486e-11
1.685573449110183426e-11
5.857594870766200305e-11
3.657205378188701855e-11
5.781398098412945040e-11
1.308725167722528241e-13
2.539709723919862121e-14
4.453305982990505933e-14
5.311711868059537096e-11
0.000000000000000000e+00
1.545460079140872329e-11
5.586190695080885791e-13
1.315855002033975038e-11
5.475701929535364417e-11
0.000000000000000000e+00
2.828628887969691649e-11
1.729988176881083251e-11
1.212421284816340319e-13
0.000000000000000000e+00
0.000000000000000000e+00
3.373329543978594740e-12
0.000000000000000000e+00
0.000000000000000000e+00
0.000000000000000000e+00
0.000000000000000000e+00
0.000000000000000000e+00
3.123246688989940490e-11
1.491000451141060380e-12
0.000000000000000000e+00
4.382161815828126920e-11
0.000000000000000000e+00
0.000000000000000000e+00
0.000000000000000000e+00
0.000000000000000000e+00
0.000000000000000000e+00
5.048213111128376675e-11
0.000000000000000000e+00
5.821392669471358265e-12
0.000000000000000000e+00
1.428390088718984510e-13
2.183304893174193923e-14
1.573359726941138357e-11
5.547702754457304586e-11
1.152491829340895052e-11
1.629447301734014180e-11
8.894760637538609222e-11
1.746402188562565802e-11
2.372046239884200071e-11
0.000000000000000000e+00
6.934130602538335786e-12
0.000000000000000000e+00
0.000000000000000000e+00
0.000000000000000000e+00
0.000000000000000000e+00
2.748527478403237326e-11
2.713154835491089506e-11
4.287472827703701589e-11
3.552266375093945601e-11
2.505505953537091809e-11
2.924736781100571716e-11
5.992314522195710833e-12
0.000000000000000000e+00
3.459114999850556118e-13
0.000000000000000000e+00
0.000000000000000000e+00
4.856453828519360679e-11
0.000000000000000000e+00
0.000000000000000000e+00
2.881656449547410826e-11
0.000000000000000000e+00
4.134897000806688471e-12
0.000000000000000000e+00
0.000000000000000000e+00
4.537287390669781606e-12
5.608650892596248005e-11
7.453172906059289530e-13
1.957987351101568686e-11
0.000000000000000000e+00
0.000000000000000000e+00
3.274773545106314657e-11
3.250138362546345123e-11
0.000000000000000000e+00
0.000000000000000000e+00
1.273779310956543841e-12
0.000000000000000000e+00
0.000000000000000000e+00
1.070534565313002224e-13
0.000000000000000000e+00
2.090429872399936356e-13
4.179789084333412244e-11
4.207473229823012884e-11
4.436758722013546390e-11
8.359991952680772125e-12
1.459587790132572677e-11
0.000000000000000000e+00
1.598903574408799018e-11
5.904267212938228111e-14
1.386477151376782995e-13
0.000000000000000000e+00
0.000000000000000000e+00
1.741414214490676420e-11
1.472066915397076949e-11
2.138485968359084463e-12
6.140291801100267860e-12
7.697177391778235715e-12
3.375070421595626794e-11
6.552134008765683194e-12
4.549090605415516634e-12
0.000000000000000000e+00
1.667727519780979846e-11
2.564477876603821680e-11
2.960456901137788949e-11
6.615579903577958341e-12
3.681694876008396905e-13
1.582292999509874263e-13
0.000000000000000000e+00
0.000000000000000000e+00
0.000000000000000000e+00
2.491625694685489013e-14
1.448661406453815498e-11
3.392590899015774929e-11
7.033335403015357038e-12
3.479259989490398111e-11
2.955787952846600207e-12
1.347272847785923099e-11
6.403267978062087403e-12
0.000000000000000000e+00
4.563571327189588025e-11
1.463763950141712026e-11
0.000000000000000000e+00
0.000000000000000000e+00
0.000000000000000000e+00
0.000000000000000000e+00
0.000000000000000000e+00
2.873421199649302132e-11
0.000000000000000000e+00
0.000000000000000000e+00
4.679183214520194268e-13
0.000000000000000000e+00
0.000000000000000000e+00
4.636876418670333461e-12
0.000000000000000000e+00
4.782825108471312039e-11
2.242349466648875788e-11
8.128600770334810762e-12
0.000000000000000000e+00
0.000000000000000000e+00
8.297851089104799708e-14
0.000000000000000000e+00
0.000000000000000000e+00
1.976496626353745423e-13
1.064170967977166024e-13
0.000000000000000000e+00
3.741520322506576509e-11
2.442672617242750169e-11
6.249650732702704154e-11
3.924098386269495015e-12
0.000000000000000000e+00
5.138401285440866840e-11
0.000000000000000000e+00
0.000000000000000000e+00
0.000000000000000000e+00
3.722869676487756309e-12
3.037937360953805454e-11
0.000000000000000000e+00
1.937424470470121107e-11
0.000000000000000000e+00
1.121092088994952712e-11
3.489176386631276803e-11
6.868449409832603386e-12
0.000000000000000000e+00
0.000000000000000000e+00
0.000000000000000000e+00
2.494698562268100090e-14
1.625388617117628192e-13
3.451995452037456952e-12
2.270374551558243191e-11
6.810193668287640431e-11
2.948141572664445461e-11
5.545398270402183276e-14
2.243761467550839541e-11
0.000000000000000000e+00
0.000000000000000000e+00
0.000000000000000000e+00
0.000000000000000000e+00
0.000000000000000000e+00
2.555536336358927266e-11
0.000000000000000000e+00
0.000000000000000000e+00
0.000000000000000000e+00
5.189415613412260225e-11
0.000000000000000000e+00
0.000000000000000000e+00
3.404155663270394246e-11
1.410422954539150268e-11
4.034654415952111566e-12
0.000000000000000000e+00
2.728498617837631080e-11
4.568028963272034082e-11
3.128669976890206475e-11
2.454657981855451910e-11
4.780379181262674125e-11
0.000000000000000000e+00
5.081568341672888916e-11
1.347907221307805900e-11
0.000000000000000000e+00
0.000000000000000000e+00
1.831191615007135179e-13
8.429228431836569982e-14
2.261209270825755622e-11
1.795397549885579356e-11
3.338235023238780930e-11
0.000000000000000000e+00
2.557278714490891346e-11
0.000000000000000000e+00
2.043273213417230888e-11
0.000000000000000000e+00
2.957851992248701300e-11
1.502797740570875233e-11
1.555056713510688774e-11
1.499568033764867074e-11
0.000000000000000000e+00
0.000000000000000000e+00
2.583981031644730883e-11
3.083079154575979284e-11
3.012952745939312104e-11
3.813165433199301021e-11
1.279594979640041354e-02
2.730696062560315013e-11
1.196255644104854674e-14
3.560682997397402143e-11
4.355988908504266165e-11
3.468872722186408375e-11
0.000000000000000000e+00
3.959484244210088190e-11
1.199985653705954464e-11
1.252967813602491817e-12
0.000000000000000000e+00
3.263972383000030799e-11
4.979782611097859377e-11
1.297521221243440077e-11
0.000000000000000000e+00
0.000000000000000000e+00
0.000000000000000000e+00
4.866301450963219030e-11
0.000000000000000000e+00
4.600472843450272954e-11
3.642355912881011734e-11
0.000000000000000000e+00
0.000000000000000000e+00
0.000000000000000000e+00
0.000000000000000000e+00
0.000000000000000000e+00
3.260014977580186790e-14
0.000000000000000000e+00
9.740398309199147288e-12
0.000000000000000000e+00
0.000000000000000000e+00
0.000000000000000000e+00
0.000000000000000000e+00
5.362132969586840723e-11
4.476994106424051481e-14
5.438579674301730084e-11
3.259741620273248501e-11
5.132794537952867276e-14
2.651420126239133457e-11
0.000000000000000000e+00
4.775768570363800191e-11
2.341600756636754789e-11
1.105095208452609719e-14
0.000000000000000000e+00
2.306321474131146786e-11
0.000000000000000000e+00
1.408598799669678256e-12
1.395931318122807349e-11
2.666172408202488865e-11
0.000000000000000000e+00
1.448844800340516874e-11
2.746745403521880789e-11
1.437796422772275048e-11
8.951942833933117726e-14
0.000000000000000000e+00
2.665796183992502597e-09
1.444121159684362728e-02
2.126404205700316462e-11
1.084724426212099312e-11
3.803985981757846217e-11
4.867161252477355071e-11
3.616418832120815990e-11
8.227101548877940039e-12
6.891411393998326055e-12
0.000000000000000000e+00
1.887222051745429047e-11
3.182113989902202311e-12
0.000000000000000000e+00
6.872511760501212373e-11
5.084055736043585368e-12
2.173220181610017242e-11
0.000000000000000000e+00
1.920213229483288908e-11
1.116654515353130688e-13
4.525296618509976804e-11
3.677800803015056139e-14
4.551896991563952142e-11
0.000000000000000000e+00
1.863113482168059499e-14
0.000000000000000000e+00
0.000000000000000000e+00
8.171615488742560435e-11
0.000000000000000000e+00
7.922804381909380312e-14
2.041028043604351710e-11
8.077491220749111004e-14
6.777704798471069035e-11
5.911047781251608390e-11
2.254677791929013641e-11
4.464552686040809836e-14
0.000000000000000000e+00
0.000000000000000000e+00
0.000000000000000000e+00
8.983418828881756296e-14
0.000000000000000000e+00
1.409518211359141598e-13
3.859256209243263035e-11
5.985979732240936638e-11
1.825573709271431743e-11
0.000000000000000000e+00
0.000000000000000000e+00
3.346288817435062117e-12
0.000000000000000000e+00
0.000000000000000000e+00
6.384119921229884788e-11
4.743896073320605825e-11
0.000000000000000000e+00
1.164943900152320697e-11
4.748405195006517856e-13
1.620576186585123745e-14
0.000000000000000000e+00
7.044741085356826683e-13
2.244847221409466410e-11
3.962314898892639407e-11
1.114496768829538444e-11
3.632686518518461881e-11
5.625464323657214099e-11
6.865645262246153319e-12
0.000000000000000000e+00
3.685008625969634403e-11
2.884935188631942135e-11
0.000000000000000000e+00
2.805852917629370677e-12
4.999493614900814706e-11
3.765636843647567911e-11
0.000000000000000000e+00
6.791727128902343424e-12
0.000000000000000000e+00
0.000000000000000000e+00
6.009918675356593952e-13
2.980925603524091389e-11
9.866200326317568147e-12
0.000000000000000000e+00
1.563635334112004853e-11
2.017048022963316688e-13
4.405523791532808488e-11
1.205647362392193072e-11
6.907748208757453169e-11
5.259112713998454466e-11
5.412936140888085450e-11
8.090223712103382200e-11
7.227482593617109930e-14
4.516745191244616344e-11
1.787686091710160034e-13
2.069247852429364940e-11
0.000000000000000000e+00
0.000000000000000000e+00
1.331076627941751374e-11
0.000000000000000000e+00
0.000000000000000000e+00
1.636493837712399040e-11
4.972100022974807206e-12
7.823935987172272887e-12
1.396719091869919010e-11
4.510754844200456095e-12
1.333528592315808798e-11
4.829094862513144371e-12
0.000000000000000000e+00
0.000000000000000000e+00
7.726585702590646111e-12
0.000000000000000000e+00
0.000000000000000000e+00
5.637310239692502953e-11
1.183049091258854683e-13
1.577187713480771371e-11
0.000000000000000000e+00
1.379802514605053968e-11
7.086978799236844095e-02
0.000000000000000000e+00
3.091892764271009085e-11
2.450637021536626245e-11
4.681436084428619796e-11
2.886032704857320794e-11
2.231281215618813629e-11
0.000000000000000000e+00
1.917071161134569124e-10
0.000000000000000000e+00
0.000000000000000000e+00
8.937297117259494397e-14
5.889228789882078262e-14
9.799848058321825284e-12
2.240291080023431018e-11
0.000000000000000000e+00
2.554382255836693953e-11
0.000000000000000000e+00
0.000000000000000000e+00
5.334183022359213137e-11
0.000000000000000000e+00
2.875435702859777822e-11
0.000000000000000000e+00
0.000000000000000000e+00
1.197006215279261872e-11
2.839150763726543604e-11
1.396561259328330008e-11
1.422692203516336986e-13
1.734468402156874199e-11
2.019245861978526943e-11
2.526640625353960281e-13
0.000000000000000000e+00
1.254495254192013576e-11
0.000000000000000000e+00
0.000000000000000000e+00
2.480565311707922220e-11
0.000000000000000000e+00
2.924254818602082032e-11
3.918162642706599837e-11
4.084702185760319016e-12
3.105301352577579120e-11
0.000000000000000000e+00
0.000000000000000000e+00
0.000000000000000000e+00
1.189836063746489306e-11
0.000000000000000000e+00
3.823496294361763330e-11
3.268038492879202105e-11
0.000000000000000000e+00
0.000000000000000000e+00
1.554508192747774939e-11
3.763725976804390157e-12
1.338256381834623596e-11
4.528375018093678681e-11
0.000000000000000000e+00
3.952607550660205095e-12
0.000000000000000000e+00
0.000000000000000000e+00
2.501372626944680955e-11
1.257571656424950042e-11
4.060352287332736919e-11
0.000000000000000000e+00
3.016826326525619771e-11
2.627415051454238745e-02
9.504656763937759573e-10
0.000000000000000000e+00
4.651102281879382005e-11
0.000000000000000000e+00
0.000000000000000000e+00
1.359655117723181329e-13
3.227984840843584670e-11
0.000000000000000000e+00
1.046008755611989810e-11
2.572408087741935515e-11
9.769884090048815194e-12
2.730209630396559478e-11
1.101587292191817148e-11
0.000000000000000000e+00
3.606006040636667221e-11
4.327821497980083922e-11
0.000000000000000000e+00
1.002316073214417103e-11
0.000000000000000000e+00
3.763892891344237402e-11
0.000000000000000000e+00
0.000000000000000000e+00
5.482365337439052559e-14
5.555071301090960397e-14
1.340447904248407954e-11
2.118858718763370082e-13
0.000000000000000000e+00
0.000000000000000000e+00
0.000000000000000000e+00
1.443347164771550126e-11
2.536595226865646727e-11
0.000000000000000000e+00
0.000000000000000000e+00
0.000000000000000000e+00
0.000000000000000000e+00
0.000000000000000000e+00
0.000000000000000000e+00
0.000000000000000000e+00
2.425201219204485727e-11
0.000000000000000000e+00
2.994449533957373818e-11
6.836415292373999323e-11
5.475239599014905938e-11
1.096254518679505530e-10
6.173036130305342238e-11
5.756541615594802949e-11
0.000000000000000000e+00
3.070946957205673928e-12
8.008066843758909759e-02
1.786581751780028829e-11
4.325728266037631148e-12
8.316741896880522894e-15
4.035208562031291623e-12
8.273927743430251856e-13
0.000000000000000000e+00
0.000000000000000000e+00
0.000000000000000000e+00
1.330615680144873595e-13
1.247239045731083085e-11
0.000000000000000000e+00
1.638479938460970115e-11
1.271922459097825078e-13
2.136813181789435657e-11
6.684048794323317438e-14
0.000000000000000000e+00
0.000000000000000000e+00
0.000000000000000000e+00
0.000000000000000000e+00
5.147495380003774119e-11
5.769944319837520734e-14
0.000000000000000000e+00
8.113126492474582391e-12
0.000000000000000000e+00
0.000000000000000000e+00
1.608680840310906383e-11
0.000000000000000000e+00
5.246166057800822684e-12
0.000000000000000000e+00
3.005098954219265833e-14
0.000000000000000000e+00
0.000000000000000000e+00
6.017362676224784430e-14
0.000000000000000000e+00
0.000000000000000000e+00
6.928854327281292214e-11
0.000000000000000000e+00
0.000000000000000000e+00
0.000000000000000000e+00
0.000000000000000000e+00
0.000000000000000000e+00
8.541389425408004545e-11
0.000000000000000000e+00
1.333715862452970138e-13
1.052872961200862189e-11
0.000000000000000000e+00
0.000000000000000000e+00
0.000000000000000000e+00
4.904204383197010728e-11
3.522658317299808090e-11
3.903793418669123732e-11
7.403930689922216034e-11
0.000000000000000000e+00
0.000000000000000000e+00
4.375642889997136145e-10
0.000000000000000000e+00
1.151393282582734864e-13
1.380002748562293037e-11
1.863898997242951273e-11
1.570959711287779978e-11
5.508827269119369998e-14
0.000000000000000000e+00
0.000000000000000000e+00
1.115742239950304616e-13
8.354797649860837525e-11
1.797097888273675677e-12
2.191753721969159057e-11
0.000000000000000000e+00
0.000000000000000000e+00
1.624398679854597270e-11
7.736886019986118521e-14
6.214142148779713003e-14
6.961965061484035655e-11
4.087388326253522523e-11
0.000000000000000000e+00
2.928682065975220232e-11
7.146592658504461588e-14
3.064322458931455576e-11
0.000000000000000000e+00
7.958469758321762556e-11
2.392659672428307107e-11
7.838447059587009164e-14
0.000000000000000000e+00
0.000000000000000000e+00
0.000000000000000000e+00
0.000000000000000000e+00
0.000000000000000000e+00
2.574320661680842251e-12
1.582847010192604882e-13
6.208650240355143475e-11
0.000000000000000000e+00
4.370004294008427312e-12
6.163731824012742606e-11
1.711453705555730936e-11
0.000000000000000000e+00
0.000000000000000000e+00
5.008540860871482348e-11
6.055745030058968091e-14
0.000000000000000000e+00
0.000000000000000000e+00
0.000000000000000000e+00
0.000000000000000000e+00
5.644729715286948952e-12
0.000000000000000000e+00
0.000000000000000000e+00
0.000000000000000000e+00
0.000000000000000000e+00
3.391868784202485557e-11
0.000000000000000000e+00
1.307836063441550407e-12
0.000000000000000000e+00
1.195921013447375647e-11
2.565279126405694628e-11
5.987685421778684943e-12
5.123488972963221451e-12
0.000000000000000000e+00
0.000000000000000000e+00
1.117032165245923235e-11
1.230532030467880546e-11
3.707381949101185441e-11
0.000000000000000000e+00
0.000000000000000000e+00
0.000000000000000000e+00
0.000000000000000000e+00
2.380271128669251783e-13
1.626945761612692916e-14
2.079067949867567873e-11
3.931907527635509291e-11
1.998285033806143552e-11
0.000000000000000000e+00
6.245088566003004374e-11
5.303552438749519876e-13
1.734015340830305888e-13
1.503158469117109979e-11
8.501642269073934468e-14
5.783098624147968547e-11
0.000000000000000000e+00
5.679401287645020503e-11
4.485616414727804401e-11
0.000000000000000000e+00
0.000000000000000000e+00
6.906009819181528403e-11
4.552687867521771533e-11
2.155072805016953435e-11
0.000000000000000000e+00
0.000000000000000000e+00
0.000000000000000000e+00
0.000000000000000000e+00
5.687054512523963111e-14
1.023982576199287929e-11
6.336103264747662232e-11
2.320299291726278150e-11
0.000000000000000000e+00
2.454843719337718605e-11
1.920838498496908359e-14
0.000000000000000000e+00
0.000000000000000000e+00
1.849035604350275733e-11
0.000000000000000000e+00
4.115708808807325674e-11
0.000000000000000000e+00
0.000000000000000000e+00
0.000000000000000000e+00
9.068963499271396216e-11
7.818955883054916055e-12
0.000000000000000000e+00
1.425786890966246938e-13
3.171965697093977289e-14
1.225942539669085052e-14
0.000000000000000000e+00
0.000000000000000000e+00
0.000000000000000000e+00
7.249687218223995717e-13
2.501143654075860242e-11
2.106684811237554058e-11
1.494097994931007643e-12
9.082204448211847519e-12
7.174319954115569082e-11
1.419327805476243135e-11
3.938808386565332329e-11
0.000000000000000000e+00
0.000000000000000000e+00
2.044026016415783754e-13
2.082128774454149082e-11
4.044684876010256195e-11
4.323463693446504918e-11
0.000000000000000000e+00
3.873870809123773469e-11
2.581973814601308330e-11
0.000000000000000000e+00
2.733263053099283623e-11
2.689153846621346849e-11
0.000000000000000000e+00
4.747797431150704920e-11
8.179832890261541812e-14
4.597705205553658665e-11
0.000000000000000000e+00
0.000000000000000000e+00
4.517645767120141599e-12
0.000000000000000000e+00
0.000000000000000000e+00
0.000000000000000000e+00
2.186077279482760364e-11
0.000000000000000000e+00
0.000000000000000000e+00
0.000000000000000000e+00
9.854114338082785075e-11
2.795094397660574570e-11
0.000000000000000000e+00
0.000000000000000000e+00
0.000000000000000000e+00
2.848195717247870980e-13
7.068687172750378501e-14
0.000000000000000000e+00
5.399959822182978267e-11
0.000000000000000000e+00
0.000000000000000000e+00
0.000000000000000000e+00
6.902442121031219324e-11
0.000000000000000000e+00
1.174466770851485264e-01
0.000000000000000000e+00
1.712382799848878909e-13
0.000000000000000000e+00
0.000000000000000000e+00
6.818159993957655995e-11
0.000000000000000000e+00
0.000000000000000000e+00
2.954934020463730224e-13
4.159071783644389380e-11
9.696725912780865365e-14
1.850780410959854072e-11
0.000000000000000000e+00
0.000000000000000000e+00
4.934289499385061498e-11
1.263494166064515918e-13
1.977452672980129351e-13
6.943808029613011455e-11
0.000000000000000000e+00
5.340871336445182277e-11
1.933532436490140200e-11
2.047824989317375122e-11
2.598635372565538227e-11
4.443943732348590525e-11
1.431107776737568684e-11
5.081785274285542291e-11
4.072322993577113750e-11
0.000000000000000000e+00
0.000000000000000000e+00
1.383986285761263899e-13
3.522731620566706528e-11
6.837751500097508840e-12
3.197364940626773535e-11
2.174894324385943914e-11
1.993281242792005091e-11
0.000000000000000000e+00
4.576878377868635034e-11
5.255063461109383304e-14
0.000000000000000000e+00
3.293465129881868225e-12
6.207200769067698067e-11
9.301364298405854938e-11
2.030909823022856115e-11
2.641332906554385579e-13
8.593321340201292571e-11
8.444531820221356608e-12
0.000000000000000000e+00
1.219506328235667599e-11
1.096248747287199288e-11
1.031208982589958945e-11
5.301764774013427084e-11
7.505523864227466765e-14
0.000000000000000000e+00
2.650855212523554067e-11
3.873093113802991408e-12
0.000000000000000000e+00
0.000000000000000000e+00
2.377498389187796563e-11
1.479094131043339580e-11
0.000000000000000000e+00
1.913480009822043529e-11
0.000000000000000000e+00
0.000000000000000000e+00
2.217194057128640784e-13
2.264110318968014876e-11
9.238423666513610611e-12
1.541450499793101849e-13
5.902172665192882369e-11
1.296165065030087501e-11
3.721123191325424802e-11
6.800521061730213760e-11
1.786335470159591060e-11
0.000000000000000000e+00
0.000000000000000000e+00
4.258958332748405192e-11
8.333532582061926880e-15
2.371371273772174529e-11
7.642210835540911825e-11
1.643792809770703750e-13
1.623564236861872843e-13
1.395813240992901088e-13
2.692161395868754061e-11
3.156551055352012725e-11
0.000000000000000000e+00
1.206085692501696559e-13
1.058848499541627092e-11
1.905844187145162367e-13
3.821905748909168521e-11
0.000000000000000000e+00
0.000000000000000000e+00
1.016458437601467555e-11
4.994021684273285484e-11
0.000000000000000000e+00
4.871639403126585713e-14
0.000000000000000000e+00
8.945476414798206460e-11
0.000000000000000000e+00
0.000000000000000000e+00
8.249591363361182430e-12
3.427115357581880428e-13
5.390068535599444780e-11
0.000000000000000000e+00
1.016032997228976632e-11
2.465804142432576846e-11
2.227405080581726403e-11
0.000000000000000000e+00
7.249285565449882741e-11
0.000000000000000000e+00
2.875641447411319171e-13
5.528696749310198700e-11
1.577817840341374239e-13
4.737016632836827829e-09
7.518935182294263778e-11
3.756369367904885963e-11
3.532295523266552438e-11
0.000000000000000000e+00
2.431147169677073958e-12
0.000000000000000000e+00
0.000000000000000000e+00
2.400655945915650076e-11
2.905618720127542068e-14
1.467339040186379440e-13
1.970968609684665833e-13
0.000000000000000000e+00
2.026338831613555127e-11
8.411372428426698802e-11
7.105764617043037688e-11
5.041841261709617549e-11
3.308710685773533922e-14
6.020586086464888860e-11
7.829957248681607145e-11
3.394976306525472942e-11
0.000000000000000000e+00
4.777492249080348510e-11
1.824637478212435501e-11
2.768312940086401141e-11
1.748478659030327300e-11
2.954883265345908245e-11
7.168647441093630402e-11
7.868229814620485357e-12
1.614650101953573779e-14
0.000000000000000000e+00
0.000000000000000000e+00
1.076773496881065726e-11
0.000000000000000000e+00
3.583504785418316064e-11
0.000000000000000000e+00
0.000000000000000000e+00
0.000000000000000000e+00
0.000000000000000000e+00
0.000000000000000000e+00
3.361141237783589767e-11
8.889326212593969458e-11
1.468093370791431450e-12
3.338035197404365558e-11
2.601230779217178664e-12
0.000000000000000000e+00
3.000154760838943517e-11
5.261059090173208551e-11
0.000000000000000000e+00
0.000000000000000000e+00
0.000000000000000000e+00
0.000000000000000000e+00
6.725051922021464136e-14
2.686781868565242017e-13
1.098111388256290034e-13
1.483752933577835877e-13
5.259562406432664252e-11
6.692510629819385803e-15
1.654376555205531699e-11
0.000000000000000000e+00
9.674953885963683577e-14
2.131792356385889224e-14
3.514026912520953556e-11
5.380759716269457630e-11
3.195620952013918999e-11
2.200202546085669980e-11
0.000000000000000000e+00
7.599295864680710967e-11
4.427743671592533161e-11
8.930895136527639358e-14
1.372044183683046101e-11
0.000000000000000000e+00
2.042622232858602537e-11
3.258236394841806391e-11
1.594599426473720774e-12
1.011913020460326014e-11
0.000000000000000000e+00
0.000000000000000000e+00
2.433737398964334291e-11
0.000000000000000000e+00
4.724098206361196106e-11
4.655578411779549004e-11
5.439287033202006298e-11
0.000000000000000000e+00
5.302213136450760324e-11
1.934942177485979831e-13
5.082176502296816553e-11
3.598742431295125026e-11
3.037932474758619868e-11
0.000000000000000000e+00
1.984382642150802072e-14
0.000000000000000000e+00
4.882952239310366068e-14
0.000000000000000000e+00
3.017320087140635060e-11
0.000000000000000000e+00
0.000000000000000000e+00
0.000000000000000000e+00
8.357006300425029936e-15
9.292261598398529608e-14
1.061820701794605561e-13
0.000000000000000000e+00
5.956114572293753547e-11
0.000000000000000000e+00
1.772950500728889876e-13
1.905767170641279211e-11
5.087990618725662397e-11
1.781047646277175684e-13
0.000000000000000000e+00
0.000000000000000000e+00
0.000000000000000000e+00
1.558964662746553055e-14
0.000000000000000000e+00
8.939955313730360970e-11
0.000000000000000000e+00
4.096537218356610633e-12
3.245756219659960120e-11
1.085488907557007772e-13
5.959550822261917928e-12
4.378722650142563590e-11
7.629687729086465729e-11
1.172284442947463583e-11
1.861783093670130712e-13
2.512371935901558219e-13
6.538243397368914975e-11
1.219521797959728390e-13
1.804680108989366241e-11
0.000000000000000000e+00
3.176162469819647445e-11
0.000000000000000000e+00
7.924584498664423518e-11
5.178388096803369474e-11
0.000000000000000000e+00
0.000000000000000000e+00
5.174096615305796798e-11
0.000000000000000000e+00
3.996271405439046445e-12
3.318947865086416311e-11
1.272040987529139926e-11
1.494590121818497754e-11
0.000000000000000000e+00
7.886375708679489550e-12
0.000000000000000000e+00
6.236213734145192803e-11
2.587130297519907945e-11
0.000000000000000000e+00
2.282532294869536816e-11
1.666181412914029425e-12
0.000000000000000000e+00
0.000000000000000000e+00
7.183747154427539644e-14
9.445937919135043081e-14
6.359029692191653523e-11
1.772120520137816331e-13
5.253727488681965803e-12
4.358237682683341767e-11
0.000000000000000000e+00
3.241480090690265105e-11
3.641789828024586107e-11
2.657482734659761697e-11
3.401529560660996246e-11
4.051880531731107713e-14
1.425299280586316426e-11
1.426023267162247176e-11
0.000000000000000000e+00
3.080813221297321232e-11
8.895824423530453061e-11
0.000000000000000000e+00
0.000000000000000000e+00
8.852337635871848113e-12
4.747716261527194879e-11
4.596292294347183031e-11
7.650650297112185851e-14
6.542267176874224354e-11
1.140818498382371670e-14
4.771036747205006285e-11
2.512956222080381886e-13
1.263921228018203261e-13
1.904567763099208346e-13
4.319163092941091349e-11
3.125401580419897573e-11
2.051986258699835368e-13
5.438513706246212999e-11
1.525084787138625932e-11
0.000000000000000000e+00
2.177120791719210818e-14
0.000000000000000000e+00
3.510334136690344724e-11
3.687666163550221528e-11
6.920593387074507214e-11
2.515833532674197910e-11
1.346628666806607538e-11
1.412227092312632847e-13
3.729636548600972827e-11
5.604610160155834342e-12
1.286431711924006171e-11
5.231148228793861865e-11
6.553223698961994794e-14
0.000000000000000000e+00
2.631992057717147788e-11
0.000000000000000000e+00
1.753703968592999674e-13
4.200851736204710135e-11
1.740026240473584608e-13
1.213961250566034608e-13
1.993531648959650937e-11
6.438081550870295841e-11
0.000000000000000000e+00
0.000000000000000000e+00
1.785033525798470199e-13
4.461689908224814843e-11
0.000000000000000000e+00
5.223424728656306766e-11
5.412228898751484545e-11
0.000000000000000000e+00
2.488089320273661805e-11
0.000000000000000000e+00
0.000000000000000000e+00
0.000000000000000000e+00
6.667540356012903284e-14
2.670693627744388287e-11
0.000000000000000000e+00
2.308668714711904950e-12
5.262618622779980305e-14
5.029154355676721227e-11
0.000000000000000000e+00
0.000000000000000000e+00
4.219697347929172207e-11
1.528468711076303282e-13
7.167314551409608138e-11
1.632189187261158081e-13
5.173138166279484889e-11
5.693575114318528289e-11
9.922586342248396567e-14
4.903438857249330208e-11
4.290576083441364657e-11
3.305035079365032946e-11
6.138157781060146844e-11
6.196402115212558418e-11
4.425932091901498537e-11
5.895728355765595704e-11
0.000000000000000000e+00
2.809355949439451022e-11
2.831174707481423810e-11
4.595007560480895375e-12
2.095938085949134579e-11
5.962796758602813898e-11
3.097241290573783945e-11
1.863335754641474788e-12
1.294815608619847674e-11
0.000000000000000000e+00
3.095911930787907735e-13
9.736161677121778193e-12
2.932774714263691366e-11
0.000000000000000000e+00
4.790078790526272006e-13
3.926434342592128336e-14
0.000000000000000000e+00
0.000000000000000000e+00
1.105840855692433769e-11
1.258661525416446626e-11
0.000000000000000000e+00
0.000000000000000000e+00
5.511835082533550552e-11
1.436049672424315819e-13
1.854702973462737012e-14
0.000000000000000000e+00
0.000000000000000000e+00
0.000000000000000000e+00
4.417507582379442912e-11
3.018899351803277504e-11
0.000000000000000000e+00
0.000000000000000000e+00
6.291507573988158718e-14
0.000000000000000000e+00
0.000000000000000000e+00
8.430109322272970835e-12
1.253714203815493842e-15
1.185360211789230399e-13
4.499222284853477873e-11
1.633593054303083225e-11
0.000000000000000000e+00
5.892015322765090279e-11
2.835041270336266055e-11
6.452028093829150031e-11
1.819841673026148145e-12
2.337267266768650234e-13
3.774676067787830801e-11
7.068498505575196081e-12
0.000000000000000000e+00
1.444945547295636812e-13
2.487629920574678064e-13
3.543793647862143018e-11
0.000000000000000000e+00
1.587377746220562012e-13
2.532329665372007136e-11
7.377949413398770151e-15
3.589479098961245140e-11
9.128043410449686943e-12
8.342875738442994989e-14
4.396966142101753115e-11
1.684674188837825674e-13
6.687705939183623055e-14
0.000000000000000000e+00
2.082391174924090353e-11
8.171214614357851404e-11
3.756215225619457863e-11
2.128387808261964699e-12
3.294598643527908813e-11
4.005451363250182741e-11
3.409207876641958197e-11
1.487706481378141927e-13
2.936168551671375952e-13
5.833177432115926756e-11
0.000000000000000000e+00
0.000000000000000000e+00
8.248510985494412034e-11
8.155769677624431540e-12
1.271931918168284821e-11
0.000000000000000000e+00
0.000000000000000000e+00
7.615851073670092617e-11
4.306940004936795713e-11
1.617066791292198508e-14
4.324442750879682950e-14
4.259107064474936056e-12
0.000000000000000000e+00
2.742491344315289435e-14
2.099342000996763311e-02
0.000000000000000000e+00
0.000000000000000000e+00
6.538776955075127049e-15
4.500451227836937902e-11
3.537392263022880403e-11
0.000000000000000000e+00
0.000000000000000000e+00
0.000000000000000000e+00
2.823586861625904326e-11
3.568655993056298886e-11
1.764798535532884003e-13
3.241550504392360659e-11
2.390686338342709930e-13
5.824394543765152331e-11
2.156464024910962027e-11
5.914104065027715091e-11
4.839710323326308810e-11
2.464718807995670515e-11
4.897405843781403514e-11
2.465304625915919897e-11
3.719537398379510201e-11
5.884592259134922967e-11
3.188153305628130777e-11
5.485245670534768674e-11
5.380549872351442700e-11
7.582839052711955225e-11
4.746134150635220654e-12
1.322482484260931143e-11
1.405320582317300609e-11
6.532891669174743612e-14
6.065997942071644909e-11
1.394740179475039260e-13
1.104637925295516878e-13
2.178794050897915626e-12
4.445009907186583090e-11
4.559975353186844036e-14
4.572416282656707402e-11
5.414007489232485722e-11
2.927911819069268928e-11
4.622837015046844528e-11
2.754795692370965027e-11
6.275242022240337043e-11
0.000000000000000000e+00
0.000000000000000000e+00
5.765205195324150233e-12
0.000000000000000000e+00
0.000000000000000000e+00
5.460490844177492633e-14
1.283051427186451501e-11
1.618444039262406630e-11
0.000000000000000000e+00
0.000000000000000000e+00
0.000000000000000000e+00
3.940514575971792477e-14
0.000000000000000000e+00
0.000000000000000000e+00
1.413201223699975178e-12
1.495824151577642358e-11
1.999394411032595960e-11
4.121312281217991664e-11
6.188130353047515946e-11
2.105755844044703056e-11
0.000000000000000000e+00
3.389575037007599480e-11
7.524463950242724163e-11
2.102289876962636909e-11
4.290134698682304903e-11
1.544450182100528473e-13
0.000000000000000000e+00
4.326618248970525215e-11
3.485683152729113711e-11
3.798153755064866302e-11
1.709275751163636461e-13
1.541893752277925706e-12
2.623265504967737895e-13
4.106815380145991625e-11
2.172296620557054667e-13
3.324885479874075927e-11
1.492704923355426473e-11
4.837290825437396338e-11
2.081127691652705779e-14
1.535434360948348965e-13
0.000000000000000000e+00
0.000000000000000000e+00
1.127786648955886898e-11
2.182438361181103783e-13
2.361501199773357471e-11
9.658240718383497709e-14
8.534036724502423379e-12
4.921671701901140607e-11
4.569352043084157372e-11
5.439268980134374928e-11
1.669975089054127645e-11
0.000000000000000000e+00
3.773681694502268280e-11
0.000000000000000000e+00
2.109625622865442887e-11
2.420176079823750401e-11
7.784419956822880088e-11
0.000000000000000000e+00
0.000000000000000000e+00
1.573794729579243500e-14
0.000000000000000000e+00
3.792795523232523680e-11
1.179205651399242195e-10
1.916575349869321053e-13
0.000000000000000000e+00
3.449263288106571287e-11
0.000000000000000000e+00
0.000000000000000000e+00
0.000000000000000000e+00
0.000000000000000000e+00
2.063317461086307344e-11
0.000000000000000000e+00
0.000000000000000000e+00
3.502436768735312900e-11
1.998783021269337503e-15
2.779054555632580398e-11
2.321621290899342139e-13
2.334921363418925353e-13
2.117128289367915952e-13
1.083101327124780270e-12
1.599240103177380807e-11
5.866674213349619351e-11
6.820565589925487108e-11
0.000000000000000000e+00
6.522502808855571037e-11
1.786071577257188466e-13
5.386525181646998949e-12
1.310294285812528341e-13
1.173708377618303687e-13
2.347116177404008107e-13
2.433069180813946049e-13
2.422432052478657591e-13
1.406263800058989166e-11
5.563660724014969980e-11
1.652362731460064345e-13
6.938855169144031543e-11
9.090232906958674785e-11
1.008919163519606509e-13
7.192357705798693509e-14
1.535621104813250745e-13
3.165083906017837335e-11
2.762885600152763253e-11
8.752859251490856685e-14
0.000000000000000000e+00
5.357518894019773106e-12
0.000000000000000000e+00
0.000000000000000000e+00
4.105514503510139026e-11
1.184330500935184631e-13
3.717385996177708057e-11
8.356581526656512373e-12
0.000000000000000000e+00
0.000000000000000000e+00
4.512259522692655825e-11
8.853388721369300095e-12
0.000000000000000000e+00
2.533717338879568342e-12
3.653764379962592774e-11
1.712155983119460001e-11
6.636978179931122537e-15
0.000000000000000000e+00
1.503255484624346252e-14
0.000000000000000000e+00
0.000000000000000000e+00
0.000000000000000000e+00
3.002502001971035007e-11
0.000000000000000000e+00
8.845352195055887807e-11
7.883221625818676704e-12
0.000000000000000000e+00
0.000000000000000000e+00
1.473990523793370527e-14
2.115977813773791335e-13
2.987202606731376530e-13
4.566509428376538909e-11
5.783980878189283243e-11
3.176941468073423200e-11
6.363372996427956124e-11
5.011647262572122305e-11
2.557334359110403947e-13
2.409415772619546935e-11
7.023689807714561749e-11
1.569274564648722533e-11
3.936134176718644890e-11
4.887712091418075686e-11
6.827058628407378083e-11
1.618527135256984946e-13
1.975994738687448973e-13
6.501117277858148479e-11
0.000000000000000000e+00
4.618333283385230242e-11
2.019703052819620521e-12
4.492385923172166395e-12
0.000000000000000000e+00
1.994443684935994475e-11
4.056580522984185614e-11
0.000000000000000000e+00
5.448735427520859422e-11
9.921782336103946816e-12
0.000000000000000000e+00
4.071090409080115955e-11
9.103391499864349756e-12
5.150594068830236493e-11
8.492869375742414777e-11
2.170203225048684785e-13
0.000000000000000000e+00
0.000000000000000000e+00
1.427971911868407694e-11
2.131438555068222122e-13
3.954150153133722450e-11
0.000000000000000000e+00
0.000000000000000000e+00
7.892916845569021313e-12
0.000000000000000000e+00
4.238082893782515050e-11
2.597227400274451039e-11
4.095194850535608024e-11
2.098084630969122109e-11
8.416394793650187889e-03
5.118470724398941440e-11
1.429719333001835563e-11
1.044748522064010646e-10
3.792926709847585383e-11
1.009913353250108303e-11
0.000000000000000000e+00
7.056108971849995137e-11
