#Variance for the Conditional distribution of radius given mass from initial fitting w/o bootstrap
6.661903284864745776e-03
6.669826150016031074e-03
6.718040187219839234e-03
6.839387448381317042e-03
7.059175535736436982e-03
7.387213894602524984e-03
7.812810112811844829e-03
8.307556135737201655e-03
8.835282295914554870e-03
9.363425407233944356e-03
9.870076995242667989e-03
1.034515208005459645e-02
1.078768163953697061e-02
1.120195082200803154e-02
1.159418712327044652e-02
1.197036136081815888e-02
1.233503126052137855e-02
1.269095507520085278e-02
1.303920104513528813e-02
1.337953100861206251e-02
1.371088962061092764e-02
1.403187725055139896e-02
1.434112848788948041e-02
1.463755969158421835e-02
1.492048424625584853e-02
1.518961873341348121e-02
1.544501538277476792e-02
1.568695751183585285e-02
1.591584874950078068e-02
1.613211750263078906e-02
1.633614834871986374e-02
1.652824364096342619e-02
1.670861242920640075e-02
1.687738002092290315e-02
1.703460994401983716e-02
1.718033032368372279e-02
1.731455821702261935e-02
1.743731767927894985e-02
1.754864971414309138e-02
1.764861434935129786e-02
1.773728659754138931e-02
1.781474889582392029e-02
1.788108278389093087e-02
1.793636218556551865e-02
1.798064985617128103e-02
1.801399752694922418e-02
1.803644921377038635e-02
1.804804626490367006e-02
1.804883219155094601e-02
1.803885528886815803e-02
1.801816754311868704e-02
1.798681922758760612e-02
1.794484969189140758e-02
1.789227586567454509e-02
1.782908067887828754e-02
1.775520380266807502e-02
1.767053682769620729e-02
1.757492432043332442e-02
1.746817129004971450e-02
1.735005661353648809e-02
1.722035102851059499e-02
1.707883749988912958e-02
1.692533117080497959e-02
1.675969579791821915e-02
1.658185363873818791e-02
1.639178629541993698e-02
1.618952508148926994e-02
1.597513103970304299e-02
1.574866665840598742e-02
1.551016334352757833e-02
1.525959044344490229e-02
1.499683270301417973e-02
1.472168309077603356e-02
1.443385674456440677e-02
1.413302917868712941e-02
1.381889787701441261e-02
1.349126109675913461e-02
1.315010150382432685e-02
1.279565593448028955e-02
1.242844749671505843e-02
1.204925438804512264e-02
1.165899358960854025e-02
1.125850910368968172e-02
1.084827462480381262e-02
1.042804881526677996e-02
9.996555710993315289e-03
9.551300991109899427e-03
9.088674696419515517e-03
8.604526148244126538e-03
8.095404005057824440e-03
7.560571863006182447e-03
7.004625759133554196e-03
6.439947904231631964e-03
5.887428658268089449e-03
5.373441167088312438e-03
4.921780631369343691e-03
4.540763224062219910e-03
4.202928621082799646e-03
3.780829665648295038e-03
2.385125897790047692e-03
