#Upper limit for the Conditional distribution of radius given mass from initial fitting w/o bootstrap
-4.522425447743582544e-02
-6.486037833828604826e-02
-6.485662881662024315e-02
-6.482925091530002126e-02
-6.472018758185750509e-02
-6.440378588913216185e-02
-6.364707322401709499e-02
-6.205638344949445523e-02
-5.900560386536855828e-02
-5.354370405428068164e-02
-4.430483794648266277e-02
-2.956163915964217861e-02
-7.870862143070467970e-03
2.023858995798653859e-02
5.116232142890771162e-02
8.042155402813030984e-02
1.054307310726068370e-01
1.256343138657288472e-01
1.415134343678170481e-01
1.538786307263379227e-01
1.635453348787817285e-01
1.712157157692207887e-01
1.774532132065725631e-01
1.826946478413731811e-01
1.872743611114975060e-01
1.914492022835046492e-01
1.954201889833860339e-01
1.993499174890257242e-01
2.033761318977569676e-01
2.076222769625466757e-01
2.122058809049427175e-01
2.172454920343615259e-01
2.228667276001122244e-01
2.292078035053659868e-01
2.364246610272101867e-01
2.446953913871056374e-01
2.542228899391436592e-01
2.652332365188599939e-01
2.779648328356305598e-01
2.926399320799813464e-01
3.094081466057752583e-01
3.282583411159836206e-01
3.489225962755760913e-01
3.708379891811835471e-01
3.932341235002858593e-01
4.153252254317458259e-01
4.364880001353595995e-01
4.563324756294136475e-01
4.746755462759737476e-01
4.914764689331039826e-01
5.067770673508176227e-01
5.206604036120962009e-01
5.332263100142726753e-01
5.445783442122388296e-01
5.548174875063192069e-01
5.640395087230751781e-01
5.723341963737188509e-01
5.797854805434532466e-01
5.864719434358126593e-01
5.924674841618691179e-01
5.978420498526113569e-01
6.026624266528238794e-01
6.069931330038584871e-01
6.108974934524288303e-01
6.144390074543972791e-01
6.176831759220624551e-01
6.207000221548318875e-01
6.235676632292281862e-01
6.263774864830093936e-01
6.292418246977125040e-01
6.323056218266766004e-01
6.357646833558898702e-01
6.398952506906219195e-01
6.451041141975422111e-01
6.520186733221573494e-01
6.616623490391305706e-01
6.758376825610685756e-01
6.981185268346528083e-01
7.372091515068901479e-01
8.231705191795609666e-01
9.682392302366621406e-01
1.047207563340468273e+00
1.092239599074397827e+00
1.121620797214389009e+00
1.141652850778716699e+00
1.155358549294559500e+00
1.164567417589588372e+00
1.170567908207600372e+00
1.174330631800676317e+00
1.176588407196899944e+00
1.177876994111539011e+00
1.178570803927248445e+00
1.178918973211180221e+00
1.179078865000572574e+00
1.179144199853308095e+00
1.179166907059687075e+00
1.179173117268071058e+00
1.179174267787135078e+00
1.179174370318589737e+00
1.179174371856697379e+00
