#Upper limit for the Conditional distribution of mass given radius from initial fitting w/o bootstrap
2.026523311749853118e+00
-3.896665506153612624e-01
-3.874665065111432827e-01
-3.828824737007373580e-01
-3.745728941060167960e-01
-3.609513078508584383e-01
-3.404532679333639456e-01
-3.123724929422375673e-01
-2.780575777844161434e-01
-2.405679127826584329e-01
-2.024146675239387183e-01
-1.643767722982682200e-01
-1.261026005781822890e-01
-8.700429432929353279e-02
-4.676529621582024843e-02
-5.446125173468818748e-03
3.666420843074597036e-02
7.922083092874872279e-02
1.218639123267408197e-01
1.641699207306316355e-01
2.056522228216332571e-01
2.458699459353148320e-01
2.845708179250173164e-01
3.217626314101098006e-01
3.576851610387848379e-01
3.927233636911216519e-01
4.273080112181993906e-01
4.618261760003993799e-01
4.965487970974423182e-01
5.315826834205981122e-01
5.668602973345897578e-01
6.021781900979515934e-01
6.372774596922315959e-01
6.719373867294630154e-01
7.060465271245772723e-01
7.396306113000415960e-01
7.728383590914922330e-01
8.058984950355206900e-01
8.390620444071104078e-01
8.725412326612936864e-01
9.064565783281807176e-01
9.408069684740482108e-01
9.754771248832435626e-01
1.010285315647359461e+00
1.045054018057038903e+00
1.079672400741146232e+00
1.114124703636736768e+00
1.148476820850526270e+00
1.182829563263754657e+00
1.217255093347980877e+00
1.251737264425437424e+00
1.286140201654054849e+00
1.320225825160875388e+00
1.353720507617707902e+00
1.386401924398757091e+00
1.418164872666291432e+00
1.449042303450324809e+00
1.479185303770956805e+00
1.508819845223927425e+00
1.538196088248559468e+00
1.567539086095797396e+00
1.597006423091011262e+00
1.626659849122449097e+00
1.656459959441869412e+00
1.686289415613253739e+00
1.715998389353292408e+00
1.745453511333376007e+00
1.774569386708403140e+00
1.803312872536040556e+00
1.831685291553524442e+00
1.859697564860510965e+00
1.887354727205068361e+00
1.914660394241031183e+00
1.941640917361208585e+00
1.968376731542375024e+00
1.995022115055675727e+00
2.021796669239399602e+00
2.048938949640378926e+00
2.076622943675889399e+00
2.104859598564903678e+00
2.133444334546247489e+00
2.162031018142409167e+00
2.190341805243980478e+00
2.218393594150273707e+00
2.246595141515029148e+00
2.275633306151069402e+00
2.305995927926808520e+00
2.336877556188474259e+00
2.365434997765904157e+00
2.388876191743408928e+00
2.406763049905860097e+00
2.420112822610434922e+00
2.430058198109484646e+00
2.437449675300089158e+00
2.442874141990754477e+00
2.446742121497816225e+00
2.449359185973989383e+00
2.450972621578748623e+00
2.451797770251387121e+00
1.806231225951170138e+00
