5.970393879725304487e+02
6.148401105444212362e+02
6.262252319698005749e+02
5.553522684077472604e+02
6.044403080953720746e+02
5.828366199366870433e+02
6.328624856477235880e+02
5.767143141681971201e+02
5.541883829890750803e+02
6.084303006175528026e+02
5.994081496131080939e+02
6.020631244762973893e+02
5.700953134493825019e+02
6.011080293248828639e+02
6.094844953771390692e+02
5.850296221309328075e+02
6.223570809148521903e+02
6.289255661791469265e+02
6.054907376014069769e+02
6.092001040323405050e+02
6.316691187787971558e+02
5.832264871725094508e+02
5.824836594122630231e+02
5.573972733505942188e+02
6.470455322655412829e+02
5.942331904188347380e+02
5.859541521434383640e+02
6.474542783921613136e+02
5.912956773410941196e+02
6.052332510741678107e+02
5.589304307863108079e+02
6.358789169245819721e+02
5.798969870632058701e+02
5.740659925314150769e+02
6.167979112461827071e+02
5.668105329812428863e+02
5.909837652112672686e+02
6.220961205503873543e+02
5.478617906854307193e+02
5.981742990652830940e+02
6.366348591969874633e+02
6.532728851928136464e+02
6.276014336204436859e+02
6.400398817183712481e+02
6.408130092950229937e+02
5.956922456562864454e+02
6.329004346283604718e+02
6.724977077578853368e+02
6.236759427702652374e+02
6.151878273869056102e+02
5.997344658271529170e+02
5.890521638590647626e+02
6.184427995561338776e+02
6.117291229553053427e+02
6.123734667432321430e+02
6.198581431257709937e+02
6.042715528394496687e+02
7.010388461959080360e+02
5.996925922255962860e+02
6.305084963469547574e+02
5.859190877476595460e+02
6.379155970061738117e+02
5.464691001944349864e+02
6.027160247432524329e+02
6.781575029116690985e+02
6.234085487362756339e+02
6.265330978400185131e+02
6.171969174609756692e+02
6.367852013849083050e+02
6.055731541474767710e+02
6.546137363497790602e+02
6.423243245592749417e+02
5.954861946815867668e+02
5.872812750696523381e+02
5.912647374637966777e+02
6.175960179709885551e+02
6.460987599205526521e+02
5.977342126025356492e+02
5.789244418469063476e+02
6.211472735006040011e+02
6.171900737423369492e+02
5.603687458370443437e+02
6.426114374131924478e+02
5.926101065846120264e+02
6.102240245404286725e+02
5.986866408246723950e+02
6.088179585819427757e+02
6.314306010558240132e+02
6.028828088251395911e+02
6.557457150640892678e+02
6.609424779427423573e+02
6.037308479475058220e+02
5.620317538578408403e+02
6.276626920681819684e+02
5.698248564860409715e+02
5.560807596445043828e+02
6.093426321050262686e+02
6.217881040977711109e+02
6.139871739707028837e+02
5.631936916092903402e+02
