-1.733384547192451608e+00
-1.726905161061608185e+00
-1.707263599107964325e+00
-1.674461062125876643e+00
-1.628565940990343908e+00
-1.569452235133636187e+00
-1.497138550672108659e+00
-1.413232610503026621e+00
-1.323228560483536986e+00
-1.236417482361934495e+00
-1.160780218436277655e+00
-1.098951916528357886e+00
-1.049600502952811487e+00
-1.010149980021899818e+00
-9.781582795265049146e-01
-9.516735595511753854e-01
-9.292148192386587846e-01
-9.096683069917920195e-01
-8.921885600933996407e-01
-8.761221833347980770e-01
-8.609529510002509323e-01
-8.462631259472989109e-01
-8.317063438067522352e-01
-8.169885946364510154e-01
-8.018548836811940639e-01
-7.860799280905402808e-01
-7.694617882719710922e-01
-7.518177081991468391e-01
-7.329817047496086646e-01
-7.128036422018085849e-01
-6.911496804259424920e-01
-6.679041079769747480e-01
-6.429726661817595224e-01
-6.162875253122381825e-01
-5.878140592989488100e-01
-5.575594309758419298e-01
-5.255826790490867317e-01
-4.920054302067772833e-01
-4.570215444408679550e-01
-4.209030871062979240e-01
-3.839993897632650310e-01
-3.467262028339319624e-01
-3.095435798553458073e-01
-2.729241167672174506e-01
-2.373165026759788132e-01
-2.031113764097115804e-01
-1.706159931185663725e-01
-1.400413539822840669e-01
-1.115017273065592313e-01
-8.502359666496564494e-02
-6.055987355498418379e-02
-3.800552747365108092e-02
-1.721189582126905065e-02
2.001844308554632385e-03
1.984061287856108205e-02
3.652876615252004244e-02
5.230856873416277891e-02
6.744147250816867611e-02
8.221193314027878951e-02
9.693359787153105200e-02
1.119578075953595181e-01
1.276844498227592828e-01
1.445752679328489443e-01
1.631697792958784754e-01
1.841040036427019078e-01
2.081323151673143412e-01
2.361530406982327857e-01
2.692391876901161218e-01
3.086773468673378318e-01
3.560210955388141696e-01
4.131711925570943911e-01
4.825047746690662720e-01
5.670894215400046345e-01
6.710217910724790569e-01
7.998219947637555949e-01
9.599509585923760024e-01
1.152033665216497305e+00
1.348389931309671885e+00
1.501438755279837833e+00
1.602914362393587533e+00
1.669024913314118397e+00
1.713121768334114225e+00
1.743179338888600549e+00
1.763929482619710054e+00
1.778316537734201619e+00
1.788265115553508089e+00
1.795084771087462450e+00
1.799693170642165940e+00
1.802745947325257836e+00
1.804716394393180989e+00
1.805946928006320951e+00
1.806683942431794199e+00
1.807102457464329737e+00
1.807324202127308821e+00
1.807431274715604053e+00
1.807476676851176078e+00
1.807492538464524179e+00
1.807496572163124871e+00
1.807497131504891108e+00
1.107631632704243424e-12
