-8.949200692519569955e-01
-8.273385034041176311e-01
-6.044476405238518035e-01
-2.885999417308429127e-01
-5.622979760210584238e-02
8.437636451632835044e-02
1.723984916899052589e-01
2.308871703508348916e-01
2.720467583681768775e-01
3.026788860073436616e-01
3.268183686969088342e-01
3.470049018896997350e-01
3.649306088262291303e-01
3.817878980941049050e-01
3.984648323003144865e-01
4.156584315048016953e-01
4.339411717028271998e-01
4.537988535818346381e-01
4.756492371920267859e-01
4.998461344841472198e-01
5.266712027911517602e-01
5.563148358881341293e-01
5.888482651266834234e-01
6.241914003344757322e-01
6.620847445022355338e-01
7.020773138983844586e-01
7.435427209285028205e-01
7.857292779389898341e-01
8.278375975169239842e-01
8.691068983988921026e-01
9.088873178990807267e-01
9.466827151496686188e-01
9.821612543229809589e-01
1.015141363597364066e+00
1.045564444709224050e+00
1.073464135231912309e+00
1.098938216840028126e+00
1.122125836991221037e+00
1.143190479822159933e+00
1.162308021505228384e+00
1.179658848855080100e+00
1.195423048105224817e+00
1.209777850522562037e+00
1.222896731618385413e+00
1.234949750664059209e+00
1.246104873730174978e+00
1.256530149955134457e+00
1.266396716971748715e+00
1.275882709253944869e+00
1.285178245770810079e+00
1.294491796488824953e+00
1.304058392282971601e+00
1.314150382237616821e+00
1.325091810166377559e+00
1.337278073763833230e+00
1.351203521446049827e+00
1.367501374089983512e+00
1.387003516211716470e+00
1.410833712696464959e+00
1.440559729674808498e+00
1.478454073232720489e+00
1.527960251434125505e+00
1.594519591723624119e+00
1.686612018348597752e+00
1.812753527818661281e+00
1.956978817076301835e+00
2.074564137969670874e+00
2.155586651185552149e+00
2.211502626990470510e+00
2.251397572666157032e+00
2.280657146684306191e+00
2.302530494674023043e+00
2.319089506940387846e+00
2.331724803406495461e+00
2.341409059746142773e+00
2.348844824444527912e+00
2.354552235481968570e+00
2.358923710453057154e+00
2.362259536673460669e+00
2.364791903671148443e+00
2.366701658895696170e+00
2.368130318984368543e+00
2.369188889995887948e+00
2.369964480524124451e+00
2.370525348951061151e+00
2.370924813747444571e+00
2.371204320646742580e+00
2.371395872555420503e+00
2.371523969549134137e+00
2.371607166598086902e+00
2.371659329201344590e+00
2.371690647755287262e+00
2.371708457584343233e+00
2.371717901395366201e+00
2.371722463339557052e+00
2.371724398114371191e+00
2.371725074095941022e+00
2.371725246006406440e+00
2.371725269845038397e+00
1.107631632704243424e-12
