1.306253051273340536e-02
1.306588257825384153e-02
1.309026374984599735e-02
1.315914880852075454e-02
1.329818276016303882e-02
1.353392255609969265e-02
1.389168452402584492e-02
1.439255690493257064e-02
1.504994899582659008e-02
1.586639958169950779e-02
1.683158494338782979e-02
1.792235575830395181e-02
1.910511955678412255e-02
2.034013589189708274e-02
2.158665855031915645e-02
2.280766087781830459e-02
2.397317867819943882e-02
2.506188676528838671e-02
2.606108101305719751e-02
2.696556279548161308e-02
2.777598680823448532e-02
2.849712369398509776e-02
2.913631737110912792e-02
2.970226138387337816e-02
3.020411134751188262e-02
3.065089242811922313e-02
3.105113879791633266e-02
3.141270137819876518e-02
3.174266956419010549e-02
3.204736497236395504e-02
3.233237694114016875e-02
3.260261911405512580e-02
3.286239368448052450e-02
3.311545505618489899e-02
3.336506821557124608e-02
3.361405945438362269e-02
3.386485858812585126e-02
3.411953276044200206e-02
3.437981250391274057e-02
3.464711107691560710e-02
3.492253830093004080e-02
3.520691023538532333e-02
3.550075607647133064e-02
3.580432366487035223e-02
3.611758493773487011e-02
3.644024255977885290e-02
3.677173881300251773e-02
3.711126761198563218e-02
3.745779024364848109e-02
3.781005511437125072e-02
3.816662143710707750e-02
3.852588642597483404e-02
3.888611520902389429e-02
3.924547234582854982e-02
3.960205356755269052e-02
3.995391615982078759e-02
4.029910629137864464e-02
4.063568155199079324e-02
4.096172698822898861e-02
4.127536299258822983e-02
4.157474347858922809e-02
4.185804282612883703e-02
4.212343006999347966e-02
4.236902869558055451e-02
4.259286017233024357e-02
4.279276898359792025e-02
4.296632641136244324e-02
4.311070975472127559e-02
4.322255312100283658e-02
4.329776566568527968e-02
4.333131361519571706e-02
4.331696436933418076e-02
4.324699577668989631e-02
4.311188345282149920e-02
4.289999701367129548e-02
4.259736676425957685e-02
4.218763071055836589e-02
4.165234080510294562e-02
4.097189190507973672e-02
4.012741125520092461e-02
3.910394617431767195e-02
3.789509773319300195e-02
3.650872776417052323e-02
3.497246586847890804e-02
3.333672571877029783e-02
3.167254787196446125e-02
3.006275269201509615e-02
2.858777888681965362e-02
2.731072958463960643e-02
2.626713661735271751e-02
2.546271274282789487e-02
2.487848196343706714e-02
2.447989003002480971e-02
2.422613775761785215e-02
2.407735799504888072e-02
2.399894649077520536e-02
2.396346251520406825e-02
2.395090952319641267e-02
2.394814880289980116e-02
2.394797260667790723e-02
