-7.271397983600226544e-02
-7.263979519368821136e-02
-7.209927495356067972e-02
-7.056321518396652115e-02
-6.742312693282466463e-02
-6.197944512302876185e-02
-5.344214245161131582e-02
-4.097920625249891480e-02
-2.388471977836751844e-02
-1.943595650934402085e-03
2.409804638705468488e-02
5.241354568925244567e-02
8.072109529637955250e-02
1.071867831052889242e-01
1.308303536579981941e-01
1.513876254231927843e-01
1.690126117205653644e-01
1.840465536637114208e-01
1.968859559663362346e-01
2.079185776387543205e-01
2.174968501056592507e-01
2.259299845132331230e-01
2.334847950973571451e-01
2.403902061734386475e-01
2.468429685371708593e-01
2.530134038545249209e-01
2.590506438532014233e-01
2.650871498601616305e-01
2.712424448545407429e-01
2.776260439208737552e-01
2.843395708045283743e-01
2.914780203112548596e-01
2.991300827217257541e-01
3.073774006722855834e-01
3.162926001930481124e-01
3.259359562973101476e-01
3.363506640205449760e-01
3.475569389610235760e-01
3.595455958271218111e-01
3.722723008184983806e-01
3.856541755667099447e-01
3.995705172667621263e-01
4.138687697074578398e-01
4.283755113732193309e-01
4.429106073714516589e-01
4.573016139960974780e-01
4.713956025328200350e-01
4.850666734380820744e-01
4.982188944601698144e-01
5.107855237914716851e-01
5.227258663108753645e-01
5.340210516846974897e-01
5.446696840165756726e-01
5.546839272419192834e-01
5.640862829156921832e-01
5.729071196956464496e-01
5.811829109782059577e-01
5.889550992170189403e-01
5.962695061202063496e-01
6.031762291844380286e-01
6.097299970168138517e-01
6.159909947016273257e-01
6.220262168333728914e-01
6.279114642039915761e-01
6.337341793599484685e-01
6.395974317068190418e-01
6.456255413518655617e-01
6.519721208524136280e-01
6.588318067713532233e-01
6.664578289402838251e-01
6.751892001630586115e-01
6.854945288385784208e-01
6.980461874618821838e-01
7.138535581569003252e-01
7.345193614594986986e-01
7.627657149150672833e-01
8.034948288057552901e-01
8.645451159345121095e-01
9.447348103927771801e-01
1.015588624669329532e+00
1.065879203359644922e+00
1.101801923763996660e+00
1.128440747731834115e+00
1.148689552490860466e+00
1.164260267993586728e+00
1.176252138580254680e+00
1.185430733739383236e+00
1.192369021857449640e+00
1.197520893115576079e+00
1.201259526496668117e+00
1.203897057121617431e+00
1.205694749022821810e+00
1.206868937279727882e+00
1.207595515450071932e+00
1.208014164370520893e+00
1.208232633855558902e+00
1.208330999675563566e+00
1.208365720172233093e+00
1.208373349987774237e+00
1.208373836842051352e+00
