-1.765511485208456632e-01
-1.765089097425674991e-01
-1.762016847709752809e-01
-1.753336496210264051e-01
-1.735815605407404760e-01
-1.706105092095084041e-01
-1.661008940890485730e-01
-1.597858667502042584e-01
-1.514945981658379348e-01
-1.411923044638802305e-01
-1.290052394914590894e-01
-1.152202489296383497e-01
-1.002549064474231866e-01
-8.460365142108830505e-02
-6.877328724188155884e-02
-5.322369097163165419e-02
-3.832584807058792009e-02
-2.434203431007536667e-02
-1.142599673406617666e-02
3.630930520173560137e-04
1.103994635082674279e-02
2.067138635411661790e-02
2.935700914716727131e-02
3.721383612906758315e-02
4.436517187370471460e-02
5.093315183989712697e-02
5.703418790932536508e-02
6.277651143037291104e-02
6.825913082599460724e-02
7.357167553001568716e-02
7.879474464806010547e-02
8.400049929439649954e-02
8.925332883860613575e-02
9.461048675620352399e-02
1.001226369680965483e-01
1.058342819486010472e-01
1.117840640279765957e-01
1.180049446526873214e-01
1.245242753279731940e-01
1.313637801694805540e-01
1.385394744258723054e-01
1.460615465346135067e-01
1.539342334431729187e-01
1.621557200524737230e-01
1.707180935743068118e-01
1.796073821470354492e-01
1.888037040573104230e-01
1.982815492944638713e-01
2.080102089895722872e-01
2.179543608157195056e-01
2.280748100957426805e-01
2.383293777992623319e-01
2.486739185583955458e-01
2.590634450889638951e-01
2.694533307312237391e-01
2.798005598537267047e-01
2.900649970276096834e-01
3.002106503639803692e-01
3.102069121532791685e-01
3.200297706793696073e-01
3.296630003857379254e-01
3.390993529720796595e-01
3.483417890472141343e-01
3.574048082870129317e-01
3.663159553431191706e-01
3.751175986831211118e-01
3.838690994802673728e-01
3.926495061671361197e-01
4.015609241686564079e-01
4.107327132448422291e-01
4.203266446849407423e-01
4.305430855599183815e-01
4.416281302684692545e-01
4.538813107618430154e-01
4.676629957099211476e-01
4.833997128576340008e-01
5.015842623634482189e-01
5.227655558780097689e-01
5.475207792890897096e-01
5.764004847727306480e-01
6.098373993258491277e-01
6.480153308632384812e-01
6.907094393318955472e-01
7.371345096732400126e-01
7.858659998432873106e-01
8.349084987951547188e-01
8.819519268092097519e-01
9.247736804367984176e-01
9.616573812406119526e-01
9.916736149307131543e-01
1.014733545973835582e+00
1.031436098438294202e+00
1.042806549057442744e+00
1.050032539083925354e+00
1.054263398595274071e+00
1.056490802018174913e+00
1.057497976961158992e+00
1.057854081530998025e+00
1.057932370564982572e+00
1.057937366270697455e+00
