4.682208762406660034e-09
4.863765429367224169e-02
8.790225492040462663e-02
1.192938101692420511e-01
1.442740400914893639e-01
1.642332661934528260e-01
1.804651182086820516e-01
1.941480981092717217e-01
2.063331087454084445e-01
2.179361235031388455e-01
2.297352394893908689e-01
2.423714200213321901e-01
2.563522926464356089e-01
2.720584265838074667e-01
2.897515683915966589e-01
3.095843668662339176e-01
3.316111677049759510e-01
3.557995053532663765e-01
3.820419637538189361e-01
4.101681194575814704e-01
4.399563197917624735e-01
4.711450855523887093e-01
5.034439620452321185e-01
5.365436742878261223e-01
5.701254718564550128e-01
6.038695762667875000e-01
6.374626689679496749e-01
6.706043810615914813e-01
7.030127667854988438e-01
7.344287616828196752e-01
7.646196432715034463e-01
7.933815269943489401e-01
8.205409433295394184e-01
8.459555532378538745e-01
8.695140686803300989e-01
8.911354528249999518e-01
9.107674808408640077e-01
9.283847469203949654e-01
9.439862064489923377e-01
9.575923441227000010e-01
9.692420593775449289e-01
9.789893598097592076e-01
9.868999514122022143e-01
9.930478115061612820e-01
9.975118262885955822e-01
1.000372570023466690e+00
1.001709297164034229e+00
1.001597212184711871e+00
1.000105074711054698e+00
9.972931897514067945e-01
9.932118245415479940e-01
9.879000848037757798e-01
9.813852741852722161e-01
9.736827513695778258e-01
9.647962899434365802e-01
9.547189366445788528e-01
9.434343542107781477e-01
9.309186257951825860e-01
9.171424889071257969e-01
9.020739581824883668e-01
8.856812880860465143e-01
8.679362190039556779e-01
8.488174432034869543e-01
8.283142209261162847e-01
8.064300715477917825e-01
7.831864603965653648e-01
7.586263985742669469e-01
7.328178710984076805e-01
7.058570079774884043e-01
6.778709135731277868e-01
6.490200719033224486e-01
6.195002495214512184e-01
5.895438233856191701e-01
5.594204688343384912e-01
5.294371525305416881e-01
4.999373871512023948e-01
4.712997188105268465e-01
4.439354348383514060e-01
4.182854987211439002e-01
3.948167408813783585e-01
3.740173586539946027e-01
3.563918064497173521e-01
3.424551878090480450e-01
3.327272949842152161e-01
3.277264789771183739e-01
3.279635737486781277e-01
3.339361427398088167e-01
3.461233640487358931e-01
3.649819227373440333e-01
3.909433349358240606e-01
4.244131888268380948e-01
4.657728523658100639e-01
5.153842668824238915e-01
5.735985196610601244e-01
6.407689673672333219e-01
7.172697659271269899e-01
8.035207513336166674e-01
9.000197100014886153e-01
1.007383176885581433e+00
1.126397004767887733e+00
