#Lower limit for the Conditional distribution of mass given radius from initial fitting w/o bootstrap
-1.793264207365827589e+00
-1.562174413890879965e+00
-1.549176969158255091e+00
-1.527403781003525696e+00
-1.497001840826271746e+00
-1.458095026826587315e+00
-1.410632640825301376e+00
-1.354408535468343944e+00
-1.289404347831444975e+00
-1.216684317654068259e+00
-1.139699136614885644e+00
-1.064428990890253557e+00
-9.967108751928989152e-01
-9.393042637578568055e-01
-8.919510194300054318e-01
-8.530277414830413907e-01
-8.207157983534174583e-01
-7.934416241489772315e-01
-7.699539398551125124e-01
-7.492827230790617410e-01
-7.306765336648960441e-01
-7.135469848909561374e-01
-6.974258121371744723e-01
-6.819332102599616752e-01
-6.667548555581866987e-01
-6.516252809477991459e-01
-6.363158205769925413e-01
-6.206258375066250332e-01
-6.043763297453411676e-01
-5.874052879576480146e-01
-5.695643797777603101e-01
-5.507166860085499493e-01
-5.307353327079684657e-01
-5.095029647359655689e-01
-4.869121007924799849e-01
-4.628665028667166004e-01
-4.372837837864693711e-01
-4.100995546406173142e-01
-3.812734517936237633e-01
-3.507973272557442512e-01
-3.187056484391220246e-01
-2.850876180923932468e-01
-2.500995943108422215e-01
-2.139750988232506368e-01
-1.770283990024113796e-01
-1.396471309538641625e-01
-1.022707326583494336e-01
-6.535509149477276847e-02
-2.932878239665666700e-02
5.449975413869056345e-03
3.872649222471510888e-02
7.036763915491132948e-02
1.003650820603104177e-01
1.288282089141160880e-01
1.559727883444894658e-01
1.821105657613749096e-01
2.076431878025056521e-01
2.330620928348544063e-01
2.589546595375989968e-01
2.860162555337880108e-01
3.150674154666527893e-01
3.470755457987207970e-01
3.831812997483398653e-01
4.247318065740344206e-01
4.733272993876182499e-01
5.308959035813070049e-01
5.998256263604603289e-01
6.832041093053196068e-01
7.852336664931851562e-01
9.117749212517901602e-01
1.069769113984147202e+00
1.257449215178122026e+00
1.437361087378034474e+00
1.566553570962419872e+00
1.649417429992981354e+00
1.703145541340547187e+00
1.739024318551527282e+00
1.763512680409317079e+00
1.780439504279670127e+00
1.792202889978859570e+00
1.800376832792011994e+00
1.806031155987960934e+00
1.809910813522190187e+00
1.812542568466600779e+00
1.814301966976525682e+00
1.815457379402428240e+00
1.816200096423135957e+00
1.816665531766795461e+00
1.816948502333515236e+00
1.817114411552472664e+00
1.817207507910715725e+00
1.817257003202600973e+00
1.817281596632782881e+00
1.817292798095236028e+00
1.817297341770551133e+00
1.817298909952983488e+00
1.817299335444825692e+00
1.817299412237909140e+00
1.817299413918732620e+00
1.943748457773000871e+00
