#Upper limit for the Conditional distribution of radius given mass from initial fitting w/o bootstrap
9.861312948235408105e-02
4.509024295472559979e-03
4.572928367742647507e-03
4.864640723263914841e-03
5.692244039309819238e-03
7.527646743762619885e-03
1.102165364171920139e-02
1.699397625679818433e-02
2.636687411692071811e-02
3.999249355118261740e-02
5.832711450851312679e-02
8.100383880421310745e-02
1.065896602823022815e-01
1.329084363695241244e-01
1.578461256591192075e-01
1.800089004839173779e-01
1.988460975306396705e-01
2.144146171084879426e-01
2.270882591645543847e-01
2.373509959707941763e-01
2.456836648285568026e-01
2.525143115049575115e-01
2.582037977750540891e-01
2.630483298038670537e-01
2.672887130997967375e-01
2.711212490105807116e-01
2.747080124574259874e-01
2.781856908519531602e-01
2.816728377044624976e-01
2.852756683380398561e-01
2.890926014562475443e-01
2.932177333868848379e-01
2.977433724600299647e-01
3.027616816069640393e-01
3.083653883309180332e-01
3.146474132508194077e-01
3.216992128116776262e-01
3.296074821695673673e-01
3.384489448144216706e-01
3.482830041068532556e-01
3.591424044741424737e-01
3.710226800631274968e-01
3.838720789138283518e-01
3.975845523741439735e-01
4.119988117726606225e-01
4.269055830673047502e-01
4.420631555678323776e-01
4.572184962888849458e-01
4.721293156544121294e-01
4.865824354668399354e-01
5.004055971113094969e-01
5.134722134004336969e-01
5.257004135064266004e-01
5.370485094324137787e-01
5.475088058374186772e-01
5.571012299400424084e-01
5.658676073994219902e-01
5.738670057239402267e-01
5.811722971434089002e-01
5.878679773048740564e-01
5.940492575459167535e-01
5.998224948466680528e-01
6.053071221228870646e-01
6.106393830669798461e-01
6.159784688691007926e-01
6.215159100444358486e-01
6.274899212702717000e-01
6.342073764113752565e-01
6.420783761646695620e-01
6.516726730476543050e-01
6.638164192459078405e-01
6.797685323792806988e-01
7.015658447635151340e-01
7.327428776156422741e-01
7.797592105120710881e-01
8.522668446972749834e-01
9.446774615887046922e-01
1.024058295279190789e+00
1.081924102376935926e+00
1.124593727549100475e+00
1.156905378883458013e+00
1.181695700466234511e+00
1.200725554701591813e+00
1.215206082630561513e+00
1.226056217675308702e+00
1.234023663947812599e+00
1.239737183392585207e+00
1.243726593028964933e+00
1.246430686271341681e+00
1.248203361235989739e+00
1.249321600981607272e+00
1.249995566144995518e+00
1.250379695373967648e+00
1.250583638134595166e+00
1.250682217841492916e+00
1.250724038769908120e+00
1.250738652007100660e+00
1.250742368466732701e+00
1.250742883926031723e+00
1.294794085345895684e+00
