#Bayesian Information Criterion from bootstrap run
1.907662385834693168e+03
1.928143130450700028e+03
1.929381719548900264e+03
1.885419515435727590e+03
1.895439096295731360e+03
1.913771116321787531e+03
1.860301234595537153e+03
1.863603218709220755e+03
1.913863746476808046e+03
1.862326270196950645e+03
1.862337126111953239e+03
1.894655537703519258e+03
1.856255408353982148e+03
1.924349240479993341e+03
1.889560716569593296e+03
1.866819127946729623e+03
1.854084086310694602e+03
1.881908433129408877e+03
1.986049114144327405e+03
1.849251975429070853e+03
1.855484647240906270e+03
1.895111463065934004e+03
1.864455759411110648e+03
1.879407435897847336e+03
1.912467352327350909e+03
1.951831572757040249e+03
1.859493255176864295e+03
1.922384600392403854e+03
1.812592564585684840e+03
1.919832291990014255e+03
1.894765131786567963e+03
1.875963476941308727e+03
1.969822313541721996e+03
1.877167534704162790e+03
1.825221154786526768e+03
1.871452111368422948e+03
1.956560753286472846e+03
1.915270388209650491e+03
1.885096946249364237e+03
1.903298461879177466e+03
1.905422250426998971e+03
1.854546602759925463e+03
1.872803808021171562e+03
1.984144356969345154e+03
1.865037583494114642e+03
1.922674255260113796e+03
1.874635301092432428e+03
1.870821310220749410e+03
1.883639446130078568e+03
1.857501501509481841e+03
1.899543369791136229e+03
1.864582711100083316e+03
1.909589369884715779e+03
1.897384107664202929e+03
1.888856060009639805e+03
1.866525169390800784e+03
1.901784525084709003e+03
1.863309391583925617e+03
1.896036026596574175e+03
1.908095517194432205e+03
1.891705678633891011e+03
1.866019802390644827e+03
1.909436450904077219e+03
1.974276479884902074e+03
1.893059166482807996e+03
1.852727998664710867e+03
1.911857206747251439e+03
1.865820832787058407e+03
1.887286105296562027e+03
1.955421289396895190e+03
1.913356557222513175e+03
1.871061438239625431e+03
1.895167992254295086e+03
1.882475707287214391e+03
1.922482714749454772e+03
1.884614993406512895e+03
1.936392756003898967e+03
1.931355945684821791e+03
1.863262934018489887e+03
1.871741552941693953e+03
1.870988822472310858e+03
1.870206383376625581e+03
1.909294899142344548e+03
1.892285528943418058e+03
1.932544890466425159e+03
1.903662624556657647e+03
1.864247674223277045e+03
1.910577122932893417e+03
1.891316120024697284e+03
1.887867019512790876e+03
1.962161202559469075e+03
1.841988481479468192e+03
1.853690423807704747e+03
1.913799138076960389e+03
1.842305388080930015e+03
1.891802498398925763e+03
1.956153064034484260e+03
1.861932669239310599e+03
1.806910171290591279e+03
1.914702135698976235e+03
