#Variance for the Conditional distribution of Radius given Mass from initial fitting w/o bootstrap
nan
1.008751066736576253e-02
1.008750721268678215e-02
1.008756834572479069e-02
1.008791452605561391e-02
1.008919150105435682e-02
1.009288825464560620e-02
1.010198665131797555e-02
1.012190045661962544e-02
1.016174134880596519e-02
1.023586482504942885e-02
1.036543396825749530e-02
1.057930951989850994e-02
1.091291692340935413e-02
1.140315517265041122e-02
1.207784729530865693e-02
1.294108130120527438e-02
1.396098429453294758e-02
1.506968369278979293e-02
1.618001235145539313e-02
1.721127315392326912e-02
1.810933899898623661e-02
1.885229268475075923e-02
1.944396444744755231e-02
1.990304724935352057e-02
2.025369509448746164e-02
2.051965652477960589e-02
2.072153142725220026e-02
2.087600805717923849e-02
2.099609460205036776e-02
2.109172806200811448e-02
2.117044354637371770e-02
2.123797035306178652e-02
2.129871553907058609e-02
2.135613738739856188e-02
2.141302588272335494e-02
2.147170974507800131e-02
2.153420721800008986e-02
2.160233411111897595e-02
2.167777897475718987e-02
2.176215221807943634e-02
2.185701356667323070e-02
2.196388045374911974e-02
2.208421869787957278e-02
2.221941611248748685e-02
2.237073952690400019e-02
2.253927610842577228e-02
2.272586088816743247e-02
2.293099399322567553e-02
2.315475315810927581e-02
2.339670936538902971e-02
2.365585550898585340e-02
2.393055919086720801e-02
2.421855050731657952e-02
2.451695343455125020e-02
2.482236501621646468e-02
2.513098035958805099e-02
2.543875443025648414e-02
2.574158519601353612e-02
2.603549826824412203e-02
2.631681187186934653e-02
2.658226300287814051e-02
2.682908035883184439e-02
2.705499569583675115e-02
2.725819103172148761e-02
2.743718311212527475e-02
2.759064782008730995e-02
2.771718539191422859e-02
2.781502261120607361e-02
2.788164127586908667e-02
2.791331445243150008e-02
2.790452582790027905e-02
2.784724801158561941e-02
2.773007373123000802e-02
2.753725080312266829e-02
2.724780512847585490e-02
2.683519979848551784e-02
2.626841549085053365e-02
2.551587463092404653e-02
2.455384501849242410e-02
2.337981917928756703e-02
2.202763678011112475e-02
2.057551150416016619e-02
1.913614318435039041e-02
1.782692506609639266e-02
1.673450581091993211e-02
1.589450154535099538e-02
1.529489864365870221e-02
1.489459475987572196e-02
1.464325923541278870e-02
1.449453857309450019e-02
1.441178437036799015e-02
1.436879798415341761e-02
1.434823904578723906e-02
1.433939174217459603e-02
1.433609349306581328e-02
1.433509619071436474e-02
1.433488071584367377e-02
1.433485583730522740e-02
nan
