#Variance for the Conditional distribution of Mass given Radius from initial fitting w/o bootstrap
nan
9.816061718770671685e-02
1.004272983255945634e-01
1.062863079176942366e-01
1.161982169456393654e-01
1.289176983364000995e-01
1.422276810259012481e-01
1.542570530449639266e-01
1.641262345422884461e-01
1.717701428042850420e-01
1.775156131950608729e-01
1.817814814706287529e-01
1.849433681056092682e-01
1.872965137907765809e-01
1.890595863809318156e-01
1.903902267855890063e-01
1.914008720849053047e-01
1.921715303918461737e-01
1.927592257499493311e-01
1.932047199207424792e-01
1.935372264074689264e-01
1.937777119778414936e-01
1.939412273859322799e-01
1.940385791235590129e-01
1.940775568721419542e-01
1.940638616944359018e-01
1.940018303475104511e-01
1.938950151174120562e-01
1.937466520373998247e-01
1.935600309772909644e-01
1.933387681261794777e-01
1.930869749596013374e-01
1.928093180816194685e-01
1.925109708069147052e-01
1.921974681409679697e-01
1.918744888008697691e-01
1.915475974219889577e-01
1.912219840700427331e-01
1.909022352835865743e-01
1.905921619098753517e-01
1.902946964813051756e-01
1.900118599859065005e-01
1.897447873118191242e-01
1.894937938738898153e-01
1.892584630814783120e-01
1.890377344716275831e-01
1.888299740975132590e-01
1.886330106699262155e-01
1.884441217553493586e-01
1.882599530571115731e-01
1.880763496272317703e-01
1.878880699435385992e-01
1.876883411080298436e-01
1.874681946055597737e-01
1.872154953703152047e-01
1.869135405024001384e-01
1.865390568406127270e-01
1.860593709432472320e-01
1.854284718757808759e-01
1.845816682525364405e-01
1.834286317989049231e-01
1.818449796495267279e-01
1.796634731105092864e-01
1.766678584760120185e-01
1.725957971011026493e-01
1.671619402996914749e-01
1.601151978802805853e-01
1.513380962987299072e-01
1.409705315116964175e-01
1.294969493965278384e-01
1.177115258773505369e-01
1.065265942004425814e-01
9.670663522284103641e-02
8.867896243353040608e-02
8.250821494225780983e-02
7.799921801286649470e-02
7.483539374696084046e-02
7.268579278894880813e-02
7.126271249761494120e-02
7.034081549791418309e-02
6.975488462881897223e-02
6.938906509880091167e-02
6.916466461575843105e-02
6.902951512731590744e-02
6.894971560102022834e-02
6.890362424000527619e-02
6.887766062816010060e-02
6.886345279926114893e-02
6.885593839326727139e-02
6.885212256726688795e-02
6.885027834889033416e-02
6.884943999589961117e-02
6.884908749003150474e-02
6.884895389940010046e-02
6.884891052890679264e-02
6.884890051379899401e-02
6.884890211553956751e-02
6.884891050010642777e-02
6.884893730197615136e-02
nan
