#Variance for the Conditional distribution of radius given mass from initial fitting w/o bootstrap
nan
2.719550544878243659e-01
2.719550544871647824e-01
2.719550544866639052e-01
2.719550544863418295e-01
2.719550544862180397e-01
2.719550544863122976e-01
2.719550544866444208e-01
2.719550544872348374e-01
2.719550544881044196e-01
2.719550544892750943e-01
2.719550544907695100e-01
2.719550544926115365e-01
2.719550544948259319e-01
2.719550544974392858e-01
2.719550545004793540e-01
2.719550545039753908e-01
2.719550545079585380e-01
2.719550545124616581e-01
2.719550545175196676e-01
2.719550545231696481e-01
2.719550545294507349e-01
2.719550545364046723e-01
2.719550545440755362e-01
2.719550545525106222e-01
2.719550545617596127e-01
2.719550545718756318e-01
2.719550545829150789e-01
2.719550545949375731e-01
2.719550546080067854e-01
2.719550546221901621e-01
2.719550546375592015e-01
2.719550546541898428e-01
2.719550546721625217e-01
2.719550546915626144e-01
2.719550547124806039e-01
2.719550547350118030e-01
2.719550547592576306e-01
2.719550547853248901e-01
2.719550548133261025e-01
2.719550548433801729e-01
2.719550548756122232e-01
2.719550549101532599e-01
2.719550549471415057e-01
2.719550549867207900e-01
2.719550550290414925e-01
2.719550550742605433e-01
2.719550551225402013e-01
2.719550551740488320e-01
2.719550552289596301e-01
2.719550552874501759e-01
2.719550553497014356e-01
2.719550554158970401e-01
2.719550554862215641e-01
2.719550555608588605e-01
2.719550556399907282e-01
2.719550557237939148e-01
2.719550558124377848e-01
2.719550559060815442e-01
2.719550560048702992e-01
2.719550561089315033e-01
2.719550562183705722e-01
2.719550563332662207e-01
2.719550564536652448e-01
2.719550565795771369e-01
2.719550567109686456e-01
2.719550568477576147e-01
2.719550569898075976e-01
2.719550571369218628e-01
2.719550572888383977e-01
2.719550574452254121e-01
2.719550576056776747e-01
2.719550577697137372e-01
2.719550579367753795e-01
2.719550581062278871e-01
2.719550582773632152e-01
2.719550584494046519e-01
2.719550586215142007e-01
2.719550587928017960e-01
2.719550589623375703e-01
2.719550591291653441e-01
2.719550592923184462e-01
2.719550594508358121e-01
2.719550596037806911e-01
2.719550597502568556e-01
2.719550598894266424e-01
2.719550600205263291e-01
2.719550601428799008e-01
2.719550602559110963e-01
2.719550603591512350e-01
2.719550604522461001e-01
2.719550605349572714e-01
2.719550606071624577e-01
2.719550606688517225e-01
2.719550607201207115e-01
2.719550607611635473e-01
2.719550607922618379e-01
2.719550608137740189e-01
2.719550608261228075e-01
nan
