#Conditional distribution of mass given radius from initial fitting w/o bootstrap
nan
-1.949929449757020761e-02
-1.530363820000270499e-02
-1.108674477430563951e-02
-6.844574635150525894e-03
-2.572765595761729307e-03
1.733391888624126681e-03
6.078981354579908632e-03
1.046948897347406773e-02
1.491083434191378156e-02
1.940940356396531064e-02
2.397208477491059864e-02
2.860630626088710854e-02
3.332007733217526996e-02
3.812203210976403134e-02
4.302147638464792062e-02
4.802843770653656558e-02
5.315371885258106388e-02
5.840895481652883664e-02
6.380667344341429958e-02
6.936035981331668820e-02
7.508452444847910079e-02
8.099477537957747164e-02
8.710789405723737278e-02
9.344191503184386127e-02
1.000162092457121260e-01
1.068515706838654433e-01
1.139703060097097126e-01
1.213963266660050694e-01
1.291552427455912588e-01
1.372744577256743148e-01
1.457832629091515009e-01
1.547129301211172259e-01
1.640968008628271857e-01
1.739703697234700752e-01
1.843713593868339939e-01
1.953397840407260500e-01
2.069179973983282517e-01
2.191507208709741195e-01
2.320850466921906829e-01
2.457704099883461502e-01
2.602585229320673044e-01
2.756032632179832298e-01
2.918605081923214550e-01
3.090879050855407928e-01
3.273445669910015066e-01
3.466906835689467781e-01
3.671870350180501119e-01
3.888943977503734328e-01
4.118728305540464985e-01
4.361808309750013768e-01
4.618743533545940361e-01
4.890056825936649476e-01
5.176221614445932762e-01
5.477647741141143944e-01
5.794665953069804143e-01
6.127511216059722265e-01
6.476305112241174111e-01
6.841037685068678265e-01
7.221549207678148452e-01
7.617512465800855281e-01
8.028416257756753049e-01
8.453550911786585909e-01
8.891996693928108098e-01
9.342616015503397708e-01
9.804050335769393110e-01
1.027472258155017526e+00
1.075284576404073489e+00
1.123643826073928764e+00
1.172334595149205017e+00
1.221127106344076063e+00
1.269780720964262644e+00
1.318047972666821499e+00
1.365679005884236075e+00
1.412426263392997594e+00
1.458049245770115743e+00
1.502319154732778550e+00
1.545023234047297134e+00
1.585968636047393687e+00
1.624985667745902473e+00
1.661930305802451935e+00
1.696685911068992691e+00
1.729164117427436143e+00
1.759304912472954729e+00
1.787075965987665382e+00
1.812471293528134852e+00
1.835509365188885855e+00
1.856230783070154988e+00
1.874695655457839116e+00
1.890980792244209008e+00
1.905176836213283709e+00
1.917385430276840053e+00
1.927716503404168558e+00
1.936285739539511663e+00
1.943212275748775975e+00
1.948616659687066877e+00
1.952619085339025728e+00
1.955337939340362263e+00
1.956889050293926902e+00
nan
