#Lower limit for the Conditional distribution of radius given mass from initial fitting w/o bootstrap
-4.295578707452392120e-01
-3.516708982626552960e-01
-2.567507803871827976e-01
-2.351364350401844439e-01
-2.292203468103597708e-01
-2.269984063285236664e-01
-2.259242477990987541e-01
-2.252756146055504838e-01
-2.247979338135383809e-01
-2.243858559147025034e-01
-2.239898743321434016e-01
-2.235840247031259109e-01
-2.231532137479135813e-01
-2.226877325582212463e-01
-2.221806839752579754e-01
-2.216266946166957352e-01
-2.210212336741000372e-01
-2.203602355014308567e-01
-2.196398821388457767e-01
-2.188564738540389187e-01
-2.180063501167519846e-01
-2.170858405980640449e-01
-2.160912347409635892e-01
-2.150187632908015234e-01
-2.138645878783194954e-01
-2.126247963013085662e-01
-2.112954020648727393e-01
-2.098723472877072893e-01
-2.083515084125716621e-01
-2.067287043572490490e-01
-2.049997068556691782e-01
-2.031602527951010539e-01
-2.012060583701216487e-01
-1.991328348561383077e-01
-1.969363057589643695e-01
-1.946122250239736284e-01
-1.921563958885827705e-01
-1.895646898339907738e-01
-1.868330649342454519e-01
-1.839575827104616146e-01
-1.809344223728129031e-01
-1.777598910703276358e-01
-1.744304284664380533e-01
-1.709426086151238089e-01
-1.672931067267196814e-01
-1.634787029870837516e-01
-1.594962203991896199e-01
-1.553424673210603846e-01
-1.510141489459106978e-01
-1.465077529403530643e-01
-1.418193975122690187e-01
-1.369446390093592703e-01
-1.318782314405309852e-01
-1.266138302379393177e-01
-1.211436317416242497e-01
-1.154579389131583506e-01
-1.095446427451592930e-01
-1.033886074134174327e-01
-9.697094570867714758e-02
-9.026816926156637499e-02
-8.325119565229621710e-02
-7.588419148320801888e-02
-6.812322679201535114e-02
-5.991471167454656688e-02
-5.119358054933068058e-02
-4.188118303124014480e-02
-3.188283284792643030e-02
-2.108495776958951851e-02
-9.351784737803899711e-03
3.478512958819405827e-03
1.759828099454174150e-02
3.323552097550754730e-02
5.065970137342298840e-02
7.018809098500738974e-02
9.219209183493619342e-02
1.171022006041964325e-01
1.454083716059821341e-01
1.776486666096029066e-01
2.143714808710361075e-01
2.560437684590949892e-01
3.028630464558853541e-01
3.544389755224279237e-01
4.094070518694866156e-01
4.652667832199978704e-01
5.188526388451276672e-01
5.673599798392477966e-01
6.091556359677324783e-01
6.438437996889385673e-01
6.718469839861105353e-01
6.939611038478598060e-01
7.110739868945119557e-01
7.240316851471111370e-01
7.335906329605095255e-01
7.404099338755799620e-01
7.450593004451384616e-01
7.480314193557993097e-01
7.497541950221325857e-01
7.506013196392994358e-01
7.509008743860408064e-01
6.249295850909453165e-01
