#Conditional distribution of radius given mass from initial fitting w/o bootstrap
nan
1.485481461510467782e-01
1.498956344657410289e-01
1.512553881971750169e-01
1.526275858152010834e-01
1.540124142849106370e-01
1.554100700015710601e-01
1.568207598421513249e-01
1.582447023484135074e-01
1.596821290585621056e-01
1.611332860067329620e-01
1.625984354122284592e-01
1.640778575834021813e-01
1.655718530645300945e-01
1.670807450579367970e-01
1.686048821581568602e-01
1.701446414400878682e-01
1.717004319490418596e-01
1.732726986474420472e-01
1.748619268807877214e-01
1.764686474345836253e-01
1.780934422643932202e-01
1.797369509932505438e-01
1.813998782846177604e-01
1.830830022151982706e-01
1.847871837905803172e-01
1.865133777682811966e-01
1.882626449777967115e-01
1.900361663562697145e-01
1.918352589520396501e-01
1.936613941873755185e-01
1.955162187169957877e-01
1.974015782715558831e-01
1.993195449362961669e-01
2.012724483858138180e-01
2.032629116779668399e-01
2.052938923049372477e-01
2.073687293093624817e-01
2.094911974002851840e-01
2.116655691496988623e-01
2.138966865180178256e-01
2.161900431482099982e-01
2.185518790857157168e-01
2.209892898263360883e-01
2.235103518677695189e-01
2.261242672416748090e-01
2.288415298288307698e-01
2.316741166031228427e-01
2.346357072979078640e-01
2.377419363194760993e-01
2.410106810131204258e-01
2.444623905662638985e-01
2.481204598336798905e-01
2.520116520805914528e-01
2.561665739010186016e-01
2.606202041570619410e-01
2.654124763902201423e-01
2.705889103582512223e-01
2.762012825927695481e-01
2.823083174326889710e-01
2.889763679662937235e-01
2.962800396392755720e-01
3.043026867761366439e-01
3.131366827791755569e-01
3.228833275252714352e-01
3.336522105882379630e-01
3.455597982739319618e-01
3.587269610670785203e-01
3.732751157927544083e-01
3.893206402287361367e-01
4.069672520559806106e-01
4.262961621111331922e-01
4.473540514127412049e-01
4.701393137799096400e-01
4.945875573501316569e-01
5.205580233975962701e-01
5.478232352763623414e-01
5.760646209121426109e-01
6.048767875384690740e-01
6.337823267166642349e-01
6.622574192004042626e-01
6.897663190363608754e-01
7.158005762448640397e-01
7.399173376760703746e-01
7.617708548709692939e-01
7.811326055641676369e-01
7.978978279135546803e-01
8.120790006756893886e-01
8.237890554978511970e-01
8.332183436856571701e-01
8.406095000896283143e-01
8.462336152850612470e-01
8.503699720090904801e-01
8.532904198892955483e-01
8.552485100985496302e-01
8.564728877849385746e-01
8.571641281628376019e-01
8.574941265149773617e-01
8.576072277498736351e-01
1.029082789314126334e+00
