#Bayesian Information Criterion from bootstrap run
1.119048473375811227e+03
1.113042948851859819e+03
1.121809968069845809e+03
1.097502220766648406e+03
1.097160073595183803e+03
1.142321899797654169e+03
1.162567054323513958e+03
1.129113798724018125e+03
1.090400553240523777e+03
1.130103865120695900e+03
1.116719025681728908e+03
1.119031824365865532e+03
1.095097344545706392e+03
1.168515860262086562e+03
1.133923784319022616e+03
1.108368154539758734e+03
1.070628951131596750e+03
1.096624023610503855e+03
1.057864831448118139e+03
1.084611164900951508e+03
1.141412290271503480e+03
1.087415285869981517e+03
1.089387433542766303e+03
1.128301112194046254e+03
1.111872910418667971e+03
1.114601878672372095e+03
1.124663445529211231e+03
1.141977407419267593e+03
1.112940544224111591e+03
1.085713649110781262e+03
1.107605584736670608e+03
1.134441285728284129e+03
1.146173276507941182e+03
1.116080774172461361e+03
1.083828210942440364e+03
1.074884594667940064e+03
1.128347239474429443e+03
1.168646814068927824e+03
1.127178718539395959e+03
1.089138191124233344e+03
1.133287059053216808e+03
1.113869164040207579e+03
1.127868791205838079e+03
1.088629129367352562e+03
1.092996089801041308e+03
1.071479413958174973e+03
1.153038419664600497e+03
1.091782074910511483e+03
1.198890894742878345e+03
1.162424730164412040e+03
