#Variance for the Conditional distribution of radius given mass from initial fitting w/o bootstrap
7.141198210244612161e-03
6.427345162406889259e-03
6.427478698565635383e-03
6.428454737017647545e-03
6.432345340287820394e-03
6.443626098874612532e-03
6.470519395370116951e-03
6.526585172917280867e-03
6.632303103353089091e-03
6.815986447233610829e-03
7.112765150020710324e-03
7.559864916599151087e-03
8.186841414766034275e-03
9.001979745545955064e-03
9.980595879228089731e-03
1.106380464269316084e-02
1.217213696463071565e-02
1.322813754144075774e-02
1.417552328157953637e-02
1.498648114718399531e-02
1.565786955089183002e-02
1.620235864984638161e-02
1.663987947473105633e-02
1.699173707941178946e-02
1.727746173687137038e-02
1.751358523040294837e-02
1.771349885699998253e-02
1.788780411699667991e-02
1.804482051068194426e-02
1.819108777413935146e-02
1.833179809233568061e-02
1.847114262927832679e-02
1.861257771103592973e-02
1.875902299505700921e-02
1.891300463886202293e-02
1.907675473832775095e-02
1.925227596307522646e-02
1.944137814927063279e-02
1.964569190062150431e-02
1.986666306384021752e-02
2.010553126752913367e-02
2.036329549351410459e-02
2.064066982052534596e-02
2.093803295590233871e-02
2.125537583773412509e-02
2.159225229836103654e-02
2.194773834674233759e-02
2.232040584719258494e-02
2.270831604884425078e-02
2.310903740793241248e-02
2.351969039622957280e-02
2.393701959464423698e-02
2.435749057547479182e-02
2.477740625481117051e-02
2.519303498893264714e-02
2.560074110786830781e-02
2.599710811031087643e-02
2.637904546927891114e-02
2.674387177301741983e-02
2.708936941335669119e-02
2.741380878437522234e-02
2.771594250582159677e-02
2.799497215328795169e-02
2.825049110636582497e-02
2.848240730283930350e-02
2.869084890681144334e-02
2.887605421015129042e-02
2.903824452608604403e-02
2.917747536483872653e-02
2.929345665235325372e-02
2.938532688996259301e-02
2.945135862627130258e-02
2.948856328497077503e-02
2.949215298443232103e-02
2.945480869529940385e-02
2.936570722097379613e-02
2.920929690284202254e-02
2.896393308347085249e-02
2.860078114954917386e-02
2.808399667804780536e-02
2.737415402318183616e-02
2.643780017343101696e-02
2.526521913693626983e-02
2.389306332922012596e-02
2.241800073715658620e-02
2.098194850756138208e-02
1.972548665778164553e-02
1.873706507054780784e-02
1.803311847475030580e-02
1.757495251450555060e-02
1.730032571323118426e-02
1.714828524864214082e-02
1.707084960364419618e-02
1.703502759199905861e-02
1.702034178641157608e-02
1.701523097087298889e-02
1.701383257142750904e-02
1.701357346643510293e-02
1.701355037492701186e-02
1.701355002850462109e-02
