#Lower limit for the Conditional distribution of mass given radius from initial fitting w/o bootstrap
5.490909520458612038e-09
-9.990022994717763227e-01
-8.856623576546257537e-01
-8.437008884134302722e-01
-8.187342015153551422e-01
-8.004164057120077835e-01
-7.853754442388580781e-01
-7.721843487214130608e-01
-7.601353687149069449e-01
-7.488374466988896305e-01
-7.380568248969723300e-01
-7.276451171739786172e-01
-7.175035386186345843e-01
-7.075637221841822866e-01
-6.977767883496981405e-01
-6.881067982397942595e-01
-6.785266633332467379e-01
-6.690154950474823670e-01
-6.595568308652005607e-01
-6.501374115222624539e-01
-6.407463142217333374e-01
-6.313743211830523672e-01
-6.220134466524114281e-01
-6.126565720982951602e-01
-6.032971558856408123e-01
-5.939289942814122147e-01
-5.845460175067309638e-01
-5.751421140842865043e-01
-5.657109447606883945e-01
-5.562458146615060217e-01
-5.467394984130973246e-01
-5.371840844581402541e-01
-5.275708157603091752e-01
-5.178899169161971239e-01
-5.081304103456739663e-01
-4.982799173021608130e-01
-4.883244405771635654e-01
-4.782481256683245308e-01
-4.680329970123091043e-01
-4.576586656308855861e-01
-4.471020043290231949e-01
-4.363367861690445326e-01
-4.253332816846694397e-01
-4.140578098712170418e-01
-4.024722376006864555e-01
-3.905334216826371052e-01
-3.781925873388439219e-01
-3.653946363660724450e-01
-3.520773776972038749e-01
-3.381706723804153714e-01
-3.235954840823808687e-01
-3.082628249256667563e-01
-2.920725845432347589e-01
-2.749122222948524596e-01
-2.566553330831128910e-01
-2.371599853096295341e-01
-2.162668930528898470e-01
-1.937973009497281907e-01
-1.695505256937471505e-01
-1.433010536208861874e-01
-1.147950372461885304e-01
-8.374597893874297094e-02
-4.982930778907976310e-02
-1.267545309690913322e-02
2.813910391847853840e-02
7.310342094716799910e-02
1.227870608406866487e-01
1.778588425830879283e-01
2.391091075392015042e-01
3.074723244132182010e-01
3.840394511938940436e-01
4.700301954209640254e-01
5.666492295790084288e-01
6.746581068978955154e-01
7.933919608707277193e-01
9.191809541209188250e-01
1.044449306775929953e+00
1.160005721664822964e+00
1.259616060957402972e+00
1.341846456177563596e+00
1.408360450902294891e+00
1.461800714968685133e+00
1.504703753333851646e+00
1.539176138391899151e+00
1.566883928349652066e+00
1.589129269656126109e+00
1.606933855549041334e+00
1.621107832170667118e+00
1.632302023890972897e+00
1.641046369566421248e+00
1.647778014365054222e+00
1.652861904539872473e+00
1.656606002185684101e+00
1.659272634209758568e+00
1.661087045378467852e+00
1.662243911505672855e+00
1.662912350984969256e+00
1.663239824744737527e+00
1.663355258004796333e+00
5.490909520458612038e-09
