#Lower limit for the Conditional distribution of radius given mass from initial fitting w/o bootstrap
-2.747634022450459734e-01
-2.747626331576907832e-01
-2.747505783459822104e-01
-2.746956984319983697e-01
-2.745400573477013162e-01
-2.741936073751917169e-01
-2.735268892423867171e-01
-2.723612502754869658e-01
-2.704551844579368147e-01
-2.674849066245678086e-01
-2.630176235359147907e-01
-2.564806663151265043e-01
-2.471511353738830297e-01
-2.342615328203054015e-01
-2.174501638019469274e-01
-1.976408343195713568e-01
-1.773050494496532514e-01
-1.589615113346566633e-01
-1.437575743394749195e-01
-1.316612547534854460e-01
-1.221671528461257678e-01
-1.147073840908206660e-01
-1.087930050241621982e-01
-1.040388023798619055e-01
-1.001512330467383416e-01
-9.690901691370365501e-02
-9.414541337454185310e-02
-9.173415315599828257e-02
-8.957884086022409320e-02
-8.760513664237572218e-02
-8.575502829020949236e-02
-8.398263550471002370e-02
-8.225112614503754527e-02
-8.053043778899858507e-02
-7.879558376172934864e-02
-7.702538526976987487e-02
-7.520151607045372222e-02
-7.330777804353653948e-02
-7.132954881163003358e-02
-6.925335887033282067e-02
-6.706656745350782212e-02
-6.475711330443056912e-02
-6.231333736525431627e-02
-5.972382181935662754e-02
-5.697732345742897303e-02
-5.406269660877515565e-02
-5.096887475516276994e-02
-4.768487990241451757e-02
-4.419987023702243167e-02
-4.050321154769785659e-02
-3.658462086637562227e-02
-3.243430534573614465e-02
-2.804318813808880789e-02
-2.340316049219847566e-02
-1.850738132375401995e-02
-1.335063460710761776e-02
-7.929688442094798978e-03
-2.243694602995937541e-03
3.705443693610215809e-03
9.912754771970625628e-03
1.636998800445658639e-02
2.306556884973913479e-02
2.998478872187631747e-02
3.711026523875546324e-02
4.442279659452674778e-02
5.190253822199201311e-02
5.953061430792538911e-02
6.729110122240838932e-02
7.517338185708245801e-02
8.317485435810798022e-02
9.130400740164942852e-02
9.958392450574350685e-02
1.080563490272702376e-01
1.167865669441887355e-01
1.258694091104596846e-01
1.354369493496620780e-01
1.456685449632106055e-01
1.568042328994327939e-01
1.691628908406904996e-01
1.831673184534712007e-01
1.993797561636283522e-01
2.185540623081163869e-01
2.417164184382819270e-01
2.702987037342495791e-01
3.063759728345249456e-01
3.531182015900317106e-01
4.156459498856024393e-01
5.018899454672405280e-01
6.143339655730509774e-01
7.170304610787922028e-01
7.812381371691264897e-01
8.189452373081322900e-01
8.417089473152663537e-01
8.555753316837655387e-01
8.638569303377895414e-01
8.685577881698381963e-01
8.709901891476964364e-01
8.720573640093474133e-01
8.723928418719308908e-01
8.724340856278856027e-01
