#Upper limit for the Conditional distribution of radius given mass from initial fitting w/o bootstrap
1.700497864828494077e-01
1.823633388936976851e-01
2.466585193243138741e-01
3.237489372504596674e-01
3.704154672375397639e-01
3.941308641150941816e-01
4.067876725513748792e-01
4.144015363367161697e-01
4.196698350820800560e-01
4.238392401112875962e-01
4.275215773283699838e-01
4.310355774456802180e-01
4.345557559619549481e-01
4.381809980630385071e-01
4.419679693067505855e-01
4.459482546196827935e-01
4.501375789194744792e-01
4.545409956706744636e-01
4.591559769406998170e-01
4.639743016005730691e-01
4.689833689569712916e-01
4.741671051691244143e-01
4.795067328105991344e-01
4.849813853308259648e-01
4.905686804079340546e-01
4.962452606283199175e-01
5.019873017371732082e-01
5.077709939015768725e-01
5.135729989973000231e-01
5.193708576525486453e-01
5.251433676173998810e-01
5.308709080134134117e-01
5.365357152488788861e-01
5.421221089594620013e-01
5.476166702109241946e-01
5.530083765021595044e-01
5.582887000980855108e-01
5.634516778310662000e-01
5.684939617319175742e-01
5.734148607363306338e-01
5.782163843478963505e-01
5.829032996384576615e-01
5.874832134579781595e-01
5.919666923440782824e-01
5.963674335036578400e-01
6.007025015268685486e-01
6.049926473349634959e-01
6.092627284181024727e-01
6.135422528653747820e-01
6.178660742291868235e-01
6.222752701272845632e-01
6.268182449122323696e-01
6.315521059601268972e-01
6.365443742874407063e-01
6.418751031778124894e-01
6.476394928402847695e-01
6.539510998444769685e-01
6.609457565170955284e-01
6.687862846180734344e-01
6.776680776887389346e-01
6.878254534548270405e-01
6.995384254183777406e-01
7.131388912251388490e-01
7.290140422478010862e-01
7.476024465314764500e-01
7.693744735502634491e-01
7.947832817766371516e-01
8.241685136962939584e-01
8.576016679049185409e-01
8.946978506005722753e-01
9.344883260204219777e-01
9.754917376708167609e-01
1.016026788425268057e+00
1.054607491357297810e+00
1.090194253448728334e+00
1.122225673307151173e+00
1.150515375323841960e+00
1.175121356349878132e+00
1.196242499574565077e+00
1.214151509929390027e+00
1.229155424477759162e+00
1.241572866163760169e+00
1.251720336497912367e+00
1.259903199505373106e+00
1.266409303268784869e+00
1.271504433829143688e+00
1.275429329017992996e+00
1.278398116788228123e+00
1.280598012511381611e+00
1.282190046059509259e+00
1.283310551954598422e+00
1.284073157862546832e+00
1.284571039421821714e+00
1.284879257885198633e+00
1.285057048450727546e+00
1.285149973327264439e+00
1.285191890830212680e+00
1.285206719735511260e+00
1.285210001003981528e+00
1.397444527425215632e+00
