#Conditional distribution of radius given mass from initial fitting w/o bootstrap
5.667075649926289760e-01
1.008928942671873247e-01
9.558861707948876352e-02
1.057834831281590227e-01
1.157453630125856309e-01
1.249266454778524132e-01
1.333529120722689032e-01
1.411008481218211097e-01
1.482456724644887480e-01
1.548539925933495875e-01
1.609836119785921782e-01
1.666845608721283789e-01
1.720002388268680460e-01
1.769684349558517944e-01
1.816221910579974563e-01
1.859905205300835529e-01
1.900990054148080088e-01
1.939702931898023841e-01
1.976245117555582853e-01
2.010796177605224389e-01
2.043516905056185773e-01
2.074551812964138264e-01
2.104031262113914003e-01
2.132073287488184810e-01
2.158785176246497406e-01
2.184264840541753350e-01
2.208602021081665367e-01
2.231879351491756480e-01
2.254173308937676423e-01
2.275555072876758178e-01
2.296091311048688299e-01
2.315844909745661540e-01
2.334875663923237088e-01
2.353240941753293181e-01
2.370996337734274928e-01
2.388196328436584248e-01
2.404894945367225256e-01
2.421146480300377657e-01
2.437006239770105054e-01
2.452531367306798604e-01
2.467781754488681534e-01
2.482821065063132993e-01
2.497717900382211420e-01
2.512547139329907586e-01
2.527391491959393166e-01
2.542343313397964488e-01
2.557506733432098889e-01
2.573000167791255066e-01
2.588959289749346859e-01
2.605540555481919984e-01
2.622925393817251982e-01
2.641325190627474839e-01
2.660987219891227107e-01
2.682201696743576891e-01
2.705310151184879830e-01
2.730715341914003447e-01
2.758892943453394309e-01
2.790405238905551699e-01
2.825917023522260818e-01
2.866213852600980605e-01
2.912222623816378420e-01
2.965034229370555607e-01
3.025927591800691152e-01
3.096393734660866093e-01
3.178157542805882807e-01
3.273193433157682297e-01
3.383729194913457361e-01
3.512229741921403248e-01
3.661349584149304892e-01
3.833839921960599528e-01
4.032394379780975258e-01
4.259418256935540992e-01
4.516712326684074186e-01
4.805076613670886676e-01
5.123864303827129207e-01
5.470549767457776325e-01
5.840410048653710273e-01
6.226440598682324579e-01
6.619613321330261035e-01
7.009523731403813906e-01
7.385370075700509185e-01
7.737094589540591816e-01
8.056446751603004719e-01
8.337739588339601049e-01
8.578162346987898701e-01
8.777643975057873860e-01
8.938374465529578261e-01
9.064146623352089538e-01
9.159674982886624184e-01
9.230003318296662318e-01
9.280056023239405816e-01
9.314342116594293008e-01
9.336791894305933592e-01
9.350694162349103555e-01
9.358701317490075722e-01
9.362874790708756167e-01
9.364750509572321580e-01
9.365410757882250969e-01
9.365553809614823866e-01
8.079878771683329797e-02
