#Weights for Beta densities from initial fitting w/o bootstrap
3.802696686522418629e-02
1.870565869896683581e-11
1.565324035484021853e-12
0.000000000000000000e+00
0.000000000000000000e+00
0.000000000000000000e+00
0.000000000000000000e+00
0.000000000000000000e+00
0.000000000000000000e+00
0.000000000000000000e+00
0.000000000000000000e+00
2.760767498942093279e-11
1.788308420753526376e-11
2.970916854270599233e-12
0.000000000000000000e+00
0.000000000000000000e+00
0.000000000000000000e+00
0.000000000000000000e+00
0.000000000000000000e+00
0.000000000000000000e+00
0.000000000000000000e+00
0.000000000000000000e+00
1.764911020064527380e-11
1.422440360350453112e-11
3.424768559294900233e-12
0.000000000000000000e+00
0.000000000000000000e+00
0.000000000000000000e+00
0.000000000000000000e+00
0.000000000000000000e+00
0.000000000000000000e+00
0.000000000000000000e+00
0.000000000000000000e+00
7.380514500607022327e-12
4.728699284353363175e-12
2.370275613424680655e-12
0.000000000000000000e+00
0.000000000000000000e+00
0.000000000000000000e+00
0.000000000000000000e+00
0.000000000000000000e+00
0.000000000000000000e+00
0.000000000000000000e+00
0.000000000000000000e+00
0.000000000000000000e+00
2.067180729706501879e-12
4.713167180951083890e-01
0.000000000000000000e+00
0.000000000000000000e+00
0.000000000000000000e+00
0.000000000000000000e+00
0.000000000000000000e+00
0.000000000000000000e+00
0.000000000000000000e+00
0.000000000000000000e+00
0.000000000000000000e+00
0.000000000000000000e+00
0.000000000000000000e+00
0.000000000000000000e+00
3.575047288100537818e-12
6.683875065287107897e-12
6.362791695434244499e-12
2.047354243062647627e-12
0.000000000000000000e+00
0.000000000000000000e+00
0.000000000000000000e+00
0.000000000000000000e+00
0.000000000000000000e+00
0.000000000000000000e+00
1.586003721474986417e-12
3.141141094312657200e-01
0.000000000000000000e+00
1.850045627354831093e-11
1.176937304667342865e-11
1.836120434839903781e-12
0.000000000000000000e+00
0.000000000000000000e+00
0.000000000000000000e+00
0.000000000000000000e+00
0.000000000000000000e+00
2.082692979394392546e-12
1.321590774506662888e-11
5.051512532917211418e-02
2.722517491397097311e-11
1.956748036714174577e-11
7.218139314610436813e-12
0.000000000000000000e+00
0.000000000000000000e+00
0.000000000000000000e+00
0.000000000000000000e+00
0.000000000000000000e+00
0.000000000000000000e+00
9.767265982281708031e-12
2.029529656448003996e-11
2.436628229371927412e-11
1.924874232309961228e-11
1.023494428044249144e-11
2.295010718739078776e-12
0.000000000000000000e+00
0.000000000000000000e+00
0.000000000000000000e+00
0.000000000000000000e+00
0.000000000000000000e+00
1.017828752053820396e-12
7.343711102007939584e-12
1.093216686067714077e-11
1.113700936485571835e-11
1.049345598478149122e-11
7.769781047934146145e-12
0.000000000000000000e+00
0.000000000000000000e+00
0.000000000000000000e+00
0.000000000000000000e+00
0.000000000000000000e+00
0.000000000000000000e+00
0.000000000000000000e+00
0.000000000000000000e+00
1.781780147416030941e-12
6.827806108857231021e-12
1.260270803823187180e-01
2.309565956721843644e-12
