#Variance for the Conditional distribution of mass given radius from initial fitting w/o bootstrap
7.772676070553125038e-02
8.612708870089762214e-02
1.080645552953568428e-01
1.357491852615229644e-01
1.624659734563533020e-01
1.850532800843642522e-01
2.029670233223595799e-01
2.168013141109478847e-01
2.274170477811572333e-01
2.355981310560918696e-01
2.419650915515985934e-01
2.469827544351362592e-01
2.509921187506471418e-01
2.542421812689120708e-01
2.569153889325348494e-01
2.591464281100937517e-01
2.610356450024435282e-01
2.626585134542824829e-01
2.640722995665907291e-01
2.653207677849773183e-01
2.664375245885989840e-01
2.674484141266885162e-01
2.683732531425176981e-01
2.692271054038239408e-01
2.700212362548532474e-01
2.707638467234381174e-01
2.714606575323892379e-01
2.721153921437418077e-01
2.727301918983260909e-01
2.733059837951297699e-01
2.738428116548310420e-01
2.743401340015751422e-01
2.747970869037736907e-01
2.752127072055398083e-01
2.755861109005192655e-01
2.759166224895472919e-01
2.762038534646654719e-01
2.764477309014620743e-01
2.766484798552079627e-01
2.768065653087128375e-01
2.769226004835807498e-01
2.769972283010845859e-01
2.770309817554318377e-01
2.770241271545395567e-01
2.769764918499018624e-01
2.768872754553613480e-01
2.767548408204738575e-01
2.765764782773548758e-01
2.763481339521802194e-01
2.760640902127646235e-01
2.757165835958388933e-01
2.752953428514614553e-01
2.747870272014460991e-01
2.741745428903279436e-01
2.734362153257181571e-01
2.725447958488073641e-01
2.714662886222313776e-01
2.701585977657138260e-01
2.685700230493705543e-01
2.666376818715335828e-01
2.642860161500210636e-01
2.614256670633133273e-01
2.579531785455820292e-01
2.537522225435005496e-01
2.486973001626212598e-01
2.426610869929103909e-01
2.355266011628312783e-01
2.272049265510112104e-01
2.176580202725891255e-01
2.069239976767204281e-01
1.951394952208306277e-01
1.825513257000280498e-01
1.695094621124846324e-01
1.564370511405216713e-01
1.437805236516160601e-01
1.319509966119693234e-01
1.212725070428692098e-01
1.119502786795585625e-01
1.040644154884134975e-01
9.758561155303001333e-02
9.240394986299209357e-02
8.836107187764136173e-02
8.527858684147179846e-02
8.297923169529305976e-02
8.130028242722409093e-02
8.010043930383546618e-02
7.926201282262797243e-02
7.869015348627053652e-02
7.831048843020668726e-02
7.806609928897687012e-02
7.791441425671598309e-02
7.782432524751081715e-02
7.777367004855070820e-02
7.774711751228367829e-02
7.773443899403655044e-02
7.772912379637626767e-02
7.772728797248679156e-02
7.772682649422571477e-02
7.772676379995875628e-02
2.212854483260016103e-01
