#Marginalized mass distribution from initial fitting w/o bootstrap
1.825097365552224571e-01
1.615816889595337591e-01
1.429499203535312124e-01
1.265577010863102592e-01
1.124232658600887585e-01
1.006046561043725945e-01
9.117259496306000244e-02
8.419021871453213901e-02
7.969860760138910982e-02
7.770716977892097588e-02
7.818803480157242303e-02
8.107370814465070241e-02
8.625732608269910673e-02
9.359493118316655758e-02
1.029092630797140001e-01
1.139946274080237132e-01
1.266224681515993322e-01
1.405473254781908488e-01
1.555129127609596040e-01
1.712580931735499523e-01
1.875225783158410431e-01
2.040522090481013406e-01
2.206037123563773794e-01
2.369488579022274166e-01
2.528779641767460729e-01
2.682027271241005928e-01
2.827583639561483952e-01
2.964050818706279178e-01
3.090288957254089253e-01
3.205418306162226005e-01
3.308815549521845756e-01
3.400104972111601120e-01
3.479145052659497472e-01
3.546011111748485489e-01
3.600974667907759774e-01
3.644480166186371273e-01
3.677119741899815830e-01
3.699606669691337668e-01
3.712748125902918805e-01
3.717417861780876187e-01
3.714529347453525143e-01
3.705009903052003395e-01
3.689776284873435008e-01
3.669712142117496079e-01
3.645647704411012491e-01
3.618342002957433690e-01
3.588467869537986799e-01
3.556599898520930170e-01
3.523205498221306797e-01
3.488639100059937048e-01
3.453139537608556076e-01
3.416830553340125531e-01
3.379724339243336262e-01
3.341727968875357058e-01
3.302652533339273666e-01
3.262224752462489219e-01
3.220100795456934950e-01
3.175882012860708481e-01
3.129132253853727508e-01
3.079396420331863560e-01
3.026219891605148593e-01
2.969168441412897153e-01
2.907848262248612370e-01
2.841925710857384768e-01
2.771146393277517661e-01
2.695353217990005268e-01
2.614503061633911551e-01
2.528681713339647752e-01
2.438116791002066241e-01
2.343188355718722471e-01
2.244436989095931201e-01
2.142569142100811119e-01
2.038459613522672631e-01
1.933151070800313842e-01
1.827850585861874599e-01
1.723923223590417275e-01
1.622882790444588053e-01
1.526379925496816614e-01
1.436187795566404024e-01
1.354185740083425071e-01
1.282341299684436053e-01
1.222691155176527933e-01
1.177321600279853525e-01
1.148349272343005129e-01
1.137902969900040917e-01
1.148107494390614575e-01
1.181070565493842345e-01
1.238873975242621855e-01
1.323570265312120076e-01
1.437186334553642308e-01
1.581735509929556305e-01
1.759239743472250095e-01
1.971763730736026676e-01
2.221462882454021959e-01
2.510647220795408918e-01
2.841863414809049915e-01
3.217997316434675348e-01
3.642399508986423062e-01
4.119036534421616769e-01
4.652670624189506055e-01
