#Variance for the Conditional distribution of radius given mass from initial fitting w/o bootstrap
1.152781225033448417e-02
1.152844698261322638e-02
1.153841805276034464e-02
1.158380004919881689e-02
1.171156294361860341e-02
1.198988663123946689e-02
1.250156840515767934e-02
1.332566209089965092e-02
1.450700656708494088e-02
1.602477120474050248e-02
1.778162324946033421e-02
1.962823174050028555e-02
2.141191439596063645e-02
2.301951865906911449e-02
2.439386989919974449e-02
2.552590293882422978e-02
2.643658658905284967e-02
2.716018473450258416e-02
2.773324774139909049e-02
2.818900762412472963e-02
2.855534173044417187e-02
2.885463105349324320e-02
2.910442911251977932e-02
2.931836038928891525e-02
2.950698320594784957e-02
2.967852050696091412e-02
2.983944118078056887e-02
2.999490646600628044e-02
3.014910536437627811e-02
3.030550275935298826e-02
3.046702032726538237e-02
3.063616607022407248e-02
3.081512446711705960e-02
3.100581615022509827e-02
3.120993368171933943e-02
3.142895833175685105e-02
3.166416163192761063e-02
3.191659478713262249e-02
3.218706868318333553e-02
3.247612714515940580e-02
3.278401620566674668e-02
3.311065235310127475e-02
3.345559296207726435e-02
3.381801226934049581e-02
3.419668625561090441e-02
3.458998954278104387e-02
3.499590685589530625e-02
3.541206070847618959e-02
3.583575577823977509e-02
3.626403903624893232e-02
3.669377321703277961e-02
3.712171984579110823e-02
3.754462695275723877e-02
3.795931595649424534e-02
3.836276207909085356e-02
3.875216307726793430e-02
3.912499195940377650e-02
3.947903056332634913e-02
3.981238220421635249e-02
4.012346286839891391e-02
4.041097145318980205e-02
4.067384020797217004e-02
4.091116674671491094e-02
4.112212876121054683e-02
4.130588189562119095e-02
4.146144020629008442e-02
4.158753730973521745e-02
4.168246482789493557e-02
4.174388323818568197e-02
4.176859900414083698e-02
4.175230139980060096e-02
4.168925365602863670e-02
4.157193756190616374e-02
4.139066118902096775e-02
4.113316034598811510e-02
4.078426207585397062e-02
4.032574079178264520e-02
3.973659064680011566e-02
3.899405703859673555e-02
3.807588206788956736e-02
3.696423137955418686e-02
3.565151070777533571e-02
3.414753673140698970e-02
3.248623887023226187e-02
3.072869248117096261e-02
2.895900671013604613e-02
2.727171007238537656e-02
2.575357681957904377e-02
2.446660462862608465e-02
2.343879257885243123e-02
2.266517079055166764e-02
2.211651065304875985e-02
2.175075758687776070e-02
2.152303727161448271e-02
2.139233399144828060e-02
2.132484172016314503e-02
2.129489455128475914e-02
2.128450029565290627e-02
2.128225573561714351e-02
2.128211482884478922e-02
