#Marginalized radius distribution from initial fitting w/o bootstrap
4.739121854090225794e-01
4.195695680801331262e-01
3.711895619239455324e-01
3.286248604276937324e-01
2.919228125588443357e-01
2.612341310476901657e-01
2.367424584785475794e-01
2.186117370729711851e-01
2.069486374553079211e-01
2.017775892232233914e-01
2.030262228472304031e-01
2.105192793066100465e-01
2.239792719169365065e-01
2.430323949692445307e-01
2.672183670057670657e-01
2.960030736961687947e-01
3.287930372166860127e-01
3.649508866098720716e-01
4.038111376242637940e-01
4.446957117835841911e-01
4.869287336695337642e-01
5.298502433499749920e-01
5.728285482485553359e-01
6.152710162103586233e-01
6.566331797236767409e-01
6.964260808386182333e-01
7.342218378831129044e-01
7.696574591961409251e-01
8.024369663338644099e-01
8.323319200911752924e-01
8.591804677307143256e-01
8.828850495140251331e-01
9.034089174535446798e-01
9.207716295973779053e-01
9.350436895482241439e-01
9.463405037104027917e-01
9.548158283419199144e-01
9.606548752300242411e-01
9.640672390579688722e-01
9.652798016187263963e-01
9.645297582712873963e-01
9.620579007225591450e-01
9.581022776314547240e-01
9.528923409336673700e-01
9.466436714219076398e-01
9.395533622174581101e-01
9.317961235499598871e-01
9.235211569239055729e-01
9.148498314784109242e-01
9.058741803139496174e-01
8.966562199245833309e-01
8.872280817827986610e-01
8.775929317098360993e-01
8.677266400485954545e-01
8.575801539485994329e-01
8.470825123716763105e-01
8.361444348206534816e-01
8.246624063591395659e-01
8.125231742959564407e-01
7.996085660112886018e-01
7.858005328526201927e-01
7.709863218676720198e-01
7.550636754018348329e-01
7.379459582941219065e-01
7.195671135764949433e-01
6.998863502278909188e-01
6.788924706614787308e-01
6.566077512308663433e-01
6.330912961219545831e-01
6.084417935410461054e-01
5.827996131008950087e-01
5.563481947253268167e-01
5.293146922165771207e-01
5.019698488313635298e-01
4.746270977630075993e-01
4.476408972964044941e-01
4.214043285573302322e-01
3.963460031831154695e-01
3.729263488628740131e-01
3.516333624965208848e-01
3.329779436670325943e-01
3.174889451745308566e-01
3.057081025093986715e-01
2.981850303116674872e-01
2.954725010441175415e-01
2.981222492677823577e-01
3.066815740244630550e-01
3.216910418781674941e-01
3.436836241263637182e-01
3.731856335468530794e-01
4.107198587857044392e-01
4.568113281096545797e-01
5.119961687417268204e-01
5.768340633762685243e-01
6.519248417402829787e-01
7.379297822495076709e-01
8.355982369250154473e-01
9.458002318217222371e-01
1.069565735314466526e+00
1.208131327739246696e+00
