-8.150160763707574585e-01
-8.149911302086061404e-01
-8.141753847353987439e-01
-8.083070308866865394e-01
-7.856558957043829894e-01
-7.248200714532472277e-01
-6.021921022481948604e-01
-4.152770658507248802e-01
-1.994490222991143757e-01
-3.802900679320006614e-03
1.457024650245776487e-01
2.501494844644124305e-01
3.216492775454500297e-01
3.720973681872478123e-01
4.099243254892630528e-01
4.403641738825009311e-01
4.664440356338063753e-01
4.898217023141515081e-01
5.113514327463416498e-01
5.314389764500945246e-01
5.502572615931095035e-01
5.678734365934900996e-01
5.843198274726028041e-01
5.996297696169321512e-01
6.138521647244455925e-01
6.270540098819427088e-01
6.393169425923598270e-01
6.507315477486277366e-01
6.613915552725773139e-01
6.713889782201841738e-01
6.808105744960117889e-01
6.897356432813662730e-01
6.982349892601081853e-01
7.063708264737627029e-01
7.141973955301519350e-01
7.217620990650503998e-01
7.291070014078537831e-01
7.362705794185622210e-01
7.432896481667142785e-01
7.502014161970487205e-01
7.570456505198532859e-01
7.638669513770636188e-01
7.707171511324920621e-01
7.776578594826065727e-01
7.847631767937541802e-01
7.921225857936567971e-01
7.998440048595747420e-01
8.080569384013289724e-01
8.169155855706795588e-01
8.266016634091352122e-01
8.373265653957495669e-01
8.493323234538922017e-01
8.628907034393267228e-01
8.782997032159313155e-01
8.958768338243003893e-01
9.159489611814344290e-01
9.388392506989154951e-01
9.648528519432130190e-01
9.942641188218973580e-01
1.027308841123214078e+00
1.064184474430944549e+00
1.105059216333753813e+00
1.150087182095941074e+00
1.199422985673012088e+00
1.253226423639911546e+00
1.311648164812514228e+00
1.374790864812219793e+00
1.442646302112550405e+00
1.515016590410739994e+00
1.591434636252008872e+00
1.671104021864372458e+00
1.752879420860969262e+00
1.835303642182260830e+00
1.916705867675287500e+00
1.995349724101306732e+00
2.069604647685460375e+00
2.138105833937776534e+00
2.199870888369880984e+00
2.254354135561548844e+00
2.301436866184271679e+00
2.341366723080943846e+00
2.374667365260900720e+00
2.402039831034366024e+00
2.424272006494085918e+00
2.442165622419112836e+00
2.456483869863277381e+00
2.467918314166931193e+00
2.477071423355086122e+00
2.484450195357990498e+00
2.490466336303136963e+00
2.495438411642926013e+00
2.499590270163052796e+00
2.503035382206366677e+00
2.505720832704293244e+00
2.507248437775183803e+00
2.506266603109434499e+00
2.498114970432777415e+00
2.465292100552172183e+00
2.373746531890135625e+00
2.329709712864783899e+00
