4.344934410982397716e-02
3.405371948781885094e-02
2.662397667254606803e-02
2.076875228606734833e-02
1.618588619654965852e-02
1.265607026840507264e-02
1.003875407354400118e-02
8.269356937114816578e-03
7.356787811872676774e-03
7.380082248302101584e-03
8.482931399930672758e-03
1.086508731850501473e-02
1.477004780248201803e-02
2.046896464472125476e-02
2.824128089361089416e-02
3.835309757390346214e-02
5.103463453068973754e-02
6.645834820005057375e-02
8.471929234087408056e-02
1.058191692254251554e-01
1.296552475344120992e-01
1.560149578922238600e-01
1.845765600733900724e-01
2.149158488430931713e-01
2.465184648883474716e-01
2.787970329082432031e-01
3.111120817143736561e-01
3.427955233434036852e-01
3.731753834806270098e-01
4.016004803159170522e-01
4.274638336867925825e-01
4.502237370032314279e-01
4.694216242501871861e-01
4.846960954075582584e-01
4.957927082111596717e-01
5.025693859682567322e-01
5.049975160498212379e-01
5.031590104617781334e-01
4.972397604628818191e-01
4.875200366939054786e-01
4.743624629507159352e-01
4.581982265959058109e-01
4.395121850345288794e-01
4.188274908960793463e-01
3.966902950787450921e-01
3.736550038860303458e-01
3.502704716197929113e-01
3.270674104677326888e-01
3.045472020118797363e-01
2.831722049535985719e-01
2.633575763391578506e-01
2.454645620556624164e-01
2.297951687099472895e-01
2.165881039560878518e-01
2.060158654172988824e-01
1.981828679512394886e-01
1.931245225606362803e-01
1.908072143864889825e-01
1.911291679698133295e-01
1.939222309602439132e-01
1.989546481212951523e-01
2.059349312807723098e-01
2.145169534694940927e-01
2.243064029795182601e-01
2.348687221887685861e-01
2.457386243217365429e-01
2.564312274765001010e-01
2.664547691297668996e-01
2.753247672586766615e-01
2.825793791244196607e-01
2.877955803236733612e-01
2.906056514254584111e-01
2.907133256956007661e-01
2.879088291222896556e-01
2.820819447591471074e-01
2.732321699968300321e-01
2.614750210384841345e-01
2.470435866817562720e-01
2.302845554271499284e-01
2.116481454922437555e-01
1.916716622786028001e-01
1.709567926053460196e-01
1.501412129295756070e-01
1.298656244474382104e-01
1.107379058638241626e-01
9.329665799255654202e-02
7.797695502507122345e-02
6.508155666057266475e-02
5.476110706402061157e-02
4.700688230494734499e-02
4.165938572631114334e-02
3.843548922245290655e-02
3.697587676220518565e-02
3.691333250195107107e-02
3.796110488227686514e-02
4.001950542670301703e-02
4.329863089263027986e-02
4.845651385848910586e-02
5.675643005875103536e-02
7.025642685540837984e-02
