-2.362510033835515944e-01
-2.362508640329785137e-01
-2.362414765123171112e-01
-2.361273245201161441e-01
-2.354436499785826642e-01
-2.326313957042423497e-01
-2.235800446684011455e-01
-1.998626979465548126e-01
-1.502428058921819187e-01
-7.165762896732483234e-02
1.924397654775523991e-02
9.872766445846940797e-02
1.568149514476293582e-01
1.965358773754287136e-01
2.241400919489811572e-01
2.444718741657010697e-01
2.604954201566047622e-01
2.738907539094302401e-01
2.855996990623065890e-01
2.961625641325207337e-01
3.059033288671683115e-01
3.150279190016219699e-01
3.236761251728730304e-01
3.319493188532645078e-01
3.399255349664305759e-01
3.476678998467782056e-01
3.552295072043982205e-01
3.626563712440493137e-01
3.699893270909083154e-01
3.772653545152865884e-01
3.845185949755673960e-01
3.917812245963519513e-01
3.990842910343274652e-01
4.064585966265396588e-01
4.139357015073935608e-01
4.215491221240625919e-01
4.293358093335987724e-01
4.373380038846275131e-01
4.456055835723702896e-01
4.541990327469648814e-01
4.631931758033507318e-01
4.726818119328695667e-01
4.827833512099612978e-01
4.936474521525056058e-01
5.054624502367462968e-01
5.184629739746490218e-01
5.329364754440889529e-01
5.492263565615892462e-01
5.677279091026952162e-01
5.888715622331308630e-01
6.130865510815517450e-01
6.407384442333102781e-01
6.720382007563202587e-01
7.069308432076988336e-01
7.449884013555948536e-01
7.853486022957021362e-01
8.267448224464170048e-01
8.676506656499032299e-01
9.065153342187896035e-01
9.420185215367927745e-01
9.732598120185483870e-01
9.998295844265906451e-01
1.021763231757255364e+00
1.039422112045241153e+00
1.053354722494683759e+00
1.064176988385166611e+00
1.072488569279506088e+00
1.078825200771302395e+00
1.083638829985378083e+00
1.087295652895551967e+00
1.090083833883332298e+00
1.092225268743898470e+00
1.093888043242579933e+00
1.095197876122594005e+00
1.096247854981678316e+00
1.097106338947722470e+00
1.097823176532212397e+00
1.098434492770276272e+00
1.098966316531471366e+00
1.099437293937444604e+00
1.099860692793638295e+00
1.100245858298966484e+00
1.100599237000839059e+00
1.100925045411002223e+00
1.101225623775398121e+00
1.101501493902159234e+00
1.101751164936775718e+00
1.101970874828045455e+00
1.102154797525859209e+00
1.102296637032625926e+00
1.102393147820427188e+00
1.102447975660722612e+00
1.102472022497293702e+00
1.102478847835026254e+00
1.102479048518862470e+00
1.102478086615502617e+00
1.102477568686165643e+00
1.102477445837991343e+00
1.102477437145539030e+00
1.102477439166370532e+00
