#Bayesian Information Criterion from bootstrap run
1.001117671022870013e+03
1.013630962334937067e+03
1.034986685458186457e+03
9.809361636844355417e+02
9.894223370750335107e+02
9.735693355666699063e+02
1.021696014394692156e+03
9.374642409421609273e+02
1.010359173926242761e+03
9.899944260027542668e+02
1.002068301452148262e+03
9.674803571845302486e+02
1.017754625669325151e+03
1.004304857781009105e+03
9.725801323110515568e+02
9.795687826130526901e+02
1.016329609185948470e+03
9.993947707509025804e+02
9.690007716896195689e+02
9.946670407723785274e+02
9.516530973108581293e+02
1.004645476836897387e+03
1.015666359122018321e+03
9.948218423325358799e+02
9.746490978586716665e+02
9.955170888734676282e+02
9.978450866803872259e+02
9.796976816172590361e+02
9.863693696695022481e+02
1.006768162760718155e+03
1.004861609633869989e+03
9.996004441016202691e+02
9.840905009925552349e+02
1.023594801375530324e+03
9.853068081798209050e+02
9.041275430491800762e+02
1.005280418381255004e+03
1.020763897810025128e+03
9.703927772306375346e+02
1.019141299418396102e+03
9.844997596840169081e+02
9.937363096020848161e+02
1.050306311983621299e+03
9.801045345658204724e+02
1.004093877921338503e+03
9.877629046589913742e+02
9.988256603407372722e+02
9.766531569079256769e+02
9.556524551418132205e+02
9.954718031712807260e+02
