#Bayesian Information Criterion from bootstrap run
9.081283399473633153e+02
8.701864316923833940e+02
8.778575853482469711e+02
9.620460090541128011e+02
8.575502332667839482e+02
8.682332552824344702e+02
8.477123939191543514e+02
8.099939454887393140e+02
9.114901861047337661e+02
1.011784280790970456e+03
8.563791941417897533e+02
8.756552359856107159e+02
8.513861964852384290e+02
8.793119018269750313e+02
9.958698169057081486e+02
8.883590673625710679e+02
8.385629757190698683e+02
8.348943279035158866e+02
8.406144886509450771e+02
9.113539085691738819e+02
9.152508416378079801e+02
8.520445382800219249e+02
8.104177693542859515e+02
9.470878237184305135e+02
