#Variance for the Conditional distribution of mass given radius from initial fitting w/o bootstrap
nan
7.540019464901537294e-01
7.540353752287533018e-01
7.540967091077438456e-01
7.541909939002410246e-01
7.543236926397891562e-01
7.545007049906737873e-01
7.547283844473472447e-01
7.550135524907677365e-01
7.553635086677876753e-01
7.557860353837635436e-01
7.562893960113746816e-01
7.568823247252530750e-01
7.575740062798587138e-01
7.583740437674338919e-01
7.592924122376848439e-01
7.603393959488216058e-01
7.615255069726293291e-01
7.628613829205503905e-01
7.643576617231522263e-01
7.660248317144875418e-01
7.678730557791577649e-01
7.699119690448406050e-01
7.721504505721888956e-01
7.745963707219315486e-01
7.772563173632811573e-01
7.801353058024634857e-01
7.832364791994873565e-01
7.865608082143443758e-01
7.901068005522889903e-01
7.938702327974516137e-01
7.978439182417799147e-01
8.020175251244250347e-01
8.063774595933755895e-01
8.109068266169199291e-01
8.155854799003553479e-01
8.203901685870220728e-01
8.252947842397398981e-01
8.302707065306811351e-01
8.352872405545809231e-01
8.403121331551821616e-01
8.453121506012495345e-01
8.502536958433167813e-01
8.551034408345841165e-01
8.598289482935682626e-01
8.643992579414986333e-01
8.687854146000373312e-01
8.729609193463759853e-01
8.769020898145939436e-01
8.805883212379770342e-01
8.840022454541902608e-01
8.871297903847983335e-01
8.899601470760727384e-01
8.924856549870949785e-01
8.947016186980720764e-01
8.966060705716031309e-01
8.981994942183693098e-01
8.994845230555316151e-01
9.004656270022312059e-01
9.011487986469640665e-01
9.015412482512474845e-01
9.016511149016493976e-01
9.014871991308086585e-01
9.010587205014612966e-01
9.003751020520746051e-01
8.994457821722044999e-01
8.982800534174300022e-01
8.968869269756281071e-01
8.952750209333509845e-01
8.934524701308355077e-01
8.914268552013909774e-01
8.892051483306956383e-01
8.867936733115321379e-01
8.841980775811479898e-01
8.814233140877087980e-01
8.784736310195230269e-01
8.753525676305835557e-01
8.720629545968342500e-01
8.686069175311234014e-01
8.649858824653173794e-01
8.612005822719621673e-01
8.572510631431990991e-01
8.531366903705956961e-01
8.488561527762343850e-01
8.444074652333700692e-01
8.397879687852479735e-01
8.349943279242810767e-01
8.300225246319318240e-01
8.248678488033078793e-01
8.195248846906393325e-01
8.139874929971151474e-01
8.082487882375699595e-01
8.023011109553677134e-01
7.961359943455389443e-01
7.897441247823386856e-01
7.831152956841752610e-01
7.762383540691997208e-01
7.691011390591161456e-01
7.616904114749182275e-01
nan
