#Variance for the Conditional distribution of radius given mass from initial fitting w/o bootstrap
nan
5.059893974061609179e-02
5.060688652521824066e-02
5.062050753727320024e-02
5.064010887528600652e-02
5.066599209125128428e-02
5.069845119860482557e-02
5.073776938294905642e-02
5.078421542570898950e-02
5.083803985872313580e-02
5.089947087650208840e-02
5.096871004234979075e-02
5.104592783453124061e-02
5.113125908890482629e-02
5.122479840457339756e-02
5.132659558873702010e-02
5.143665122558901265e-02
5.155491246128984795e-02
5.168126910226656517e-02
5.181555012682498990e-02
5.195752070987409710e-02
5.210687985708401665e-02
5.226325873777759590e-02
5.242621979520051267e-02
5.259525669860346669e-02
5.276979518408734388e-02
5.294919481089146313e-02
5.313275163742334911e-02
5.331970179768692752e-02
5.350922593484467443e-02
5.370045442550442499e-02
5.389247330703062638e-02
5.408433080176443253e-02
5.427504431740143298e-02
5.446360779264890206e-02
5.464899925216089305e-02
5.483018843487097449e-02
5.500614436516804845e-02
5.517584274658643428e-02
5.533827307225222536e-02
5.549244536448742771e-02
5.563739647680600309e-02
5.577219591403465015e-02
5.589595114940536236e-02
5.600781244017038335e-02
5.610697716461741924e-02
5.619269372245540295e-02
5.626426505666511785e-02
5.632105186747875247e-02
5.636247559771872390e-02
5.638802127298769840e-02
5.639724027997829181e-02
5.638975316140194122e-02
5.636525249675887472e-02
5.632350592452156635e-02
5.626435934350338536e-02
5.618774030955551307e-02
5.609366161870722040e-02
5.598222503999526062e-02
5.585362513123053735e-02
5.570815303971518584e-02
5.554620015854775522e-02
5.536826147895056865e-02
5.517493845155323900e-02
5.496694114649512686e-02
5.474508948543366227e-02
5.451031330999334817e-02
5.426365105272636796e-02
5.400624678993096173e-02
5.373934548194966854e-02
5.346428624651997086e-02
5.318249356428567109e-02
5.289546638167694215e-02
5.260476515299212369e-02
5.231199694757217300e-02
5.201879883539886618e-02
5.172681985044411124e-02
5.143770191035918621e-02
5.115306013825479670e-02
5.087446308240864412e-02
5.060341335861508194e-02
5.034132924471270559e-02
5.008952773633796457e-02
4.984920952769469199e-02
4.962144631343407691e-02
4.940717072156310119e-02
4.920716908788973915e-02
4.902207717594227188e-02
4.885237883893037841e-02
4.869840751827073794e-02
4.856035038186120451e-02
4.843825482892743367e-02
4.833203702979571581e-02
4.824149212982248303e-02
4.816630572698879509e-02
4.810606623116370217e-02
4.806027772759393496e-02
4.802837299494383538e-02
4.800972636598010990e-02
nan
