#Conditional distribution of radius given mass from initial fitting w/o bootstrap
nan
-1.216848507978113975e-01
-1.216813330288826350e-01
-1.216559852318292723e-01
-1.215563914781088717e-01
-1.212719571553597525e-01
-1.206048839199548722e-01
-1.192397280744851712e-01
-1.167215941367263643e-01
-1.124639403028682011e-01
-1.058182438580544393e-01
-9.623486000580901145e-02
-8.350346034027959774e-02
-6.797749718263326746e-02
-5.062252859093875623e-02
-3.279148843140283071e-02
-1.582183046419287711e-02
-6.853097866343716218e-04
1.214660071531797544e-02
2.263365004409178052e-02
3.100712549897400444e-02
3.761857324708203776e-02
4.283828032565147742e-02
4.700295614801940081e-02
5.039690958940518106e-02
5.325139283065101481e-02
5.575181679528908724e-02
5.804718505922285693e-02
6.025912215434582608e-02
6.248952624975139675e-02
6.482666210879542423e-02
6.734982532371687480e-02
7.013279529400062717e-02
7.324628200154763291e-02
7.675952403923391731e-02
8.074114166409392113e-02
8.525930144884863449e-02
9.038121394042841761e-02
9.617196573097397394e-02
1.026926851832122012e-01
1.099980594010267765e-01
1.181332610180405585e-01
1.271304072719595668e-01
1.370047572959042781e-01
1.477509477753321809e-01
1.593396566303756923e-01
1.717151475612605782e-01
1.847941604146079719e-01
1.984665515702777883e-01
2.125979440346419114e-01
2.270344263591697331e-01
2.416090728867462400e-01
2.561497941421440605e-01
2.704878222032357504e-01
2.844660399512768945e-01
2.979463996764354916e-01
3.108158380141147759e-01
3.229903435765060227e-01
3.344171167801879285e-01
3.450750237367241069e-01
3.549737473206164839e-01
3.641521601276386244e-01
3.726764889161575112e-01
3.806388263757157775e-01
3.881564981639090695e-01
3.953727336466729136e-01
4.024590318339870687e-01
4.096195603734155144e-01
4.170978571553946579e-01
4.251859762563613421e-01
4.342359475642024735e-01
4.446728577755947320e-01
4.570077842216763719e-01
4.718469141843565917e-01
4.898901423415706891e-01
5.119081922256037975e-01
5.386826817446291882e-01
5.708914029978934268e-01
6.089274746756527801e-01
6.526644480283280148e-01
7.012242021352195209e-01
7.528563028083976594e-01
8.050529029607912390e-01
8.549512567670680685e-01
8.999226051671285198e-01
9.381145243640625075e-01
9.687252030002985181e-01
9.919432634884921551e-01
1.008655710929966975e+00
1.020091916785108577e+00
1.027530106332605886e+00
1.032114539073275994e+00
1.034773856812262638e+00
1.036208188937216335e+00
1.036913182535145639e+00
1.037218569232139620e+00
1.037328522683630849e+00
1.037357894754157073e+00
1.037362375293599870e+00
nan
