#Variance for the Conditional distribution of mass given radius from initial fitting w/o bootstrap
1.003002503799920175e-01
1.029090409965760927e-01
1.135346675530375660e-01
1.327408583927459640e-01
1.559229256702699407e-01
1.774881286419397741e-01
1.946309520908290625e-01
2.071906316809502269e-01
2.160916479040253801e-01
2.223641632880116459e-01
2.268240131147607197e-01
2.300471113415220314e-01
2.324233579084288015e-01
2.342139984359908333e-01
2.355948627554294572e-01
2.366856685234408619e-01
2.375691274769743677e-01
2.383032633507161657e-01
2.389293630797732770e-01
2.394771454217598794e-01
2.399681532448330878e-01
2.404180047478119420e-01
2.408379070814818668e-01
2.412356918659580574e-01
2.416165419748648457e-01
2.419835213533589602e-01
2.423379814977094648e-01
2.426798917539489397e-01
2.430081213447268240e-01
2.433206866835712634e-01
2.436149670403455481e-01
2.438878845814210494e-01
2.441360409878051141e-01
2.443558018681681321e-01
2.445433213671625583e-01
2.446945018295897112e-01
2.448048861654481823e-01
2.448694828610099572e-01
2.448825248893638229e-01
2.448371639529476618e-01
2.447251007564779923e-01
2.445361508652643956e-01
2.442577448761865111e-01
2.438743620331745576e-01
2.433668991894494815e-01
2.427119835802628856e-01
2.418812500325039083e-01
2.408406232446050066e-01
2.395496761901631244e-01
2.379611789730143312e-01
2.360210098218482599e-01
2.336686692952842093e-01
2.308387113937074853e-01
2.274634609561578535e-01
2.234773891123232048e-01
2.188234137505967736e-01
2.134611168766879230e-01
2.073763796178372254e-01
2.005912487453556936e-01
1.931721109326409169e-01
1.852337601178968285e-01
1.769370840113674292e-01
1.684791447827539146e-01
1.600762968372831940e-01
1.519430859765164843e-01
1.442711203387827823e-01
1.372121887692982212e-01
1.308685607491061609e-01
1.252912621859274267e-01
1.204851062381933346e-01
1.164180559684038913e-01
1.130322804568139744e-01
1.102547796285744813e-01
1.080062744172687189e-01
1.062078396875602848e-01
1.047853179443891253e-01
1.036718612112713517e-01
1.028090581032156670e-01
1.021470879887483307e-01
1.016442689706313629e-01
1.012662746179140566e-01
1.009852094927124605e-01
1.007786651232666364e-01
1.006288277072246024e-01
1.005216742206702096e-01
1.004462712665880886e-01
1.003941774999193987e-01
1.003589429853614240e-01
1.003356952489712489e-01
1.003208005715338219e-01
1.003115892293115624e-01
1.003061342648356724e-01
1.003030745652498390e-01
1.003014743046357210e-01
1.003007120519338324e-01
1.003003940618058115e-01
1.003002879519510060e-01
1.003002818529875051e-01
1.003006475692554134e-01
1.881143861927758454e-01
