#Variance for the Conditional distribution of radius given mass from initial fitting w/o bootstrap
3.286380996436179258e-02
8.995562264954961099e-03
8.996735724528274677e-03
9.003159881329256264e-03
9.024562795813671767e-03
9.079282956417815756e-03
9.197587496870114621e-03
9.424434399088511133e-03
9.819772311858055922e-03
1.045321296939944779e-02
1.138965085367225731e-02
1.266548802734603421e-02
1.426295840470492328e-02
1.609824857189860736e-02
1.803682175305659080e-02
1.993204412094429223e-02
2.166557680334269681e-02
2.316894613748937681e-02
2.442227713159891150e-02
2.543979369441182886e-02
2.625336689575722901e-02
2.690019925731854111e-02
2.741573847831211413e-02
2.783057624760496701e-02
2.816971348097429412e-02
2.845297392736595779e-02
2.869584061294243316e-02
2.891034848041364180e-02
2.910587805597578126e-02
2.928980342935396525e-02
2.946799656520814395e-02
2.964520792669026253e-02
2.982534706574241010e-02
3.001168471599274801e-02
3.020699404873281382e-02
3.041364486738711362e-02
3.063366127039125059e-02
3.086875086516493311e-02
3.112031192548102981e-02
3.138942383828399046e-02
3.167682565006907369e-02
3.198288735670853922e-02
3.230757863734132901e-02
3.265043985820245687e-02
3.301056020693583781e-02
3.338656760896314274e-02
3.377663449698475873e-02
3.417850247474533282e-02
3.458952743352191467e-02
3.500674483223330247e-02
3.542695281859350315e-02
3.584680889770050505e-02
3.626293422074735456e-02
3.667201851555448866e-02
3.707091837287220665e-02
3.745674207442022813e-02
3.782691530181343798e-02
3.817922368646044923e-02
3.851182996657739194e-02
3.882326521417110710e-02
3.911239492970114418e-02
3.937836160281558279e-02
3.962050553021685684e-02
3.983826529326014998e-02
4.003105845389289680e-02
4.019814196271753737e-02
4.033845087567976273e-02
4.045041389179201280e-02
4.053174604481320220e-02
4.057922442888571568e-02
4.058846499329194640e-02
4.055374127758027553e-02
4.046792398469188645e-02
4.032267529352852320e-02
4.010909483500664507e-02
3.981905090550624804e-02
3.944736485210791066e-02
3.899473880022719802e-02
3.847076483711098921e-02
3.789569375814168251e-02
3.729940754565922584e-02
3.671686935974255439e-02
3.618116624411731042e-02
3.571688318630634323e-02
3.533648822223075386e-02
3.504062884448382736e-02
3.482124886771955502e-02
3.466561445555715187e-02
3.455975698192415013e-02
3.449071569822093758e-02
3.444763350894684828e-02
3.442204426536574213e-02
3.440770482111255024e-02
3.440023026959552338e-02
3.439668585277787932e-02
3.439521127022231867e-02
3.439470602415121286e-02
3.439458000308829450e-02
3.439456285328767321e-02
2.773322282688244628e-02
