#Akaike Information Criterion from bootstrap run
7.981785674868997376e+02
7.807477624785051376e+02
7.609740017561002787e+02
7.526765041234984892e+02
8.314062209350994408e+02
8.332608372444814222e+02
7.793013021496794863e+02
7.492897952698366453e+02
8.276795350337168884e+02
7.852363363632633764e+02
7.220347849408196907e+02
7.250937029246429120e+02
7.836268499709385651e+02
7.629554906737505462e+02
7.668012056777370162e+02
7.910651264823918609e+02
8.322996566960016480e+02
8.083628251269896055e+02
7.484844034320874471e+02
7.722675847469173505e+02
8.495679827841685210e+02
7.795335232044993745e+02
7.456974536678042114e+02
7.314797185156542128e+02
8.299283401157654225e+02
8.018593616771602228e+02
7.607052450462708748e+02
8.261205955797551042e+02
7.498699613471926568e+02
8.073089249705013799e+02
7.397238230654563722e+02
7.632809407869133338e+02
7.726362220302588639e+02
7.846283701448561487e+02
7.544742849103749904e+02
7.430922925717832186e+02
7.991312942616542614e+02
7.684274019651318213e+02
8.227428889373517222e+02
8.222365523155184519e+02
7.842083084587750363e+02
7.245457296006736669e+02
8.303631551095627401e+02
7.626718976257708391e+02
8.413008124001876240e+02
7.980951189766055904e+02
7.718769636261462210e+02
7.276467155614612921e+02
8.236617104723835610e+02
7.831356515821859148e+02
7.906344247526792515e+02
8.269316334673710571e+02
7.852894398039750286e+02
7.578581743853343369e+02
8.023929352761133487e+02
7.512200287842853186e+02
7.897317805845353860e+02
7.274245484817651004e+02
8.077937538933673522e+02
8.042983318887512496e+02
7.654531952530966237e+02
7.951504801893712511e+02
7.983811106736445709e+02
7.685547242629515949e+02
7.951602992283335425e+02
8.626990593743098543e+02
7.370061647852476199e+02
7.879905432944808581e+02
7.628633154764431765e+02
8.257068012955238601e+02
7.585841346472150235e+02
7.310022534733782322e+02
8.002702175796507618e+02
7.894453519217306621e+02
8.167042799879100130e+02
7.533183061476190687e+02
7.917039239323005404e+02
7.474678962020234394e+02
7.460238375951240641e+02
7.526085542834698572e+02
8.463416092592412951e+02
7.769781498671837880e+02
7.629324111077646648e+02
7.649121778049283193e+02
7.230384582148874415e+02
7.680803646232234314e+02
7.824307567140272113e+02
7.491916889305217637e+02
7.875543717227748175e+02
7.995048599483525322e+02
8.005143858665963990e+02
7.935811002328509858e+02
7.977567690572973333e+02
7.715932534836788363e+02
8.296332925096935469e+02
8.093780660945042200e+02
7.433519051958508044e+02
7.951091539802838497e+02
7.861589510936373699e+02
7.997706350213884434e+02
