#Variance for the Conditional distribution of mass given radius from initial fitting w/o bootstrap
nan
1.487627586929185786e-01
1.635391209915991739e-01
1.746141814090714506e-01
1.831144370678363109e-01
1.897735030533662104e-01
1.950838713333543362e-01
1.993852107103555316e-01
2.029174564680125137e-01
2.058537106397698713e-01
2.083211991852362277e-01
2.104149567026445122e-01
2.122069633234189012e-01
2.137523676484130164e-01
2.150938010692786673e-01
2.162644174389192486e-01
2.172900676695016242e-01
2.181908806749857099e-01
2.189824356792751392e-01
2.196766561324396405e-01
2.202825200446084930e-01
2.208066575339507065e-01
2.212538882844186094e-01
2.216277354022375690e-01
2.219309351042914047e-01
2.221659426115275282e-01
2.223354145378430291e-01
2.224426303576415298e-01
2.224918054015082580e-01
2.224882503773318587e-01
2.224383498892830435e-01
2.223493619132606847e-01
2.222290734866328166e-01
2.220853743164888372e-01
2.219258210604212467e-01
2.217572580347139388e-01
2.215855390307473471e-01
2.214153678717974416e-01
2.212502506110736455e-01
2.210925352589422910e-01
2.209435071397659878e-01
2.208035078630040116e-01
2.206720504558609963e-01
2.205479094448270228e-01
2.204291703708879668e-01
2.203132271116450269e-01
2.201967169560004045e-01
2.200753825740542347e-01
2.199438469614581337e-01
2.197952822301832421e-01
2.196209458215580557e-01
2.194095483722246775e-01
2.191464062685021252e-01
2.188123196072104260e-01
2.183821047969397855e-01
2.178227048320801051e-01
2.170908084783443603e-01
2.161299495423124606e-01
2.148671596165955266e-01
2.132094616378917284e-01
2.110408875486312619e-01
2.082213585857446148e-01
2.045897096730348030e-01
1.999742109968329906e-01
1.942145468435874378e-01
1.871980740440447599e-01
1.789085087467107149e-01
1.694760901582470503e-01
1.592076748092037530e-01
1.485718196540599112e-01
1.381274930081382579e-01
1.284140537075830202e-01
1.198451193315290819e-01
1.126479369605711406e-01
1.068629246691656792e-01
1.023878692626181419e-01
9.903830033727488436e-02
9.660105374677172008e-02
9.487074799019860893e-02
9.366905998793138843e-02
9.285135284720485993e-02
9.230580667389999550e-02
9.194900785928590559e-02
9.172046089342224262e-02
9.157731582072774212e-02
9.148985842500871601e-02
9.143789972718008308e-02
9.140800627130449274e-02
9.139143880127711950e-02
9.138265393104517964e-02
9.137823697590759242e-02
9.137615651434957686e-02
9.137525421532508019e-02
9.137490368320363987e-02
9.137478864034478954e-02
9.137476386890402980e-02
9.137477271652554023e-02
9.137480475438626570e-02
9.137490531881917177e-02
nan
