#Variance for the Conditional distribution of radius given mass from initial fitting w/o bootstrap
nan
1.256674507756970829e-02
1.256693022654694659e-02
1.256794915194099638e-02
1.257099081359870467e-02
1.257804809582678193e-02
1.259213043275527258e-02
1.261749371041581864e-02
1.265983875455248264e-02
1.272640411954326263e-02
1.282584048707854571e-02
1.296772320260541379e-02
1.316156780909931261e-02
1.341530475620984764e-02
1.373337465961331667e-02
1.411489068458708467e-02
1.455253725471363641e-02
1.503282453344004926e-02
1.553788713461831152e-02
1.604836999642882123e-02
1.654647550380412141e-02
1.701825646163887887e-02
1.745467876212923250e-02
1.785151830459217118e-02
1.820849805084168507e-02
1.852813196745900157e-02
1.881462046402536392e-02
1.907297231256282685e-02
1.930839487345331271e-02
1.952592028902287377e-02
1.973020844796283257e-02
1.992546786967074740e-02
2.011544725281326149e-02
2.030346407293285096e-02
2.049244827784186054e-02
2.068498774966461354e-02
2.088336803667139793e-02
2.108960257973554325e-02
2.130545194404506737e-02
2.153243195573841667e-02
2.177181151769226261e-02
2.202460148774824239e-02
2.229153649301254814e-02
2.257305199626627110e-02
2.286925933893823107e-02
2.317992183093262049e-02
2.350443518225667563e-02
2.384181559982176055e-02
2.419069862984974187e-02
2.454935125567422535e-02
2.491569884411117680e-02
2.528736730626654841e-02
2.566173939620651490e-02
2.603602256290285868e-02
2.640732438005754384e-02
2.677273048805987529e-02
2.712937933833452914e-02
2.747452790782965379e-02
2.780560293499027835e-02
2.812023301209899337e-02
2.841625787486365060e-02
2.869171224380860988e-02
2.894478238143231852e-02
2.917373396333717422e-02
2.937680982317396328e-02
2.955209562576664034e-02
2.969735069676868872e-02
2.980980044623025849e-02
2.988588676124702762e-02
2.992097467190626969e-02
2.990901971678074089e-02
2.984221439633093914e-02
2.971065947627522102e-02
2.950215404333906763e-02
2.920227396608792922e-02
2.879501055497527343e-02
2.826434327948206329e-02
2.759714261266839677e-02
2.678758561945538200e-02
2.584262542837017368e-02
2.478695175292413080e-02
2.366478422289537697e-02
2.253586524237144451e-02
2.146516324990352040e-02
2.050940819557829989e-02
1.970597030848605935e-02
1.906844032944635808e-02
1.858941417823426964e-02
1.824760824374827353e-02
1.801562389814570855e-02
1.786594500401436636e-02
1.777445798325860346e-02
1.772187980120265918e-02
1.769383568084288705e-02
1.768024778236935296e-02
1.767447696189047499e-02
1.767245958145453183e-02
1.767194641312317543e-02
1.767187521066680700e-02
nan
