#Lower limit for the Conditional distribution of radius given mass from initial fitting w/o bootstrap
8.994479230308769387e-09
-1.783189191247618599e-01
-1.773957319153109946e-01
-1.759133119107596510e-01
-1.739234404507291054e-01
-1.714807308820081866e-01
-1.686408268163419599e-01
-1.654588518842285416e-01
-1.619881013000750436e-01
-1.582789901846560765e-01
-1.543781681753389201e-01
-1.503278885294960787e-01
-1.461655484639950431e-01
-1.419234238680259774e-01
-1.376285769814925286e-01
-1.333029342095699288e-01
-1.289634910700955817e-01
-1.246226305270484586e-01
-1.202885167293117480e-01
-1.159655337883951920e-01
-1.116547410227446552e-01
-1.073543208273437383e-01
-1.030600009490092589e-01
-9.876543861255895895e-02
-9.446255904120351432e-02
-9.014184471542661947e-02
-8.579257998154933562e-02
-8.140303160032048846e-02
-7.696061952873001211e-02
-7.245201199188869290e-02
-6.786320608890657191e-02
-6.317957041675210939e-02
-5.838587155846727828e-02
-5.346624810662278099e-02
-4.840420196240257517e-02
-4.318254103742492217e-02
-3.778331752895619511e-02
-3.218774858394597010e-02
-2.637612851016329571e-02
-2.032770557309864987e-02
-1.402059894223378622e-02
-7.431650369608217011e-03
-5.363127861196750499e-04
6.691472229522788320e-03
1.427938225152764959e-02
2.225679605886246235e-02
3.065483062085068086e-02
3.950630529591962758e-02
4.884559409500766752e-02
5.870831178551273039e-02
6.913076057085026926e-02
8.014904161856491183e-02
9.179771224791652418e-02
1.041078510857276901e-01
1.171043917764108960e-01
1.308026209713571975e-01
1.452038421764944021e-01
1.602903736203666329e-01
1.760204623451858130e-01
1.923239150453226465e-01
2.090998090960108358e-01
2.262175895756828314e-01
2.435225128290775809e-01
2.608453756706728965e-01
2.780151596377871126e-01
2.948721944197217337e-01
3.112792638673680945e-01
3.271288359582448790e-01
3.423459128087954495e-01
3.568870685941377685e-01
3.707369974015093939e-01
3.839038667491962986e-01
3.964145472196051179e-01
4.083103863358347185e-01
4.196438508539236389e-01
4.304761298576854633e-01
4.408756587711037400e-01
4.509174702748008357e-01
4.606832682290794012e-01
4.702621305680887986e-01
4.797517577510741482e-01
4.892601784560684508e-01
4.989077848868142540e-01
5.088294659375609541e-01
5.191764148091725373e-01
5.301167387948033660e-01
5.418334451421459308e-01
5.545171976773818345e-01
5.683499300986311065e-01
5.834739598707786579e-01
5.999415570779260687e-01
6.176446560063643121e-01
6.362378223341343952e-01
6.550878382571875269e-01
6.732950573264907534e-01
6.898100786914244109e-01
7.036147505985589357e-01
7.138953264413222533e-01
7.201493248037778017e-01
8.994479230308769387e-09
