#Weights for Beta densities from initial fitting w/o bootstrap
0.000000000000000000e+00
0.000000000000000000e+00
0.000000000000000000e+00
0.000000000000000000e+00
0.000000000000000000e+00
0.000000000000000000e+00
0.000000000000000000e+00
0.000000000000000000e+00
0.000000000000000000e+00
0.000000000000000000e+00
4.313204667386690699e-02
3.574046782947636405e-12
5.143700982995162013e-12
6.305599319327958446e-12
7.243156053236832204e-12
7.904922322190394146e-12
7.357246244659798942e-12
0.000000000000000000e+00
0.000000000000000000e+00
5.067802009799385332e-02
1.944514868405539804e-13
7.068857015035158453e-13
1.353635363792338869e-12
2.624165631564786064e-12
3.622368582796879274e-12
3.199804922979568311e-12
0.000000000000000000e+00
0.000000000000000000e+00
1.157887262633050529e-15
3.218133475843160118e-01
0.000000000000000000e+00
0.000000000000000000e+00
0.000000000000000000e+00
1.075345931414060582e-12
1.259241412450992983e-12
0.000000000000000000e+00
0.000000000000000000e+00
1.313269778297973533e-12
9.665316507215249153e-13
0.000000000000000000e+00
5.714785728726864272e-02
4.044954812852492691e-03
1.419074581422100773e-13
8.764637914092723858e-13
0.000000000000000000e+00
0.000000000000000000e+00
2.766741859488303090e-12
0.000000000000000000e+00
0.000000000000000000e+00
0.000000000000000000e+00
2.194264776522316662e-01
0.000000000000000000e+00
2.642546450096815436e-01
0.000000000000000000e+00
0.000000000000000000e+00
5.007716379019705108e-12
0.000000000000000000e+00
2.667571170873002037e-12
0.000000000000000000e+00
0.000000000000000000e+00
4.797034656707586248e-13
2.018019510380947810e-11
0.000000000000000000e+00
0.000000000000000000e+00
8.692740805464746132e-12
4.821459190554842900e-12
2.553010632218820353e-12
2.110742793927106870e-12
2.090433247781565279e-12
4.942242599057563440e-13
3.950265080437609377e-02
0.000000000000000000e+00
0.000000000000000000e+00
0.000000000000000000e+00
0.000000000000000000e+00
0.000000000000000000e+00
0.000000000000000000e+00
0.000000000000000000e+00
0.000000000000000000e+00
0.000000000000000000e+00
0.000000000000000000e+00
