-9.579748043107657596e-01
-9.579231179234158899e-01
-9.574236334856032204e-01
-9.556061484567126563e-01
-9.510173059368018933e-01
-9.413777962810371269e-01
-9.231185422203438407e-01
-8.908017330332650419e-01
-8.388754016981322392e-01
-7.732754326847642856e-01
-7.146990521518343797e-01
-6.726043516834077085e-01
-6.440957885170122132e-01
-6.246891099858674634e-01
-6.111526482435044594e-01
-6.014111662088715837e-01
-5.941423484153194323e-01
-5.884835206996175128e-01
-5.838497186898411462e-01
-5.798233375145056545e-01
-5.760861848796652307e-01
-5.723763249680996479e-01
-5.684595024878471570e-01
-5.641092387638052541e-01
-5.590921503133479131e-01
-5.531564496994185731e-01
-5.460223905370151787e-01
-5.373738431130501425e-01
-5.268503444955009440e-01
-5.140389084090668526e-01
-4.984646488268592024e-01
-4.795789697980150645e-01
-4.567439919271978344e-01
-4.292128055085931981e-01
-3.961091492202605258e-01
-3.564226921903272394e-01
-3.090704093347766968e-01
-2.531530722610409456e-01
-1.886450369526288529e-01
-1.176157545583068204e-01
-4.501560592529369603e-02
2.293985641794493019e-02
8.196803238311160811e-02
1.308935718516956725e-01
1.705284681416112946e-01
2.023631655595811707e-01
2.278938960023475790e-01
2.484011060750099531e-01
2.649193420713975011e-01
2.782678597927500386e-01
2.890927415563254166e-01
2.979052457698804224e-01
3.051131335286353385e-01
3.110454676175289368e-01
3.159723003989597379e-01
3.201207196761738927e-01
3.236885790939664220e-01
3.268571242566133961e-01
3.298037105758770959e-01
3.327159241388917277e-01
3.358086863267591426e-01
3.393463730773029208e-01
3.436726344262205912e-01
3.492514594105532444e-01
3.567240318581144098e-01
3.669868896585563034e-01
3.812975814531117669e-01
4.014144971278262863e-01
4.297798465169854198e-01
4.697670500651589531e-01
5.260589484325228771e-01
6.053503849814895199e-01
7.178330398683405722e-01
8.797610855957148646e-01
1.107300247082513289e+00
1.349514644899191707e+00
1.512460807638783988e+00
1.606581543552625391e+00
1.662134686480106538e+00
1.695967457484098828e+00
1.717074480217639865e+00
1.730590122507032147e+00
1.739612537506771250e+00
1.746086722891137200e+00
1.751277715698505988e+00
1.756049504950753626e+00
1.761045167817309576e+00
1.766816751037325828e+00
1.773935307033621900e+00
1.783107377886532952e+00
1.795331070460686185e+00
1.812147908944429675e+00
1.836105096295787664e+00
1.871695498468310070e+00
1.927493177751352871e+00
2.021845370164214728e+00
2.203207287774860301e+00
2.703002948044236575e+00
3.340634366118469423e+00
3.417809582495793030e+00
