4.832487208918596205e-02
4.842497622060693702e-02
4.942116863305132113e-02
5.295325922629345872e-02
6.085319640577923489e-02
7.361492846435684079e-02
8.927532761875923983e-02
1.045963755434023285e-01
1.173061204339663766e-01
1.268233099238452177e-01
1.335866454597397224e-01
1.383071853235214310e-01
1.416152802337995731e-01
1.439781765200050523e-01
1.457199958997825451e-01
1.470622738665352258e-01
1.481589920834442964e-01
1.491217107871661285e-01
1.500364608994343707e-01
1.509748462875092345e-01
1.520012604767315145e-01
1.531774381170381838e-01
1.545650175665306825e-01
1.562264084594932323e-01
1.582240141330584771e-01
1.606177447622801069e-01
1.634607873809771905e-01
1.667937979403796844e-01
1.706380529754416009e-01
1.749885886114564415e-01
1.798088123863777754e-01
1.850282629107371513e-01
1.905448780949432208e-01
1.962322312642932887e-01
2.019509063365652890e-01
2.075619752275557894e-01
2.129399292965027668e-01
2.179826689707950460e-01
2.226171278907693452e-01
2.268003476184668188e-01
2.305168416881514248e-01
2.337736163621644270e-01
2.365942432570789233e-01
2.390130772082953992e-01
2.410702918331007194e-01
2.428080206208650116e-01
2.442676163190937721e-01
2.454878846947451676e-01
2.465040855594183289e-01
2.473474905483402930e-01
2.480453144885577388e-01
2.486208752911878150e-01
2.490938746419863459e-01
2.494807229411519500e-01
2.497948552506740749e-01
2.500470006183332372e-01
2.502453759754998952e-01
2.503957789264102396e-01
2.505015522550239071e-01
2.505633882692022696e-01
2.505789357443941601e-01
2.505421718038247092e-01
2.504425176949073850e-01
2.502637355154463394e-01
2.499827862288425684e-01
2.495691213538116238e-01
2.489853738952144679e-01
2.481910328073582417e-01
2.471509715287215359e-01
2.458495631068220721e-01
2.443072905208792112e-01
2.425910325624219821e-01
2.408070143958502274e-01
2.390735424827485911e-01
2.374859389613432070e-01
2.360931196226642714e-01
2.348954821697824824e-01
2.338584498690416680e-01
2.329298033321818007e-01
2.320526642839306208e-01
2.311720252284057975e-01
2.302361476045752531e-01
2.291948308751928509e-01
2.279959708626356774e-01
2.265810339015125463e-01
2.248794388866704741e-01
2.228013616350463244e-01
2.202280467778074957e-01
2.169982244694924622e-01
2.128886273865519818e-01
2.075859900999633134e-01
2.006479020053983653e-01
1.914527014024414719e-01
1.791511821720359332e-01
1.626743620593624484e-01
1.409639156146167971e-01
1.138127077217534894e-01
8.379270453656335882e-02
5.845065569676544115e-02
4.832487234283543154e-02
