-2.270542796792288098e-01
-2.093714043953240067e-01
-1.629659013385876265e-01
-1.086379180524014026e-01
-6.236710252971502944e-02
-2.820891503653753449e-02
-4.260169038376133283e-03
1.246373620733381982e-02
2.440988179519562942e-02
3.331006452830669040e-02
4.035771307422794663e-02
4.639800240902371836e-02
5.206463672221920552e-02
5.786688005975239302e-02
6.424049085306791917e-02
7.157315819809964563e-02
8.021105262397393298e-02
9.045071229598256046e-02
1.025198927177136538e-01
1.165518746346618090e-01
1.325593890093260119e-01
1.504157423323049247e-01
1.698506575405883401e-01
1.904658546637570948e-01
2.117705808454685423e-01
2.332316205748036497e-01
2.543280509411105506e-01
2.745999892963097988e-01
2.936830951508386800e-01
3.113252629912574010e-01
3.273866888470429171e-01
3.418276901009787982e-01
3.546897706928030525e-01
3.660748606327622334e-01
3.761262317242671793e-01
3.850130331218975521e-01
3.929191333586617429e-01
4.000361395694242983e-01
4.065600452561691780e-01
4.126908158301085816e-01
4.186342322362027746e-01
4.246053779531427930e-01
4.308332032825619162e-01
4.375655849945939702e-01
4.450741851661899062e-01
4.536581772834354376e-01
4.636455432023107726e-01
4.753901777264839534e-01
4.892625607809825139e-01
5.056314733752127477e-01
5.248344940982773155e-01
5.471363019076764811e-01
5.726765976077352605e-01
6.014138405522168052e-01
6.330761877987421959e-01
6.671349576963969685e-01
7.028156402379481804e-01
7.391546077173781759e-01
7.750968233088452175e-01
8.096156614105642912e-01
8.418273422622606361e-01
8.710742201075233337e-01
8.969623933219288414e-01
9.193539210327040800e-01
9.383255389568804228e-01
9.541105216258323196e-01
9.670387465956706841e-01
9.774849927118894888e-01
9.858300402215288694e-01
9.924350085585750270e-01
9.976270410765796237e-01
1.001693615773300516e+00
1.004882872410967520e+00
1.007407914320815667e+00
1.009453757429018772e+00
1.011186312480865546e+00
1.012763462465803066e+00
1.014348951016111444e+00
1.016130424676502164e+00
1.018343415010213526e+00
1.021302682109659798e+00
1.025439379755810121e+00
1.031332778078727808e+00
1.039701680553924090e+00
1.051279742739714917e+00
1.066471412015577380e+00
1.084789133511505188e+00
1.104436411380824712e+00
1.122708106924970251e+00
1.137280677883616198e+00
1.147296494109220966e+00
1.153310995568111785e+00
1.156505490717186557e+00
1.158009575204603347e+00
1.158628843827367083e+00
1.158843877463204386e+00
1.158902425213196974e+00
1.158913212198071863e+00
1.158914169504571490e+00
1.158914185155081489e+00
