4.471819054262519966e-02
0.000000000000000000e+00
0.000000000000000000e+00
0.000000000000000000e+00
0.000000000000000000e+00
0.000000000000000000e+00
0.000000000000000000e+00
0.000000000000000000e+00
3.310871579051817516e-12
2.340231398238360816e-11
5.664697649714032254e-11
9.878891063797972652e-11
1.305879698534661074e-10
1.280636460884125984e-10
8.449097082137955756e-11
1.850191806564450698e-11
0.000000000000000000e+00
0.000000000000000000e+00
0.000000000000000000e+00
0.000000000000000000e+00
0.000000000000000000e+00
0.000000000000000000e+00
0.000000000000000000e+00
0.000000000000000000e+00
0.000000000000000000e+00
0.000000000000000000e+00
0.000000000000000000e+00
0.000000000000000000e+00
5.810480540113858831e-12
2.426221993265885554e-11
5.680947816717878975e-11
9.873742529204523324e-11
1.305032323801142227e-10
1.280946239073791400e-10
8.451176916228687235e-11
1.856750097436695758e-11
0.000000000000000000e+00
0.000000000000000000e+00
0.000000000000000000e+00
0.000000000000000000e+00
0.000000000000000000e+00
0.000000000000000000e+00
0.000000000000000000e+00
3.523204104427001687e-02
1.234086389937512629e-01
8.589972395651475747e-12
3.792427798004588098e-12
3.206633185910234655e-12
8.891236420618779668e-12
2.512638951263608338e-11
5.656063368713625298e-11
9.840866238098531756e-11
1.303276337850013558e-10
1.280309302759993870e-10
8.451767114598532165e-11
1.853061818294621222e-11
0.000000000000000000e+00
0.000000000000000000e+00
0.000000000000000000e+00
0.000000000000000000e+00
0.000000000000000000e+00
0.000000000000000000e+00
0.000000000000000000e+00
0.000000000000000000e+00
2.206956507349661367e-01
1.892588702977779456e-11
1.434593477650473602e-11
1.068905344621330807e-11
1.238216167002514998e-11
2.562232363644784757e-11
5.588736027103578460e-11
9.769885595995483722e-11
1.301235949732117039e-10
1.281578989702282273e-10
8.470511727902286093e-11
1.860265966325785176e-11
0.000000000000000000e+00
0.000000000000000000e+00
0.000000000000000000e+00
0.000000000000000000e+00
0.000000000000000000e+00
0.000000000000000000e+00
0.000000000000000000e+00
0.000000000000000000e+00
1.699573565354213435e-11
2.677841361841011830e-11
2.543203101319215995e-11
1.973782543352277982e-11
1.687360921246813697e-11
2.641955947692251907e-11
5.525047795431809231e-11
9.748948624932636791e-11
1.307486317980128079e-10
1.292246915447297056e-10
8.564836891359172279e-11
1.926130430663375586e-11
0.000000000000000000e+00
0.000000000000000000e+00
0.000000000000000000e+00
0.000000000000000000e+00
0.000000000000000000e+00
0.000000000000000000e+00
0.000000000000000000e+00
0.000000000000000000e+00
1.315657145699655815e-11
3.234548581608175642e-11
3.594811536542197013e-11
2.925536931560793847e-11
2.224923549985739096e-11
2.848402795165125463e-11
5.645054084874983604e-11
9.960427888438066709e-11
1.337423634228842965e-10
1.322231000836187990e-10
8.788711766389531747e-11
2.070745581663898066e-11
0.000000000000000000e+00
0.000000000000000000e+00
0.000000000000000000e+00
0.000000000000000000e+00
0.000000000000000000e+00
0.000000000000000000e+00
0.000000000000000000e+00
0.000000000000000000e+00
5.481010813093744379e-12
3.221904568015288169e-11
4.121261845813677864e-11
3.571084583285508629e-11
2.761173488948789022e-11
3.279415500380487413e-11
6.132897923585286593e-11
1.055867627395583775e-10
1.402012092169670557e-10
1.376284752006487868e-10
9.177127476490325262e-11
2.338913954744178763e-11
0.000000000000000000e+00
0.000000000000000000e+00
0.000000000000000000e+00
0.000000000000000000e+00
0.000000000000000000e+00
0.000000000000000000e+00
0.000000000000000000e+00
0.000000000000000000e+00
0.000000000000000000e+00
2.153798900973767985e-11
3.564282659776073399e-11
3.474565844417316115e-11
2.157877060487617730e-11
3.986399356456070131e-01
6.904721680682838168e-11
1.144772666617544811e-10
1.486312624604859149e-10
1.444717149354781619e-10
9.689318791114893037e-11
2.802307975377288027e-11
0.000000000000000000e+00
0.000000000000000000e+00
0.000000000000000000e+00
0.000000000000000000e+00
0.000000000000000000e+00
0.000000000000000000e+00
0.000000000000000000e+00
0.000000000000000000e+00
0.000000000000000000e+00
0.000000000000000000e+00
1.848922883658586213e-11
2.509076637906306720e-11
2.813438056532713435e-11
4.220928408607421971e-11
7.632792048256406147e-11
1.225538666283930347e-10
1.558131187300125910e-10
1.504803794601249794e-10
1.027604861707204610e-10
3.576260424527111540e-11
0.000000000000000000e+00
0.000000000000000000e+00
0.000000000000000000e+00
0.000000000000000000e+00
0.000000000000000000e+00
0.000000000000000000e+00
0.000000000000000000e+00
0.000000000000000000e+00
0.000000000000000000e+00
0.000000000000000000e+00
0.000000000000000000e+00
9.819123023214115439e-12
2.205039880825242064e-11
4.268336729247533524e-11
7.964676011113861203e-11
1.262614122217965902e-10
1.591552119570527292e-10
1.544782882858134550e-10
1.095629748857596358e-10
4.825142798352564976e-11
0.000000000000000000e+00
0.000000000000000000e+00
0.000000000000000000e+00
0.000000000000000000e+00
0.000000000000000000e+00
0.000000000000000000e+00
0.000000000000000000e+00
0.000000000000000000e+00
0.000000000000000000e+00
0.000000000000000000e+00
0.000000000000000000e+00
0.000000000000000000e+00
1.425370943025516964e-11
3.985585239916149920e-11
7.866067351051326596e-11
1.254757090067963620e-10
1.591658077335943232e-10
1.574129782274501916e-10
1.186124854282008729e-10
6.677659729161360158e-11
2.917174127034025794e-11
6.721123727930738544e-12
0.000000000000000000e+00
0.000000000000000000e+00
0.000000000000000000e+00
0.000000000000000000e+00
0.000000000000000000e+00
0.000000000000000000e+00
0.000000000000000000e+00
0.000000000000000000e+00
0.000000000000000000e+00
0.000000000000000000e+00
7.802394467193045141e-12
3.619150136991130585e-11
7.583822551789144478e-11
1.230266595181653787e-10
1.586100953937072031e-10
1.615068765019974826e-10
1.303995328418051122e-10
8.953863389972560702e-11
6.452086954184207989e-11
5.149500890329621224e-11
2.123305736302546739e-11
0.000000000000000000e+00
0.000000000000000000e+00
0.000000000000000000e+00
0.000000000000000000e+00
0.000000000000000000e+00
0.000000000000000000e+00
0.000000000000000000e+00
0.000000000000000000e+00
0.000000000000000000e+00
4.217637995748452651e-12
3.382600661076422049e-11
7.372375879824535948e-11
1.215593068895338925e-10
1.593967489673922728e-10
1.667817342324087466e-10
1.423475625876272522e-10
1.099586703237944438e-10
9.427086283135655107e-11
0.000000000000000000e+00
6.207474593455684160e-11
4.507382097770906704e-12
0.000000000000000000e+00
0.000000000000000000e+00
0.000000000000000000e+00
0.000000000000000000e+00
0.000000000000000000e+00
0.000000000000000000e+00
0.000000000000000000e+00
0.000000000000000000e+00
2.637830365598894120e-12
3.257400167140864764e-11
7.258899334676273212e-11
1.209097361187927021e-10
1.602622611318603484e-10
1.701349994941038361e-10
1.485654890261015396e-10
1.184907223858605878e-10
1.046534189488999205e-10
1.349774821528328395e-01
8.064703940905738628e-11
2.954016476358484731e-11
0.000000000000000000e+00
0.000000000000000000e+00
0.000000000000000000e+00
0.000000000000000000e+00
0.000000000000000000e+00
0.000000000000000000e+00
0.000000000000000000e+00
0.000000000000000000e+00
1.281703193929575445e-12
3.108175022596010046e-11
7.073671183245624204e-11
1.188565146614635405e-10
1.581315543388785323e-10
1.675528081291951924e-10
1.439140668601852533e-10
1.089805946770281916e-10
8.826362729449043192e-11
8.164397832116383064e-11
6.492919918567527913e-11
2.515301065617842166e-11
0.000000000000000000e+00
0.000000000000000000e+00
0.000000000000000000e+00
0.000000000000000000e+00
0.000000000000000000e+00
0.000000000000000000e+00
0.000000000000000000e+00
0.000000000000000000e+00
0.000000000000000000e+00
2.819188899822516118e-11
6.709073416501833967e-11
1.141247476977903807e-10
1.517782156971541035e-10
1.582068895855796343e-10
1.288693665444175013e-10
8.432744200446089895e-11
5.116341631138698648e-11
3.541596591130486403e-11
2.029878424169860086e-11
0.000000000000000000e+00
0.000000000000000000e+00
0.000000000000000000e+00
0.000000000000000000e+00
0.000000000000000000e+00
0.000000000000000000e+00
0.000000000000000000e+00
0.000000000000000000e+00
0.000000000000000000e+00
0.000000000000000000e+00
2.457101647763049092e-11
6.243981050213195157e-11
1.080229737502313438e-10
1.434402599398379061e-10
1.461481521909766424e-10
1.104305259550935085e-10
5.593360618456075326e-11
1.028329877661053127e-11
0.000000000000000000e+00
0.000000000000000000e+00
0.000000000000000000e+00
0.000000000000000000e+00
0.000000000000000000e+00
0.000000000000000000e+00
0.000000000000000000e+00
0.000000000000000000e+00
0.000000000000000000e+00
0.000000000000000000e+00
0.000000000000000000e+00
0.000000000000000000e+00
2.172044255948344695e-11
5.878528673346569309e-11
1.031964100854499788e-10
1.368340005270694208e-10
1.366892481927303434e-10
9.645525538483994111e-11
3.509966562723789547e-11
0.000000000000000000e+00
0.000000000000000000e+00
0.000000000000000000e+00
0.000000000000000000e+00
0.000000000000000000e+00
0.000000000000000000e+00
0.000000000000000000e+00
0.000000000000000000e+00
0.000000000000000000e+00
0.000000000000000000e+00
0.000000000000000000e+00
0.000000000000000000e+00
0.000000000000000000e+00
2.037445996515131297e-11
5.706011506888760440e-11
1.009035090365207590e-10
1.337055055062801132e-10
1.322459069840130591e-10
8.987693564648652211e-11
2.547508227504095618e-11
0.000000000000000000e+00
0.000000000000000000e+00
0.000000000000000000e+00
0.000000000000000000e+00
0.000000000000000000e+00
0.000000000000000000e+00
0.000000000000000000e+00
0.000000000000000000e+00
0.000000000000000000e+00
0.000000000000000000e+00
0.000000000000000000e+00
0.000000000000000000e+00
0.000000000000000000e+00
2.017794930098191879e-11
5.683733109652621134e-11
1.005890852950796425e-10
1.332169091958561281e-10
1.314408540501099318e-10
8.858904511912867692e-11
2.347697087216098970e-11
0.000000000000000000e+00
0.000000000000000000e+00
0.000000000000000000e+00
4.232806215839494957e-02
