#Conditional distribution of mass given radius from initial fitting w/o bootstrap
nan
-1.358538478976861752e-01
-1.347861293542476635e-01
-1.327112370285646326e-01
-1.293748925855999488e-01
-1.245210360532734567e-01
-1.179033473693647943e-01
-1.092992239246582536e-01
-9.852534312586840037e-02
-8.545338392192415589e-02
-7.002401424410108211e-02
-5.225702959967754718e-02
-3.225569260776744995e-02
-1.020393758008766513e-02
1.364389576208324510e-02
3.897994968318425207e-02
6.546442160774218477e-02
9.274917822523348621e-02
1.205005989683954476e-01
1.484192149519832915e-01
1.762544803778585967e-01
2.038139433175288895e-01
2.309669422281348528e-01
2.576435858450679683e-01
2.838301164494212436e-01
3.095618328097369254e-01
3.349146319654142112e-01
3.599960053485635747e-01
3.849360705315598707e-01
4.098789884572839881e-01
4.349749368247657899e-01
4.603726936450195928e-01
4.862128282895900599e-01
5.126214907477881777e-01
5.397048198480267622e-01
5.675440429850872048e-01
5.961913981155498865e-01
6.256670584130620272e-01
6.559572672098072932e-01
6.870138845601312383e-01
7.187555003862181602e-01
7.510701826127856862e-01
7.838198095550105160e-01
8.168457991572909416e-01
8.499759139957656640e-01
8.830317124484997615e-01
9.158361522987896741e-01
9.482208450954463519e-01
9.800325095552997468e-01
1.011138271465886751e+00
1.041429589098984421e+00
1.070824726152757256e+00
1.099269828259824999e+00
1.126738768009680980e+00
1.153231997670572717e+00
1.178774685733369409e+00
1.203414416213184346e+00
1.227218705284493616e+00
1.250272546803535390e+00
1.272676144782134866e+00
1.294542933533469498e+00
1.315997929442063175e+00
1.337176404310202571e+00
1.358222819290983763e+00
1.379289909489632260e+00
1.400537760733559178e+00
1.422132670327237891e+00
1.444245532594812031e+00
1.467049439926188859e+00
1.490716147171104122e+00
1.515411023671854984e+00
1.541286132546409338e+00
1.568471158715215141e+00
1.597062089614836422e+00
1.627107869431832388e+00
1.658595719360067555e+00
1.691436428399509584e+00
1.725451596445539248e+00
1.760365397742731819e+00
1.795803694793794314e+00
1.831303008631173235e+00
1.866330753369751294e+00
1.900316291160832449e+00
1.932690084061239322e+00
1.962926122297130371e+00
1.990581601105811949e+00
2.015328004690813302e+00
2.036969376955941602e+00
2.055446137192781464e+00
2.070825537932359683e+00
2.083281989406119639e+00
2.093071537193781140e+00
2.100504745786157201e+00
2.105921406973837229e+00
2.109669285568788411e+00
2.112087916474103544e+00
2.113497515320161835e+00
2.114192447524228413e+00
2.114438396034294065e+00
nan
