#Upper limit for the Conditional distribution of mass given radius from initial fitting w/o bootstrap
9.401432577431076649e-09
1.195063890394331835e-01
1.213090266891528185e-01
1.248072876850590956e-01
1.304547125089145498e-01
1.387524349140538960e-01
1.502491010649624759e-01
1.655307617764970318e-01
1.851893541379636132e-01
2.097523346048405790e-01
2.395545953928350236e-01
2.745519981154052602e-01
3.141315422728345186e-01
3.570479434072100222e-01
4.016111237608614992e-01
4.460840959025196839e-01
4.890696001210633193e-01
5.296942517631878511e-01
5.675835359971045380e-01
6.027341604782620044e-01
6.353780480822388554e-01
6.658785911659257373e-01
6.946635950613064825e-01
7.221862628454011057e-01
7.489041928560458139e-01
7.752686797384953366e-01
8.017189804613701343e-01
8.286776644786396639e-01
8.565441262539403855e-01
8.856836533778762455e-01
9.164098742134637599e-01
9.489593896347444657e-01
9.834597574614479809e-01
1.019896163176165382e+00
1.058087275509602465e+00
1.097683744765742597e+00
1.138199024630243139e+00
1.179070144861542824e+00
1.219731873665508726e+00
1.259681604219012208e+00
1.298518963558904282e+00
1.335957253033410952e+00
1.371814168500875786e+00
1.405992319724505668e+00
1.438457970194890523e+00
1.469222655910431996e+00
1.498329269126554175e+00
1.525842420218457507e+00
1.551842169285496231e+00
1.576420121852172951e+00
1.599677022042458541e+00
1.621721317774719395e+00
1.642668263199558609e+00
1.662639444906132358e+00
1.681762648181336361e+00
1.700172080701509048e+00
1.718009000065714664e+00
1.735422803650747303e+00
1.752572638690722773e+00
1.769629581494268189e+00
1.786779415112716318e+00
1.804225977793033397e+00
1.822195000249765995e+00
1.840938035415297991e+00
1.860735785133486697e+00
1.881899106379842701e+00
1.904764355616715532e+00
1.929676659882732626e+00
1.956950023757905832e+00
1.986788457951784936e+00
2.019155308474251953e+00
2.053608192952216083e+00
2.089189765426814560e+00
2.124525662323882624e+00
2.158179373300221027e+00
2.189059450117356587e+00
2.216606335476200229e+00
2.240720196382643081e+00
2.261582364035287451e+00
2.279499960152907345e+00
2.294811271922438944e+00
2.307840050622499195e+00
2.318878414457427706e+00
2.328183701163810237e+00
2.335981067653603471e+00
2.342467826744418335e+00
2.347817775502199389e+00
2.352184883809127935e+00
2.355706226836949746e+00
2.358504220063276424e+00
2.360688386857074494e+00
2.362356706289784114e+00
2.363596749430342925e+00
2.364486655320706010e+00
2.365096010589502029e+00
2.365486664841016662e+00
2.365713496221407475e+00
2.365825131673864767e+00
2.365864621355453501e+00
9.401432577431076649e-09
