#Conditional distribution of radius given mass from initial fitting w/o bootstrap
nan
-9.657891487916822615e-02
-9.604853336798384322e-02
-9.501784552080737301e-02
-9.336054040263008780e-02
-9.094942206303990861e-02
-8.766213278181905766e-02
-8.338809631302115943e-02
-7.803624847623150118e-02
-7.154284671173477550e-02
-6.387841824085416231e-02
-5.505279633947327000e-02
-4.511727597127197092e-02
-3.416322518332365332e-02
-2.231698540380014709e-02
-9.731482749765435133e-03
3.424488292110583389e-03
1.697799500239287329e-02
3.076331376252348926e-02
4.463168555647779867e-02
5.845865356006153118e-02
7.214861866121591305e-02
8.563667567776543643e-02
9.888810662640945548e-02
1.118960774591610807e-01
1.246781225855329578e-01
1.372719433142480794e-01
1.497309352414932238e-01
1.621197333359854498e-01
1.745099485097904024e-01
1.869761804553400908e-01
1.995923335801072784e-01
2.124282347089175849e-01
2.255465479421271680e-01
2.389999969797688140e-01
2.528289309462979362e-01
2.670592986711376460e-01
2.817011210332907578e-01
2.967475645069229118e-01
3.121747159201015975e-01
3.279421354019106949e-01
3.439942214986030922e-01
3.602623632561599010e-01
3.766677861784582526e-01
3.931249325633562886e-01
4.095451628179156423e-01
4.258405324936865299e-01
4.419273958380275369e-01
4.577296114754093592e-01
4.731811750959742380e-01
4.882281693764937147e-01
5.028299923966007556e-01
5.169598923864354711e-01
5.306048907426442751e-01
5.437652121262244176e-01
5.564533588040834200e-01
5.686929677936599647e-01
5.805175772692721115e-01
5.919694073180136185e-01
6.030982335624253121e-01
6.139604036821386668e-01
6.246180186674660240e-01
6.351382738137744122e-01
6.455929291603845765e-01
6.560578547728606047e-01
6.666125721351709998e-01
6.773396882378630579e-01
6.883240936079589867e-01
6.996517706458488250e-01
7.114080373384550349e-01
7.236750397177847960e-01
7.365283140445610943e-01
7.500322803707565322e-01
7.642346197654626971e-01
7.791596449015054660e-01
7.948010079987934962e-01
8.111143941343574859e-01
8.280111843386740444e-01
8.453543641505387729e-01
8.629580834577034176e-01
8.805921124148129442e-01
8.979918928120030897e-01
9.148739644000473126e-01
9.309554132998812959e-01
9.459749479376555747e-01
9.597126082306794981e-01
9.720052063186496172e-01
9.827554024194534721e-01
9.919336002444973932e-01
9.995732070051195350e-01
1.005760859730018719e+00
1.010623747220298574e+00
1.014316140154229329e+00
1.017006827661141033e+00
1.018868559411412855e+00
1.020069996927357225e+00
1.020770205021444443e+00
1.021115407598608638e+00
1.021237580753362018e+00
nan
