#Upper limit for the Conditional distribution of radius given mass from initial fitting w/o bootstrap
9.123417237128111657e-09
3.026944957655516161e-02
3.116489533080215799e-02
3.290263044278969595e-02
3.570794812673481339e-02
3.982978208199851322e-02
4.554066834676751691e-02
5.313172345040027139e-02
6.289698600528866035e-02
7.509847185835800965e-02
8.990253066587715336e-02
1.072872388830638513e-01
1.269480929183709195e-01
1.482665066693892031e-01
1.704029436757717453e-01
1.924945753692623995e-01
2.138473155814172022e-01
2.340273192479579434e-01
2.528485488183688235e-01
2.703093688440664222e-01
2.865249853462025764e-01
3.016759108657013910e-01
3.159746546258450084e-01
3.296463444810951993e-01
3.429182816645676701e-01
3.560146509987680563e-01
3.691536477412993289e-01
3.825451784865951388e-01
3.963876447957133120e-01
4.108624954209932345e-01
4.261255247413027747e-01
4.422942625399589045e-01
4.594320722469132368e-01
4.775315948571137170e-01
4.965027553660451010e-01
5.161720168235578443e-01
5.362976908456270619e-01
5.566001260117889871e-01
5.767985474916033084e-01
5.966432889587928168e-01
6.159354680220913147e-01
6.345326691872333891e-01
6.523443341823864650e-01
6.693220851075359912e-01
6.854491635941518668e-01
7.007313000665075231e-01
7.151898009441433057e-01
7.288567600530181378e-01
7.417719518964109859e-01
7.539808706674373529e-01
7.655335686512099169e-01
7.764839140874768564e-01
7.868891586470235788e-01
7.968096995939644156e-01
8.063090133509581703e-01
8.154537666164504151e-01
8.243141280873219623e-01
8.329643098365290266e-01
8.414833671085639732e-01
8.499562808299299110e-01
8.584753349116893695e-01
8.671417919901782678e-01
8.760677747226772727e-01
8.853782427041860803e-01
8.952126325577819399e-01
9.057253602514193647e-01
9.170835084398405446e-01
9.294585164985128545e-01
9.430063639453302171e-01
9.578283891495474878e-01
9.739063919577574113e-01
9.910206146536946203e-01
1.008695504998530446e+00
1.026248357766528230e+00
1.042965596771108228e+00
1.058305052945680558e+00
1.071988770224278964e+00
1.083967157284710714e+00
1.094330287739227581e+00
1.103230726165295161e+00
1.110836510219810558e+00
1.117308462380265599e+00
1.122791690264758335e+00
1.127414024544049154e+00
1.131287310295595594e+00
1.134509561243147058e+00
1.137167109829856138e+00
1.139336439487869335e+00
1.141085638839073990e+00
1.142475521860573773e+00
1.143560495503151975e+00
1.144389220573183374e+00
1.145005202553072587e+00
1.145447256474991127e+00
1.145749949003514345e+00
1.145944003594358884e+00
1.146056680452023357e+00
1.146112134560589135e+00
1.146131750776106406e+00
9.123417237128111657e-09
