#Upper limit for the Conditional distribution of mass given radius from initial fitting w/o bootstrap
2.054643880127180022e+00
5.664664407767280307e-01
3.740755234051612033e-01
4.225649696257976484e-01
4.552155499095549840e-01
4.777948862994833568e-01
4.949497360152226855e-01
5.090945861874971445e-01
5.215543333409998761e-01
5.331113939798386436e-01
5.442576228680061634e-01
5.553176791179285088e-01
5.665135521320441292e-01
5.780001972896029461e-01
5.898861262644502501e-01
6.022457323694162534e-01
6.151268893976863383e-01
6.285557751612643740e-01
6.425400547436240783e-01
6.570711186236586343e-01
6.721258214856485891e-01
6.876680117996819552e-01
7.036500686439156604e-01
7.200145298326190435e-01
7.366959197715013952e-01
7.536227647533746410e-01
7.707197802106662277e-01
7.879101704208842927e-01
8.051179624505581112e-01
8.222702887429073071e-01
8.392995388018137382e-01
8.561453182456193467e-01
8.727561799870960924e-01
8.890911235119549616e-01
9.051208903222764945e-01
9.208291136024139290e-01
9.362134064632980923e-01
9.512864957057176607e-01
9.660775233711050847e-01
9.806336941523995376e-01
9.950223668490337792e-01
1.009333895969793504e+00
1.023685413988615345e+00
1.038225904302992886e+00
1.053143021655278622e+00
1.068672277658689440e+00
1.085109486610425167e+00
1.102827788942266851e+00
1.122301244609670512e+00
1.144138085058581833e+00
1.169128520163075668e+00
1.198314988311015794e+00
1.233097552581992273e+00
1.275393968162626956e+00
1.327878517992666207e+00
1.394296721585195797e+00
1.479643847510916377e+00
1.589013617620986807e+00
1.721607177345029660e+00
1.861375996610558969e+00
1.986256764002492847e+00
2.087830439526979109e+00
2.168493473359259571e+00
2.232784061011557686e+00
2.284479825743105597e+00
2.326349096409976891e+00
2.360404743478011991e+00
2.388147071341685912e+00
2.410730807341301407e+00
2.429071676976918059e+00
2.443913352008636686e+00
2.455869847046453724e+00
2.465453036604130510e+00
2.473091389912167593e+00
2.479143544647956166e+00
2.483908853972401687e+00
2.487636079631512676e+00
2.490530842324577332e+00
2.492762130746709381e+00
2.494468013855152932e+00
2.495760634573453984e+00
2.496730540499252360e+00
2.497450404733234208e+00
2.497978193287162085e+00
2.498359838580573644e+00
2.498631479111501630e+00
2.498821323289108776e+00
2.498951191191526089e+00
2.499037782278008102e+00
2.499093710104162369e+00
2.499128336221929647e+00
2.499148421625535743e+00
2.499158584337104916e+00
2.499161464123296650e+00
2.499157163774508472e+00
2.499139930225280803e+00
2.499079325456113665e+00
2.498754175941554578e+00
2.493417898121231602e+00
2.024565101030215253e+00
