#Lower limit for the Conditional distribution of radius given mass from initial fitting w/o bootstrap
-4.562178432754246948e-01
-3.467171010523693586e-01
-3.466956069954791886e-01
-3.465934959723078190e-01
-3.462920101632688819e-01
-3.455974252262861701e-01
-3.442279684115794880e-01
-3.418140866298342573e-01
-3.379279869989319507e-01
-3.321604851003713832e-01
-3.242510597673061712e-01
-3.142413598480823800e-01
-3.025741399296911216e-01
-2.900470481573342307e-01
-2.776034297422490527e-01
-2.660637001030298210e-01
-2.559453376997557483e-01
-2.474363304814795883e-01
-2.404772143956645514e-01
-2.348716256127302004e-01
-2.303744541154766345e-01
-2.267446290206308612e-01
-2.237694393206045851e-01
-2.212714887214871085e-01
-2.191069818882369069e-01
-2.171606121776452625e-01
-2.153397597784373341e-01
-2.135691854080868368e-01
-2.117866150188157659e-01
-2.099392488201833884e-01
-2.079810877766021804e-01
-2.058709354574952688e-01
-2.035709420648237622e-01
-2.010455815215717312e-01
-1.982609787890393105e-01
-1.951845280404092831e-01
-1.917847614261570521e-01
-1.880314428027711482e-01
-1.838958713233654063e-01
-1.793513857043728676e-01
-1.743740644006741281e-01
-1.689436117158811812e-01
-1.630444168205047728e-01
-1.566667575863021078e-01
-1.498081027101233753e-01
-1.424744392221669875e-01
-1.346815203940787409e-01
-1.264558945495342090e-01
-1.178355449230340801e-01
-1.088699544569564498e-01
-9.961941423149857366e-02
-9.015347041723580090e-02
-8.054840841369728666e-02
-7.088392306061627735e-02
-6.123911763827327714e-02
-5.168816282666447576e-02
-4.229595943419368204e-02
-3.311412797053221030e-02
-2.417754705407816618e-02
-1.550151415378501693e-02
-7.079440101865416488e-03
1.119155121979131806e-03
9.150679758418534676e-03
1.709997625978557784e-02
2.508366006208065033e-02
3.325486315497679091e-02
4.180974538854705103e-02
5.099633971866125715e-02
6.112617670990876106e-02
7.258942799675049962e-02
8.587425374186424820e-02
1.015917310101235871e-01
1.205086456122810568e-01
1.435925133255052388e-01
1.720766633271921808e-01
2.075569709200333068e-01
2.521255171646947235e-01
3.084729432391133397e-01
3.794837484929151628e-01
4.653711643335006753e-01
5.563406215784260089e-01
6.342780183349574497e-01
6.912322453297141678e-01
7.305012333147958836e-01
7.572751536135006178e-01
7.754915212814402770e-01
7.878235402273290333e-01
7.960826936036007329e-01
8.015201791009964882e-01
8.050153136693690703e-01
8.071920663478152624e-01
8.084935424928954006e-01
8.092317943133486846e-01
8.096226974731940418e-01
8.098113822486675550e-01
8.098913749256386740e-01
8.099193182436531524e-01
8.099264239422426792e-01
8.099274088578746200e-01
7.383840894375931496e-01
