#Conditional distribution of radius given mass from initial fitting w/o bootstrap
-1.294075240995183618e-01
-7.643260150399924790e-02
-7.639829448658159994e-02
-7.623538733384614685e-02
-7.575513019760166111e-02
-7.465282152566977969e-02
-7.249624890114023112e-02
-6.874804679597257273e-02
-6.285134345749519846e-02
-5.439592993314495278e-02
-4.333155938077035141e-02
-3.011981420899868117e-02
-1.569350255439017072e-02
-1.197177488740202179e-03
1.235282440127043711e-02
2.429949861099499689e-02
3.438740310564172842e-02
4.266931764804085536e-02
4.937337712470984269e-02
5.479394336229907042e-02
5.922454329614208063e-02
6.292607284682429081e-02
6.611710810260480742e-02
6.897547448582813656e-02
7.164430537377959596e-02
7.423904481193951965e-02
7.685382156248075913e-02
7.956665996609826874e-02
8.244347314162160656e-02
8.554097125861552520e-02
8.890866682096432161e-02
9.259015114651258926e-02
9.662379056641827446e-02
1.010429645049483044e-01
1.058759470891425941e-01
1.111455208890582691e-01
1.168684051975908134e-01
1.230545803160740387e-01
1.297065915170828310e-01
1.368189193470912002e-01
1.443775042599491631e-01
1.523595109235082457e-01
1.607334090369216817e-01
1.694594320422915246e-01
1.784904527358865955e-01
1.877732868343634509e-01
1.972504047061493793e-01
2.068620014520434758e-01
2.165483505126963026e-01
2.262523499509915270e-01
2.359221664712788935e-01
2.455138914908467918e-01
2.549941457281073576e-01
2.643426016324514349e-01
2.735544330371251220e-01
2.826427443799022221e-01
2.916410731297099379e-01
3.006060939974730117e-01
3.096206769851118645e-01
3.187974568181246027e-01
3.282830491354248870e-01
3.382629835650317052e-01
3.489672910685714946e-01
3.606764457955387027e-01
3.737269688015267821e-01
3.885153899425820567e-01
4.054983783349946913e-01
4.251856838437276798e-01
4.481212143129434944e-01
4.748465251476698956e-01
5.058411055561313763e-01
5.414365414089583606e-01
5.817085701790984942e-01
6.263629396271389593e-01
6.746455652925208435e-01
7.253176622548536123e-01
7.767316975468339102e-01
8.270170377145625862e-01
8.743412449437913958e-01
9.171760423238509707e-01
9.544904276862646864e-01
9.858235488775357602e-01
1.011238176880630002e+00
1.031193989760335938e+00
1.046392489438532802e+00
1.057635252708556184e+00
1.065717545922035603e+00
1.071361751249576999e+00
1.075184570103391524e+00
1.077688210902750132e+00
1.079266197118122772e+00
1.080216616643532745e+00
1.080758053638236627e+00
1.081045422076883700e+00
1.081184298467256832e+00
1.081243207170694776e+00
1.081263789752265003e+00
1.081269024053604699e+00
1.081269749681510017e+00
1.044949638231975841e+00
