#Bayesian Information Criterion from bootstrap run
5.515656483703930462e+03
5.515814371201454378e+03
5.516320043043267106e+03
5.515624177765458626e+03
5.515416243653049605e+03
5.515681216795695946e+03
5.516034934301126668e+03
5.515125329927119310e+03
5.515701041000307669e+03
5.515505638747285047e+03
5.516404703120582781e+03
5.516452613231193936e+03
5.515512661869061958e+03
5.515558998822565627e+03
5.515509582724079337e+03
5.516029351851782849e+03
5.515471411348347829e+03
5.515558512287354461e+03
5.515411073601671887e+03
5.515908791320722230e+03
