#Variance for the Conditional distribution of mass given radius from initial fitting w/o bootstrap
1.156475557497671780e-01
1.567812657556235389e-01
1.641029494411935519e-01
1.746455474461650059e-01
1.865268597275600015e-01
1.982149509508716601e-01
2.088069455281095221e-01
2.179437793795253875e-01
2.256056920016061562e-01
2.319369996224278641e-01
2.371371942282907153e-01
2.414056501238190378e-01
2.449187592363089305e-01
2.478237029059416896e-01
2.502396294112025354e-01
2.522615160383224198e-01
2.539645423048800810e-01
2.554080942619305072e-01
2.566391255567124774e-01
2.576948606473748460e-01
2.586049216286263608e-01
2.593929836099783670e-01
2.600780577793554427e-01
2.606754858042121814e-01
2.611977123982678894e-01
2.616548878517059307e-01
2.620553399489362612e-01
2.624059449245839115e-01
2.627124195670662021e-01
2.629795508454995656e-01
2.632113751237156185e-01
2.634113158116881959e-01
2.635822859256162221e-01
2.637267602660471888e-01
2.638468205961987945e-01
2.639441761533026787e-01
2.640201609183927545e-01
2.640757081871558665e-01
2.641113020266638300e-01
2.641269040871474516e-01
2.641218528962647194e-01
2.640947311390043906e-01
2.640431944717845925e-01
2.639637530954836442e-01
2.638514945949003709e-01
2.636997334498441536e-01
2.634995692140146839e-01
2.632393318593588827e-01
2.629038896710059192e-01
2.624737932796384343e-01
2.619242306226431949e-01
2.612237747389148934e-01
2.603329240845324577e-01
2.592024708975174674e-01
2.577717977676667882e-01
2.559673100881592611e-01
2.537013779808851566e-01
2.508723959268913117e-01
2.473668617623030197e-01
2.430646710505124930e-01
2.378489729813410836e-01
2.316216741221992503e-01
2.243246438196653814e-01
2.159645778344704281e-01
2.066364695630801551e-01
1.965377833650355233e-01
1.859647554819536530e-01
1.752857831456787474e-01
1.648946299535570814e-01
1.551548720206433751e-01
1.463514521474638397e-01
1.386622994907080186e-01
1.321544909041875715e-01
1.268005590778938929e-01
1.225056795138160654e-01
1.191365132854069753e-01
1.165455496350618764e-01
1.145884072501101858e-01
1.131341995849778903e-01
1.120703963029866940e-01
1.113039324751560755e-01
1.107600948175510580e-01
1.103803071932816654e-01
1.101195425565968111e-01
1.099437814343266762e-01
1.098277274768237888e-01
1.097528610256494480e-01
1.097058387097269438e-01
1.096772105843650535e-01
1.096604115059249263e-01
1.096509805337431837e-01
1.096459651753279585e-01
1.096434727828480560e-01
1.096423375042430148e-01
1.096418769727482423e-01
1.096417179985314516e-01
1.096416748005623054e-01
1.096416668008746709e-01
1.096416652585264773e-01
8.679035598398260332e-02
