#Akaike Information Criterion from bootstrap run
4.080320019605266566e+02
4.088209125122871228e+02
5.046646360771384252e+02
4.256411601890738439e+02
5.066585122738276254e+02
4.492198608456133115e+02
4.750071098977784914e+02
4.721689801705502987e+02
4.691774514986803979e+02
4.427029663131048665e+02
4.484325094357955095e+02
4.785262468021915083e+02
4.489098598392620261e+02
4.521700390824914848e+02
4.869365835349956342e+02
4.664420533088226648e+02
4.517450068506456091e+02
4.796212996961222643e+02
4.224326625322540849e+02
4.962764592643043216e+02
5.032105428551269597e+02
4.566444979096550014e+02
4.711151007333580765e+02
4.082424995290164134e+02
4.743844371009844281e+02
4.912842950878812758e+02
5.119455441401523217e+02
4.792068016860337707e+02
4.679385849944710571e+02
4.332901084654381521e+02
4.272294165514358042e+02
4.990105554439502953e+02
4.585294150475714900e+02
4.227890990448219100e+02
4.662908059444875448e+02
4.880330022855596326e+02
4.331265576029261979e+02
4.769559669553514141e+02
4.955391988437224882e+02
5.257883079330513283e+02
4.490566829496895593e+02
4.483825171701258796e+02
4.264719592836533479e+02
4.499941458774623015e+02
4.897725286894118426e+02
4.241237683406651513e+02
4.187634723735541229e+02
4.450844000279391821e+02
4.815307724273969825e+02
4.851212871001560529e+02
