#Variance for the Conditional distribution of mass given radius from initial fitting w/o bootstrap
nan
7.878247722230460881e-02
8.870596587081677753e-02
1.030278013906610890e-01
1.188684704822883381e-01
1.339212638951572387e-01
1.469754918880930850e-01
1.577085278903541110e-01
1.662822555652522794e-01
1.730397769590323043e-01
1.783446583727182899e-01
1.825159907407102045e-01
1.858119909318976803e-01
1.884336445626765832e-01
1.905345630210994179e-01
1.922313130294932559e-01
1.936122632019842416e-01
1.947445658213225739e-01
1.956794576522240814e-01
1.964562101935586336e-01
1.971050506176423023e-01
1.976493192728046300e-01
1.981070697684345627e-01
1.984922667363125948e-01
1.988156966700392325e-01
1.990856771553091986e-01
1.993086266464773881e-01
1.994895381861834793e-01
1.996323842863896303e-01
1.997404658554329249e-01
1.998167060714180210e-01
1.998638819659429022e-01
1.998847838917123809e-01
1.998822967338206857e-01
1.998594054952827770e-01
1.998191385849692747e-01
1.997644707612737103e-01
1.996982111417064665e-01
1.996228990992452157e-01
1.995407236836391485e-01
1.994534731937435690e-01
1.993625133633514790e-01
1.992687869255137523e-01
1.991728244212511989e-01
1.990747554124148722e-01
1.989743097377414394e-01
1.988707991299107081e-01
1.987630696272943143e-01
1.986494142430110799e-01
1.985274329225805989e-01
1.983938225917358245e-01
1.982440736638197698e-01
1.980720402064410912e-01
1.978693383817978213e-01
1.976245110366292024e-01
1.973218749017958129e-01
1.969399411245186526e-01
1.964492725000075157e-01
1.958096198400818833e-01
1.949661845715703057e-01
1.938449254122980581e-01
1.923470418068999321e-01
1.903432607245172659e-01
1.876695253300330046e-01
1.841273391279173999e-01
1.794943292374318045e-01
1.735527066486237391e-01
1.661426376257735260e-01
1.572395356810984690e-01
1.470355028471711512e-01
1.359818860722671330e-01
1.247449668295817632e-01
1.140641107741015015e-01
1.045674617113724197e-01
9.663564437578156530e-02
9.036974923415984351e-02
8.565069940063889387e-02
8.223608153604225479e-02
7.984651139997786529e-02
7.822094883580779645e-02
7.714218776898623675e-02
7.644236867078829656e-02
7.599820952817862296e-02
7.572249074428023807e-02
7.555529056829944634e-02
7.545645133648291869e-02
7.539966681351362165e-02
7.536808859899279955e-02
7.535117926752517292e-02
7.534251966511114340e-02
7.533831584924492730e-02
7.533640415683771907e-02
7.533560289895283035e-02
7.533530041173963632e-02
7.533520101277085823e-02
7.533517407024274692e-02
7.533516857372574149e-02
7.533516786476926463e-02
7.533516782566848646e-02
nan
