#Marginalized radius distribution from initial fitting w/o bootstrap
4.636347375577093977e-01
4.146550379477483284e-01
3.705663788006274273e-01
3.312562614438313013e-01
2.967620809385365099e-01
2.672088670845016445e-01
2.427595389820818017e-01
2.235761062059131998e-01
2.097903778057059188e-01
2.014828619822432998e-01
1.986686545654709757e-01
2.012892235195594404e-01
2.092090997888056969e-01
2.222165820486706467e-01
2.400276545073272427e-01
2.622924029826648740e-01
2.886032952243647309e-01
3.185047670256859198e-01
3.515036262389650279e-01
3.870798525352179276e-01
4.246974317930140574e-01
4.638149205250514107e-01
5.038954879113641816e-01
5.444162309633560071e-01
5.848766022490107241e-01
6.248058296215945884e-01
6.637692436655134864e-01
7.013734612560008630e-01
7.372704028749418326e-01
7.711601472831653981e-01
8.027926499681827810e-01
8.319683716128944972e-01
8.585378798108311837e-01
8.824005015316562783e-01
9.035021155600855280e-01
9.218321834338699672e-01
9.374201244328393967e-01
9.503311450602370813e-01
9.606616363479267839e-01
9.685342533450083113e-01
9.740927904505096713e-01
9.774969639590449511e-01
9.789172094365716781e-01
9.785295964630691401e-01
9.765109570002723505e-01
9.730343162944992130e-01
9.682647069345888813e-01
9.623554375794274307e-01
9.554448780734001723e-01
9.476538123050390894e-01
9.390833993567060389e-01
9.298137723621489048e-01
9.199032931543411618e-01
9.093884693663822905e-01
8.982845292607084531e-01
8.865866383224089153e-01
8.742717306754675954e-01
8.613009177797534832e-01
8.476224267534568924e-01
8.331750111510851653e-01
8.178917682206479078e-01
8.017042886731230444e-01
7.845470579298032821e-01
7.663620217739081086e-01
7.471032244263080546e-01
7.267414233941247304e-01
7.052685831070183431e-01
6.827021484594366640e-01
6.590890000169450369e-01
6.345089949187724399e-01
6.090780015132020164e-01
5.829503415925940679e-01
5.563205618444220235e-01
5.294244658962320438e-01
5.025393501971326948e-01
4.759834010361807533e-01
4.501142263374691699e-01
4.253265145801181646e-01
4.020488343548052623e-01
3.807396117715715067e-01
3.618823492598771674e-01
3.459801783333293912e-01
3.335498707090299164e-01
3.251154668545149229e-01
3.212017186621002884e-01
3.223275835979462767e-01
3.290000514169447166e-01
3.417086314489559684e-01
3.609208786199480379e-01
3.870793898449805814e-01
4.206007592891123359e-01
4.618770413063273406e-01
5.112803337032996165e-01
5.691711614007295417e-01
6.359114116453525867e-01
7.118826467244500078e-01
7.975106987143432136e-01
8.932975332163609616e-01
9.998614553580655873e-01
1.117986821622821925e+00
