#Variance for the Conditional distribution of radius given mass from initial fitting w/o bootstrap
2.164158079669241050e-02
1.180556115455973394e-02
1.181373237314733288e-02
1.183825822452679380e-02
1.189087339407574918e-02
1.198574089122449692e-02
1.213897957286496493e-02
1.236760762727648691e-02
1.268779699520321269e-02
1.311250631038809317e-02
1.364883261321802807e-02
1.429570991983881816e-02
1.504272057557703469e-02
1.587061018042442914e-02
1.675359081615846249e-02
1.766288803281160225e-02
1.857056531461639959e-02
1.945266355374608916e-02
2.029107223954941530e-02
2.107405292937836183e-02
2.179571496207225595e-02
2.245489345904742862e-02
2.305383918154471287e-02
2.359699769836191841e-02
2.409001626134110730e-02
2.453901366047761892e-02
2.495008919454533985e-02
2.532902234851660411e-02
2.568111140909662068e-02
2.601110612086317969e-02
2.632319964339745882e-02
2.662105491581924846e-02
2.690784862861586926e-02
2.718632206357803754e-02
2.745883232477739841e-02
2.772740033929836298e-02
2.799375384098628725e-02
2.825936468028783857e-02
2.852548046556255962e-02
2.879315090386008746e-02
2.906324938602692504e-02
2.933649042698248735e-02
2.961344357481716927e-02
2.989454437149236671e-02
3.018010290086238501e-02
3.047031040627415713e-02
3.076524440505220073e-02
3.106487267264727153e-02
3.136905641521466059e-02
3.167755289493486004e-02
3.199001771596834964e-02
3.230600691873690422e-02
3.262497896431577199e-02
3.294629661711637181e-02
3.326922865068360907e-02
3.359295120611426738e-02
3.391654852279201576e-02
3.423901263374457687e-02
3.455924146899441024e-02
3.487603463457503161e-02
3.518808592551448539e-02
3.549397137906416116e-02
3.579213136847918253e-02
3.608084486430313681e-02
3.635819353488764505e-02
3.662201280806608172e-02
3.686982636674020902e-02
3.709875981808474082e-02
3.730542851792053444e-02
3.748579389254552696e-02
3.763498238233820015e-02
3.774706191868028998e-02
3.781477370058893006e-02
3.782922379276663222e-02
3.777955270353124811e-02
3.765262609752784845e-02
3.743283206568540078e-02
3.710213581740807315e-02
3.664063240703435004e-02
3.602793742830046053e-02
3.524581430318711461e-02
3.428234649992222688e-02
3.313755904140338465e-02
3.182954229476251534e-02
3.039895967342998162e-02
2.890899571613154626e-02
2.743843486128497156e-02
2.606828445834993846e-02
2.486603581837411314e-02
2.387357122381923366e-02
2.310301591820292100e-02
2.254069942954448763e-02
2.215595020820020772e-02
2.191064036819704783e-02
2.176672510871270963e-02
2.169087382714491793e-02
2.165655619380598904e-02
2.164441952891110743e-02
2.164175107495367942e-02
2.164158079780372640e-02
