#Conditional distribution of radius given mass from initial fitting w/o bootstrap
nan
-1.216848846266582324e-01
-1.216813659001114850e-01
-1.216559940253923860e-01
-1.215562968299355590e-01
-1.212715615394310553e-01
-1.206037813390844482e-01
-1.192371911902825737e-01
-1.167164667593145327e-01
-1.124546034712166215e-01
-1.058027703794154062e-01
-9.621147197390088335e-02
-8.347126710030391972e-02
-6.793720460934654648e-02
-5.057661040796854884e-02
-3.274355012008951099e-02
-1.577549331116436318e-02
-6.432771686869163648e-04
1.218289327896297965e-02
2.266387156171989145e-02
3.103166617879348291e-02
3.763817719898518432e-02
4.285379032305806912e-02
4.701517167465982944e-02
5.040652509901211858e-02
5.325898253564993051e-02
5.575784224754235657e-02
5.805201158285840102e-02
6.026303696790629577e-02
6.249275509015068258e-02
6.482938325518067257e-02
6.735218090412357916e-02
7.013490015867350491e-02
7.324823056207477312e-02
7.676139546091341470e-02
8.074300373961515453e-02
8.526121341177560209e-02
9.038322841346278780e-02
9.617412995301820311e-02
1.026950416230838908e-01
1.100006458448327673e-01
1.181361102114855399e-01
1.271335462072499256e-01
1.370082062530908751e-01
1.477547192556418199e-01
1.593437543475642038e-01
1.717195656773444490e-01
1.847988832086104316e-01
1.984715537044023093e-01
2.126031915276732631e-01
2.270398782952788574e-01
2.416146837910236045e-01
2.561555168604676136e-01
2.704936110540443472e-01
2.844718538869808744e-01
2.979522052099147778e-01
3.108216117268323142e-01
3.229960741152106962e-01
3.344228063499636860e-01
3.450806891910214724e-01
3.549794210210614476e-01
3.641578907923465058e-01
3.726823426960632624e-01
3.806448883988663989e-01
3.881628747727212669e-01
3.953795555241776949e-01
4.024664581659592177e-01
4.096277841060753655e-01
4.171071112474394882e-01
4.251965405281219468e-01
4.342481552195589511e-01
4.446870997776073975e-01
4.570245082784152313e-01
4.718666130294142946e-01
4.899133233978514301e-01
5.119353184079293850e-01
5.387140732191734172e-01
5.709270962715728981e-01
6.089670537880260692e-01
6.527068949754217808e-01
7.012678492063865177e-01
7.528989767297933344e-01
8.050922912421329958e-01
8.549854029600548744e-01
8.999503327751722237e-01
9.381356038864122615e-01
9.687402198290144817e-01
9.919532990903002778e-01
1.008662002357722409e+00
1.020095607754322620e+00
1.027532120281718475e+00
1.032115549595391757e+00
1.034774314617169289e+00
1.036208371397623562e+00
1.036913245133235240e+00
1.037218589244031763e+00
1.037328532180686436e+00
1.037357903292496442e+00
1.037362383884732342e+00
nan
