#Upper limit for the Conditional distribution of mass given radius from initial fitting w/o bootstrap
-9.502886995588230024e-01
-9.208711840036202245e-01
-7.623527342688066755e-01
-3.240409722514975832e-01
9.543876606720137420e-03
1.773517239322777994e-01
2.707546610401743159e-01
3.272289746120291554e-01
3.639443599098040050e-01
3.896352714493627745e-01
4.090875274883106760e-01
4.251053310088689918e-01
4.394501709795105016e-01
4.533154620912323018e-01
4.675774743581004311e-01
4.829323889998001218e-01
4.999716877002343129e-01
5.192209658881935530e-01
5.411536410272135278e-01
5.661837668982494520e-01
5.946385139178680390e-01
6.267104900055716632e-01
6.623941144000591308e-01
7.014197940735562575e-01
7.432124871181897685e-01
7.869074756797928005e-01
8.314422412128706918e-01
8.757072977716752193e-01
9.187043052058267989e-01
9.596573190151380661e-01
9.980536290864023830e-01
1.033625902088876947e+00
1.066303394699048779e+00
1.096156724035193042e+00
1.123349980117546831e+00
1.148104826272482892e+00
1.170676212508526159e+00
1.191337493569372130e+00
1.210372604653830564e+00
1.228073433082482291e+00
1.244741188130271681e+00
1.260691098243974517e+00
1.276260338085954738e+00
1.291819567924583190e+00
1.307789076605200274e+00
1.324661406586547185e+00
1.343033613777153024e+00
1.363654925588654532e+00
1.387499978330142270e+00
1.415887078924689124e+00
1.450680084967815642e+00
1.494653840271537026e+00
1.552186677275394722e+00
1.630515404776577526e+00
1.740624565720103378e+00
1.885678741094684474e+00
2.027705920631754921e+00
2.133285017932186278e+00
2.208293938921071398e+00
2.263375842095271206e+00
2.305174935536900449e+00
2.337628906616648017e+00
2.363201933816006406e+00
2.383535380981804064e+00
2.399783759752230683e+00
2.412796062598367985e+00
2.423218736673329321e+00
2.431556976841227513e+00
2.438212884742962938e+00
2.443510343441102517e+00
2.447712044157007050e+00
2.451031737741780958e+00
2.453643468785484227e+00
2.455688805972425115e+00
2.457282660987900158e+00
2.458518052528142039e+00
2.459470046853639680e+00
2.460198999837744704e+00
2.460753290439092300e+00
2.461171536670947457e+00
2.461484444518556636e+00
2.461716323645266602e+00
2.461886329321940181e+00
2.462009476936304342e+00
2.462097468366364339e+00
2.462159363301366977e+00
2.462202123198744985e+00
2.462231050920010933e+00
2.462250145130319812e+00
2.462262385205094883e+00
2.462269959588574419e+00
2.462274448219969436e+00
2.462276967713231013e+00
2.462278286380287007e+00
2.462278914855205780e+00
2.462279176878858777e+00
2.462279263076184499e+00
2.462279260287780325e+00
2.462278825793985604e+00
1.604134480655734718e+00
