#Conditional distribution of radius given mass from initial fitting w/o bootstrap
3.350220460138736422e-02
-9.360005250097322427e-02
-9.337522479414683829e-02
-9.274244192243465135e-02
-9.146981437877702015e-02
-8.931922346474030494e-02
-8.606587042688200462e-02
-8.152495997434512642e-02
-7.558170492152380127e-02
-6.821782665517561739e-02
-5.952626166443788364e-02
-4.970748139760711864e-02
-3.904592124066451342e-02
-2.787156395762680622e-02
-1.651651369602880060e-02
-5.277074715169823189e-03
5.611472494396382502e-03
1.598530585485775923e-02
2.574994527123430910e-02
3.487001027562222633e-02
4.335538953923771116e-02
5.124725495191718994e-02
5.860592427344687994e-02
6.550137558384760972e-02
7.200643313535966261e-02
7.819224389848510037e-02
8.412553033836477068e-02
8.986712153219160448e-02
9.547134745317162330e-02
1.009859800887685788e-01
1.064524954377586430e-01
1.119065033064013115e-01
1.173782462703711615e-01
1.228931077270268846e-01
1.284720951427297808e-01
1.341322817253428612e-01
1.398872005397182594e-01
1.457471915844570365e-01
1.517197060316259061e-01
1.578095737136642751e-01
1.640192407064710867e-01
1.703489839533613714e-01
1.767971095904854462e-01
1.833601411541395110e-01
1.900330032901494381e-01
1.968092060191457549e-01
2.036810340885154003e-01
2.106397454985135531e-01
2.176757829576446424e-01
2.247790018321055294e-01
2.319389181405844824e-01
2.391449803501640714e-01
2.463868692014246076e-01
2.536548305922089463e-01
2.609400477548847186e-01
2.682350606634094081e-01
2.755342429168524676e-01
2.828343494029543770e-01
2.901351520152236629e-01
2.974401857775834657e-01
3.047576341488757445e-01
3.121013902817167951e-01
3.194923408330913039e-01
3.269599307331797489e-01
3.345440810861272096e-01
3.422975476506856518e-01
3.502888228432018969e-01
3.586056970785804765e-01
3.673595999027980397e-01
3.766908273965463572e-01
3.867747114851824430e-01
3.978286683484577591e-01
4.101198278271523945e-01
4.239725194090537275e-01
4.397741714875401109e-01
4.579770524339188964e-01
4.790916628605384475e-01
5.036655594332326569e-01
5.322394510401732282e-01
5.652718659298300308e-01
6.030270087855819083e-01
6.454309375156459527e-01
6.919210329034347629e-01
7.413393014205234000e-01
7.919370901375797356e-01
8.415447623988816517e-01
8.879014809764532723e-01
9.290579026815229957e-01
9.637126943419508374e-01
9.913675228404984496e-01
1.012272337357766006e+00
1.027221661461347191e+00
1.037300422799142252e+00
1.043660322877659086e+00
1.047365491831909079e+00
1.049309469490998126e+00
1.050186497029553800e+00
1.050496140584865845e+00
1.050564157905234275e+00
1.050568496301710786e+00
