6.692347963433618874e-02
6.692389520682727466e-02
6.695269358149208427e-02
6.728743272346213167e-02
6.910892035961245516e-02
7.520478733251416414e-02
8.800501659888507189e-02
1.040977775093591129e-01
1.168353422382265167e-01
1.243483160205524629e-01
1.282684526397730729e-01
1.302782649488335720e-01
1.313440015892459456e-01
1.319434889642489839e-01
1.323064556174293471e-01
1.325449377304720178e-01
1.327151482663148363e-01
1.328461722618669294e-01
1.329534519552549587e-01
1.330452698351351770e-01
1.331259182027893784e-01
1.331972300536682086e-01
1.332592410707106323e-01
1.333103340146861715e-01
1.333470168402463296e-01
1.333633921822607593e-01
1.333503489694955468e-01
1.332945491704353447e-01
1.331774274677961778e-01
1.329747184247954128e-01
1.326574826458785938e-01
1.321960358751871623e-01
1.315679874608572386e-01
1.307697754003905033e-01
1.298273355388688821e-01
1.287983144716668416e-01
1.277605159575100346e-01
1.267903215197732358e-01
1.259428124828530504e-01
1.252434077265802692e-01
1.246916025254623112e-01
1.242706901645454082e-01
1.239572812571048122e-01
1.237277343167562382e-01
1.235613835726280668e-01
1.234415657184220055e-01
1.233554750115250648e-01
1.232935420425844558e-01
1.232487084609300287e-01
1.232157569972232997e-01
1.231907394285455953e-01
1.231704874765766761e-01
1.231521623464679194e-01
1.231327771940534527e-01
1.231085989179427909e-01
1.230742881375503223e-01
1.230215522046735621e-01
1.229369401540814088e-01
1.227981617132995196e-01
1.225679116343534186e-01
1.221835774029932237e-01
1.215404516116461442e-01
1.204656196152593811e-01
1.186812968481395780e-01
1.157649713210902459e-01
1.111391660122516833e-01
1.041728645402442421e-01
9.450812467725219768e-02
8.257893455571857499e-02
6.986659982371856703e-02
5.831941853505626799e-02
4.928036607589036944e-02
4.299617543977091866e-02
3.896258895347620016e-02
3.647436364180861590e-02
3.493745665386577964e-02
3.394442343196450718e-02
3.324435581761481934e-02
3.269204878931221414e-02
3.220657441985508990e-02
3.174380147779437555e-02
3.127981466726866694e-02
3.080142490911722680e-02
3.030091965927424538e-02
2.977322924177733254e-02
2.921442406407345413e-02
2.862092334460234616e-02
2.798907163886589153e-02
2.731489652086578276e-02
2.659394767658238359e-02
2.582116430647942579e-02
2.499074175336380918e-02
2.409597974382990046e-02
2.312909912385790676e-02
2.208101440610099955e-02
2.094104719270070344e-02
1.969656099405186350e-02
1.833249085549204516e-02
1.683073073427810221e-02
nan
