-1.621658743934241365e+00
-1.621657921530036406e+00
-1.621600819955479222e+00
-1.620935528544465987e+00
-1.617225884878172204e+00
-1.603493599780089651e+00
-1.565147420806420442e+00
-1.476866100258594328e+00
-1.268729404632238822e+00
-7.796828154530088817e-01
-6.351697462529767302e-01
-5.827956171215441517e-01
-5.570644026708950758e-01
-5.420640953432728226e-01
-5.319939250802152575e-01
-5.243621378682098433e-01
-5.179910155044624709e-01
-5.122835391540564443e-01
-5.069172709026454893e-01
-5.017048390696383642e-01
-4.965252732308401140e-01
-4.912869165518085057e-01
-4.859042558458335215e-01
-4.802798535122645429e-01
-4.742862587067517288e-01
-4.677442243663445520e-01
-4.603939981188047703e-01
-4.518565472248079473e-01
-4.415818693745396373e-01
-4.287826906620573197e-01
-4.123545760721125664e-01
-3.907878809650144336e-01
-3.620807220247818092e-01
-3.236579074023075431e-01
-2.722777773558269221e-01
-2.038770672419951413e-01
-1.134198826439493935e-01
3.960188583871712166e-03
1.439774595980832794e-01
2.766093186551886185e-01
3.731761957064007595e-01
4.361797960452981071e-01
4.769971265327350163e-01
5.038766950527691080e-01
5.218709460016129897e-01
5.340742631507761073e-01
5.424326091970751440e-01
5.482015575160209542e-01
5.522080349733861082e-01
5.550054067138010527e-01
5.569687541939635222e-01
5.583552657678174658e-01
5.593435800031507643e-01
5.600601578530843838e-01
5.605976659025407871e-01
5.610286861594477870e-01
5.614172493089529814e-01
5.618304777919596038e-01
5.623529903452713086e-01
5.631078025817523036e-01
5.642895912938915570e-01
5.662199187217467067e-01
5.694400018178560341e-01
5.748650796358607540e-01
5.840332894328598146e-01
5.994827885107790744e-01
6.252670454000952560e-01
6.675761421285641983e-01
7.355633285343954331e-01
8.436863631155011589e-01
1.024060251382742814e+00
1.444329364954850536e+00
1.775916800871331969e+00
1.855434015305699846e+00
1.890467853905344331e+00
1.908908370228655560e+00
1.919813473824101946e+00
1.927112035105371435e+00
1.932719297841723805e+00
1.937619695772509587e+00
1.942335040058715379e+00
1.947151914653952431e+00
1.952238727324361989e+00
1.957707617061779537e+00
1.963647742788372952e+00
1.970143673150311470e+00
1.977286237308917283e+00
1.985179844570938545e+00
1.993948456462453445e+00
2.003741351316577379e+00
2.014739101764308149e+00
2.027159403110129876e+00
2.041261046473960228e+00
2.057341604979693539e+00
2.075719030568708767e+00
2.096678407552896140e+00
2.120356487857167682e+00
2.146549821984876871e+00
2.174513227621634126e+00
1.107631632704243424e-12
