1.131524326793259543e-08
1.250104209820741494e-04
1.485432223541441506e-03
5.568019380563313941e-03
1.298894673766194316e-02
2.333120080130271154e-02
3.547809034784436127e-02
4.803865802244660504e-02
5.969240062768166322e-02
6.940371865921625416e-02
7.651519526356710676e-02
8.075122523455627310e-02
8.216694843267360882e-02
8.107212040243440276e-02
7.795123488775375364e-02
7.339290468646512966e-02
6.803458558533979905e-02
6.252365184096883577e-02
5.749257675917781446e-02
5.354428608805267276e-02
5.124329654359461445e-02
5.110867654547560091e-02
5.360584623114918179e-02
5.913548680630856952e-02
6.801912343201213518e-02
8.048210273198837250e-02
9.663558103334814187e-02
1.164597000535623067e-01
1.397903283251745732e-01
1.663116063119931265e-01
1.955561014177281953e-01
2.269137300766385090e-01
2.596498252707540866e-01
2.929319096973109215e-01
3.258639620614210419e-01
3.575263080652003600e-01
3.870187818501408805e-01
4.135045202778204199e-01
4.362516826093427169e-01
4.546705233779218536e-01
4.683435616868981133e-01
4.770470488571706413e-01
4.807624940184153650e-01
4.796776170450829380e-01
4.741767150821611931e-01
4.648210129536981539e-01
4.523200869484482745e-01
4.374958829590179787e-01
4.212411803037611202e-01
4.044745771072046359e-01
3.880941943587901122e-01
3.729323212750280669e-01
3.597131645962529101e-01
3.490157295474702881e-01
3.412436593850051159e-01
3.366035998744740798e-01
3.350933375809839188e-01
3.365005867269303952e-01
3.404128677493417077e-01
3.462384320809047122e-01
3.532376468844975470e-01
3.605636725828478273e-01
3.673106669785121681e-01
3.725671658353095217e-01
3.754717655251987307e-01
3.752678224139694985e-01
3.713536445510720041e-01
3.633246407560682401e-01
3.510041573148774963e-01
3.344603012511992435e-01
3.140069218487657743e-01
2.901880642709157021e-01
2.637465475058978215e-01
2.355787420945410215e-01
2.066789879226205717e-01
1.780782358775773455e-01
1.507822546159227062e-01
1.257149704093162568e-01
1.036721032252799074e-01
8.528919118552615031e-02
7.102640699225282184e-02
6.117040436049193258e-02
5.585101965467485080e-02
5.506829790874184782e-02
5.872336676562570773e-02
6.664551981742920794e-02
7.860785980482594415e-02
9.432534563426139829e-02
1.134324495661725996e-01
1.354433123479715229e-01
1.597059614000073124e-01
1.853749537671660064e-01
2.114455967060349939e-01
2.369207037656784476e-01
2.612223019431960114e-01
2.850226333536931556e-01
3.117608454593143175e-01
3.502472269468013821e-01
4.189536963893540356e-01
5.528716112745937217e-01
