1.650481886905886495e+04
1.666843224169596215e+04
1.652582280747095865e+04
1.651674102748646692e+04
1.649299294304484647e+04
1.656854024415653475e+04
1.661757824319938300e+04
1.673426866496129151e+04
1.658895161557126994e+04
1.643278306862722820e+04
1.669526276014660107e+04
1.634158691114980502e+04
1.638573025719697034e+04
1.643275210714459536e+04
1.653864365095374524e+04
1.664105728164900211e+04
1.629768844755144164e+04
1.688895841142985955e+04
1.651712397407439494e+04
1.635259798343981674e+04
1.630382679236391596e+04
1.680860983971033420e+04
1.653865354075214782e+04
1.697221970122042330e+04
1.657144499577387614e+04
1.622925626335960442e+04
1.649734677811330766e+04
1.656456872058441149e+04
1.645105872107760297e+04
1.667775640206453318e+04
1.649528582856104549e+04
1.676656764308537458e+04
1.659121154394157202e+04
1.643259731304971137e+04
1.667080154024132935e+04
1.661276356373222370e+04
1.647235028294632502e+04
1.642622359692210739e+04
1.685263847160736623e+04
1.636804297359271368e+04
1.650104054754677782e+04
1.651608618895785912e+04
1.680628492380819807e+04
1.680632250938236029e+04
1.644593581892614020e+04
1.635795378765110581e+04
1.652540210248668518e+04
1.658309605362391449e+04
1.661520540500451534e+04
1.656236664652077889e+04
1.662029404581181734e+04
1.664445472680379680e+04
1.693591937005223735e+04
1.653874896199796785e+04
1.648478151427353441e+04
1.677971703701049046e+04
1.676943143182563290e+04
1.656507964552966223e+04
1.666552779369186101e+04
1.645084587704397563e+04
