#Akaike Information Criterion from bootstrap run
1.195084160609367018e+03
1.153160570240961306e+03
1.101946185872413253e+03
1.137649057615666607e+03
1.198389922623934808e+03
1.140882660952807328e+03
1.153676961226950880e+03
1.227944652892628937e+03
1.205315446411000494e+03
1.151945534909850494e+03
1.188613461195051968e+03
1.159557456539192799e+03
1.166565779814749931e+03
1.151224807441032681e+03
1.182727033429281619e+03
1.104716583829343335e+03
1.202405759393393510e+03
1.111976477948002412e+03
1.199935313402336305e+03
1.123862374244688681e+03
1.226816247788094188e+03
1.120364886024098269e+03
1.176896440027620883e+03
1.102466722269392221e+03
1.087867054768850721e+03
1.143826518265995219e+03
1.148325464575330216e+03
1.161993618035401823e+03
1.148142254312668229e+03
1.135148234107260350e+03
1.213493890780573111e+03
1.168665509056697601e+03
1.178329366364354428e+03
1.139939040457675219e+03
1.171885079334525244e+03
1.161764811746562600e+03
1.112898412026383085e+03
1.155278433984725325e+03
1.199462617767842858e+03
1.192834086280030533e+03
1.176936884815736676e+03
1.131755889872684065e+03
1.242855680952368402e+03
1.159063617601771966e+03
1.177216390536065774e+03
1.155467246366891686e+03
1.180793882211462460e+03
1.140285020272097881e+03
1.138534756917405275e+03
1.185396275138965620e+03
1.200620338680910436e+03
1.212454408057582896e+03
1.140993658445027677e+03
1.109187578640213360e+03
1.163446007736332149e+03
1.213100420194748494e+03
1.200929233107323171e+03
1.173318137279580242e+03
1.162940590216494456e+03
1.167717026096031532e+03
1.153740058059287549e+03
1.115642225681434184e+03
1.107008330727827115e+03
1.178371916004265586e+03
1.167459641927443045e+03
1.107682271670329783e+03
1.174453549475399996e+03
1.171794813868561505e+03
1.174338106597476781e+03
1.135447854195227819e+03
1.209713330760112285e+03
1.150761607970592422e+03
1.157844241637011919e+03
1.119623982038092436e+03
1.147791388185427650e+03
1.162462999693590291e+03
1.128802271761736847e+03
1.144457141905297476e+03
1.161447481281967612e+03
1.121686387471526132e+03
1.191372956327363227e+03
1.170027012726271096e+03
1.214332814009103231e+03
1.191164673990516121e+03
1.133780644785946606e+03
1.135925400295438067e+03
1.169519428409497777e+03
1.176329155385040622e+03
1.179559419540549698e+03
1.145786244296721634e+03
1.146148574172008011e+03
1.195569090390800966e+03
1.163223960157746660e+03
1.097037182839317893e+03
1.225538562582358736e+03
1.157544725673626772e+03
1.140466548947820684e+03
1.157823172943283225e+03
1.183027156542829061e+03
1.185341245653359238e+03
