#Bayesian Information Criterion from bootstrap run
1.764084160667424840e+03
1.722160570299019128e+03
1.670946185930471074e+03
1.706649057673724428e+03
1.767389922681992630e+03
1.709882661010864922e+03
1.722676961285008701e+03
1.796944652950686759e+03
1.774315446469058315e+03
1.720945534967908316e+03
1.757613461253109790e+03
1.728557456597250621e+03
1.735565779872807752e+03
1.720224807499090502e+03
1.751727033487339440e+03
1.673716583887401157e+03
1.771405759451451331e+03
1.680976478006060233e+03
1.768935313460394127e+03
1.692862374302746503e+03
1.795816247846152010e+03
1.689364886082156318e+03
1.745896440085678705e+03
1.671466722327450043e+03
1.656867054826908543e+03
1.712826518324053040e+03
1.717325464633388037e+03
1.730993618093459645e+03
1.717142254370726050e+03
1.704148234165318172e+03
1.782493890838630932e+03
1.737665509114755423e+03
1.747329366422412249e+03
1.708939040515733041e+03
1.740885079392583066e+03
1.730764811804620422e+03
1.681898412084440679e+03
1.724278434042783147e+03
1.768462617825900679e+03
1.761834086338088127e+03
1.745936884873794497e+03
1.700755889930741887e+03
1.811855681010426224e+03
1.728063617659829788e+03
1.746216390594123595e+03
1.724467246424949508e+03
1.749793882269520282e+03
1.709285020330155930e+03
1.707534756975463097e+03
1.754396275197023442e+03
1.769620338738968258e+03
1.781454408115640945e+03
1.709993658503085499e+03
1.678187578698271409e+03
1.732446007794389971e+03
1.782100420252806089e+03
1.769929233165380992e+03
1.742318137337638063e+03
1.731940590274552505e+03
1.736717026154089353e+03
1.722740058117345370e+03
1.684642225739492005e+03
1.676008330785884937e+03
1.747371916062323407e+03
1.736459641985500866e+03
1.676682271728387605e+03
1.743453549533457817e+03
1.740794813926619327e+03
1.743338106655534602e+03
1.704447854253285641e+03
1.778713330818170107e+03
1.719761608028650244e+03
1.726844241695069741e+03
1.688623982096150257e+03
1.716791388243485471e+03
1.731462999751648113e+03
1.697802271819794669e+03
1.713457141963355298e+03
1.730447481340025433e+03
1.690686387529583953e+03
1.760372956385421048e+03
1.739027012784328917e+03
1.783332814067161053e+03
1.760164674048573943e+03
1.702780644844004428e+03
1.704925400353495661e+03
1.738519428467555599e+03
1.745329155443098443e+03
1.748559419598607519e+03
1.714786244354779456e+03
1.715148574230065606e+03
1.764569090448858788e+03
1.732223960215804254e+03
1.666037182897375715e+03
1.794538562640416785e+03
1.726544725731684593e+03
1.709466549005878278e+03
1.726823173001341047e+03
1.752027156600886883e+03
1.754341245711417059e+03
