2.754047232100733709e+02
2.475081519227082936e+02
3.021470883878503741e+02
2.389963881725228134e+02
2.948350674406537451e+02
2.590844316648777976e+02
2.486026370614873713e+02
2.786969586070596847e+02
2.760428887880596562e+02
2.007663628271365610e+02
2.647851946692528031e+02
3.109612837729521289e+02
2.824915601945670005e+02
2.380384885518199098e+02
2.437728229485347242e+02
2.477915663799774961e+02
2.915028266938364254e+02
2.663901120337785642e+02
1.980713996438968820e+02
3.133070570260418890e+02
2.979263823007049723e+02
2.711572507718162797e+02
2.228718756284620781e+02
2.820698761384441582e+02
2.573197598023031105e+02
2.687610807741892813e+02
2.678494574660146554e+02
2.644093301395331537e+02
2.888015117914297889e+02
2.631791272161990491e+02
2.932285708612922122e+02
2.733928276164582485e+02
3.013363734977256740e+02
2.503873741951874194e+02
3.141366411040608000e+02
3.004149386039260321e+02
2.551261363801341417e+02
2.746458766817448236e+02
2.748825878131640366e+02
2.536726668292243971e+02
2.566447021806309863e+02
2.913760063524629231e+02
2.582096519537806216e+02
2.741432728495587412e+02
2.759983359446511031e+02
3.311127157753705887e+02
2.668827336664008953e+02
2.612175572051307313e+02
2.617201814159350874e+02
3.091135749989701935e+02
2.880106093836393484e+02
2.105733793106128928e+02
2.774643604830519052e+02
2.702715963973358271e+02
2.362774511389703775e+02
2.490985734763841037e+02
2.434835115482640617e+02
2.552302219842801492e+02
2.436702467147308653e+02
2.445425482750861192e+02
2.291605015280507587e+02
2.554571027491043083e+02
2.308698115983710863e+02
3.055399631554968209e+02
2.295352649548185582e+02
2.597804601572342449e+02
3.076100570775971619e+02
2.590106361783709872e+02
2.325541964074502062e+02
3.280488321747791360e+02
2.519925720634558957e+02
2.586094151198545319e+02
2.383069439534119169e+02
2.854217712761841312e+02
2.420370761963800987e+02
2.771893783410124001e+02
2.792991385060101948e+02
2.598027803847162431e+02
2.529796604066187911e+02
2.616209037255771364e+02
1.973449615639437980e+02
3.001268318097099836e+02
3.114971442572312412e+02
3.224787055360971522e+02
2.526890170818633692e+02
2.713516335533311121e+02
2.449580995092317721e+02
2.456220236003649688e+02
2.678623966927215179e+02
3.039920512709628042e+02
2.838904645301208802e+02
2.296845302091191456e+02
3.032476953561640016e+02
2.482873076216771437e+02
2.493949816048578896e+02
3.227759201691023918e+02
3.097303427659477961e+02
2.518831517418416865e+02
2.363702932563099353e+02
2.728999380911359367e+02
