3.903869636417308664e-01
4.551838203111108205e-01
4.984366867187361438e-01
5.293584873072448849e-01
5.525644197721968354e-01
5.706218952526368460e-01
5.850728544596661695e-01
5.968992314603291938e-01
6.067559811770318889e-01
6.150966810772274806e-01
6.222453610682993075e-01
6.284396293266771849e-01
6.338576399001214501e-01
6.386355492943154299e-01
6.428791574292515021e-01
6.466718736285772540e-01
6.500802926689057681e-01
6.531581767103133984e-01
6.559493497100957748e-01
6.584898347960442822e-01
6.608094549504140991e-01
6.629330468467132809e-01
6.648813915599507407e-01
6.666719351091150436e-01
6.683193509052610670e-01
6.698359817650952897e-01
6.712321890515688949e-01
6.725166293277703433e-01
6.736964737446875517e-01
6.747775816180188180e-01
6.757646368719645302e-01
6.766612539563987561e-01
6.774700582819361827e-01
6.781927450277988045e-01
6.788301192628553027e-01
6.793821196115836791e-01
6.798478271448331611e-01
6.802254607452191681e-01
6.805123598647181415e-01
6.807049553416222309e-01
6.807987287662498055e-01
6.807881607762257259e-01
6.806666686244376985e-01
6.804265334027855827e-01
6.800588174347008685e-01
6.795532725868344004e-01
6.788982406191174102e-01
6.780805472230209130e-01
6.770853921275333809e-01
6.758962386252038712e-01
6.744947071364287838e-01
6.728604790424266291e-01
6.709712190285602729e-01
6.688025266338933905e-01
6.663279306235503352e-01
6.635189431722723352e-01
6.603451945907178322e-01
6.567746732613853888e-01
6.527740992563801914e-01
6.483094632683215064e-01
6.433467642363348560e-01
6.378529783424875532e-01
6.317972875464313853e-01
6.251525859339455149e-01
6.178972652145413580e-01
6.100172552772539225e-01
6.015082610784193706e-01
5.923780939405844936e-01
5.826489463657048562e-01
5.723594102764874014e-01
5.615659978156359866e-01
5.503439025919666383e-01
5.387867495531889483e-01
5.270051334218982531e-01
5.151238429904643201e-01
5.032778063030018956e-01
4.916069533689026994e-01
4.802503520389154179e-01
4.693400975071101988e-01
4.589954979959645631e-01
4.493180813877647450e-01
4.403878500527536599e-01
4.322610521505322878e-01
4.249695486909209063e-01
4.185216724605863026e-01
4.129043283279287824e-01
4.080859933329314404e-01
4.040202439851571237e-01
4.006494596192839430e-01
3.979084090826048303e-01
3.957275056424306992e-01
3.940355958789804602e-01
3.927622209003372999e-01
3.918393459292424663e-01
3.912025950136289176e-01
3.907920522908092109e-01
3.905527026618395570e-01
3.904345863422176710e-01
3.903927368767087236e-01
3.903869636413658806e-01
