-6.388802121962491309e-01
1.374681565464883244e-02
3.987717379727376832e-01
5.936572713025486392e-01
7.071293259193837111e-01
7.811126154890357665e-01
8.331853253509216017e-01
8.718591991377404593e-01
9.017416079430418119e-01
9.255433932017503862e-01
9.449647519608389556e-01
9.611270932837556735e-01
9.748008384361340761e-01
9.865334555014780848e-01
9.967252648858698771e-01
1.005676314215353084e+00
1.013616451976239397e+00
1.020725244171581281e+00
1.027145535347630645e+00
1.032992912132916219e+00
1.038362455499561854e+00
1.043333657743183096e+00
1.047974072268376355e+00
1.052342073292973579e+00
1.056488981217591050e+00
1.060460730585156330e+00
1.064299205367768897e+00
1.068043331175455579e+00
1.071729989969939290e+00
1.075394806265859593e+00
1.079072842227212448e+00
1.082799230964219817e+00
1.086609771678658909e+00
1.090541506406613959e+00
1.094633295502051462e+00
1.098926407375856451e+00
1.103465137134460816e+00
1.108297468496844296e+00
1.113475793595434693e+00
1.119057705893270471e+00
1.125106882384795837e+00
1.131694072376492111e+00
1.138898211296498930e+00
1.146807678884415704e+00
1.155521721311279171e+00
1.165152055485822125e+00
1.175824669799019340e+00
1.187681826586770795e+00
1.200884254264594109e+00
1.215613485421298101e+00
1.232074241657747038e+00
1.250496671036168905e+00
1.271138084859152029e+00
1.294283578646447719e+00
1.320244501062977749e+00
1.349353079229873797e+00
1.381950543071129411e+00
1.418364803515541839e+00
1.458872365613118616e+00
1.503638582228568943e+00
1.552632746751916981e+00
1.605523689756886085e+00
1.661581008067895660e+00
1.719632724051515904e+00
1.778140111290952508e+00
1.835412108453443381e+00
1.889896984620751619e+00
1.940427021638678529e+00
1.986322022492787331e+00
2.027350027139992683e+00
2.063609618217268959e+00
2.095401168916444679e+00
2.123123859367993305e+00
2.147207007439694060e+00
2.168070153536570288e+00
2.186102906435126947e+00
2.201656836303467202e+00
2.215044065268124029e+00
2.226539239575149320e+00
2.236382974706804472e+00
2.244785740745984803e+00
2.251931666745446314e+00
2.257982027920358181e+00
2.263078331631541040e+00
2.267344995138909969e+00
2.270891643927807291e+00
2.273815073366767692e+00
2.276200919286324620e+00
2.278125080619221698e+00
2.279654932613827345e+00
2.280850363912088064e+00
2.281764665736782938e+00
2.282445296889410447e+00
2.282934544323961479e+00
2.283270095727270022e+00
2.283485537748991323e+00
2.283610791212109081e+00
2.283672492725400627e+00
2.283694330545637197e+00
2.283697341241213152e+00
