-1.847989622339314186e+00
-1.804611918941679161e+00
-1.758828672739515930e+00
-1.710683187335057642e+00
-1.660371096009961134e+00
-1.608284494268631404e+00
-1.555034293703368986e+00
-1.501428722664408966e+00
-1.448395874557001806e+00
-1.396863130184828883e+00
-1.347631611017004127e+00
-1.301288199023638459e+00
-1.258176454957379953e+00
-1.218419170707747856e+00
-1.181969327152431859e+00
-1.148666837747963188e+00
-1.118287393619725067e+00
-1.090578563656480870e+00
-1.065283653695468846e+00
-1.042155958097648050e+00
-1.020966294837306831e+00
-1.001506209359837474e+00
-9.835885696415097579e-01
-9.670467011260300838e-01
-9.517327858850470612e-01
-9.375159617706690929e-01
-9.242803711360311203e-01
-9.119232930365247514e-01
-9.003534232442377272e-01
-8.894893259090572712e-01
-8.792580580902519261e-01
-8.695939565012466010e-01
-8.604375702733350062e-01
-8.517347215510086000e-01
-8.434356757247390979e-01
-8.354944040510726699e-01
-8.278679227982091993e-01
-8.205156944817832976e-01
-8.133990781653832602e-01
-8.064808169772841318e-01
-7.997245519912002942e-01
-7.930943523715106025e-01
-7.865542522068548204e-01
-7.800677847508010743e-01
-7.735975048596132053e-01
-7.671044902686379174e-01
-7.605478119812286719e-01
-7.538839634551540714e-01
-7.470662374552372587e-01
-7.400440383886294216e-01
-7.327621166389550744e-01
-7.251597098540523145e-01
-7.171695743049294469e-01
-7.087168873080272880e-01
-6.997179992804583026e-01
-6.900790112796657549e-01
-6.796941508834785095e-01
-6.684439160559643156e-01
-6.561929532969070777e-01
-6.427876331983899405e-01
-6.280532838281366326e-01
-6.117910410483097250e-01
-5.937742763431834714e-01
-5.737445696944423190e-01
-5.514072124507731765e-01
-5.264262620259150260e-01
-4.984192430930360906e-01
-4.669517285292850706e-01
-4.315322911451650589e-01
-3.916087885260889911e-01
-3.465677901039136977e-01
-2.957404425604260312e-01
-2.384205879351461721e-01
-1.739049494480435221e-01
-1.015707949877976968e-01
-2.101214376892015026e-02
6.774498114539170834e-02
1.639500150078039564e-01
2.658261806889063994e-01
3.704357829264113278e-01
4.739432706635547388e-01
5.723394630496528857e-01
6.623258656908288522e-01
7.418833355059915036e-01
8.103118041336638822e-01
8.679052198446312039e-01
9.155407833566409082e-01
9.543516566690523062e-01
9.855219676083893932e-01
1.010179611426177182e+00
1.029350710217662224e+00
1.043947688494712311e+00
1.054773500066710445e+00
1.062532359759529310e+00
1.067842107309432187e+00
1.071245973114416161e+00
1.073222885806593085e+00
1.074196130567331986e+00
1.074540467321086989e+00
1.074587931100032367e+00
