-3.252748846183229486e-02
-3.145998093514521671e-02
-2.822172714517778846e-02
-2.283812678613495253e-02
-1.543997489125916237e-02
-6.252933927686703079e-03
4.423943313365461677e-03
1.624662326847515353e-02
2.885634294288738286e-02
4.190696306569541979e-02
5.508611465783072592e-02
6.812869299859977690e-02
8.082292522436025639e-02
9.301035187764543355e-02
1.045815443119384319e-01
1.154693580542628384e-01
1.256412031843522070e-01
1.350913847917974142e-01
1.438341569322881264e-01
1.518978057289975814e-01
1.593198478674124341e-01
1.661432896161167683e-01
1.724138179605551879e-01
1.781777678401827991e-01
1.834807098349136856e-01
1.883665178404690943e-01
1.928767976717303823e-01
1.970505799790092660e-01
2.009242016098743699e-01
2.045313173951228136e-01
2.079029989815582014e-01
2.110678889547586701e-01
2.140523874849812325e-01
2.168808555445095321e-01
2.195758238237605908e-01
2.221582002016566637e-01
2.246474713236851772e-01
2.270618957658478987e-01
2.294186876154175048e-01
2.317341902342389681e-01
2.340240406037386311e-01
2.363033250697248733e-01
2.385867275736395510e-01
2.408886716220226265e-01
2.432234573414856771e-01
2.456053950166620370e-01
2.480489365304175964e-01
2.505688061306731718e-01
2.531801319440771247e-01
2.558985796478662755e-01
2.587404896994353054e-01
2.617230195080903488e-01
2.648642919127540130e-01
2.681835512985112913e-01
2.717013286368897829e-01
2.754396166598245266e-01
2.794220562620783888e-01
2.836741350536589046e-01
2.882233987290704902e-01
2.930996755534748810e-01
2.983353137472808947e-01
3.039654308292570328e-01
3.100281729886096849e-01
3.165649812158480847e-01
3.236208591268963097e-01
3.312446350363591474e-01
3.394892077176331902e-01
3.484117612430132072e-01
3.580739291096192711e-01
3.685418812858361481e-01
3.798862996057285057e-01
3.921821968588456442e-01
4.055085227957559435e-01
4.199474860613759963e-01
4.355835050041645951e-01
4.525016830510565913e-01
4.707856872292179307e-01
4.905148938047080298e-01
5.117606566376491362e-01
5.345815572724097464e-01
5.590175186745934832e-01
5.850827167668857243e-01
6.127573170170169670e-01
6.419782088574332857e-01
6.726291171278265812e-01
7.045307372614265651e-01
7.374318545700920824e-01
7.710027296509479600e-01
8.048322946531958344e-01
8.384308137184052212e-01
8.712395049037540140e-01
9.026481039955589480e-01
9.320204347493338259e-01
9.587268025540410799e-01
9.821806496256554331e-01
1.001875715158930591e+00
1.017419287247279591e+00
1.028557285366433538e+00
1.035187940880030633e+00
1.037362557690253206e+00
