1.924519168783924150e-01
1.944181968748165956e-01
2.003920079146156996e-01
2.103437809384645640e-01
2.240266019216834437e-01
2.409548798096888267e-01
2.604185384394995251e-01
2.815482924656504959e-01
3.034252433397124915e-01
3.252023411333324621e-01
3.461975382057131401e-01
3.659354289693022011e-01
3.841402327855317211e-01
4.006991012559790177e-01
4.156159744746178997e-01
4.289692267534813142e-01
4.408786720397772085e-01
4.514825041738758649e-01
4.609225014168887857e-01
4.693352925563543665e-01
4.768477258316650147e-01
4.835748520875692846e-01
4.896194844958630110e-01
4.950726509128876018e-01
5.000145066816765738e-01
5.045154449107867034e-01
5.086372507725736014e-01
5.124342152126175609e-01
5.159541656427563128e-01
5.192393963265949930e-01
5.223274956271422020e-01
5.252520751836302626e-01
5.280434100284958632e-01
5.307290002804704310e-01
5.333340653682715482e-01
5.358819813609274618e-01
5.383946713142919727e-01
5.408929577263852373e-01
5.433968854810645732e-01
5.459260230015930970e-01
5.484997488557812328e-01
5.511375307466981344e-01
5.538592037176377492e-01
5.566852545143902153e-01
5.596371194138733962e-01
5.627375034657023933e-01
5.660107300942867070e-01
5.694831313702412023e-01
5.731834911625969253e-01
5.771435558815822819e-01
5.813986308250683743e-01
5.859882844543514713e-01
5.909571885324652607e-01
5.963561293113927020e-01
6.022432342668756489e-01
6.086854706843727314e-01
6.157604870223137850e-01
6.235588853135548559e-01
6.321870316093576303e-01
6.417705274249194680e-01
6.524584672607957048e-01
6.644285693880055410e-01
6.778931290379593966e-01
6.931053717961902505e-01
7.103648938819629999e-01
7.300188813164107948e-01
7.524516411940387339e-01
7.780472626132612923e-01
8.070993043728377225e-01
8.396376473342378466e-01
8.751820799237157722e-01
9.125595706790775585e-01
9.500448580909403029e-01
9.858926623204647965e-01
1.018881926493164114e+00
1.048477555167388831e+00
1.074659462656901043e+00
1.097678564823102221e+00
1.117882933493649089e+00
1.135626613182483702e+00
1.151231645347232657e+00
1.164977047421805745e+00
1.177099475270134255e+00
1.187798099405438457e+00
1.197240412373731466e+00
1.205567676981947001e+00
1.212899605956325511e+00
1.219338225985794111e+00
1.224971011258269904e+00
1.229873406427644422e+00
1.234110855465239354e+00
1.237740436693059332e+00
1.240812185868063633e+00
1.243370172428954312e+00
1.245453380040761671e+00
1.247096431389286275e+00
1.248330188414678910e+00
1.249182252377719626e+00
1.249677382904364364e+00
1.249837851103679176e+00
