-8.351762149495848275e-01
-8.138066173745205356e-01
-7.840125160741812094e-01
-7.468050304451951948e-01
-7.041883859039494986e-01
-6.589734251516367047e-01
-6.141297854721118332e-01
-5.720462260632598328e-01
-5.341488622247269058e-01
-5.009625583863295262e-01
-4.723961747593535265e-01
-4.480323889871282161e-01
-4.273310124516017661e-01
-4.097442160655443422e-01
-3.947708682600968855e-01
-3.819759149942895116e-01
-3.709921344194146431e-01
-3.615141643308216191e-01
-3.532899222122370952e-01
-3.461118408758908638e-01
-3.398089337906959329e-01
-3.342400124693278851e-01
-3.292880624079908003e-01
-3.248556564057744067e-01
-3.208612463163948436e-01
-3.172361766079760947e-01
-3.139222811133734470e-01
-3.108699465736425305e-01
-3.080365479892434033e-01
-3.053851795014786430e-01
-3.028836200858852079e-01
-3.005034859291286220e-01
-2.982195313863000852e-01
-2.960090683241548004e-01
-2.938514798610073475e-01
-2.917278093681495710e-01
-2.896204093887970732e-01
-2.875126380884339139e-01
-2.853885931554082100e-01
-2.832328748630845716e-01
-2.810303713931631142e-01
-2.787660605872557262e-01
-2.764248231040035142e-01
-2.739912625602363705e-01
-2.714495286629479698e-01
-2.687831396207467916e-01
-2.659748002776953779e-01
-2.630062124514404576e-01
-2.598578738882065808e-01
-2.565088620717099199e-01
-2.529365988397280218e-01
-2.491165913589894199e-01
-2.450221444957594308e-01
-2.406240389314338035e-01
-2.358901685660500791e-01
-2.307851297190190720e-01
-2.252697534035956739e-01
-2.193005704526710120e-01
-2.128291974715606216e-01
-2.058016294371973753e-01
-1.981574222007075614e-01
-1.898287451222316902e-01
-1.807392805621040877e-01
-1.708029429172704949e-01
-1.599223854578088189e-01
-1.479872585357432102e-01
-1.348721782991811891e-01
-1.204343617526002774e-01
-1.045108835825601795e-01
-8.691551573927691621e-02
-6.743512786357909461e-02
-4.582566491757967403e-02
-2.180779434194122374e-02
4.937543466335274182e-03
3.477319492759779751e-02
6.810854104973708412e-02
1.053992854764431164e-01
1.471414826142134757e-01
1.938553010203267479e-01
2.460518002796662773e-01
3.041738581357754101e-01
3.685021858669668693e-01
4.390231003189046244e-01
5.152719465265381826e-01
5.961966083437327812e-01
6.801158026120568412e-01
7.648421083770916562e-01
8.479719090322601627e-01
9.272455697162542698e-01
1.000837312958017922e+00
1.067487367878869220e+00
1.126482854427534708e+00
1.177550657565535008e+00
1.220726814709318431e+00
1.256241076064380513e+00
1.284430292418920816e+00
1.305679945540887621e+00
1.320387805703536532e+00
1.328943176437919149e+00
1.331716442525516797e+00
