7.922349487111721828e+03
7.819502379373103395e+03
7.949508660303161378e+03
8.343518572215893073e+03
7.757250561211953936e+03
8.147849862080162893e+03
8.204262670686279307e+03
8.218040728362268055e+03
7.860646571741501248e+03
7.968079365181685716e+03
8.135273233567036186e+03
8.261883520966344804e+03
7.898731208111723390e+03
7.983917825080574403e+03
8.180204811960731604e+03
8.016946500232812468e+03
7.950152586363627051e+03
7.714680208648849657e+03
7.937771058258322228e+03
8.106418811664900204e+03
7.943702893571255117e+03
7.803808083577278012e+03
7.976193971675723333e+03
7.864965899112980878e+03
7.916621573774504213e+03
7.964661690249382445e+03
7.958653593100297257e+03
7.711715302150149000e+03
8.088504855093209699e+03
7.989184642416803399e+03
8.217342421333058155e+03
7.865232818130925807e+03
7.904773789780441803e+03
7.882518192479214122e+03
7.813743016825190352e+03
7.921532858085751286e+03
7.896166675708775983e+03
7.881222844474815247e+03
8.146825056932375446e+03
8.072045985790855411e+03
