#Lower limit for the Conditional distribution of mass given radius from initial fitting w/o bootstrap
-1.543672652192071837e+00
-1.543304266983848816e+00
-1.540640290746586150e+00
-1.533178265857314093e+00
-1.518276574810952795e+00
-1.493214386193102206e+00
-1.455013843791236772e+00
-1.399836437800784150e+00
-1.322098181285056739e+00
-1.215627972545429314e+00
-1.087295129960165641e+00
-9.712222914115458128e-01
-8.876241277124676810e-01
-8.304728669777370342e-01
-7.905261224434829703e-01
-7.615643394247545439e-01
-7.397584808961694680e-01
-7.227078854238668804e-01
-7.088492405651638517e-01
-6.971226997496342559e-01
-6.867806369786783049e-01
-6.772744134823128759e-01
-6.681849531273501563e-01
-6.591787821360763910e-01
-6.499793816768593135e-01
-6.403480400786606408e-01
-6.300707640847857949e-01
-6.189491490522104344e-01
-6.067938890924018391e-01
-5.934200779640119716e-01
-5.786437462153136702e-01
-5.622792792100079762e-01
-5.441375158869329320e-01
-5.240244792006562013e-01
-5.017408745958068517e-01
-4.770827576634220080e-01
-4.498441739195978561e-01
-4.198231817808329436e-01
-3.868335423825473018e-01
-3.507254593890750116e-01
-3.114197222649567331e-01
-2.689593208431566018e-01
-2.235785893208116770e-01
-1.757786802338403565e-01
-1.263788043067892719e-01
-7.649579013789400972e-02
-2.741611008857101559e-02
1.961877763528157431e-02
6.362703824610468906e-02
1.040085544954581914e-01
1.405465669709311805e-01
1.733283807715894353e-01
2.026430212708904000e-01
2.288939437342067951e-01
2.525396010887471787e-01
2.740598615084975376e-01
2.939415132057416891e-01
3.126764134944386986e-01
3.307676484547146245e-01
3.487408008360413647e-01
3.671586587354571662e-01
3.866384696093863038e-01
4.078713197909113464e-01
4.316436114664547463e-01
4.588611976306653517e-01
4.905779450226073757e-01
5.280330173427243423e-01
5.727062002388646489e-01
6.264103958793266758e-01
6.914599407066385206e-01
7.709946620442943432e-01
8.696321134910417472e-01
9.948128770058813908e-01
1.159149366944354664e+00
1.375977359685189194e+00
1.596451793688000276e+00
1.735694699638518967e+00
1.815096916998659493e+00
1.863952203626787263e+00
1.895909104951349677e+00
1.917587224376507749e+00
1.932590016527429011e+00
1.943070295765109368e+00
1.950404772225340588e+00
1.955517749938493921e+00
1.959051269475990953e+00
1.961461548599241489e+00
1.963077238568298188e+00
1.964136591361382411e+00
1.964812318106226030e+00
1.965228897322240043e+00
1.965475032358597884e+00
1.965612852975952674e+00
1.965684840902970132e+00
1.965719105658941146e+00
1.965733427890763663e+00
1.965738360218061587e+00
1.965739595272086415e+00
1.965739753980245030e+00
-1.184159309743916477e+00
