#Conditional distribution of mass given radius from initial fitting w/o bootstrap
-1.220647857425342986e+00
-1.217594998016603203e+00
-1.195981358474975664e+00
-1.139496184186139738e+00
-1.042082174721467025e+00
-9.136077726238625019e-01
-7.747982726960673805e-01
-6.452240410982137409e-01
-5.356832486937154192e-01
-4.484753375349644910e-01
-3.811287904002577109e-01
-3.295919271581149723e-01
-2.899013775679956106e-01
-2.587699859326665908e-01
-2.336559862547180899e-01
-2.126486277637313627e-01
-1.943196474396920170e-01
-1.775931473166947883e-01
-1.616457036705145900e-01
-1.458343457779190944e-01
-1.296465557704870042e-01
-1.126666517435407355e-01
-9.455407415565125762e-02
-7.503024901739724362e-02
-5.387159172176988337e-02
-3.090682579449868447e-02
-6.017175977448356236e-03
2.086177744504316700e-02
4.973766266121116414e-02
8.055928293608916047e-02
1.132158662540086180e-01
1.475383311549833265e-01
1.833030913864546751e-01
2.202386473209908546e-01
2.580348925919865866e-01
2.963547369094773898e-01
3.348473575435580440e-01
3.731621887738900689e-01
4.109626745721120522e-01
4.479388574967183567e-01
4.838180442995418939e-01
5.183730429918966820e-01
5.514277615703554458e-01
5.828602482617735170e-01
6.126034983889900865e-01
6.406445296737507400e-01
6.670223279005248473e-01
6.918252938052450451e-01
7.151887938326282335e-01
7.372933489132230678e-01
7.583639013021603592e-01
7.786704882752869539e-01
7.985305226184897798e-01
8.183127219710798483e-01
8.384425183863390973e-01
8.594084788949968301e-01
8.817688280818802848e-01
9.061565289548090263e-01
9.332805029104265238e-01
9.639194535928247154e-01
9.989035155662124854e-01
1.039077904453860723e+00
1.085242562817283929e+00
1.138063535949174643e+00
1.197956774728418550e+00
1.264954176060615110e+00
1.338574287908504523e+00
1.417732586561930574e+00
1.500731581454272767e+00
1.585361335283280715e+00
1.669113275297875898e+00
1.749471928969424273e+00
1.824217896297306796e+00
1.891668509409485388e+00
1.950805057743024484e+00
2.001275117900384259e+00
2.043295290252107765e+00
2.077498895753266517e+00
2.104772714045888726e+00
2.126113869776622867e+00
2.142521880269330214e+00
2.154927999856282028e+00
2.164156477191712558e+00
2.170909503929200568e+00
2.175767769442746857e+00
2.179200058797497785e+00
2.181577186599108042e+00
2.183187211311222953e+00
2.184250136392921871e+00
2.184931175279530624e+00
2.185352210618446644e+00
2.185601402494302903e+00
2.185741072207463720e+00
2.185814065087301472e+00
2.185848817487743734e+00
2.185863345135487634e+00
2.185868347987108606e+00
2.185869599359896664e+00
2.185869752740034588e+00
1.675744759355273644e-02
