#Upper limit for the Conditional distribution of mass given radius from initial fitting w/o bootstrap
9.119173891686267044e-09
-9.108131633904921198e-01
-8.808104890331985848e-01
-7.786660518983015145e-01
-4.715791378485535978e-01
-1.345364737373690445e-01
3.710489117107134555e-02
1.339733866324668843e-01
1.932031172570270183e-01
2.312263843656440776e-01
2.566028261062729965e-01
2.741903628289900086e-01
2.869066575905032668e-01
2.965976004325772686e-01
3.045044308399094679e-01
3.115306913954756229e-01
3.184042692092936000e-01
3.257838104427541182e-01
3.343368794938467170e-01
3.448064842246765238e-01
3.580772774724311214e-01
3.752503871420310722e-01
3.977328582863265960e-01
4.273382882193058063e-01
4.663585912590364480e-01
5.174460291912014176e-01
5.828442758923443323e-01
6.622575474611106516e-01
7.501903913213144870e-01
8.372485116194099408e-01
9.159434451821834022e-01
9.834680274248956966e-01
1.040074950988492564e+00
1.087107509609987588e+00
1.126064046595667056e+00
1.158301274052340624e+00
1.184977493516200298e+00
1.207065306061593457e+00
1.225377914550453529e+00
1.240594046446136689e+00
1.253278977169467012e+00
1.263902191290239285e+00
1.272852551484219052e+00
1.280451589595321682e+00
1.286965290360885028e+00
1.292614616414416551e+00
1.297585000664473354e+00
1.302035070276246653e+00
1.306104941519740548e+00
1.309924532046338852e+00
1.313622489231276447e+00
1.317336559997664525e+00
1.321226582744546185e+00
1.325491860605015892e+00
1.330395652979323273e+00
1.336301245086052525e+00
1.343727253394757737e+00
1.353436165207910769e+00
1.366583760437869222e+00
1.384989631461066573e+00
1.411677443463210668e+00
1.452116985343838484e+00
1.517727251819705581e+00
1.638700461515322226e+00
1.871333831231043909e+00
2.050562602211981389e+00
2.142785460442683920e+00
2.198366054882912479e+00
2.234741124692984915e+00
2.259389537951136173e+00
2.276294158806906776e+00
2.287891353427816465e+00
2.295801238104521858e+00
2.301148437944777747e+00
2.304725991283452569e+00
2.307093130083536003e+00
2.308641240257469196e+00
2.309641366816014063e+00
2.310279093102098003e+00
2.310680037268154408e+00
2.310928252172400832e+00
2.311079315620601982e+00
2.311169519525392513e+00
2.311222242881151523e+00
2.311252322118098057e+00
2.311269015346347544e+00
2.311277990254937187e+00
2.311282641096040091e+00
2.311284949417006462e+00
2.311286037940535110e+00
2.311286520602727990e+00
2.311286719087265240e+00
2.311286793374265347e+00
2.311286818013560840e+00
2.311286824975542054e+00
2.311286826550597695e+00
2.311286826807062766e+00
2.311286826830409868e+00
2.311286826824722862e+00
9.119173891686267044e-09
