#Upper limit for the Conditional distribution of radius given mass from initial fitting w/o bootstrap
9.721778848983394149e-09
-7.226463698906707145e-02
-7.226438191914304199e-02
-7.226150191363968356e-02
-7.224585493758479970e-02
-7.218825217322938359e-02
-7.202130229008152362e-02
-7.160936791193403539e-02
-7.070338520213194367e-02
-6.887415727365449325e-02
-6.541442169210315294e-02
-5.919865288475716081e-02
-4.851457909020476938e-02
-3.105066741986041781e-02
-4.838766972407972274e-03
2.880360066905439387e-02
6.388094367059886369e-02
9.464323262151599914e-02
1.190528303358038553e-01
1.374629471762314481e-01
1.509867919301501882e-01
1.607918278136270529e-01
1.678742472795796969e-01
1.730140850808267183e-01
1.767953456600914464e-01
1.796455400365063182e-01
1.818757923568475321e-01
1.837147048086766599e-01
1.853347046402661902e-01
1.868718237258338855e-01
1.884404879732428095e-01
1.901448600793077814e-01
1.920880493395168698e-01
1.943802777310278951e-01
1.971469468386964075e-01
2.005375064022063003e-01
2.047360789030965300e-01
2.099749091722885874e-01
2.165517420719683672e-01
2.248517049013137037e-01
2.353716756870782023e-01
2.487361839444694467e-01
2.656684720838632940e-01
2.868266063734127846e-01
3.123753094494605143e-01
3.413856000038165694e-01
3.717680826386821069e-01
4.012402583555964575e-01
4.283263932662737528e-01
4.524673602030450104e-01
4.736489926252480109e-01
4.920835538913915785e-01
5.080487610553622302e-01
5.218245843754589774e-01
5.336732874079855860e-01
5.438354448902443794e-01
5.525306939873572132e-01
5.599593171542789349e-01
5.663035916054388608e-01
5.717288881021352909e-01
5.763847768749749134e-01
5.804064031752240727e-01
5.839163261698535612e-01
5.870269668886950454e-01
5.898438148073374965e-01
5.924696160233680065e-01
5.950099258361137844e-01
5.975806918931035883e-01
6.003190225445331762e-01
6.033991644347103112e-01
6.070573507768134425e-01
6.116324934878364372e-01
6.176369976515087012e-01
6.258899444817235258e-01
6.377957268635392474e-01
6.560255776460760524e-01
6.866502087963047840e-01
7.493331922372582499e-01
9.005912057276447280e-01
9.995060322663446017e-01
1.050512020148861803e+00
1.082968426930975170e+00
1.105079529026755214e+00
1.120362740081255470e+00
1.130810027647332738e+00
1.137777971615058892e+00
1.142280320102213365e+00
1.145087849188840323e+00
1.146772311312777237e+00
1.147741071399937418e+00
1.148272102488355539e+00
1.148547173637056273e+00
1.148680122064717590e+00
1.148738964814099095e+00
1.148762145890308339e+00
1.148769914658176239e+00
1.148771963796912710e+00
1.148772330071554881e+00
1.148772361597549585e+00
9.721778848983394149e-09
