#Conditional distribution of radius given mass from initial fitting w/o bootstrap
4.090829145153181412e-01
-2.088854365892725273e-01
-2.088298967647360671e-01
-2.085774622178296622e-01
-2.078647265144066281e-01
-2.062938008084952424e-01
-2.033278172588283139e-01
-1.983122282259017488e-01
-1.905398842985996932e-01
-1.793732469178431488e-01
-1.644166047238348749e-01
-1.456945227487860817e-01
-1.237586789844641322e-01
-9.964904666668090993e-02
-7.469661397918971046e-02
-5.024076492799469523e-02
-2.737772736051907740e-02
-6.824461060211951292e-03
1.108989087618732217e-02
2.634758518350479792e-02
3.913614522940717794e-02
4.975153022989681206e-02
5.852727985038316816e-02
6.579070814635888664e-02
7.184026013214324380e-02
7.693689159950377332e-02
8.130359896969616140e-02
8.512906034618257511e-02
8.857291917452971008e-02
9.177134458051192101e-02
9.484219133185008144e-02
9.788947556665943128e-02
1.010070869350942757e-01
1.042817506915769687e-01
1.077952842487644863e-01
1.116261918263583008e-01
1.158506257410681223e-01
1.205427240711869213e-01
1.257743186445464401e-01
1.316139996135727297e-01
1.381255277147721561e-01
1.453656066581182349e-01
1.533810690515174935e-01
1.622055909212795355e-01
1.718561297190951132e-01
1.823293708818454484e-01
1.935985542730318809e-01
2.056111138691458784e-01
2.182875782864777681e-01
2.315221249359570854e-01
2.451850454828000681e-01
2.591271710274425932e-01
2.731860495024913682e-01
2.871934113331179317e-01
3.009832569442871808e-01
3.143997986723601201e-01
3.273045153610639746e-01
3.395817250208558180e-01
3.511423151390988262e-01
3.619255397421428100e-01
3.718990438501124651e-01
3.810574691770804434e-01
3.894201103899934124e-01
3.970281307603745202e-01
4.039418271486018286e-01
4.102383822567048366e-01
4.160104828265525079e-01
4.213661375503743312e-01
4.264300130551895718e-01
4.313466285283642510e-01
4.362858096935185448e-01
4.414508902529634682e-01
4.470902328435938378e-01
4.535126509860908373e-01
4.611070976758745443e-01
4.703662458144352576e-01
4.819117707228848246e-01
4.965153543126087921e-01
5.151024714834101514e-01
5.387150920451201364e-01
5.683963909758245059e-01
6.049547578650185109e-01
6.485882301913589165e-01
6.984339944355852925e-01
7.522494354468621802e-01
8.065304183091044354e-01
8.572412979029557789e-01
9.009258932202603987e-01
9.356186108454399575e-01
9.610887186342811361e-01
9.784362082697922736e-01
9.894174613419413067e-01
9.958641219085503371e-01
9.993442457091684661e-01
1.001041012025977395e+00
1.001763743867216672e+00
1.002016694845946798e+00
1.002081059391918494e+00
1.002089985582139686e+00
1.002090258699913194e+00
