#Marginalized mass distribution from initial fitting w/o bootstrap
2.113452393543031857e-08
1.270847100093553316e-03
6.025681844665939368e-03
1.198819218635885017e-02
1.665868530047882878e-02
1.896650938413411633e-02
1.899507637387638434e-02
1.737922248979407655e-02
1.485724396804275968e-02
1.204075802471167231e-02
9.342306985392692664e-03
6.988539600332811449e-03
5.066993890270884461e-03
3.577168253005386968e-03
2.473029932343961436e-03
1.693765670722756269e-03
1.184204105038494945e-03
9.078955649389975268e-04
8.558079601861397863e-04
1.052928930271412921e-03
1.564265823898345611e-03
2.501023324856863420e-03
4.027149207421170350e-03
6.365915672036387245e-03
9.805672526292087687e-03
1.470333466549468213e-02
2.148359293020599484e-02
3.063139375936177813e-02
4.267511027782673605e-02
5.815822524833422213e-02
7.759840366931547440e-02
1.014345622500431865e-01
1.299647887646822597e-01
1.632803998865268169e-01
2.012035974945982908e-01
2.432375921959662179e-01
2.885382728349311643e-01
3.359152450146193902e-01
3.838673233370596960e-01
4.306536092079421563e-01
4.743966477770687473e-01
5.132095429976170076e-01
5.453350834489645305e-01
5.692825699458609057e-01
5.839475944718405254e-01
5.887016390555921408e-01
5.834418340850470175e-01
5.685960139847868744e-01
5.450835897760252235e-01
5.142378955256565742e-01
4.776997996561381243e-01
4.372949441993186359e-01
3.949077173626502346e-01
3.523640287333056342e-01
3.113324792668614172e-01
2.732501368631605199e-01
2.392754626430509401e-01
2.102675639644661920e-01
1.867883186011767838e-01
1.691222591929836538e-01
1.573084513737386114e-01
1.511787836298845444e-01
1.503978380659273806e-01
1.545005254573866837e-01
1.629246941915268310e-01
1.750368220568629951e-01
1.901496696626499561e-01
2.075315297345890209e-01
2.264076224020384609e-01
2.459554106196515377e-01
2.652971682231395345e-01
2.834948543931160581e-01
2.995538345947439951e-01
3.124426570037329154e-01
3.211353020040556561e-01
3.246795623303670442e-01
3.222903399440580352e-01
3.134600890038534149e-01
2.980714874742809717e-01
2.764913699887489584e-01
2.496219841921635541e-01
2.188875206504694026e-01
1.861415756745584960e-01
1.534943267563611269e-01
1.230746564431556000e-01
9.675869057371182247e-02
7.590793976167349577e-02
6.116375521141746013e-02
5.233858531737752701e-02
4.843040544959172772e-02
4.777010347030122978e-02
4.829965590508038253e-02
4.797592650901124495e-02
4.529543059107715014e-02
3.991748851699839645e-02
3.328881558663045886e-02
2.901089819270647602e-02
3.249573114313360211e-02
4.955308895661025836e-02
8.496440129715461531e-02
