#Conditional distribution of mass given radius from initial fitting w/o bootstrap
-1.145779337042784451e+00
-9.675090187058161817e-01
-7.720919282866596234e-01
-6.022214744523652907e-01
-4.680189660155373854e-01
-3.654884043419150963e-01
-2.874341959316601414e-01
-2.273381709010289797e-01
-1.801701516144697535e-01
-1.422443413907102383e-01
-1.108904641429721977e-01
-8.416002393715479868e-02
-6.060768818733948404e-02
-3.913882802731491473e-02
-1.890603131656469829e-02
7.601789016962893835e-04
2.039716108379595674e-02
4.043989802947250967e-02
6.123969388806255187e-02
8.307529813893652082e-02
1.061589434495618794e-01
1.306391709463312345e-01
1.566019301231956207e-01
1.840711766022269935e-01
2.130099750153024163e-01
2.433228969381248663e-01
2.748602582076362100e-01
3.074244608849888705e-01
3.407784069919029823e-01
3.746556631550773675e-01
4.087718136088647203e-01
4.428362771336968318e-01
4.765638032523691892e-01
5.096849086099948245e-01
5.419546515874411607e-01
5.731593428401168255e-01
6.031210152673081026e-01
6.316996934670217057e-01
6.587936822806034209e-01
6.843382203278287612e-01
7.083029131799282174e-01
7.306883775316621588e-01
7.515225042152149371e-01
7.708566985377848235e-01
7.887623951995933469e-01
8.053280836150455979e-01
8.206570263159126410e-01
8.348658135920479229e-01
8.480838742462918356e-01
8.604540558272253392e-01
8.721343968444473793e-01
8.833012356314715596e-01
8.941538310775679621e-01
9.049207014811982974e-01
9.158679055400289482e-01
9.273094701627112579e-01
9.396200728879944286e-01
9.532498458551089682e-01
9.687406801084487151e-01
9.867425242206082636e-01
1.008026699241332480e+00
1.033491005261167217e+00
1.064148320264079350e+00
1.101086856894615940e+00
1.145387521968332489e+00
1.197984674645355518e+00
1.259465376183500851e+00
1.329823468107692586e+00
1.408218664041326340e+00
1.492826329485727133e+00
1.580875690273012335e+00
1.668935079272710009e+00
1.753409789388626683e+00
1.831114566875908345e+00
1.899737688265808355e+00
1.958062941751397279e+00
2.005926307095967420e+00
2.043983291929822865e+00
2.073401717310046966e+00
2.095575463787218151e+00
2.111909844591823848e+00
2.123688818159669367e+00
2.132010777520583211e+00
2.137771872782773031e+00
2.141677333388295690e+00
2.144266306281234602e+00
2.145940961346345599e+00
2.146994698604483442e+00
2.147637018873002734e+00
2.148014243519687838e+00
2.148226134054232350e+00
2.148338859561102598e+00
2.148394893715986242e+00
2.148420422073249902e+00
2.148430779245469324e+00
2.148434354809218405e+00
2.148435326119225497e+00
2.148435504169472487e+00
2.148435517337432099e+00
-9.138263652648319357e-02
