#Akaike Information Criterion from bootstrap run
9.368797248540133296e+03
9.899975872886259822e+03
9.608584423864322162e+03
9.696273763304829117e+03
9.573556178252119935e+03
9.378636288640111161e+03
9.418845121732772895e+03
9.440288256714928139e+03
1.002951711907126628e+04
9.580025388959766133e+03
9.463903018962526403e+03
9.486540808932120854e+03
9.889825852124844459e+03
1.002683673860140698e+04
9.668451134803766763e+03
9.793037037362111732e+03
9.833061287229309528e+03
9.844430401006571628e+03
9.789185437522806751e+03
9.444445575929667029e+03
9.439136474271894258e+03
9.490509813600814596e+03
1.008181385934815626e+04
9.627822090471605406e+03
9.549482941703419783e+03
9.646524386293727730e+03
9.534506137400632724e+03
9.909535088722508590e+03
9.818129995757410143e+03
9.816167921360143737e+03
9.414482818903043153e+03
9.791847742700258095e+03
9.950473033930660677e+03
9.612394195724386009e+03
9.697538676536543790e+03
9.443117433310433626e+03
9.671457590632899155e+03
9.733206882347280043e+03
9.482515090306940692e+03
9.655857578771359840e+03
9.722272611544764004e+03
9.501370150716202261e+03
9.486744266879988572e+03
9.482282812145029311e+03
9.490742714568925294e+03
9.630972693228100979e+03
9.624180705205226332e+03
9.481630783462449472e+03
