#Bayesian Information Criterion from bootstrap run
2.029900822180050091e+04
2.083018684614662925e+04
2.053879539712468977e+04
2.062648473656519855e+04
2.050376715151248573e+04
2.030884726190047877e+04
2.034905609499314232e+04
2.037049922997529575e+04
2.095972809233163571e+04
2.051023636222013374e+04
2.039411399222289401e+04
2.041675178219248846e+04
2.082003682538521389e+04
2.095704771186177459e+04
2.059866210806413437e+04
2.072324801062247934e+04
2.076327226048967714e+04
2.077464137426693924e+04
2.071939641078317436e+04
2.037465654919003646e+04
2.036934744753226187e+04
2.042072078686118039e+04
2.101202483260852387e+04
2.055803306373197120e+04
2.047969391496378739e+04
2.057673535955409534e+04
2.046471711066100033e+04
2.083974606198287802e+04
2.074834096901777957e+04
2.074637889462050953e+04
2.034469379216341258e+04
2.072205871596062570e+04
2.088068400719102647e+04
2.054260516898475544e+04
2.062774964979691140e+04
2.037332840657080305e+04
2.060166856389326858e+04
2.066341785560764765e+04
2.041272606356730830e+04
2.058606855203172745e+04
2.065248358480513343e+04
2.043158112397656805e+04
2.041695524014035618e+04
2.041249378540539692e+04
2.042095368782929290e+04
2.056118366648846859e+04
2.055439167846559212e+04
2.041184175672281708e+04
