#Variance for the Conditional distribution of mass given radius from initial fitting w/o bootstrap
nan
3.550062500495976964e-02
3.550102231675279774e-02
3.551048766013652214e-02
3.563967252831830301e-02
3.662283344210154334e-02
4.146724600016921808e-02
5.624090687301639552e-02
7.931751844105422444e-02
9.681958856221348220e-02
1.050556362035472563e-01
1.083219073092359791e-01
1.096316228398133003e-01
1.102404476777260195e-01
1.106404428406305568e-01
1.110495230275106993e-01
1.115848493096041616e-01
1.123060782198709306e-01
1.132078467833086272e-01
1.142122992106806151e-01
1.151985556630160251e-01
1.160605045860256118e-01
1.167465683777601376e-01
1.172582833848561934e-01
1.176263202482571157e-01
1.178886033835277181e-01
1.180790382595258703e-01
1.182243783527569259e-01
1.183449191128721073e-01
1.184562519858588236e-01
1.185707965790310098e-01
1.186985890497141427e-01
1.188471223172172797e-01
1.190202904532042666e-01
1.192169331413235334e-01
1.194300237101953294e-01
1.196476473504130278e-01
1.198560128545378967e-01
1.200432532479497744e-01
1.202021129570779168e-01
1.203305010126238528e-01
1.204303268944670463e-01
1.205057240624007459e-01
1.205615287949207554e-01
1.206023346770969951e-01
1.206320665324464997e-01
1.206538916796127126e-01
1.206703032771711676e-01
1.206832667109580121e-01
1.206943654743126149e-01
1.207049034793533648e-01
1.207159154684324109e-01
1.207280118340887665e-01
1.207409624964740913e-01
1.207529752855839994e-01
1.207598547646394349e-01
1.207546130981169141e-01
1.207281839525673472e-01
1.206710567136076856e-01
1.205744639248596123e-01
1.204298779773152611e-01
1.202270302016501119e-01
1.199515629522839716e-01
1.195830820381688364e-01
1.190938010522958196e-01
1.184478910154157932e-01
1.176019883343757677e-01
1.165077515762509286e-01
1.151175690679193397e-01
1.133940911431505078e-01
1.113227664478086271e-01
1.089240712255674370e-01
1.062599054986637509e-01
1.034290117271249448e-01
1.005506114703699633e-01
9.774169525544640358e-02
9.509685545082675884e-02
9.267747100369605473e-02
9.051153141005675862e-02
8.860079820536909123e-02
8.693068510418418271e-02
8.547949171861515816e-02
8.422563825409550009e-02
8.315314983456235931e-02
8.225662455581321530e-02
8.154760841452882159e-02
8.106506622436025766e-02
8.089337818051803297e-02
8.118982970132697374e-02
8.221064442317477239e-02
8.427720870641319806e-02
8.754407009669712414e-02
9.154900702794740996e-02
9.516943853930377728e-02
9.752927155685461869e-02
9.865482100734401794e-02
9.904931295103673594e-02
9.914302093058631471e-02
9.915193044582609749e-02
nan
