#Bayesian Information Criterion from bootstrap run
1.044873792110774957e+03
1.149517296242505381e+03
1.128109606635066484e+03
1.139423906228465285e+03
1.125674411690775514e+03
1.165857290492873062e+03
1.157744604564960810e+03
1.121593798141048865e+03
1.093602086960656607e+03
1.185776690503336567e+03
1.071019605623379448e+03
1.209125974845387645e+03
1.123403625150161588e+03
1.133181854016867192e+03
1.135791920624670183e+03
1.068116226434833607e+03
1.103281378886898892e+03
1.137590613441880123e+03
1.111168747270533913e+03
1.110098741079584670e+03
1.115983955396561441e+03
1.115089615147648601e+03
1.134953823694509310e+03
1.124097531095873819e+03
1.142071124695732578e+03
1.152016425718996061e+03
1.098765402006675686e+03
1.153074931078374448e+03
1.095322662952715064e+03
1.108098846827492480e+03
1.107938879569025630e+03
1.127486268718601423e+03
1.158169719970181177e+03
1.107328595631221106e+03
1.150017754838276232e+03
1.126825160198900221e+03
1.120141795316781781e+03
1.152518278573110820e+03
1.115084912089653699e+03
1.187453733463388744e+03
1.183789872424332998e+03
1.119664095808238017e+03
1.147658973766962390e+03
1.123659742766607906e+03
1.144676916554948093e+03
1.172007326957519581e+03
1.126959747413653986e+03
1.127758907927200426e+03
1.135920393638339419e+03
1.107367445291456079e+03
1.097497110320888851e+03
1.121835884225787595e+03
1.102981157398337245e+03
1.138407337824916340e+03
1.097787812355195456e+03
1.168173790373290103e+03
1.125859790551908191e+03
1.111930760479160654e+03
1.172384830068921929e+03
1.100678341280698987e+03
1.130249158962709998e+03
1.072520437195540580e+03
1.124663125039942770e+03
1.151773201581173225e+03
1.127063222590849819e+03
1.141665973016880343e+03
1.091245377893479599e+03
1.117446559391278470e+03
1.153521406540860653e+03
1.126848957518635871e+03
1.116978379967063574e+03
1.101929638321224047e+03
1.074116832718305659e+03
1.084236130813122372e+03
1.123751585677719277e+03
1.076428617054735241e+03
1.130233910180491876e+03
1.113786053179405826e+03
1.160869441375688666e+03
1.178806744502903257e+03
1.131883406386743445e+03
1.082252280290759700e+03
1.091506381332930687e+03
1.098031103474381325e+03
1.150350328768591453e+03
1.131724792801396006e+03
1.158314836007685244e+03
1.131453404948778370e+03
1.122352320429864676e+03
1.093677286209712747e+03
1.114814033636702788e+03
1.074764280733549867e+03
1.149130634554982635e+03
1.109563514849889543e+03
1.081470052148325749e+03
1.145272586768530573e+03
1.155064412798881904e+03
1.130254572419404894e+03
1.107695981458669166e+03
1.185910220538095473e+03
