#Conditional distribution of radius given mass from initial fitting w/o bootstrap
nan
-2.488493623621801931e-01
-2.488520803883337573e-01
-2.488526113603884149e-01
-2.488527828122521490e-01
-2.488528309286155149e-01
-2.488528116732138251e-01
-2.488527326668996120e-01
-2.488525380773813356e-01
-2.488518406371431346e-01
-2.488484167780900258e-01
-2.488310841773316295e-01
-2.487497941734360951e-01
-2.484016947877624171e-01
-2.470339166508251638e-01
-2.421058304319620991e-01
-2.262695064616611351e-01
-1.848247510678131256e-01
-1.105566905869744126e-01
-3.172193956313455743e-02
2.200028337641704232e-02
5.365573380428536460e-02
7.510565011151502934e-02
9.317492825688626634e-02
1.106069934183399883e-01
1.283001291359935903e-01
1.464206999708307089e-01
1.648565857469448115e-01
1.834011366334962756e-01
2.018331299424855618e-01
2.199540961411906581e-01
2.376054758225100982e-01
2.546745647373194754e-01
2.710936789047428408e-01
2.868353668680776458e-01
3.019057167729347624e-01
3.163372213635714525e-01
3.301821495247246885e-01
3.435069433895873159e-01
3.563878405793536874e-01
3.689077156393019696e-01
3.811540286394055066e-01
3.932177405004053661e-01
4.051930841838795594e-01
4.171781557857145439e-01
4.292764059106303209e-01
4.415992739804840417e-01
4.542704270258778321e-01
4.674323514675662317e-01
4.812564003861752315e-01
4.959577746867479542e-01
5.118171529998071234e-01
5.292103511458421394e-01
5.486454962490958653e-01
5.708017533106337638e-01
5.965513767963651626e-01
6.269245199341587638e-01
6.629471714498470503e-01
7.052733708410949820e-01
7.536100846099000883e-01
8.061610304576362074e-01
8.595794104983923711e-01
9.098085321830662320e-01
9.534854769375641359e-01
9.889715249011841181e-01
1.016406216910642479e+00
1.037041961849557214e+00
1.052480705769401004e+00
1.064182385112469875e+00
1.073273508084206185e+00
1.080540300908544804e+00
1.086497058844758667e+00
1.091467493904092034e+00
1.095653687132511322e+00
1.099186434577685390e+00
1.102158463809377542e+00
1.104644207977717452e+00
1.106709899136936404e+00
1.108417105431299676e+00
1.109821970274618375e+00
1.110971421020144012e+00
1.111896452244104383e+00
1.112601133476244231e+00
1.113044263406733014e+00
1.113109868955672876e+00
1.112569763916807730e+00
1.111077701877394297e+00
1.108325189984814996e+00
1.104499089962718283e+00
1.100649007105794386e+00
1.098068305504368292e+00
1.097291053647700299e+00
1.098164225267734828e+00
1.100497938868039149e+00
1.104322043012185617e+00
1.109590819728836886e+00
1.115466730044440746e+00
1.120100976139432269e+00
1.122215220817313286e+00
nan
