#Upper limit for the Conditional distribution of radius given mass from initial fitting w/o bootstrap
-1.020974568632258411e-01
-7.261147970492891346e-02
-5.421365424043848164e-02
-3.719415293607427481e-02
-1.866198201729319175e-02
1.797887466487497468e-03
2.344066772158022796e-02
4.521979646529105529e-02
6.637838189560209268e-02
8.660397073695361159e-02
1.058988984885390894e-01
1.244101172741272909e-01
1.423209945382981345e-01
1.598034039024743003e-01
1.770029235443904281e-01
1.940357466297654154e-01
2.109862067345966985e-01
2.279015559737920249e-01
2.447857105267448596e-01
2.615960832551518234e-01
2.782477709973374957e-01
2.946272226836051389e-01
3.106134434675552614e-01
3.261012770442341946e-01
3.410203197105031170e-01
3.553452453926639887e-01
3.690970262567392912e-01
3.823372889442217537e-01
3.951589119550539819e-01
4.076753815999697994e-01
4.200102837086953644e-01
4.322874385007742792e-01
4.446215975106525553e-01
4.571097220322342114e-01
4.698230745840268896e-01
4.828009520262210308e-01
4.960473401241005664e-01
5.095318660926105858e-01
5.231958070212757717e-01
5.369626124743135387e-01
5.507509304790008109e-01
5.644872496381913018e-01
5.781155475211658956e-01
5.916024608598937640e-01
6.049379295575180171e-01
6.181322468188865660e-01
6.312108525954615024e-01
6.442081227337297378e-01
6.571611380652089274e-01
6.701041464848799256e-01
6.830642273377272033e-01
6.960585454279122342e-01
7.090933101123489957e-01
7.221644762568634190e-01
7.352597960098928853e-01
7.483616985058292315e-01
7.614503036201024644e-01
7.745060153681538884e-01
7.875113200616928877e-01
8.004517349173687624e-01
8.133160942776983537e-01
8.260964645489499159e-01
8.387880526219423372e-01
8.513892660322749384e-01
8.639020064166826884e-01
8.763320273875855326e-01
8.886890958498200321e-01
9.009865343865126608e-01
9.132398510709490713e-01
9.254641755846547690e-01
9.376705108304060898e-01
9.498611343535736662e-01
9.620249760146794005e-01
9.741342910302528413e-01
9.861443047777818105e-01
9.979971865796157804e-01
1.009630594927965808e+00
1.020989349115702494e+00
1.032037292201599898e+00
1.042766306038569679e+00
1.053200571215406223e+00
1.063395625419977231e+00
1.073432652672716925e+00
1.083407919945780007e+00
1.093416067567713812e+00
1.103525097185082515e+00
1.113743015451973850e+00
1.123984653074193041e+00
1.134061016784574827e+00
1.143715956375534137e+00
1.152704625807711603e+00
1.160866678465162893e+00
1.168151782629167190e+00
1.174601366098704469e+00
1.180317719453869207e+00
1.185442895685489662e+00
1.190151460428624075e+00
1.194648308286172744e+00
1.199153115227208355e+00
1.203847250693737658e+00
