#Akaike Information Criterion from bootstrap run
8.135727587686988954e+03
8.341864639535629976e+03
7.839681700185694353e+03
7.718834638352007460e+03
7.981609400847313736e+03
7.805485371920944090e+03
7.809133299505630930e+03
7.858283937045770472e+03
7.909856275385234767e+03
7.999793804939226902e+03
8.079388816295680954e+03
7.943031370542700643e+03
8.409271728448351496e+03
7.780771789977284243e+03
8.086311281315176529e+03
8.058561452610943888e+03
7.868607790775404283e+03
7.971483156788593988e+03
8.030640379176365968e+03
8.133035255969713944e+03
7.881508634614953735e+03
7.983514107810073256e+03
7.782439238753388054e+03
7.996903701753152745e+03
8.067397251810014495e+03
8.031920716856936451e+03
7.909803848383695367e+03
7.839551733363886342e+03
8.329080939694416884e+03
7.832453050147625618e+03
7.934160141491484865e+03
7.799117740139666239e+03
7.934423973749048855e+03
7.845800824140711484e+03
8.083557128877242576e+03
7.722347955742057820e+03
7.928290805195515532e+03
8.079887965333790817e+03
7.763094167017732616e+03
7.806884102952562898e+03
