#Variance for the Conditional distribution of mass given radius from initial fitting w/o bootstrap
3.618306671076242098e-02
3.618307707791611205e-02
3.618406393397727988e-02
3.622433033370262706e-02
3.678271967400205400e-02
4.087022643226549679e-02
5.755191002912908582e-02
8.804609421392919910e-02
1.107113766635299396e-01
1.201520650120769251e-01
1.234570697709292952e-01
1.246631261363603527e-01
1.251955055105546666e-01
1.255425481877655569e-01
1.258939693201961418e-01
1.263387554647475153e-01
1.269189658812701627e-01
1.276366751768881758e-01
1.284525705910263549e-01
1.292966748900671592e-01
1.300939462148963111e-01
1.307900785755236328e-01
1.313623142129347610e-01
1.318143925280526874e-01
1.321649364188912379e-01
1.324374138169057136e-01
1.326543785242791096e-01
1.328352373870209935e-01
1.329959601852212236e-01
1.331494971819924267e-01
1.333061830066411269e-01
1.334737809544279119e-01
1.336570919924045808e-01
1.338573097726789285e-01
1.340715531328869892e-01
1.342931144000479859e-01
1.345127364537016812e-01
1.347206841825408508e-01
1.349088641303608505e-01
1.350721993952027911e-01
1.352089189151257642e-01
1.353199736854904800e-01
1.354080636513446956e-01
1.354766988550622497e-01
1.355295107477965111e-01
1.355698482766550250e-01
1.356005999319736810e-01
1.356241603369421067e-01
1.356424713216490829e-01
1.356570854060451803e-01
1.356692101284642515e-01
1.356796889568671061e-01
1.356888587598468476e-01
1.356962072740942882e-01
1.356997782478655545e-01
1.356954151309674172e-01
1.356762281247072266e-01
1.356328665935329914e-01
1.355547297588205469e-01
1.354311641428739554e-01
1.352512671799137867e-01
1.350019848101340902e-01
1.346654380391572314e-01
1.342164836186833798e-01
1.336209501602886596e-01
1.328348141614340561e-01
1.318049800885756073e-01
1.304729585466521680e-01
1.287830811879130677e-01
1.266961978927558241e-01
1.242072430430156554e-01
1.213607917437845574e-01
1.182554318660266335e-01
1.150300582368784380e-01
1.118345767601594681e-01
1.087976950142336419e-01
1.060060948029566547e-01
1.035009434567136788e-01
1.012875946189000231e-01
9.935007903334833190e-02
9.766385098945513932e-02
9.620420216278613434e-02
9.495069690245204475e-02
9.388925819803080330e-02
9.301377124700073440e-02
9.232905658694351425e-02
9.185734937765945018e-02
9.165128461794359860e-02
9.181737454592418801e-02
9.255124920389622145e-02
9.416356997209993085e-02
9.699699312353270153e-02
1.010396457407030657e-01
1.053998793941705175e-01
1.087221510784945194e-01
1.104845175232061910e-01
1.111436303554421412e-01
1.113096014172329229e-01
1.113316016533857644e-01
1.036558522058028953e-01
