#Marginalized radius distribution from initial fitting w/o bootstrap
1.290640953595190555e-07
3.870770838331430257e-03
1.835290156816606066e-02
3.651333163643592089e-02
5.073857237552908267e-02
5.776766712503246526e-02
5.785467173132364388e-02
5.293315253483702604e-02
4.525179060076277987e-02
3.667343334664296961e-02
2.845460057403292539e-02
2.128565227192568549e-02
1.543332904454868502e-02
1.089641129277430995e-02
7.535394699066563264e-03
5.166495895003725761e-03
3.624388831388301608e-03
2.802805635913054212e-03
2.682042438041172712e-03
3.350361451640194912e-03
5.023833967287030973e-03
8.066981095327403067e-03
1.301473838166732587e-02
2.059461359673759803e-02
3.174618944087217315e-02
4.763324388242166224e-02
6.964187336619354074e-02
9.935654164892182560e-02
1.385055725526008474e-01
1.888689156711808870e-01
2.521444944045193592e-01
3.297751321588360818e-01
4.227454276876063677e-01
5.313659367362519870e-01
6.550691202625197329e-01
7.922461037053952770e-01
9.401539312697531070e-01
1.094918828712481140e+00
1.251651968343729049e+00
1.404681258252918674e+00
1.547887506030543481e+00
1.675118270785100449e+00
1.780640321593447650e+00
1.859584067577203959e+00
1.908332076691967361e+00
1.924809274949534244e+00
1.908643883985521761e+00
1.861183853036411096e+00
1.785371006878949895e+00
1.685491653774869425e+00
1.566835520118745162e+00
1.435302833687108759e+00
1.297001371388450730e+00
1.157871581554108520e+00
1.023369672586135648e+00
8.982276424819828353e-01
7.862976479517372885e-01
6.904777383539471014e-01
6.127081593720327124e-01
5.540228144172928415e-01
5.146389845687640019e-01
4.940693880424801288e-01
4.912431073321545383e-01
5.046247905878517015e-01
5.323240556152541991e-01
5.721888484783093087e-01
6.218778055761652324e-01
6.789080374269766960e-01
7.406769939132981095e-01
8.044608586272629092e-01
8.673974508001345285e-01
9.264683222703219423e-01
9.785011834209466075e-01
1.020217800288224508e+00
1.048351601357992102e+00
1.059851347111163689e+00
1.052171525087321591e+00
1.023627829960951807e+00
9.737707968108781920e-01
9.037082337438343549e-01
8.162946480865034271e-01
7.161099748333200621e-01
6.091744825239264749e-01
5.023908402745270729e-01
4.027610842128759305e-01
3.164832150088488505e-01
2.480741007160223444e-01
1.996787399278522612e-01
1.707047152002064971e-01
1.578709386174205753e-01
1.557005602895191743e-01
1.574446706764200121e-01
1.564123992010320874e-01
1.476872739295209402e-01
1.301562640135151827e-01
1.085396670084578796e-01
9.458350151269943884e-02
1.059348219842450312e-01
1.615350833038941281e-01
2.769696067526200012e-01
