#Variance for the Conditional distribution of radius given mass from initial fitting w/o bootstrap
1.531925735692946967e-02
1.531959889978303652e-02
1.532495068581530076e-02
1.534927773402242415e-02
1.541794179691773070e-02
1.556906761881599391e-02
1.585341203438490540e-02
1.633102750248819485e-02
1.706281400122441894e-02
1.809618948229581997e-02
1.944732063931598615e-02
2.108673795749791552e-02
2.293711881064496722e-02
2.488766690623172087e-02
2.682012151511246889e-02
2.863451991178002018e-02
3.026443040238914819e-02
3.167904820059755377e-02
3.287620224058464269e-02
3.387216268334940911e-02
3.469242421095865975e-02
3.536515584222955921e-02
3.591732975945326894e-02
3.637285654498149945e-02
3.675198261026971225e-02
3.707137464817303329e-02
3.734451837291771770e-02
3.758221795150098327e-02
3.779308711876958743e-02
3.798398443195997315e-02
3.816037809820060911e-02
3.832664183146128334e-02
3.848628987502223514e-02
3.864216121843499357e-02
3.879656269373414623e-02
3.895137940038839036e-02
3.910815944901941538e-02
3.926817863197127473e-02
3.943248943901443010e-02
3.960195786315801048e-02
3.977729066943232888e-02
3.995905519900851827e-02
4.014769332021358994e-02
4.034353078763057432e-02
4.054678300564927562e-02
4.075755799310212812e-02
4.097585719443824770e-02
4.120157466691221765e-02
4.143449508164940426e-02
4.167429090028325345e-02
4.192051902070025038e-02
4.217261711900283788e-02
4.242989984478379162e-02
4.269155494872209355e-02
4.295663933167691295e-02
4.322407489999018776e-02
4.349264399054841163e-02
4.376098399009967221e-02
4.402758061610224927e-02
4.429075915175255396e-02
4.454867273782699838e-02
4.479928662234181763e-02
4.504035706223159102e-02
4.526940337013119625e-02
4.548367142220018089e-02
4.568008682048585456e-02
4.585519588675261715e-02
4.600509283791865550e-02
4.612533199093738628e-02
4.621082487792126797e-02
4.625572404014555161e-02
4.625329847802601979e-02
4.619581090596953238e-02
4.607441491306604742e-02
4.587910175988157285e-02
4.559874253288638546e-02
4.522129154279565244e-02
4.473423888273390242e-02
4.412541755195598103e-02
4.338427056300100948e-02
4.250364496252464347e-02
4.148207620142183027e-02
4.032633775046773339e-02
3.905376904077905581e-02
3.769363614446852306e-02
3.628667871430279329e-02
3.488223605808574851e-02
3.353300063039088563e-02
3.228833983025749393e-02
3.118782433959703046e-02
3.025666616366525646e-02
2.950410385744877545e-02
2.892472884180247866e-02
2.850187171453957141e-02
2.821181605064029471e-02
2.802777245051499624e-02
2.792298006184116069e-02
2.787274232573790783e-02
2.785550197117163396e-02
2.785319514622800613e-02
