#Akaike Information Criterion from bootstrap run
6.029941997792106122e+03
6.028005812162676193e+03
6.030110588070268932e+03
6.031923574858375105e+03
6.033380436078478851e+03
6.029774959967058749e+03
6.029840448199156526e+03
6.034168261863572297e+03
6.031829534155358488e+03
6.032536416763036868e+03
6.031867120794786388e+03
6.031866870490443944e+03
6.033251982105834031e+03
6.030352495816277951e+03
6.032810440362969530e+03
6.034082470993748757e+03
6.034324183808436828e+03
6.034177064345636609e+03
6.031683138615151620e+03
6.032801610100123980e+03
6.033095940417622842e+03
6.033916907327843546e+03
6.031506981793491832e+03
6.032616611267854751e+03
6.033006437716373512e+03
6.033791540377837009e+03
6.034273688846026744e+03
6.034346782814313883e+03
6.032073331671986125e+03
6.029329553013683835e+03
6.029918320917689016e+03
6.033871383125300781e+03
6.031727330810686908e+03
6.032361220450282417e+03
6.032122804741201435e+03
6.033461144758837690e+03
6.030341420292917974e+03
6.028959428506857876e+03
6.030831861312381989e+03
6.031489374707536626e+03
6.029944526683634649e+03
6.031803545171191217e+03
6.031978413852772064e+03
6.032414275974166230e+03
6.033982921948051626e+03
6.034315898040304091e+03
6.032162118330346857e+03
6.030453831138393070e+03
6.032467960255355138e+03
6.033502417313554361e+03
6.033715991792417299e+03
6.033133883808144674e+03
6.033013885075927647e+03
6.032501715352291285e+03
6.030538369105484890e+03
6.033168820536912790e+03
6.034342812980024974e+03
6.033546131792802043e+03
6.031948857078223227e+03
6.033720983059332866e+03
6.034071024587528882e+03
6.031745299112079010e+03
6.032760901943554018e+03
6.029201264027418802e+03
6.032255099953189529e+03
6.032601121443605734e+03
6.029358767249361335e+03
6.033062377888112678e+03
6.032294347874753839e+03
6.032495848213549834e+03
6.032608079226583868e+03
6.032244723226216593e+03
6.030325089341865350e+03
6.031748101226764447e+03
6.033935926860449399e+03
6.030015831563211577e+03
6.032485450798765669e+03
6.030862013475889398e+03
6.031174051616006182e+03
6.032356908510154426e+03
6.032501501769253082e+03
6.030632839046161280e+03
6.032794010737676217e+03
6.030895635872805542e+03
6.031363542124775449e+03
6.032323627531529382e+03
6.031779782623789288e+03
6.032013052079781119e+03
6.032342419423090178e+03
6.030258964526947238e+03
6.033450849132235817e+03
6.030941693408040919e+03
6.033015079627632076e+03
6.032430879062991153e+03
6.032760147474370569e+03
6.033651368238295618e+03
6.031938222141919141e+03
6.028811173517733550e+03
6.033906645587074308e+03
6.033309422446175631e+03
