#Marginalized mass distribution from initial fitting w/o bootstrap
9.024657311611587740e-02
5.216014084601822143e-02
2.997816949653573163e-02
1.713087269855627023e-02
9.732232336353242516e-03
5.496613897250344355e-03
3.089291452870148152e-03
1.742109181007572361e-03
1.031447392114190516e-03
7.542159248659184708e-04
8.595499369043077499e-04
1.407586396326675855e-03
2.537645031029901136e-03
4.438428859454625862e-03
7.321752689879683709e-03
1.140675598830652969e-02
1.692196797435160591e-02
2.412799860460019402e-02
3.335587728540813368e-02
4.504815581719470025e-02
5.978490245782438345e-02
7.827673971739169956e-02
1.013126252425923940e-01
1.296599810148424126e-01
1.639266285647258681e-01
2.044048420074746630e-01
2.509249948456541146e-01
3.027479599658287057e-01
3.585211087882784753e-01
4.163132528489810746e-01
4.737310651086849567e-01
5.281059178188823866e-01
5.767282627494759728e-01
6.170987972221725348e-01
6.471630096271961952e-01
6.654985533220838523e-01
6.714325178203550681e-01
6.650765093246991944e-01
6.472795209614751188e-01
6.195098124817403074e-01
5.836856929530667148e-01
5.419800664274366797e-01
4.966244525793891973e-01
4.497352490240705269e-01
4.031791605459221217e-01
3.584872397394651133e-01
3.168192147730594654e-01
2.789729269558212099e-01
2.454286404611139283e-01
2.164151754598300781e-01
1.919842860818407604e-01
1.720811346464878877e-01
1.566015482161459138e-01
1.454303303806552261e-01
1.384586157196246725e-01
1.355815915027708818e-01
1.366805330138574637e-01
1.415948392133785649e-01
1.500905903036245381e-01
1.618321483722104381e-01
1.763626014958743216e-01
1.930975332343557449e-01
2.113347995426872183e-01
2.302808330526075198e-01
2.490916204283801227e-01
2.669241257601791539e-01
2.829918602565393848e-01
2.966169016044842843e-01
3.072703495720706668e-01
3.145943085945265283e-01
3.184011675044020606e-01
3.186500424653750385e-01
3.154052009102871201e-01
3.087861247226359462e-01
2.989223447759111751e-01
2.859269991120718668e-01
2.699002833053202322e-01
2.509673670884709495e-01
2.293458051686908250e-01
2.054269901152106503e-01
1.798476935125006004e-01
1.535243521847639847e-01
1.276268363605110590e-01
1.034804931400480077e-01
8.240319978237380105e-02
6.550332444369780238e-02
5.347877264220275706e-02
4.646135066319312390e-02
4.394260787904157028e-02
4.480068995961958289e-02
4.743134564115239482e-02
4.998038857231162924e-02
5.068402044494644404e-02
4.833681466815460681e-02
4.289313831672042499e-02
3.611935339831622016e-02
3.202074333907237863e-02
3.653911182904198696e-02
5.612000181320144637e-02
9.627452789738118188e-02
