#Variance for the Conditional distribution of radius given mass from initial fitting w/o bootstrap
8.453344181173174559e-04
8.453413176650646050e-04
8.453531769546917532e-04
8.453743903826641025e-04
8.454457785081219076e-04
8.462387040346150283e-04
8.550185872201103519e-04
9.255839360143533782e-04
1.335761306099814095e-03
2.821936628639341686e-03
5.186310875958216084e-03
6.660720945568158677e-03
7.200510378122073826e-03
7.400823517998940566e-03
7.518464056162710643e-03
7.634623298820971543e-03
7.777360879488893694e-03
7.958196217750694926e-03
8.180812444235061043e-03
8.442362076299289933e-03
8.733724411563873261e-03
9.040918318352648281e-03
9.347974774868230557e-03
9.640311125231169551e-03
9.907271817413824608e-03
1.014307768651573002e-02
1.034632802316199328e-02
1.051873048126919681e-02
1.066372772581501184e-02
1.078540503403341289e-02
1.088778318947425383e-02
1.097444236586122071e-02
1.104837296864175089e-02
1.111195802127627752e-02
1.116701898166097204e-02
1.121488314739259480e-02
1.125644990292183796e-02
1.129224503569804978e-02
1.132245911130856306e-02
1.134696934073764658e-02
1.136534581100729149e-02
1.137684307431821584e-02
1.138037706767179927e-02
1.137448497829028973e-02
1.135726178132933327e-02
1.132626229487962433e-02
1.127835444709179846e-02
1.120951516825668091e-02
1.111458872111492635e-02
1.098709826305513740e-02
1.081933024055400233e-02
1.060307466778948916e-02
1.033147669304620465e-02
1.000216197307053287e-02
9.620873025052659872e-03
9.203584163349558603e-03
8.774763529570813944e-03
8.361434335033075121e-03
7.985873912867777133e-03
7.660905606353886343e-03
7.389527002665841407e-03
7.167637960990605808e-03
6.987557989304000843e-03
6.840782888999436678e-03
6.719565533357555430e-03
6.617555029354521209e-03
6.529879411248651171e-03
6.452974517309648453e-03
6.384337085661159067e-03
6.322285894038237077e-03
6.265759501514157545e-03
6.214151994979567710e-03
6.167177876442333020e-03
6.124756596384846319e-03
6.086911990321713060e-03
6.053688850763055268e-03
6.025095015483875743e-03
6.001080338847090793e-03
5.981563760530999793e-03
5.966519892245962867e-03
5.956143286450154076e-03
5.951127605686288083e-03
5.953125448797121078e-03
5.965450973323254205e-03
5.993869998449073179e-03
6.046388848652734654e-03
6.128992446903768106e-03
6.235174913823209389e-03
6.340155411815736990e-03
6.417568711207417842e-03
6.460317859772892780e-03
6.476675799826616710e-03
6.475708709901394772e-03
6.459506114247445113e-03
6.419197950425135045e-03
6.329014193796174415e-03
6.159237016098131207e-03
5.976706825187298733e-03
5.907000780185194151e-03
5.901912635673800533e-03
