7.954864447765214209e+03
7.976013472541069859e+03
8.037392155556632133e+03
7.945462251394668783e+03
8.139259195924305459e+03
8.108910371335781747e+03
8.058281684175503869e+03
8.061601860036437756e+03
7.759315839495081491e+03
8.138401974972714015e+03
7.899660250041509244e+03
8.043954715770994881e+03
7.912385083073365422e+03
8.314845748749638005e+03
7.859274513517795640e+03
7.970669152002991723e+03
8.146199355293003464e+03
7.785644922040355596e+03
8.046981845256819724e+03
7.892904866142576793e+03
7.981089305871214492e+03
7.891192915947636720e+03
8.042983996349540575e+03
7.917261979790760961e+03
7.879419252463399062e+03
7.686981667707748784e+03
8.173491171030035730e+03
7.811077503585182058e+03
7.989087090207082838e+03
7.885867564343165213e+03
7.719185369257091224e+03
7.749658921432943316e+03
7.840576497801109326e+03
8.042052884878502482e+03
7.955102483552373997e+03
7.845021167658010199e+03
8.082433691013146927e+03
8.044686985292305508e+03
8.050343091675254982e+03
8.049350870159372789e+03
7.960061445911723240e+03
7.971220686602180649e+03
7.830581261203852591e+03
8.063921907281423046e+03
7.819550527091309959e+03
7.918519646577614367e+03
7.933859551719730007e+03
8.086232317445536864e+03
8.350297670435662440e+03
8.124867041102663279e+03
