9.023522379388311532e-02
5.215353997255382790e-02
2.997433492597850399e-02
1.712864081156880228e-02
9.730923980587412314e-03
5.495835217782539528e-03
3.088816424345115341e-03
1.741812478412516118e-03
1.031269642594799009e-03
7.541507904750700386e-04
8.596455086489492676e-04
1.407953737445434344e-03
2.538466250504326990e-03
4.439957335855383887e-03
7.324299653239943302e-03
1.141066032170251834e-02
1.692754901777688420e-02
2.413549424425907516e-02
3.336537156611211336e-02
4.505950217203453373e-02
5.979765101247055264e-02
7.829008016300458006e-02
1.013253597851476173e-01
1.296705433535222107e-01
1.639331628438466526e-01
2.044053488409170172e-01
2.509175397746313263e-01
3.027309248175075740e-01
3.584934517424973599e-01
4.162747328544664227e-01
4.736823845343480777e-01
5.280487461493117429e-01
5.766651233873282267e-01
6.170328257686713558e-01
6.470976196910646072e-01
6.654370681339771831e-01
6.713778364783473673e-01
6.650308714965469381e-01
6.472444131089482022e-01
6.194860260395194107e-01
5.836735077615523570e-01
5.419795003252074750e-01
4.966354992372408739e-01
4.497580268782283563e-01
4.032139174208496102e-01
3.585341963332881465e-01
3.168782766429540376e-01
2.790433371323069456e-01
2.455086715331125102e-01
2.165019623326336351e-01
1.920738758582317407e-01
1.721687824915039966e-01
1.566822283525712567e-01
1.454993742857408345e-01
1.385123502861315414e-01
1.356178398532247309e-01
1.366988642943365029e-01
1.415965069042411928e-01
1.500781692291561775e-01
1.618089513526582424e-01
1.763320093536115962e-01
1.930623925491035953e-01
2.112970250070096145e-01
2.302412992401119407e-01
2.490503541569440704e-01
2.668807338543323637e-01
2.829460682183412845e-01
2.965690519692951721e-01
3.072217214326667944e-01
3.145471682698541271e-01
3.183585313953767315e-01
3.186152076601899696e-01
3.153811573674273894e-01
3.087749900395113101e-01
2.989249527147217478e-01
2.859427305785066098e-01
2.699271664246054026e-01
2.510024090313278111e-01
2.293854693335155570e-01
2.054677094747888733e-01
1.798863172598320626e-01
1.535584526954089646e-01
1.276548455787879510e-01
1.035016789191033626e-01
8.241752329001529598e-02
6.551123466352073987e-02
5.348099400917034896e-02
4.645870933362857697e-02
4.393592599945002342e-02
4.479075866068191192e-02
4.741896692979552519e-02
4.996645336811317284e-02
5.066956607250306527e-02
4.832298643652142844e-02
4.288097977619383105e-02
3.610938919097085587e-02
3.201241969719748059e-02
3.653032254959957814e-02
5.610705249838575381e-02
9.625257674634617178e-02
