8.452905579503063515e-04
8.452922667207583103e-04
8.452953896836426983e-04
8.453018930068246454e-04
8.453486291929648714e-04
8.461007997303530330e-04
8.548174967806735757e-04
9.253147651267548115e-04
1.335582093967089840e-03
2.822368195271802646e-03
5.187202369404665843e-03
6.661382430763127839e-03
7.200948552955502985e-03
7.401148267873136621e-03
7.518716200160136670e-03
7.634806890831298543e-03
7.777464684960980722e-03
7.958203308154124245e-03
8.180706481827684784e-03
8.442132844893764088e-03
8.733371999453006657e-03
9.040454424228728386e-03
9.347420484571530852e-03
9.639692248748178358e-03
9.906613936003534973e-03
1.014240267498453876e-02
1.034565260016094210e-02
1.051806634478844038e-02
1.066308249932184683e-02
1.078478339678854044e-02
1.088718785150956207e-02
1.097387477325505525e-02
1.104783374308750295e-02
1.111144717653612252e-02
1.116653595578971474e-02
1.121442666960555980e-02
1.125601769157654961e-02
1.129183330611999332e-02
1.132206186416548875e-02
1.134657740954140084e-02
1.136494567995831491e-02
1.137641554633866264e-02
1.137989597757656755e-02
1.137391630986968501e-02
1.135656374086148682e-02
1.132538706086512643e-02
1.127725234893155008e-02
1.120814178551755511e-02
1.111291465388055365e-02
1.098511995749052068e-02
1.081707831899131333e-02
1.060061434627487115e-02
1.032889489928799989e-02
9.999540700885815869e-03
9.618259426084655936e-03
9.200977831393283152e-03
8.772135479596593691e-03
8.358766949549288269e-03
7.983191069695924971e-03
7.658272130615903332e-03
7.387023929858180411e-03
7.165334321066180352e-03
6.985493754753296924e-03
6.838965596610609675e-03
6.717976133791557329e-03
6.616157566100015937e-03
6.528630826791492585e-03
6.451832747727771419e-03
6.383266812883345125e-03
6.321261920339854568e-03
6.264767950005517907e-03
6.213189637811840707e-03
6.166249974174124564e-03
6.123873741360029085e-03
6.086086561209105329e-03
6.052931736862764492e-03
6.024413187292943471e-03
6.000475605740684948e-03
5.981032728098625503e-03
5.966054827061730015e-03
5.955733418242125342e-03
5.950760380893812401e-03
5.952787369644408147e-03
5.965127913531797707e-03
5.993547461581227344e-03
6.046053882567959704e-03
6.128639841546364674e-03
6.234814745112629564e-03
6.339807211932260191e-03
6.417242574317113049e-03
6.460009745794122703e-03
6.476377515278818921e-03
6.475414249082074060e-03
6.459211981684397259e-03
6.418901903386134422e-03
6.328715166430771456e-03
6.158939547125092187e-03
5.976423222987033157e-03
5.906731026679555401e-03
5.901649597628478086e-03
