2.618404645580610368e-01
1.513367680669132631e-01
8.697816054365636873e-02
4.970311014680910133e-02
2.823675221858215276e-02
1.594756444385615757e-02
8.962986885614842789e-03
5.054312155997312331e-03
2.992491301605800999e-03
2.188360432017978988e-03
2.494480202698295089e-03
4.085536059965549742e-03
7.366005805175096857e-03
1.288366607361539525e-02
2.125331930408307438e-02
3.311093466530924678e-02
4.911959113403903399e-02
7.003527845944791663e-02
9.681811629324445223e-02
1.307516121246687091e-01
1.735181014938369515e-01
2.271785905578767861e-01
2.940213163127791685e-01
3.762720796120431199e-01
4.756937890856635098e-01
5.931341359657197332e-01
7.281010942071707293e-01
8.784508161842781160e-01
1.040259978295100085e+00
1.207927069404408860e+00
1.374509979636695967e+00
1.532267812809593233e+00
1.673340603078386835e+00
1.790477764158813656e+00
1.877718414500232580e+00
1.930934991111154186e+00
1.948173642246713966e+00
1.929756308200259118e+00
1.878144372957659680e+00
1.797596349025850637e+00
1.693677213807474047e+00
1.572691441096842224e+00
1.441114282969383265e+00
1.305087367716987634e+00
1.170027789756618031e+00
1.040378209093810513e+00
9.195029576706540420e-01
8.097152525875132012e-01
7.124058865759728132e-01
6.282355383126060344e-01
5.573512290396291924e-01
4.995915352628306216e-01
4.546533574687108281e-01
4.222034606231915843e-01
4.019288324567562576e-01
3.935296738515570159e-01
3.966665413624737013e-01
4.108782977287690485e-01
4.354899993460136787e-01
4.695298488826358252e-01
5.116721974455380462e-01
5.602196617722006167e-01
6.131320881294463065e-01
6.681037206843961629e-01
7.226829799830829515e-01
7.744223640829680511e-01
8.210400199859593240e-01
8.605705740649804980e-01
8.914820053641819841e-01
9.127386535144198509e-01
9.237982935244659632e-01
9.245431050248312799e-01
9.151586851114351662e-01
8.959892094968878729e-01
8.674068195985854546e-01
8.297355984033371046e-01
7.832623634303077509e-01
7.283473639526829579e-01
6.656203124220334555e-01
5.962168456904345382e-01
5.219859263223326495e-01
4.455889274727830585e-01
3.704230195714682816e-01
3.003364601014534840e-01
2.391554171270899309e-01
1.900975184286213815e-01
1.551887137596633104e-01
1.348117677690060801e-01
1.274912699364799951e-01
1.299717844376419573e-01
1.375981995470226815e-01
1.449903797225616797e-01
1.470306401598234503e-01
1.402214421972695912e-01
1.244300750109578191e-01
1.047805817190492345e-01
9.289218215148947744e-02
1.060020269766471651e-01
1.628088907356003423e-01
2.793013454229628101e-01
