7.890789839947674397e-03
1.664699272320825665e-10
6.179072781374102168e-11
2.497729688685166128e-11
4.153250659274990123e-11
8.508527354114220814e-11
1.351621847323132284e-10
1.793757312331708438e-10
2.149552459664753608e-10
2.422449640060559747e-10
2.604475598986135093e-10
2.707348949802139369e-10
2.620917102394424611e-10
2.357038556263497225e-10
1.967328703014024279e-10
1.449295921871206180e-10
9.614718136426351660e-11
5.176850804267174441e-11
1.988771178613474295e-11
9.413212330977246399e-14
2.635048607239291926e-13
4.011484444213264591e-13
4.524527543668306225e-13
5.365833288274222724e-13
5.476311016982225871e-13
5.717561614929177878e-13
5.745309915678413465e-13
5.934824152453430745e-13
5.918619929369548704e-13
5.803025907834089670e-13
5.563370647688911414e-13
5.160963709390597962e-13
4.347575466375372215e-13
3.512528102534595490e-13
2.366971231261314729e-13
1.504529909206325433e-13
4.623081546643789752e-14
5.661483758334131811e-13
8.075320550462757753e-13
1.011890349075344445e-13
2.452779795656352385e-13
3.783869702054303293e-13
5.397878370359634185e-13
6.799265369511012746e-13
7.802055848647806283e-13
8.499324450819367756e-13
9.049267226607993557e-13
9.072435400130660845e-13
9.212927712087004528e-13
9.336452695417185358e-13
9.366732604746853797e-13
9.442948499530461718e-13
9.595751414665255708e-13
9.437460435872336662e-13
9.462287779990487255e-13
1.483548285167467907e-10
7.004714174891958514e-11
1.395725172210325582e-11
5.185610010613264597e-12
3.571736726443870026e-11
8.684794721335407502e-11
1.390239138749188653e-10
1.843673005099545448e-10
2.215150078091242884e-10
2.544648213424364145e-10
2.743949871163979463e-10
2.822812051441626116e-10
2.742995469851281221e-10
2.493526320762821739e-10
2.078917615532048689e-10
1.531825719752816651e-10
1.024483608413702779e-10
5.691232568734615494e-11
2.365261511815466710e-11
6.641695671874293573e-14
2.653779727986562229e-13
3.789439707266499747e-13
4.557504052674167517e-13
5.052207704277455175e-13
5.541939642975384441e-13
5.738442641980693631e-13
5.580446968960062661e-13
6.030369417786096640e-13
5.846894976437442383e-13
5.831864389373728534e-13
5.450998783606261134e-13
4.885040290795834829e-13
4.190027217521460469e-13
3.205286598517001197e-13
2.141093716458687987e-13
1.296723962296693321e-13
0.000000000000000000e+00
3.396817767095194674e-12
2.398373890043681187e-12
5.184741576255794091e-14
2.083654082188767596e-13
3.406791013792300722e-13
5.274144823603151187e-13
6.645603107788376056e-13
7.523407925838259464e-13
8.502368921911538455e-13
8.906892364533134798e-13
9.351780304244355139e-13
9.334222805764891679e-13
9.358026152063938069e-13
9.374263399170555573e-13
9.534230499543490958e-13
9.503068693006573515e-13
9.532319152722561016e-13
9.502405130854242458e-13
4.455235460246839693e-11
1.385864707427964973e-12
2.349606293739363482e-13
9.988109854498688255e-14
3.459614314700243988e-11
8.891552487680183601e-11
1.441902598658596000e-10
1.924796599891001132e-10
2.337606914511056812e-10
2.650170445751521791e-10
2.905142634703255895e-10
3.009903489283346489e-10
2.951878611133797499e-10
2.661508128126909254e-10
2.210369757032466086e-10
1.678674545523178281e-10
1.117365334536208869e-10
6.640354541858761057e-11
2.719178770218272272e-11
1.784248252972155016e-14
2.152510547242045944e-13
3.755908831356899492e-13
4.586311611811179678e-13
4.828722692189847889e-13
5.270354089023820160e-13
5.614469801018528826e-13
5.624654600854796146e-13
5.861971322697149036e-13
5.779651349255304286e-13
5.716731130522859434e-13
5.431435624109926425e-13
4.786367847975306927e-13
4.060906318151382362e-13
3.147373416190690060e-13
1.747403748374653811e-13
6.591286981575639310e-14
4.927059657460037417e-12
9.207323527104578512e-12
7.884303690231852373e-12
2.665491783149669480e-14
1.631306060654310387e-13
3.409616278572535143e-13
4.920057159545865319e-13
6.675321194445014233e-13
7.721055784015904366e-13
8.513672398318690563e-13
8.753444580331308219e-13
9.101715122125503072e-13
9.369261801420767352e-13
9.405584586523896805e-13
9.322894269242431677e-13
9.445369648602405220e-13
9.506042832935980256e-13
9.444155254944281980e-13
9.704882994635855560e-13
2.633329116322966401e-13
4.347106491849030645e-13
4.391722882444304349e-13
1.738581866605367016e-13
3.202925018282133758e-11
9.051159357146713674e-11
1.512462732859703821e-10
2.014672744672661014e-10
2.436079238488389111e-10
2.798227351641855853e-10
3.072195837493022025e-10
3.200374862333359897e-10
3.143017275728933092e-10
2.825848291264661808e-10
2.371866124288512905e-10
1.815227279113161651e-10
1.240956045071884150e-10
7.281646554177269086e-11
3.311834720971676801e-11
3.587817163291608142e-12
1.865537274037790369e-13
3.592513072651528183e-13
4.192191055506686168e-13
4.943221623218182019e-13
5.096700160454127259e-13
5.324357985684997304e-13
5.549656375957264791e-13
5.768000005284528222e-13
5.682303016979726514e-13
5.581285722709984297e-13
5.210941976700756180e-13
4.659234196419575306e-13
3.724127901471114673e-13
2.654048407023755442e-13
1.466770280659572454e-13
3.556313480819178962e-14
1.108914917090416005e-11
1.377720605713991059e-11
1.489139024601374490e-11
5.618538816284119596e-12
1.002846865944690106e-13
2.802464385216857982e-13
4.719160920011164660e-13
6.459573584271263412e-13
7.558593463176384926e-13
8.326596759816144074e-13
8.863343877057197063e-13
9.132090479360871943e-13
9.287008755056444126e-13
9.249176027868055007e-13
9.450739819884451021e-13
9.459391075260555390e-13
9.387266696118931936e-13
9.560922067274147623e-13
9.283701562646546887e-13
6.433403930010946732e-13
6.678828999610987172e-13
5.519114018799561765e-13
1.991776059217050173e-13
3.416061168806785742e-11
9.660118846904136225e-11
1.560496596234324409e-10
2.137947636912963533e-10
2.591391408978928621e-10
2.985658894074400969e-10
3.256744758683076221e-10
3.429860747952381720e-10
3.365523783660788677e-10
3.059895569232690891e-10
2.577332594848175353e-10
1.959150511915517912e-10
1.353809942233627219e-10
8.460250741795739687e-11
3.928979843399093946e-11
9.089623270777833540e-12
1.590452990292650819e-13
3.080549110908110326e-13
3.770041290562473644e-13
4.591657646401639634e-13
4.804622292565280756e-13
5.122062422113925114e-13
5.410030848898523597e-13
5.632445867052040878e-13
5.580882112931158961e-13
5.304307146900548806e-13
5.046062705639036599e-13
4.595837657467909345e-13
3.539610805445501990e-13
2.175777758245689865e-13
9.352836473297284701e-14
6.031273287222111225e-12
1.825963800975863217e-11
2.335662228829355499e-11
2.148814064220084614e-11
1.324874033800491111e-11
3.837836987866692574e-14
2.474269700320763866e-13
4.390262926220054233e-13
6.199152432012489964e-13
7.511237230835088172e-13
8.373212868183828256e-13
8.906759671311080743e-13
9.084227082299757717e-13
9.410107857002224995e-13
9.307932041568739336e-13
9.327500260537348539e-13
9.411990661798611166e-13
9.564650307387799875e-13
9.612020210885982604e-13
9.475493505296225465e-13
8.009169709847799378e-13
7.836216151747683500e-13
6.222853387472743653e-13
1.990774846218222409e-13
3.732198173781877217e-11
1.024242651033166099e-10
1.685251810923793907e-10
2.246524484655590516e-10
2.734967458915194062e-10
3.164704205774547376e-10
3.476917380703381387e-10
3.633586926849114090e-10
3.578104412689055790e-10
3.250731522431399236e-10
2.769303499278237374e-10
2.116344555075344654e-10
1.462207882949388240e-10
9.180635713587858237e-11
4.621130308992823652e-11
1.566962600170955277e-11
1.034396410552044046e-13
2.786575812021560665e-13
3.651413232932558911e-13
4.239814024671718739e-13
4.571635468719343937e-13
4.983438939440708909e-13
5.267683091944044393e-13
5.433876459010348394e-13
5.518957375952191354e-13
5.246441800416730642e-13
4.941295897339932971e-13
4.092778613400102320e-13
3.094499685458906507e-13
2.008019517729168737e-13
6.039387414396281771e-15
1.267812626770908477e-11
2.795146063573498206e-11
3.436613387557395198e-11
3.428020396390537779e-11
2.386598903259695399e-11
6.069476922760189524e-12
1.551027712275811484e-13
3.926137915318829253e-13
5.837175323647750642e-13
7.296923023086616033e-13
8.244769346535095354e-13
8.629296910478841355e-13
9.029603571460637199e-13
9.270148534664470500e-13
9.458243979310187521e-13
9.488801411155100982e-13
9.453195446589048797e-13
9.462458761524548216e-13
9.531558561075522494e-13
9.702660923138331386e-13
8.848740506220621968e-13
8.289524919868505319e-13
6.112656531521371124e-13
1.983317246556664661e-13
4.262414993352399387e-11
1.115100909353805525e-10
1.781594102178084075e-10
2.387352242320608972e-10
2.917460858607553914e-10
3.331984062784730620e-10
3.656800203473730599e-10
3.855283664690740783e-10
3.773874116274344469e-10
3.468952150414711097e-10
2.932302442865420239e-10
2.262134464723862514e-10
1.600105266162287008e-10
9.907660564683426888e-11
5.336882537742067000e-11
2.191570058000276647e-11
4.604817938699284770e-14
1.910178188530780244e-13
3.018343660899522276e-13
3.516465124688998742e-13
4.377288120671634212e-13
4.405624280204912337e-13
4.745868218609723450e-13
5.209146998382528039e-13
5.116577580271744029e-13
5.212477154749515567e-13
4.674298217385466591e-13
3.899477835893035279e-13
2.594086692536843217e-13
1.179397463333391790e-13
5.667999194550770025e-12
2.191562117022311935e-11
3.949189242703984056e-11
4.601259997377529815e-11
4.469598859299098451e-11
3.308536730978595061e-11
1.637385589098466869e-11
8.891190003804584818e-14
3.262493914050516133e-13
5.458514959423935395e-13
6.845003379046631316e-13
8.118705950182740607e-13
8.706742908288317804e-13
9.078463706408213227e-13
9.357908659215834164e-13
9.378323283289776544e-13
9.277318424113713328e-13
9.444063258017962154e-13
9.480168680180128543e-13
9.593189463370342167e-13
9.715708322973158143e-13
9.107299652464113669e-13
8.313252477939929506e-13
6.022949542924660589e-13
1.644500712028245344e-13
5.016600230647485542e-11
1.212570225292791435e-10
1.917477511693923570e-10
2.546945497202435662e-10
3.084215687207354765e-10
3.536416530257541883e-10
3.868182348292908182e-10
4.033185090771362417e-10
3.958120030274153511e-10
3.621422460955756212e-10
3.074935255049472111e-10
2.375347320747906441e-10
1.706515482687238798e-10
1.095651045933498822e-10
6.061361965723065571e-11
2.762441294995333569e-11
3.553286688278909903e-12
1.258678487311729653e-13
2.380796840946739742e-13
2.941287958267589957e-13
3.710158954628762975e-13
3.932583004624825780e-13
4.466575374546587787e-13
4.762557557322141242e-13
4.760353569931669558e-13
4.721049018878680709e-13
4.410688724502094656e-13
3.527042407521275486e-13
2.258080490749835547e-13
2.306954809216839628e-14
1.703039806490501946e-11
3.398370274853522657e-11
5.288511958653340078e-11
6.069432634364352801e-11
6.227137666892489726e-11
4.870770755641487821e-11
3.156199033147779020e-11
2.987074752384247979e-12
2.469587577914560483e-13
4.893415819932860172e-13
6.828709499787190223e-13
8.073451451949341914e-13
8.625139428880692006e-13
9.147292972912806415e-13
9.153252199797651000e-13
9.423383670635021910e-13
9.267363150187609657e-13
9.225909325993146878e-13
9.562840980624540016e-13
9.674349574328362489e-13
9.450465536099964570e-13
9.250971519659402667e-13
8.529569916848311296e-13
6.038580793590117213e-13
1.217851519965665931e-13
5.648971768238061879e-11
1.292946123246527258e-10
2.054141611850852125e-10
2.727523223706821710e-10
3.266235310391018696e-10
3.705778158644457327e-10
4.045943428111886599e-10
4.181537409947024829e-10
4.079155307313219762e-10
3.730181866568673245e-10
3.169855098047065493e-10
2.477752162995499402e-10
1.764268258588589168e-10
1.171370859015456614e-10
6.960517780684416430e-11
3.468056448813428432e-11
1.119956114903887858e-11
6.590992584607775760e-14
1.666559840665446555e-13
2.623788846689981862e-13
3.153038858949386707e-13
3.515811143245442338e-13
3.788122053344282321e-13
4.168333833436693915e-13
4.341849146031481899e-13
4.323434543547381023e-13
3.816533334915324334e-13
2.670691819630821683e-13
1.388908640423317634e-13
8.196229393798010763e-12
3.107058113750209917e-11
5.066102141749786621e-11
6.908197802690320942e-11
7.922850400875223953e-11
7.874822213876826608e-11
6.445768198253679151e-11
4.362207725092153321e-11
1.634205164090393300e-11
1.544495091084032153e-13
4.233241815016527357e-13
6.289842345136646649e-13
7.819864287787089040e-13
8.528264228553147121e-13
9.134590644730835393e-13
9.054107479375504566e-13
9.209504405192828246e-13
9.315465155793216082e-13
9.381046571994759877e-13
9.448774941113041267e-13
9.622927635931558448e-13
9.483734287697325461e-13
9.332326382590985193e-13
8.225092312308750396e-13
5.737411141484684446e-13
6.527326080098888034e-14
6.266039682440678109e-11
1.438565066918545564e-10
2.225711806967116598e-10
2.921137126770348304e-10
3.450284606765865524e-10
3.875970122276849712e-10
4.174926007969536486e-10
4.275844028459630730e-10
3.141778565420605520e-10
3.799577035376785887e-10
3.235947131341278443e-10
2.543433721100848977e-10
1.836346359922342516e-10
1.225651427601461252e-10
7.573723927212182353e-11
4.289830981624797463e-11
1.945653109800394283e-11
4.227758795206871108e-12
8.135443930534588396e-14
1.628941261474203847e-13
2.297314323505390055e-13
2.795174943379414624e-13
3.283517523122752185e-13
3.452306468869096075e-13
3.788305414870992782e-13
3.669100918551117803e-13
3.079168267151580908e-13
1.981718997648514582e-13
3.035009831034419045e-14
1.976245033061428793e-11
4.330013621690413006e-11
6.828789375683910819e-11
8.873534868228364153e-11
1.005714903135925862e-10
1.015027566505918720e-10
8.437258700977999139e-11
6.163367716401348278e-11
2.952047902758916547e-11
3.644873596838387392e-14
3.408662086195840441e-13
5.946304587920989130e-13
7.395725980777320538e-13
8.577428115135373860e-13
9.041640536936766481e-13
9.250463812179725123e-13
9.282836894188785468e-13
9.534492154962310342e-13
9.777237342257751160e-13
9.472852808232915279e-13
9.317967738915600908e-13
9.620618423699015498e-13
9.168191889945855752e-13
8.354261278181168935e-13
5.619275153599123319e-13
1.046727755076996414e-14
7.178709132434239018e-11
1.560404917076343417e-10
2.393672074007349047e-10
3.111104789792130522e-10
3.631080997299492231e-10
4.029638865311331927e-10
4.248677689898873554e-10
4.338418920174490694e-10
4.193983808346144742e-10
3.802083739679405763e-10
3.229853300960617962e-10
2.549893660438152131e-10
1.850735572937318278e-10
1.272428474467989327e-10
8.030251515365499714e-11
5.073119917682863187e-11
2.674096454951634712e-11
1.092274560224631838e-11
9.990703336136884846e-13
5.796724700821399991e-14
1.319208779216236154e-13
1.808396059631088227e-13
2.422677351323742645e-13
2.751523554275549671e-13
2.996543586067833527e-13
2.732907332830433461e-13
2.020955243857324246e-13
7.368077099313615419e-14
1.095306190639768958e-11
3.374862915379174268e-11
6.044328856139456823e-11
8.508876191358836705e-11
1.092242720747560950e-10
1.222989896146865840e-10
1.219041006144367403e-10
1.074675366315675495e-10
8.168653784666624986e-11
4.613244851658814564e-11
1.005736001167757353e-11
2.609097306553641645e-13
5.282035404672530980e-13
7.011136979127181136e-13
8.084353537935706283e-13
8.885340948178063540e-13
9.267358385777100805e-13
9.428970875052287326e-13
9.258415571849688609e-13
9.338047430368356441e-13
9.652433253740416780e-13
9.502227548701873508e-13
9.609678743738372807e-13
9.274039938332069275e-13
8.191736766842520439e-13
5.370285365805995016e-13
4.185252013305052839e-12
8.184265861117619412e-11
1.719776540382560821e-10
2.571480958109973707e-10
3.289032307441742658e-10
3.807343180792460334e-10
4.132556525287048190e-10
4.325842447867849513e-10
4.345571841988096802e-10
4.144458354007221747e-10
3.739613216440378622e-10
3.165650398883167151e-10
2.510033745093975783e-10
1.858160514175277242e-10
1.303273835229408679e-10
8.670414527806144510e-11
5.344809706773498370e-11
3.472192550222408256e-11
2.175967291416230101e-11
9.952508134067076970e-12
2.477018246199061546e-12
2.647685299731668938e-14
9.980340135926172199e-14
1.274084856099040079e-13
1.851291157065712561e-13
1.770179920341830672e-13
1.625347256730839088e-13
8.752390838786464880e-14
4.881681799802844333e-12
2.373137376523352116e-11
4.756580366215900856e-11
7.799984895510683911e-11
1.058381224834778993e-10
1.319427037093259886e-10
1.478152004995016285e-10
1.464069475309739465e-10
1.304647285609383121e-10
1.006494384434473208e-10
6.516120417636839488e-11
2.441639866023749268e-11
1.344052017024309106e-13
4.313783894952156315e-13
6.326560935403025648e-13
7.675186277431625047e-13
8.652011001362903427e-13
9.038481202750226257e-13
9.558765079874502301e-13
9.417015990526663859e-13
9.292020445990074848e-13
9.588156294193913960e-13
9.574012970879246718e-13
9.698793022256131487e-13
9.065046326579957713e-13
8.020769362967822939e-13
5.065066075031923498e-13
1.121992698913656686e-11
9.154158087223011816e-11
1.825847824639330472e-10
2.746593949043918842e-10
3.446536884795262201e-10
3.931026910528292348e-10
4.199003383446164132e-10
4.323387045583850719e-10
8.121991936783162374e-09
4.034752977203682323e-10
3.627253914702940342e-10
3.059839367961691043e-10
2.425130199289758781e-10
1.820315624953258069e-10
1.288847383923763095e-10
8.778612319185345942e-11
6.125750892128984227e-11
4.245567911896297800e-11
2.935497702459837846e-11
1.969798596151680280e-11
1.333170420281386552e-11
8.262800914889957448e-12
2.576117278074811459e-12
4.289887978268524808e-15
4.940701976884854032e-14
3.792657794308911921e-14
1.876993107106065178e-14
6.202105850157337328e-12
2.040008223792043527e-11
4.093422943342146344e-11
6.665243529380827280e-11
9.511746810182279499e-11
1.264802503215693724e-10
1.541849379877754322e-10
1.684938019585488053e-10
1.666366202330134630e-10
1.506356100379345758e-10
1.211086907337239785e-10
8.045487504781421295e-11
4.222040301644708155e-11
7.182531408561326879e-15
3.170025775864420460e-13
5.638410763824119301e-13
7.008470221137440803e-13
8.219158109441523322e-13
8.840701806871120668e-13
9.277226540543303761e-13
9.305579233630857415e-13
9.430203199132860843e-13
9.471560500083203917e-13
9.736483812333704293e-13
9.452485648934380292e-13
9.154630222262763496e-13
8.071571150801674899e-13
4.849326694279755471e-13
1.479756255392297198e-11
9.991999447592287506e-11
1.951579635359495976e-10
2.860493089292883026e-10
3.534028734555690890e-10
3.979821179410872143e-10
1.557295828128074135e-02
1.533957857083243122e-02
4.102473934820676190e-10
3.842506158853205956e-10
3.435994938910061459e-10
2.887238293702065631e-10
2.291106500400059423e-10
1.724553843045345971e-10
1.256079983800747452e-10
8.767280726994098796e-11
6.114138218070713484e-11
4.390160488006391716e-11
3.287253348259339672e-11
2.728833010564942625e-11
1.974402760660900150e-11
1.746379108983280449e-11
1.546281225956483534e-11
1.272854700721564573e-11
9.960402586036601706e-12
1.039424724205983361e-11
1.866235580918618286e-11
2.482358658286555189e-11
3.730792860679455661e-11
5.922065238983277924e-11
8.498439354772951681e-11
1.130756342764249541e-10
1.462395037182259925e-10
1.721986276837392738e-10
1.888705761813865809e-10
1.873734398069710097e-10
1.720272910386216504e-10
1.387659722450343725e-10
9.767569787932648852e-11
5.563884080581225979e-11
1.635955657471578819e-11
2.069236418380586236e-13
4.452235746409404942e-13
6.527292759948677246e-13
7.610324854026641311e-13
8.455647944047051996e-13
8.969477935579559335e-13
9.513829597878603872e-13
9.772543950589121563e-13
9.692277827062504915e-13
9.716794016728984846e-13
9.720973250152644091e-13
9.065662425314806596e-13
8.176308282452738928e-13
4.698947290338841186e-13
1.735114465034198443e-11
1.030963382596609549e-10
2.015336166791637192e-10
2.933876162147647552e-10
3.587327634033775051e-10
1.914776344549529931e-10
7.890177353355508743e-09
4.024414130873318323e-10
3.850471459453429276e-10
3.565218956140230855e-10
3.169376600921945133e-10
2.644275109235999986e-10
2.099364296120885545e-10
1.601845092704818256e-10
1.175240427088360298e-10
8.541318138481859929e-11
6.286654765796015371e-11
4.729038290074693475e-11
3.754038976435463467e-11
3.003450342382372621e-11
2.669760977184109059e-11
2.404920258078522974e-11
2.284315769068613943e-11
2.304957535057214338e-11
2.568942712176212294e-11
3.094447322455171815e-11
3.597537578684613607e-11
4.495903563381715780e-11
5.750709689151122519e-11
7.628518496417226953e-11
1.018603469109848948e-10
1.309599042153566038e-10
1.617990387799936293e-10
1.880271786194441620e-10
2.026008024256689151e-10
2.036934064069749922e-10
1.858684634152624502e-10
1.570080971146044159e-10
1.155998893381089387e-10
7.207876841339692484e-11
3.390709112126647760e-11
3.582561014873912294e-14
3.472746445515192812e-13
5.396657674934162622e-13
6.913029449436888482e-13
8.229693764708927458e-13
8.747870715965239493e-13
9.105031559119971715e-13
9.439410560430995495e-13
9.551197959335683544e-13
9.564101368974724730e-13
9.611442472729427491e-13
9.294600124225729532e-13
7.914160749794185613e-13
4.719665623026226012e-13
2.224552414278894990e-11
1.060882059979072497e-10
2.044782722856564707e-10
2.919919972734914761e-10
3.520300721380783268e-10
2.564656338054935526e-11
3.844480690492837225e-10
3.737365553687932563e-10
3.507372578694312746e-10
3.194050417782940950e-10
2.821613680601093016e-10
2.344067970806545565e-10
1.893993958602398741e-10
1.439400570068553336e-10
1.059046578562391289e-10
7.808391999424503746e-11
5.895727133224538164e-11
4.672996171141556775e-11
3.892595660536329725e-11
3.422253875224885790e-11
3.168480087051517591e-11
3.020242155862202033e-11
3.269079967018163680e-11
3.569101529220233925e-11
4.093466030311535581e-11
4.624241839214997870e-11
5.618013876004239698e-11
6.635679561491409474e-11
7.905878963829593759e-11
9.808553518366304251e-11
1.211532797310725417e-10
1.462300198841601089e-10
1.744557068194498606e-10
1.984502970839238908e-10
2.123742396831356491e-10
2.132866630200775479e-10
1.992506229619350493e-10
1.718522400418456782e-10
1.345158926661650190e-10
9.240980073305695355e-11
5.117607014473049695e-11
1.609559964923007175e-11
1.869752420212785324e-13
4.387583031994867159e-13
6.246674061739452462e-13
7.708188063558451494e-13
8.514953759719941820e-13
9.155381353629896813e-13
9.165870779507638396e-13
9.550592448917036604e-13
9.632347121846458939e-13
9.498477139020276476e-13
9.232173909543291435e-13
7.966192972086579114e-13
4.575578997256608046e-13
2.004477286264153317e-11
1.061628925423587536e-10
2.005275395397452878e-10
2.853212664900486239e-10
3.386953433577475345e-10
3.575022177191070745e-10
3.553885720276596043e-10
3.368540759728461737e-10
3.103070997594999693e-10
2.786584026542791257e-10
2.412436523540370764e-10
2.001606519000296638e-10
1.622070618142890329e-10
1.243288999914749315e-10
9.381904047078112839e-11
7.168719166324994642e-11
5.444620899930192330e-11
4.150065442881089641e-11
3.908618377766759520e-11
3.430102468385896689e-11
3.365123940072512030e-11
3.517917652650275167e-11
3.973888989033171798e-11
4.583377893420838904e-11
5.416938396206559267e-11
6.319551860043945596e-11
7.513696415603617496e-11
8.756079248648123980e-11
9.996347239961546212e-11
1.157761462973606491e-10
1.357911062908566679e-10
1.594351119978570496e-10
1.830439077020555947e-10
2.054104306999465027e-10
2.177621822068739798e-10
2.190130957195420662e-10
2.073473328660066589e-10
1.836087522867851500e-10
1.505542769128798580e-10
1.116671725508842934e-10
7.005808096235849885e-11
3.572339938843165122e-11
1.671792878607881156e-14
3.169053559205258991e-13
5.423799317398267510e-13
7.228990276387557546e-13
8.526288659877628490e-13
9.067850975747665389e-13
9.266281208568750495e-13
9.662876746407164295e-13
9.618847951124743876e-13
9.678153887345143284e-13
9.105461613548413439e-13
7.956109494857911519e-13
4.627372923994466620e-13
1.892446138462887863e-11
1.027481761144437604e-10
1.927541046964902866e-10
2.699884141753397930e-10
3.180415557615810223e-10
3.297040656028209223e-10
3.172079877905438950e-10
2.937760592664573372e-10
2.647772229580200623e-10
2.332693977186588010e-10
2.013996240349318243e-10
8.383116372650904648e-09
1.316990942230903029e-10
1.040822248162951567e-10
7.740565125071760117e-11
6.083712387374538167e-11
4.987214021053092614e-11
3.834221695723547365e-11
3.479893093361735554e-11
3.232526062088149993e-11
3.380150635390828717e-11
3.961896309663051251e-11
4.571739866171243226e-11
5.590893327105490063e-11
6.835062043503921368e-11
8.033903828882221263e-11
9.293713951260405883e-11
1.065911887667821634e-10
1.180802962760191430e-10
1.329537564581326773e-10
1.498423330933622140e-10
1.669270447033161693e-10
1.864636517136118059e-10
2.033068015487173439e-10
2.161051722061428910e-10
2.189962747367118957e-10
2.088581001595358739e-10
1.908411821328527875e-10
1.616097810180905897e-10
1.267152485721957520e-10
9.009382260718654414e-11
5.157754142413324031e-11
1.465617685016104421e-11
2.048244171543355352e-13
4.775220560927242530e-13
6.780277151695437563e-13
7.903854788260564127e-13
8.645031480496491793e-13
9.159082717346115304e-13
9.403409630360788318e-13
9.532193710342870200e-13
9.505605482902956816e-13
9.186605664325444320e-13
7.998021902664422837e-13
4.573157394875487855e-13
1.594979330499344775e-11
9.341242485269234314e-11
1.785437343770245370e-10
2.467827813887281741e-10
2.876484994212511646e-10
2.940124520744177639e-10
2.767355681323830124e-10
2.500132799370401085e-10
2.187145182014189418e-10
1.887053051360744526e-10
1.595801944921269456e-10
1.303305161345437616e-10
1.049990921861894946e-10
9.595068814123136614e-02
7.351767140190025585e-02
1.082126133140646166e-09
3.930875906545124641e-11
3.403180138609852909e-11
3.133504158358782450e-11
3.068030474277480430e-11
3.437044278622103569e-11
4.181875466445590609e-11
5.080507384422736008e-11
6.305485057769721382e-11
7.911747749513310355e-11
9.528768226396392616e-11
1.089692758284339215e-10
1.207646119040830619e-10
1.340285313375671476e-10
1.447415721612233033e-10
1.570932202803888126e-10
1.702067020126599432e-10
1.862784274443453777e-10
1.987995869831390365e-10
2.106857690339782324e-10
1.317629955393982439e-09
2.101070429538939521e-10
1.912809832810159139e-10
1.714366484100005317e-10
1.384606705803274207e-10
1.027169442774579118e-10
6.664440232285483267e-11
3.025258800084899114e-11
1.094238737089853993e-13
3.821361484625122408e-13
6.364480141720854711e-13
7.954673175852536734e-13
8.705818612410474423e-13
9.247586716134351610e-13
9.622008836331826548e-13
9.576057402528970231e-13
9.279425412405745788e-13
9.302317469521669687e-13
8.125805609129609759e-13
4.823094314614193336e-13
1.281403397897294237e-11
8.340546443404590586e-11
1.588523525965138930e-10
2.204743969166764304e-10
2.534970406340160009e-10
2.547416796656654656e-10
2.341967935812935045e-10
2.035185411656252785e-10
1.725217314378236868e-10
1.430843988290534312e-10
1.202702188189738678e-10
9.489711508122468863e-11
7.633740777266493889e-11
6.074973587661948438e-11
4.780499495904925440e-11
3.875640371584587131e-11
1.696312648254501178e-10
2.868320941316993933e-11
2.757405945145240700e-11
2.997297698240283800e-11
3.448938263878259656e-11
4.272643141883534737e-11
5.436519815229915252e-11
7.047217328487425376e-11
8.913518237190363398e-11
1.049037662112726401e-10
1.190994179596916126e-10
1.350339845309164642e-10
1.444616693368343675e-10
1.548658318828106361e-10
1.625066357909808292e-10
1.696344706999623236e-10
1.808112514608955235e-10
1.939791609906992965e-10
2.901743381387167877e-11
1.386508853162216927e-02
2.014473523153931975e-10
1.931210904268947796e-10
1.743051589639481802e-10
1.478536680805678146e-10
1.129133947970781874e-10
7.601942544010728412e-11
3.616553528773204628e-11
4.091774778533342777e-14
3.488610190830419505e-13
6.155109675685908248e-13
7.784630562147521743e-13
8.694934542799174452e-13
9.383236247151152981e-13
9.330458298744969542e-13
9.621727197480524618e-13
9.620898067162246026e-13
9.161383601925833525e-13
8.030774004286755085e-13
5.039610445264956073e-13
4.245813846652065898e-12
6.898810678359936553e-11
1.372637882172350404e-10
1.901002940517531462e-10
2.167563515971861225e-10
2.116597886528424527e-10
1.899175781870116678e-10
1.581372053322762468e-10
1.294197620117517636e-10
1.015635394077883486e-10
8.300352576515192510e-11
6.506805153051103921e-11
5.080049058942341070e-11
3.959608120786564482e-11
3.290692588519915902e-11
2.835489959174982542e-11
2.420927465607142427e-11
2.405985524413629205e-11
2.539976685864217657e-11
2.315522781262363910e-09
2.015906185557506440e-08
2.490895259840483766e-01
4.169180292609421499e-10
7.590229619232475108e-11
9.360668662125016060e-11
1.140828048033455826e-10
1.284962762594991124e-10
1.424498981864598120e-10
1.505083544448874074e-10
1.570536055711603774e-10
1.630042582793619716e-10
1.684422628353893098e-10
1.745703400400898645e-10
1.841022729001682470e-10
7.467644937204881254e-03
1.704568758609292453e-02
1.985176333755187502e-10
1.910855000794914587e-10
1.757404468028007219e-10
1.540195526515184196e-10
1.221369379808250818e-10
8.275801912787843334e-11
4.018646714420985535e-11
1.665431747461788317e-12
3.399320946913714658e-13
6.211246476845261221e-13
7.927227421681343574e-13
8.752374369263708940e-13
9.116472053646056034e-13
9.500848964230930421e-13
9.447257050537404248e-13
9.568356352427421433e-13
9.296189602528391002e-13
8.376546115526621210e-13
5.502750566304484825e-13
2.411071868747514268e-14
5.356829312637591632e-11
1.137816085606227244e-10
1.579357330375510644e-10
1.784421287747161074e-10
1.725827631933269068e-10
1.502199425946700214e-10
1.194705839896299758e-10
8.969873312967630000e-11
6.774550396157974939e-11
4.844528506018435941e-11
3.725833707124445106e-11
2.785279176780250067e-11
2.269137833579107640e-11
1.997193379853363644e-11
1.771830579365305513e-11
2.025530956310804500e-11
2.063002291910807999e-11
2.156485710128998837e-11
2.799149364275446611e-11
3.432295455940838972e-11
4.526445041742117099e-11
1.841490231458511127e-10
6.287449757479542101e-02
9.954484442355080571e-11
9.717586487091888137e-13
9.310868174034821634e-11
1.486354907775559385e-10
1.552153647092863280e-10
1.591333858014445485e-10
1.617892939179110199e-10
1.614500429080645112e-10
1.693201136117809688e-10
1.766645331785721772e-10
3.547756818101925371e-09
1.896909346531153444e-10
1.907030948935390451e-10
1.866853591183022015e-10
1.765486303308144696e-10
1.564719639749668779e-10
1.215515211406626339e-10
8.264946776274208235e-11
4.416325700176913785e-11
2.338054090597833859e-12
3.673131162409559316e-13
5.926380159516079559e-13
7.936095381852660489e-13
8.643077642341215507e-13
9.148760890959478533e-13
9.332940672862734933e-13
9.468338041648308450e-13
9.751061042548890786e-13
9.266217919750355682e-13
8.307007247470272256e-13
5.999918684558293705e-13
1.257386335965780057e-13
3.827022899874987526e-11
8.831782539111674270e-11
1.270420857807403567e-10
1.397817826154857994e-10
1.320607986378017885e-10
1.088121003034660655e-10
8.080781049285661309e-11
5.682966381188697857e-11
3.681467016526499415e-11
2.091930832453090245e-11
1.210374955368851320e-11
9.168013712007828294e-12
7.602266107238568126e-12
7.509047209463963418e-12
8.337714273974767859e-12
1.105005676884919283e-11
1.424623088652710967e-11
1.918228037467493169e-11
2.535840044863224972e-11
3.502542077647085441e-11
4.746869662990682726e-11
6.150234963461984168e-11
8.226755551812207149e-11
1.036160972036683351e-10
1.205835418530086882e-10
1.367536669323272651e-10
1.495222792487542208e-10
1.579908459082269727e-10
1.612734395147723350e-10
1.615257345210246176e-10
1.598754777798305595e-10
1.660676674469523668e-10
1.700408941699152287e-10
1.779158811492854323e-10
1.845136429474383661e-10
1.885898965088524675e-10
1.869090833681889454e-10
1.759649376469065298e-10
1.547385106145698946e-10
1.204770804682558827e-10
8.324381600172774192e-11
4.009931264395872338e-11
6.413125662395336040e-15
3.695896171671023789e-13
6.461110482870259409e-13
7.881823039835448100e-13
8.815195597368917322e-13
9.111081742842281546e-13
9.358920449315012186e-13
9.530889909913176754e-13
9.623267358789799847e-13
9.360473044535310187e-13
8.463093457283356002e-13
6.322309275252584662e-13
2.472193639083245877e-13
2.148808025396720992e-11
6.441706454754874958e-11
9.286705948294187861e-11
1.017093688177886880e-10
9.554493706261355329e-11
7.459605613410912949e-11
4.948433977449999702e-11
2.586592384960507085e-11
9.562016108491302473e-12
2.621476748473249593e-14
1.018018212493950677e-13
1.203446226879374323e-13
1.032629876429699715e-13
7.123429124463269007e-14
2.712928599081730510e-14
4.684137042786177048e-12
8.893316583994990139e-12
1.551737672907868098e-11
2.336181614576220883e-11
3.248692803905781381e-11
4.585728631959513107e-11
6.336720614412413661e-11
8.307590990533481727e-11
1.022769538775150957e-10
1.234646376748762803e-10
1.413193346114767756e-10
1.557655129376416810e-10
1.613079671363541122e-10
1.656444046614404418e-10
1.635982067994288007e-10
1.637817773824913529e-10
1.664809054186277349e-10
1.710769643538379300e-10
1.785345783940849181e-10
1.873570110830586009e-10
1.911698853072857090e-10
1.890848781679275320e-10
1.773609593271144021e-10
1.538965980562293022e-10
1.188385411156119884e-10
8.032872786767371821e-11
3.668689522171512198e-11
1.747193974463994231e-14
4.187880541132798052e-13
6.286955152941777102e-13
7.845940962978673768e-13
8.694191831914141800e-13
9.172601626428881445e-13
9.143636618658233307e-13
9.314166891027926832e-13
9.461951718384405626e-13
9.421517841921564303e-13
8.609296028754196779e-13
6.785956650925090222e-13
3.402442092050125956e-13
2.774595650980393430e-12
3.654439191274306250e-11
6.147834488654731769e-11
6.999041578201804644e-11
5.945947700902086592e-11
4.093471105840209835e-11
1.950940984463282172e-11
3.783818484671342160e-13
1.371477031931195787e-13
2.468965656231244797e-13
2.939780902578671981e-13
2.877493798584672932e-13
2.478606009758980427e-13
2.179844781456248441e-13
1.543474483893089391e-13
8.052863944938069592e-14
2.145271143618506212e-13
8.271250668768479998e-12
1.867811284932627906e-11
2.976701890348723745e-11
4.269168526495438373e-11
6.172592435324003826e-11
8.310792019315895064e-11
1.051502270831557838e-10
1.275750231635781875e-10
1.479683113053365541e-10
1.613808049801532831e-10
1.710266187358131136e-10
1.707345975918182331e-10
1.723573796280733074e-10
1.702930529194301128e-10
1.737053647139878212e-10
1.805766855079691884e-10
1.857394125118651206e-10
1.935355101932767900e-10
1.967941368091778370e-10
1.951381659152141670e-10
1.788018862818113184e-10
1.562234784001379285e-10
1.214181586259970678e-10
7.471478615375468100e-11
3.768801093601934712e-11
6.083677103015059525e-14
3.869648595839878857e-13
6.477203590128596777e-13
7.680003226273347451e-13
8.309412962817111003e-13
8.793807733311517830e-13
9.131077758702590941e-13
9.263460342341630281e-13
9.555736371581641950e-13
9.458706235173145421e-13
8.713377821416138954e-13
7.513981162963176838e-13
4.599415623499813754e-13
1.380667369161200912e-13
1.284504043679875260e-11
3.064531733259197614e-11
3.652150997587402328e-11
2.848742181480063085e-11
1.287990741241955781e-11
3.618577350349054114e-14
2.237263943973608019e-13
3.605018049824427589e-13
4.433783240801389267e-13
4.672240766842870809e-13
4.619421310432313698e-13
4.058855272769072211e-13
3.454955034034968500e-13
2.612758919141520728e-13
1.829399785497927001e-13
1.018819944287164029e-13
1.806865854408110443e-13
9.255522971845587353e-12
2.298689034716572966e-11
3.898079739450821117e-11
6.013525563525547154e-11
8.080764681781378875e-11
1.071388090333851341e-10
1.315719875194556285e-10
1.546005880145604643e-10
1.709277271558389511e-10
1.811188646190896881e-10
1.845917568818574691e-10
1.868148884454107585e-10
4.730825412878127828e-02
4.463792059186936015e-03
1.144508871362622339e-08
1.963011658993981883e-10
2.053403851781158396e-10
2.085415399487556651e-10
2.006225765989021460e-10
1.871122578670913967e-10
1.604069322187056021e-10
1.200036063767276485e-10
7.927841334534365812e-11
3.614201402394135028e-11
2.900984757449405369e-14
3.877962081440362064e-13
5.992574621890158976e-13
7.426571990013905345e-13
8.046042845281649042e-13
8.192681772483779381e-13
8.539528116638475467e-13
8.820367604338007698e-13
9.305813510686745695e-13
9.263059966191400002e-13
8.921191071489850075e-13
7.827993105900645666e-13
5.649776653726366536e-13
3.422246826408377147e-13
9.149637930716392365e-14
6.177470897310236895e-12
6.585849792938919052e-12
2.831651097821653567e-12
1.145598929250128073e-13
2.664498406754767980e-13
4.215673396330085675e-13
5.156443988984657598e-13
6.061216739189583479e-13
6.018642169482931227e-13
5.749821045953941586e-13
5.331188980286235474e-13
4.725773196935689828e-13
3.872248150327042927e-13
2.994135262987768570e-13
2.193717814473319743e-13
1.196483764801594025e-13
1.148039532075874971e-12
1.499979284395122710e-11
3.055232555794407497e-11
5.305478560735995283e-11
8.063650261931900622e-11
1.066073118265505847e-10
1.379289366398019623e-10
1.620262186377356078e-10
1.849746569758796222e-10
1.964309195870738697e-10
2.034316796307187891e-10
1.863124656013154625e-09
1.684758094308027719e-10
1.181025070663194957e-03
3.457319150602548909e-09
3.144791168876940000e-08
2.178019775147846977e-10
2.209058858611224817e-10
2.128847891423112653e-10
1.955449132680958701e-10
1.652048378042013568e-10
1.254452990468186530e-10
8.026509835285486567e-11
3.873544987465171620e-11
7.414236153103756919e-15
3.489912074957711104e-13
5.785793209305578082e-13
6.665524807635920925e-13
7.319199925312524336e-13
7.490682248715650064e-13
7.633574267895230810e-13
8.225093736092756742e-13
9.219492022927625683e-13
9.320547296605750345e-13
9.008886484670537220e-13
8.232246351424464487e-13
6.733383697246427264e-13
4.962934401866402849e-13
3.165608113851022825e-13
1.877108784262268440e-13
1.645897471650616191e-13
2.159079478856217338e-13
3.412337917763507641e-13
4.742741007497937885e-13
5.879600425348958896e-13
6.687772214511887984e-13
6.912557389610711567e-13
7.031228803777167224e-13
6.803975074190801315e-13
6.442606607757544350e-13
5.676228526937017377e-13
4.916269748612023516e-13
4.042004391818052385e-13
3.345697812188565107e-13
2.478623964088767438e-13
1.234590267405113777e-13
3.389348504864838443e-12
2.233066775265174204e-11
4.704760783357932956e-11
7.520689111881975145e-11
1.065278471478608066e-10
1.414193902527319932e-10
1.713935411791630403e-10
1.962112784147316746e-10
2.139481258869353308e-10
2.199262726813183008e-10
2.699738250535612667e-10
4.151560294017837436e-10
2.210910119008995736e-10
2.209682570090805909e-10
2.270746499778321347e-10
1.677659054612816794e-02
2.322607546649481252e-10
2.240938102886093523e-10
2.055178267396239101e-10
1.722073153185041630e-10
1.333133164057357136e-10
8.732435561866011783e-11
4.450818710175216276e-11
5.621447020643105562e-12
2.396817738770395724e-13
4.624373125051938704e-13
5.843474634119697337e-13
6.463527756132293716e-13
6.412801885689505786e-13
6.362839812316718375e-13
7.218490653982805829e-13
8.460536659059689903e-13
9.359991322825699560e-13
9.146592891860857573e-13
8.558621602421105401e-13
7.650221549704925911e-13
6.274051043665777530e-13
4.990825697601228318e-13
4.334512708774517488e-13
3.994571778841747587e-13
4.383170491111225966e-13
5.261376653993545631e-13
6.181420893200530374e-13
7.067164310014500998e-13
7.494217536137449497e-13
7.613229917140881291e-13
7.746000887210633824e-13
7.776631436415235603e-13
7.202260831319252672e-13
6.596568035396553928e-13
6.064793837255944605e-13
5.432109892465470604e-13
4.618265343249399026e-13
3.924058334162065505e-13
2.674672134642596737e-13
8.148319899790009823e-14
1.276789422367571782e-11
4.149567087655402189e-11
7.170424772154844414e-11
1.083848774068598567e-10
1.450895369662645220e-10
1.809237640607908042e-10
2.102647242863053234e-10
2.265182534711356360e-10
2.376678271074838853e-10
2.418887524032206485e-10
2.357109953937318117e-10
2.355231165700008999e-10
2.329297497165150856e-10
2.356687022784036222e-10
2.372303606786937493e-10
2.002399610035500432e-02
2.328521239311074233e-10
2.137990732157729085e-10
1.812622893429478405e-10
1.436234732666822530e-10
9.744423085789483751e-11
5.581638335985447610e-11
1.969313882352913430e-11
1.138244568121612756e-13
3.445255075465423277e-13
4.160645702214987822e-13
4.467792493460311409e-13
4.131966099189342182e-13
4.044696703337017071e-13
5.199626389932557300e-13
7.152357514282149328e-13
9.297843739893264570e-13
9.199948384147518635e-13
8.860577417440231716e-13
8.302572782678660494e-13
7.349032881364752010e-13
6.364164808537307232e-13
6.059045341577877081e-13
6.064976499040976846e-13
6.188613491866447968e-13
6.886860876807597948e-13
7.355857984623458589e-13
7.953291017716396136e-13
8.111916575066219962e-13
8.377745846060298634e-13
8.474781275726624341e-13
8.021509485066926305e-13
7.794710312060665305e-13
7.478642576882684078e-13
7.002622002712266307e-13
6.470594743239091682e-13
5.760701641875105295e-13
4.836182226263421218e-13
3.833555291027893183e-13
2.196635209705924378e-13
2.099158955461547553e-12
3.027266703999119456e-11
6.578045758536949860e-11
1.054016643476951310e-10
1.464939805613467871e-10
1.839751300223054041e-10
2.154586700059078205e-10
2.386522494953034437e-10
2.502528205208692093e-10
2.478192436316883520e-10
2.466169362021930942e-10
2.399847418229692274e-10
2.381643703803452039e-10
2.399586554313953399e-10
2.419204627517679504e-10
1.882029298160962998e-09
2.342229232752851463e-10
2.194698297212007242e-10
1.895922252971412928e-10
1.532455544791088460e-10
1.099840673868394854e-10
7.109814446503452336e-11
3.556187970740227184e-11
4.821785317916039696e-12
1.492411679540989430e-13
2.246991797814754197e-13
1.629071315533795408e-13
6.657656527185471955e-14
4.203484754787293904e-14
2.357393381984666689e-13
5.569525492242102272e-13
9.394550389763797459e-13
9.333636106126071315e-13
9.129710812093939486e-13
8.631132034452775032e-13
7.941213057227504122e-13
7.680528857427067850e-13
7.115988794445645935e-13
7.115820362516479870e-13
7.385762454106069050e-13
7.880500843516816329e-13
8.267514092522062820e-13
8.349355451969871132e-13
8.615859184974663977e-13
8.858539751112614260e-13
8.916444729546535454e-13
8.538499272999725619e-13
8.549570666590431625e-13
8.253088655516792999e-13
7.674352701684693524e-13
7.358800876475433341e-13
6.771327876205197277e-13
6.007412701526708728e-13
4.974582457807174771e-13
3.395906846395537172e-13
9.883097453240195511e-14
2.101938501253347871e-11
5.639667832204591327e-11
9.843515914204622250e-11
1.406252871083828487e-10
1.806922222111781263e-10
2.172375654187929888e-10
2.371307790812723080e-10
2.488487578502544525e-10
2.499589897779599411e-10
2.464428322311990595e-10
2.385279910822254101e-10
2.339507459667523104e-10
2.323577218435372131e-10
2.364704682046817558e-10
2.390854590612815666e-10
4.608511410300557666e-04
2.198991055073957979e-10
1.961826930858912926e-10
1.660562304012405267e-10
1.278942644423353138e-10
8.711803386213721418e-11
5.381284372589938329e-11
2.534093891893999875e-11
1.060641980790015872e-11
7.315105496872361184e-12
1.756646054264054276e-11
3.327162406764772133e-11
4.087316897396046159e-11
1.971015352202969741e-11
3.053225155392570989e-13
9.394945089477036042e-13
9.334069337604034977e-13
9.160515712264481097e-13
9.161622419650531778e-13
8.581698317019481527e-13
8.270940081071131221e-13
8.156733395470464447e-13
8.060998338910220698e-13
8.223861198659737534e-13
8.522553537087037443e-13
8.667727757159457599e-13
8.810133256064559682e-13
8.892412787679520675e-13
8.981151348413639975e-13
9.077202586828053697e-13
9.079958992803709661e-13
8.752183838232582701e-13
8.654055232570197682e-13
8.364582913662969850e-13
8.050504493929005688e-13
7.451154238159711712e-13
6.876958360524284838e-13
5.885790642039827382e-13
4.286664247957161117e-13
1.931860783403277409e-13
1.207448393409931097e-11
4.766995654826405586e-11
8.815059050727146264e-11
1.283420853047601964e-10
1.700929841242391882e-10
2.020360459331689115e-10
2.259577883200676929e-10
2.380593855713156614e-10
2.366695000148977466e-10
2.299250730576946784e-10
2.240602961083517577e-10
2.166367285833908785e-10
2.185223790382033838e-10
2.228399479197578183e-10
2.287068686445418274e-10
2.277447319695456637e-10
2.657317944245714604e-09
2.038719799914774243e-10
1.748146298824872186e-10
1.408816818982258792e-10
1.036202187272156640e-10
7.352044711954843444e-11
5.123229741518126701e-11
3.595582179403521635e-11
3.693417945704916465e-11
5.684056771782822606e-11
8.148080192448737685e-11
9.431703695140961998e-11
6.596483083636550384e-11
3.129951716505686927e-12
9.531848304882071926e-13
9.322310973222339836e-13
9.362538826815535769e-13
9.238002190111942809e-13
8.879882393722303477e-13
8.925242424378564238e-13
8.817671002539377132e-13
8.503258121972528840e-13
8.801340716997090331e-13
8.832722703497734931e-13
8.849303249922441038e-13
9.041416621002983642e-13
9.189963172740382851e-13
9.074082118494672261e-13
9.049696994745446822e-13
9.206001677558289001e-13
9.050461968085925950e-13
8.846579203460406490e-13
8.681793215900621836e-13
8.499983913675506988e-13
8.195231796118429567e-13
7.564511568877837515e-13
6.715415294992730005e-13
5.376849580397396726e-13
2.994573754422915324e-13
2.464975576775992138e-14
3.252033250410255336e-11
7.026815084144787387e-11
1.105665537571098260e-10
1.484130136455365407e-10
1.803186135536757193e-10
1.989733105914269745e-10
2.116012417330625651e-10
2.100995572455199234e-10
2.017461399406771875e-10
1.963315583753203203e-10
1.927593137744318730e-10
1.945102344331498206e-10
1.996928595130976395e-10
2.110153785515628364e-10
2.189290356639672332e-10
2.159605302588262407e-10
2.062329422849974289e-10
1.851168340408196806e-10
1.556460109116713064e-10
1.276462207296182351e-10
9.758612369720913534e-11
7.231654910465121432e-11
6.528671889281804724e-11
7.581386481175889200e-11
1.005194835050459905e-10
1.373905940121450507e-10
1.558074971855373600e-10
1.240258198501526401e-10
4.388246173381539928e-11
9.389566279309456113e-13
9.271020801256724709e-13
9.445198643306498720e-13
9.443732842115422866e-13
9.052069166388435040e-13
9.187678707953299929e-13
9.025644921982064570e-13
8.965686021494420344e-13
8.977128699769508420e-13
9.148184875472913341e-13
9.160836055586393056e-13
9.367829717313653897e-13
9.147309168478806181e-13
9.372325060379106373e-13
9.364147851259263949e-13
9.388744304196850983e-13
9.143554002794775139e-13
9.207526728043734832e-13
8.980243684528074375e-13
8.974336478002400154e-13
8.496924367407761127e-13
7.978600342256397922e-13
7.359952145111491610e-13
6.013257622701238631e-13
4.214822204171460788e-13
1.620532520243899599e-13
1.564270156732366383e-11
4.955148512935312496e-11
8.548537114507546297e-11
1.182670238246053565e-10
1.466552449470474926e-10
1.645740173810897780e-10
1.729560324897541503e-10
1.707345585881559654e-10
1.657053202960287886e-10
1.606251503450574850e-10
1.604829972519898875e-10
1.646715912668631021e-10
1.772630550563229376e-10
1.902817059433072933e-10
2.039190646192879535e-10
2.148575369533297606e-10
1.219272885129585142e-02
1.955056777197906852e-10
1.721324873806003260e-10
1.470422244610349384e-10
1.212292474518521297e-10
1.009937244954766078e-10
9.717191014254325574e-11
1.112469975747955635e-10
1.450526533341796807e-10
1.928541788591051117e-10
2.192114137381745244e-10
1.816107203350584597e-10
8.997910380945197510e-11
9.491895866013370094e-13
9.398936606546224964e-13
9.389490098083377150e-13
9.289428975089479439e-13
9.476572441987485592e-13
9.410142178059717025e-13
9.257820331844996726e-13
9.212061082403135259e-13
9.210256822640657700e-13
9.217554333210052842e-13
9.283155287585215662e-13
9.349912556394277740e-13
9.520300253567532924e-13
9.509439982681712425e-13
9.220884028692585636e-13
9.311141007202432863e-13
9.298720177241370153e-13
9.193949040082546999e-13
9.234084102028385513e-13
9.017719453080071186e-13
8.753716160485985239e-13
8.524522802081177245e-13
7.682549235150373254e-13
6.772816966356222793e-13
5.184226342251505900e-13
3.081868488459835573e-13
5.319180300654335085e-14
2.782263463070200356e-11
5.789861555746311326e-11
8.602907952873060731e-11
1.058143493277367822e-10
1.221346040262229350e-10
1.299771733320049296e-10
1.284018685411118135e-10
1.241706167513528264e-10
1.197645838626856322e-10
1.254628858730398195e-10
1.331364733378038293e-10
1.499647332965018600e-10
1.693559900107364384e-10
1.905231021681788456e-10
2.029223130756396631e-10
2.071878754493107878e-10
1.502696252797922592e-02
1.854811266334312151e-10
1.632731027688777332e-10
1.426285774707414059e-10
1.264654170357532676e-10
1.250157742666321854e-10
1.420844926386235484e-10
1.869385666143902762e-10
2.434744393968584819e-10
2.774251676826509635e-10
2.391590468545798424e-10
1.443007726334709543e-10
9.386230540426512086e-13
9.458477565762253831e-13
9.444902403511309045e-13
9.299620248489861888e-13
9.329652215866853294e-13
9.411023646638645464e-13
9.315564722210020205e-13
9.355886397701374911e-13
9.270048391260011618e-13
9.418619287870318522e-13
9.356204775941043142e-13
9.440571116263598143e-13
9.375483683120321459e-13
9.338845567755257155e-13
9.572671392625096203e-13
9.372023574731661002e-13
9.363295849026632506e-13
9.339772914732557203e-13
9.422794202840354936e-13
9.188994672660563065e-13
8.966014130497490051e-13
8.864078636716169580e-13
8.214260056320839468e-13
7.318797763161206698e-13
6.093803843485526308e-13
4.568322323139682914e-13
2.322673301059703914e-13
1.103082285671667393e-12
2.686825142556981875e-11
4.753860645479927596e-11
6.535538595609238065e-11
7.630145263303614859e-11
8.343238041853182547e-11
8.172583911600872744e-11
8.144214690014564892e-11
8.191874517756789510e-11
8.953757863017868929e-11
1.040591922522604757e-10
1.228782382711667076e-10
1.496727921298477312e-10
1.751386427976837721e-10
1.939850704210313172e-10
2.043134274590408154e-10
2.048303508266007463e-10
1.954750449477859025e-09
1.807066793285275412e-10
1.600615299362498934e-10
1.481816770903550364e-10
1.495982410045066269e-10
1.683728439401566844e-10
2.181563508211132935e-10
2.811442035133618341e-10
3.161327430544288057e-10
2.900608280499104926e-10
1.973892731862891034e-10
9.355284348643023316e-13
9.374663241417384616e-13
9.406982029432760259e-13
9.430703792875260705e-13
9.284713130281139582e-13
9.384350204012683250e-13
9.277380663248408800e-13
9.483104492692639642e-13
9.407744601544621144e-13
9.460700300782003584e-13
9.416264205127796931e-13
9.486550781744387888e-13
9.444467679203639295e-13
9.333621066131092440e-13
9.497345123296030284e-13
9.417532120545805446e-13
9.418547862360912556e-13
9.388856839668508738e-13
9.489023837369135508e-13
9.288128202456372300e-13
9.279327565412106320e-13
9.011389162036035643e-13
8.520824408691211084e-13
7.955008670669567412e-13
7.189569221692561120e-13
5.973077041834757339e-13
4.485718739305235226e-13
2.382682334794631326e-13
3.452142783839343995e-14
1.309247405530658513e-11
2.746901690124020975e-11
3.638891873314700371e-11
3.919798567954297831e-11
4.023309441580666772e-11
4.404066138755439345e-11
4.808502535267436991e-11
5.608114022680778708e-11
7.626483632206172794e-11
1.025537652281555862e-10
1.306645674117659828e-10
1.612495166525973368e-10
1.850726864884983091e-10
1.997095435256816825e-10
2.043120525574713803e-10
7.075025172664071993e-02
1.876821707347631516e-10
1.740965069739289263e-10
1.652179693960160880e-10
1.652771074193598787e-10
1.888976063830083172e-10
2.334322436956895762e-10
2.949382139037396814e-10
2.810128938511621588e-11
3.163550842261017677e-10
2.408646767019764552e-10
9.475815940158935309e-13
9.469231316199849615e-13
9.355136387561941202e-13
9.449328162165872180e-13
9.329646084882424209e-13
9.544292501216813525e-13
9.326708995880273182e-13
9.524424429400113811e-13
9.443762376464526806e-13
9.383871281477136013e-13
9.491067930715775504e-13
9.483433722638063957e-13
9.369153238922752440e-13
9.412976449496947076e-13
9.389646762675581031e-13
9.443690375830302670e-13
9.329555288099049802e-13
9.236539108164491988e-13
9.413091103348965978e-13
9.383359288902935182e-13
9.147684330973292262e-13
9.084471065639660113e-13
8.820636317323741867e-13
8.510762629408320415e-13
7.949983235050766137e-13
6.972518904999671505e-13
5.937873221498288463e-13
4.294310842546393530e-13
3.203094226547447476e-13
2.030773544044900456e-13
9.269999938208458279e-14
2.081304030160201263e-14
2.314176529690161080e-12
4.424549306585086471e-12
9.147290477045075791e-12
1.547444004978232718e-11
3.120857231811706597e-11
5.354438519968043188e-11
8.505058937864667242e-11
1.160285015394687063e-10
1.457390582561048027e-10
1.742097565200065233e-10
1.907109268499564729e-10
2.014363039932190481e-10
2.002951752802894356e-10
4.752578624274684734e-08
1.821998327345202877e-10
1.726419511552642111e-10
1.755336590637158478e-10
1.914522708183660213e-10
2.354688458737037199e-10
2.891637331384996219e-10
2.626932738471073753e-02
3.243272103229648488e-10
2.675382574321732901e-10
9.429135293528092501e-13
9.399911420085735425e-13
9.555725543837409897e-13
9.442578763077703699e-13
9.321225492045320789e-13
9.394066427845810826e-13
9.348630313305895756e-13
9.431705418188873052e-13
9.322972798170235093e-13
9.429972843008892499e-13
9.356326233791870712e-13
9.395410544230767591e-13
9.421219273117229593e-13
9.474139674259780457e-13
9.213130112782546002e-13
9.413477203442520117e-13
9.380782306569441823e-13
9.414768193568851330e-13
9.261009946079917071e-13
9.250784571947770288e-13
9.149821655041376669e-13
9.100205351544640439e-13
8.951795600798842779e-13
8.805979072154042973e-13
8.402004273284570175e-13
7.939929388306336232e-13
6.990537242176081729e-13
6.327814893446185277e-13
5.576000255427097277e-13
4.539301930934639369e-13
3.976325833838684646e-13
3.595260525834842505e-13
3.086493076782586505e-13
2.457946142986453162e-13
2.103947111749865310e-13
8.744163372842116611e-14
1.088268639647116379e-11
3.727834272389425180e-11
6.573460514224508439e-11
1.004936800711369753e-10
1.331616756693715861e-10
1.620502605483228482e-10
1.837821637324950046e-10
1.968734170764855551e-10
1.988013276408835359e-10
1.925467238592244766e-10
8.005408393655337462e-02
1.819515976489242118e-10
1.806052581398461269e-10
1.916333618613622065e-10
2.230951149509666346e-10
2.653577320628401983e-10
3.072346002324208477e-10
3.091839052720438685e-10
2.769865727596093689e-10
9.488083365405637115e-13
9.343470228119651600e-13
9.406410481388324327e-13
9.309518742674771005e-13
9.330912374933568298e-13
9.449637283407060004e-13
9.420079986806186486e-13
9.478502114652464974e-13
9.349038764721851966e-13
9.346990967345305848e-13
9.498070429445166003e-13
9.444814276101589768e-13
9.436242110451918368e-13
9.388691802092344759e-13
9.403982686955586736e-13
9.429558656489466255e-13
9.556105124425597153e-13
9.501039845385680378e-13
9.570266299654035402e-13
9.508385432553223486e-13
9.320512703042866863e-13
9.281108976505460269e-13
9.161852458552451769e-13
9.230748602817271771e-13
8.785818968116482472e-13
8.402970304405848549e-13
7.939294034091611675e-13
7.511768771611071433e-13
7.102864106227507025e-13
6.330184205599659533e-13
6.098330190639434802e-13
5.806741727588674995e-13
5.356289967726732923e-13
4.748423313680474753e-13
3.975319283477273422e-13
2.655542604525431519e-13
5.276384713959567940e-14
2.353492329257524332e-11
5.383322793858184485e-11
8.718064651578159605e-11
1.194332229511970943e-10
1.502213033848984952e-10
1.710220068354957705e-10
1.854567834665928437e-10
1.949198545930756427e-10
1.956836570965255161e-10
1.027093569199605018e-10
1.098284276407940992e-08
1.798961600615086854e-10
1.866358329346523242e-10
2.022003254793635054e-10
2.313019166191961156e-10
2.633315553499816257e-10
2.688569155272762508e-10
2.600699908539899181e-10
9.335534824237880560e-13
9.397888089068010275e-13
9.459754106979936508e-13
9.367740011822692392e-13
9.561290168854699984e-13
9.409380921367959960e-13
9.437496673286206801e-13
9.531539194796127540e-13
9.427007775502259548e-13
9.576057912014617746e-13
9.292468723408242733e-13
9.363617969147543365e-13
9.415380042997602532e-13
9.496845907341892271e-13
9.464256413337781139e-13
9.441531601555617118e-13
9.443772450426105510e-13
9.344037617064699348e-13
9.438169978963308623e-13
9.277428572304136763e-13
9.330221857112017783e-13
9.147766470492134547e-13
9.155302759860326064e-13
9.335120944240737672e-13
9.047501132077270497e-13
8.737350619090170633e-13
8.632622326021588609e-13
8.455234149377144594e-13
8.051640679214619917e-13
7.830998381909103539e-13
7.402652516324347992e-13
7.157187150774969775e-13
6.674480312244380015e-13
6.221716527711867293e-13
5.528112969154691305e-13
4.087622908713726219e-13
2.023558240875369817e-13
8.042199784632072002e-12
3.996126230432926807e-11
7.070894742441211658e-11
1.023715920859319867e-10
1.344285334310012378e-10
1.587060275929521189e-10
1.780121400527787328e-10
1.908100805202960939e-10
1.980555989791984349e-10
1.956137232336398984e-10
1.216129877159604983e-09
1.869668640750230334e-10
1.798764384642157782e-10
1.796547039033495509e-10
1.897679553542139602e-10
2.094987815768075566e-10
2.203303856659267792e-10
2.238127620788429579e-10
9.357207915731231901e-13
9.272356181782084636e-13
9.531044844686310612e-13
9.432987845461931000e-13
9.430404413919512620e-13
9.353057498574688140e-13
9.385624572678562406e-13
9.451919908683451589e-13
9.351379507341674442e-13
9.419244418823572713e-13
9.555101660889189045e-13
9.273027864531925248e-13
9.386676934218697693e-13
9.288685161450806322e-13
9.433522936472283882e-13
9.485961835324039958e-13
9.337749839393578564e-13
9.404281562281982660e-13
9.315237445350681058e-13
9.499135928593221612e-13
9.370179304762248387e-13
9.394084643739165417e-13
9.384956891199034013e-13
9.319169141319267442e-13
9.218500787137347943e-13
9.173906781838221940e-13
8.992194850646291045e-13
8.910180605556178282e-13
8.723936201765825742e-13
8.514649811978966451e-13
8.369330322866766055e-13
8.137001506090983033e-13
7.736495306790070502e-13
7.233748880448523893e-13
6.242043500459698081e-13
4.996115870241796363e-13
2.973054395763351806e-13
7.136227440309096436e-14
2.403740551961457853e-11
5.609865427392960720e-11
8.875388111505910587e-11
1.152823630459497688e-10
1.429588230044494197e-10
1.670999904641197495e-10
1.877659371784326957e-10
1.991651439157096077e-10
2.034490287041702868e-10
5.486946344563359596e-09
1.948899737521422148e-10
1.793698606261817143e-10
1.646965359848150329e-10
1.535543356484233963e-10
1.554111643962860330e-10
1.606593611555475437e-10
1.701565670923494673e-10
9.296894849868566285e-13
9.278285308205634658e-13
9.352638835738252067e-13
9.516144318951493351e-13
9.492381481682624988e-13
9.475842196306701773e-13
9.280453846550427739e-13
9.326469211082740618e-13
9.587921833921991137e-13
9.371187670470981015e-13
9.322670658880307598e-13
9.457024566918167374e-13
9.505643041347824501e-13
9.430934354407436984e-13
9.443183300328897637e-13
9.377258158585284670e-13
9.327423310880950003e-13
9.567817279544763698e-13
9.527250781575373258e-13
9.400873711324538212e-13
9.321974730343619485e-13
9.481191071416515179e-13
9.390739299273642556e-13
9.369073743149773153e-13
9.345208838989544737e-13
9.324255349106614884e-13
9.311394603669068861e-13
9.132404667832893597e-13
8.991849746457903522e-13
9.005457062607096060e-13
8.804001386995615758e-13
8.690137693985635249e-13
8.258540476208478906e-13
7.727580210695865969e-13
6.969043212794381984e-13
5.888783456300913261e-13
4.222404108876157797e-13
1.779378040053903950e-13
6.292989511692356631e-12
3.952725462981601907e-11
6.727577344357920495e-11
9.959995114359373472e-11
1.269704784948501580e-10
1.591686738127744943e-10
1.843134304426064941e-10
2.022398123345888312e-10
2.138780960364593314e-10
1.174715555604005923e-01
2.026208810322956694e-10
1.808898498703076562e-10
1.537109191991558031e-10
1.279902044644025414e-10
1.086527481472924238e-10
1.033670555399857531e-10
1.131419745675187425e-10
9.400192045494483445e-13
9.364958815048563898e-13
9.453049946851612825e-13
9.391238871374688746e-13
9.567095042803674344e-13
9.256967993785314451e-13
9.430366573273167954e-13
9.479412538110297072e-13
9.434060073750012090e-13
9.494594062306752917e-13
9.279542829880988700e-13
9.357967410938806938e-13
9.312794653528067284e-13
9.351731736304703791e-13
9.408381210808768084e-13
9.471409653504354026e-13
9.401542559075724911e-13
9.438345252154232114e-13
9.450510667938698255e-13
9.530536992629095530e-13
9.375248918284639056e-13
9.361336985982635769e-13
9.647294537695540949e-13
9.388434861854458832e-13
9.426131156264371056e-13
9.291539343494152424e-13
9.549547183578141865e-13
9.364810564565423824e-13
9.271859458957552708e-13
8.952324837650018909e-13
9.055023570943760899e-13
8.936347102472058065e-13
8.859790368116417179e-13
8.344869777379838644e-13
7.521999235629984774e-13
6.473003095138959188e-13
5.065268018630196895e-13
3.162713356063376441e-13
8.630120282334399095e-14
1.925521841938892525e-11
5.175564351323437260e-11
8.219336384517202229e-11
1.145838171563761488e-10
1.487600324418637574e-10
1.822299619175811110e-10
2.129097441687741571e-10
2.283646903183325811e-10
1.996605685091000212e-10
2.153886455728231738e-10
1.876663017320789729e-10
1.443176907700697333e-10
1.024224479440379209e-10
6.897587031920337393e-11
5.550459513138002913e-11
5.693011538715199761e-11
9.368538005540116510e-13
9.502033224866511201e-13
9.313730661416536091e-13
9.481517123267199323e-13
9.413972926391609197e-13
9.585803643839809370e-13
9.517840273623495852e-13
9.337362571017410483e-13
9.519930134219111578e-13
9.408057062584883474e-13
9.373367899209149977e-13
9.255555535872321048e-13
9.388373430213503588e-13
9.572184752168440675e-13
9.332128151942617798e-13
9.551229702410160467e-13
9.294670385178675371e-13
9.402446621686048155e-13
9.417022630638690000e-13
9.449510409253453448e-13
9.455207431224540758e-13
9.318794534760019063e-13
9.674409866148033809e-13
9.504527354341824767e-13
9.490700623216952713e-13
9.496697505766040463e-13
9.384343069495176571e-13
9.558182904732373823e-13
9.274896351268136848e-13
9.301472563528941811e-13
9.272184042858722068e-13
9.084709649231859374e-13
9.029885926664029583e-13
8.634131025623577730e-13
8.239126086009668141e-13
7.165398589776911910e-13
6.255379019213241528e-13
4.558696227724740404e-13
2.361569741150405854e-13
5.334770382818973926e-13
3.172303007786500470e-11
6.398631127060196564e-11
1.011733140774748459e-10
1.431531594786399828e-10
1.827932499363237900e-10
2.221198257263835628e-10
2.444177253154097768e-10
2.233110133632858204e-10
2.304565006230852935e-10
1.918354197521912668e-10
1.373801848408031119e-10
8.264709281385462477e-11
3.936976170133823306e-11
1.589976341377926233e-11
6.837491127889072099e-12
9.299202036349101531e-13
9.321054148607103906e-13
9.403036924682336119e-13
9.330109753106544213e-13
9.431635990478398387e-13
9.319459413017571937e-13
9.535525724151393287e-13
9.506078137889270021e-13
9.470077575859335832e-13
9.363751949757955841e-13
9.426746749609647226e-13
9.523671011736083890e-13
9.463407685322994560e-13
9.342386485492719148e-13
9.425528322944828135e-13
9.501113000979690229e-13
9.380497162578761330e-13
9.348052438380254801e-13
9.414789388345110563e-13
9.404867421510252444e-13
9.424969869113575466e-13
9.484962936024982362e-13
9.470604819426998268e-13
9.400253556140175910e-13
9.479600203433313532e-13
9.448956617560650014e-13
9.405586172708338447e-13
9.543344701875314468e-13
9.315520882699268272e-13
9.477263382804632326e-13
9.281161348354386753e-13
9.198515996639553296e-13
8.932937553800045824e-13
8.967197615556645857e-13
8.640708486518365197e-13
7.764904590750036637e-13
7.168815853223446278e-13
5.681367060004395057e-13
4.040217422894041430e-13
1.758965825109928526e-13
1.338544774552535920e-11
4.844851320915407114e-11
9.028129844126532386e-11
1.386499071992437037e-10
1.885337362775783735e-10
2.327734035369076532e-10
2.649693799546476980e-10
2.666081697925383341e-10
2.401097811407637625e-10
1.932972352375674424e-10
1.289599964767198105e-10
6.687178830926194049e-11
1.666878167271379329e-11
1.805519600973821889e-13
3.270153091380096974e-13
9.490044753843708515e-13
9.379060416202558224e-13
9.297978648343264223e-13
9.439844641659519861e-13
9.492378724030293967e-13
9.382495693898317962e-13
9.377048063837169779e-13
9.395119412386901753e-13
9.398853182917698807e-13
9.487144009368478981e-13
9.348759874835315701e-13
9.406129996199956124e-13
9.405196616849818527e-13
9.494619133113494426e-13
9.428579411808805237e-13
9.483958828344573176e-13
9.507983412339617428e-13
9.496851078474232570e-13
9.280502113942883186e-13
9.455992568172993911e-13
9.490774782388323401e-13
9.302572074444267106e-13
9.563977908746818032e-13
9.560781501501399897e-13
9.400692574891438477e-13
9.594422341690116071e-13
9.419483831146540382e-13
9.423562670466918386e-13
9.407845928979393276e-13
9.380052333443755014e-13
9.260737930743130737e-13
9.296486680938153722e-13
9.084464895716759882e-13
9.152244571536467146e-13
8.566319409677009334e-13
8.426891991972746910e-13
7.641814152333814672e-13
6.755092412525676351e-13
5.282600039845643645e-13
3.256014626098132570e-13
1.622974571922599401e-14
3.795990752070160254e-11
8.661268556925170427e-11
1.406849037084573621e-10
2.010537713994910180e-10
2.546850091775179057e-10
2.871848725086807198e-10
2.876837842874813960e-10
2.527398781032462979e-10
1.905681728796503063e-10
1.163665321418941447e-10
4.887343471417413761e-11
8.310510633472033013e-14
4.456696026033079126e-13
6.103165119241732160e-13
9.390243242218220072e-13
9.377943085071754048e-13
9.402953338352494786e-13
9.526664888621144481e-13
9.447704299345191508e-13
9.472620690893148261e-13
9.471099271767400672e-13
9.413555704502830840e-13
9.444802778029596542e-13
9.428804770143713804e-13
9.419017012248961871e-13
9.433721704478450435e-13
9.400324902079377041e-13
9.492761701453625943e-13
9.524123501758808140e-13
9.469659756764720327e-13
9.436863514966493297e-13
9.450064452695519858e-13
9.364487092375509715e-13
9.478396460090445150e-13
9.239380081999919200e-13
9.395606943325390017e-13
9.483049123748417943e-13
9.452886637664788878e-13
9.595752242676249756e-13
9.642125788812550873e-13
9.421274717501029976e-13
9.426033396790186538e-13
9.610461868860987499e-13
9.571566096643489238e-13
9.416665903351874134e-13
9.336936380222881319e-13
9.262055287564393994e-13
9.362605248283983842e-13
9.075534629872953954e-13
8.510510617295873844e-13
8.498309397633489806e-13
7.638818910249721723e-13
6.173830562836071285e-13
4.140935520308270910e-13
1.174170239422841080e-13
3.434749837609153336e-11
8.878377261692720690e-11
1.566723095297867405e-10
2.283853142078463400e-10
2.869458484964913901e-10
3.214966454305095329e-10
3.150893201225675028e-10
2.663201021283165848e-10
1.869892187366576560e-10
1.050621865782577506e-10
3.179006240077533776e-11
2.764461367709023793e-13
6.396520300618190344e-13
7.669276073101953071e-13
9.294485801038601101e-13
9.506043788113666554e-13
9.445443195233650024e-13
9.531138979578724118e-13
9.371638937052605990e-13
9.391749751875977067e-13
9.319727126916196068e-13
9.549306617016628988e-13
9.465275489502781224e-13
9.364306425549989145e-13
9.361751070873773480e-13
9.318396294183688653e-13
9.378707859700979243e-13
9.316731663098218570e-13
9.368192802936443404e-13
9.330978394965400518e-13
9.469128725561010343e-13
9.467518992873861904e-13
9.454282297603922413e-13
9.496201984318895810e-13
9.472583952658698914e-13
9.369620960576156786e-13
9.451142306418059809e-13
9.483084125977049721e-13
9.606828879409508326e-13
9.510445377788729058e-13
9.514851751038637334e-13
9.428404179494023477e-13
9.638754361252596686e-13
9.465930244675661326e-13
9.348944779944968376e-13
9.447097174853722710e-13
9.363072499371634587e-13
9.383949659213283081e-13
9.129016262998131632e-13
8.925276832804832475e-13
8.498576138412415672e-13
7.942746543793949303e-13
6.453464504258850679e-13
4.529897047270342781e-13
1.182576157940457024e-13
4.123556857513555720e-11
1.049417646811005540e-10
1.818316424599656558e-10
2.650198010996503073e-10
3.320794758449106014e-10
3.618227006039495151e-10
3.438183101769022176e-10
2.797503263546263754e-10
1.856935256395123242e-10
9.123952400950353909e-11
1.350992470741588799e-11
4.491018640101856129e-13
7.598471970461787633e-13
8.712453309116785647e-13
9.469699087695120726e-13
9.529343126981827864e-13
9.476449654919234091e-13
9.434003964323338972e-13
9.384026214551720319e-13
9.441531904905533579e-13
9.363591620903395911e-13
9.459947916854586010e-13
9.444595372883557954e-13
9.491467656849307102e-13
9.552358284268991050e-13
9.386365127638794337e-13
9.333638697745908049e-13
9.286380460165472272e-13
9.460369773555294202e-13
9.361554837870781888e-13
9.458957040667116866e-13
9.502198153518074052e-13
9.489642308131073196e-13
9.484916352156464958e-13
9.588726621306788560e-13
9.416815820842437436e-13
9.239102775424357456e-13
9.457375985091925314e-13
9.457855950793539984e-13
9.556930212832043417e-13
9.341066102772320128e-13
9.495626937092760819e-13
9.608846582249778271e-13
9.419793610325171985e-13
9.424315354521261101e-13
9.357431953331245712e-13
9.366616954819927493e-13
9.135422198584343714e-13
9.346357093240837526e-13
9.223549195971466591e-13
8.905946928808848324e-13
8.207675627262164814e-13
6.581646970317039546e-13
4.465623649383890693e-13
4.098018542236500563e-14
5.351936932898341425e-11
1.296468070703277855e-10
2.169074632397210448e-10
3.082953828991947960e-10
3.756369211821625750e-10
5.496673795967787517e-11
3.705047312391193916e-10
2.895525786527747759e-10
1.806936536552804683e-10
7.719456706741656429e-11
3.095207338658422346e-14
5.835338179582893220e-13
8.135532126330111256e-13
9.188560140991627771e-13
9.333667985349416237e-13
9.385963187554979992e-13
9.453536215794911159e-13
9.512294552274436747e-13
9.465865454090950292e-13
9.498752646708447208e-13
9.322427501396483693e-13
9.459847408547053745e-13
9.250316309791802193e-13
9.408953734956400983e-13
9.480149622601644274e-13
9.485895866314826360e-13
9.344858896078923173e-13
9.345481351990469033e-13
9.497848467890248029e-13
9.455956443339093785e-13
9.490087019232184199e-13
9.448736095593366292e-13
9.379440312359791721e-13
9.352798252277845877e-13
9.320488917289477710e-13
9.427810540274720718e-13
9.516095613693587802e-13
9.415673835088619274e-13
9.505312374791545814e-13
9.553622062910691759e-13
9.532926820472589322e-13
9.618969094921564255e-13
9.519170231281928092e-13
9.342912113421726618e-13
9.423807129311354579e-13
9.429548695225611651e-13
9.453387125773005459e-13
9.571321582269027099e-13
9.474427975005098482e-13
9.209282916399682998e-13
9.037473800259276526e-13
8.246013523776296078e-13
6.495520758394128086e-13
4.244777395409252136e-13
4.042520323637878909e-12
6.498005837148356834e-11
1.436211102008449572e-10
2.351648033420820988e-10
3.283980027481622151e-10
3.921733655215127662e-10
2.098941970331628243e-02
3.670991296528125539e-10
2.743716082609051237e-10
1.650839799493669147e-10
6.131164815174990313e-11
1.803852682202976200e-13
6.838031213625073462e-13
8.868355258812592892e-13
9.473266153310789878e-13
9.552931808329619101e-13
9.299060131471710290e-13
9.544694607489371647e-13
9.347965120599403397e-13
9.426996232617649605e-13
9.511051250869708787e-13
9.432131467690807704e-13
9.533549077552041390e-13
9.392547850397211050e-13
9.403176138138905861e-13
9.406125507541591291e-13
9.487846199921635173e-13
9.390669418171598277e-13
9.502012771593172844e-13
9.537725384855349450e-13
9.436476566876813186e-13
9.575142472474192435e-13
9.445677533909344254e-13
9.392946857575010338e-13
9.485149176455355380e-13
9.569756082448370408e-13
9.504905301732495714e-13
9.375634195177506845e-13
9.545896144042786740e-13
9.444698504773517019e-13
9.461039984080027246e-13
9.531590309622106129e-13
9.498021858323565307e-13
9.692244167315099819e-13
9.368421970777584376e-13
9.893192678798934908e-13
9.471595756510857873e-13
9.474997012266330977e-13
9.482576823344227918e-13
9.430602549121163091e-13
9.447899374353258461e-13
8.923720146354389618e-13
8.497381903185939417e-13
6.776536196212764621e-13
4.348916278361746305e-13
2.903596235068420816e-13
5.650675030623402275e-11
1.293049919153067557e-10
2.165505185598508503e-10
2.909711997882374713e-10
3.470086204998241215e-10
3.526092273104615480e-10
3.088178360594107911e-10
2.267668008764171913e-10
1.247799507988652553e-10
3.343986982640603384e-11
3.620261600693670592e-13
7.814750405918339984e-13
9.301005277055710093e-13
9.589170243469419329e-13
9.464485371922409857e-13
9.468770723040390818e-13
9.515066511803180076e-13
9.362045477883932784e-13
9.479035842889210925e-13
9.382294958543313652e-13
9.490458661897173921e-13
9.334776762017141479e-13
9.335998980170593743e-13
9.319435732142299558e-13
9.410475639509332790e-13
9.361178591552564510e-13
9.424806486260128253e-13
9.364362386631527060e-13
9.555459156067390869e-13
9.351525024663061825e-13
9.319544350827858126e-13
9.448768769355147072e-13
9.390790562861246632e-13
9.310817421453664498e-13
9.524619974432030091e-13
9.335840346378234653e-13
9.499122766577507664e-13
9.471026371640848827e-13
9.441714664368518638e-13
9.575831005563274471e-13
9.672757007796912728e-13
9.491245812762138281e-13
9.628819921362134102e-13
9.329701351271499074e-13
9.451933530814237288e-13
9.372539316477936177e-13
9.651804217989628704e-13
9.405300901887439997e-13
9.260673794276690219e-13
9.423758896885742134e-13
9.170306739297278147e-13
8.574926555254182915e-13
7.512873417627423043e-13
5.737378083188369566e-13
2.598895651562294848e-13
2.586374949981202123e-11
7.953061574547355521e-11
1.380789292969677905e-10
1.983322766423957763e-10
2.320392125036314410e-10
2.347645047546576956e-10
2.040545016732581878e-10
1.394771552558679388e-10
6.586743331620775356e-11
4.526872082728732329e-13
5.126358368188245860e-13
8.219005851861711495e-13
9.304408991968968219e-13
9.583510960834911252e-13
9.516793643029914807e-13
9.454947640591021342e-13
9.431749711933466815e-13
9.425322977131329168e-13
9.409007969725945038e-13
9.477833328678397984e-13
9.395335647574103975e-13
9.501208005837516697e-13
9.471516487086791787e-13
9.391750722239992592e-13
9.436916887030335857e-13
9.541411071870088762e-13
9.429269489651113854e-13
9.482634732339060077e-13
9.467109219026700992e-13
9.456572878216614603e-13
9.482604071929290222e-13
9.243318543728331751e-13
9.470757597557065600e-13
9.518109586940461879e-13
9.505576802953271616e-13
9.395635622749726672e-13
9.402544373076474831e-13
9.392578696280659123e-13
9.421432853935297832e-13
9.479321189199831845e-13
9.397608351852650147e-13
9.612384950567175605e-13
9.512994639613299538e-13
9.722792437273865670e-13
9.737967881584423451e-13
9.626534082681208566e-13
9.545906160262804680e-13
9.541062344230909883e-13
9.214108454263476404e-13
9.410558096299997648e-13
9.135426360114843183e-13
9.076466466116944946e-13
8.433289403170646460e-13
7.395768097727120544e-13
5.381984936869012328e-13
2.469579941137319170e-13
1.104605537735570542e-11
5.625805071841228816e-11
9.320930222372039758e-11
1.240131180237342645e-10
1.355049517731962651e-10
1.260968393347881701e-10
8.987335166699369855e-11
4.816563508652422367e-11
5.335101567073636980e-14
5.067338735047333321e-13
7.803754342237571565e-13
9.136407486151665315e-13
9.514450550707727764e-13
9.455754325757967290e-13
9.449406531680783019e-13
9.400982725969924756e-13
9.424954637991086380e-13
9.410532855898703222e-13
9.292860494011011560e-13
9.314953473124336046e-13
9.403485965989218311e-13
9.400971643127071220e-13
9.463471419560317190e-13
9.510293624365484951e-13
9.433517897267130940e-13
9.416587994260173961e-13
9.376249816340675164e-13
9.508541774341260913e-13
9.435153308956509852e-13
9.489565076299428756e-13
9.444045108731139288e-13
9.394074250099775235e-13
9.429552468984644194e-13
9.344407251979110589e-13
9.414578929679450635e-13
9.596092561473772614e-13
9.431652071273641501e-13
9.450444224436987961e-13
9.434814355947705627e-13
9.421166070855314695e-13
9.373445283420878681e-13
9.486330902254970428e-13
9.526880265775525006e-13
9.477809379783252292e-13
9.371856100095490675e-13
9.402998677464704454e-13
9.356998925262994563e-13
9.611486653027500791e-13
9.501439914764356341e-13
9.363791829217696071e-13
9.125860771024154462e-13
8.851261817831287117e-13
7.933841990461773482e-13
6.167168975124685237e-13
3.823976597185633667e-13
2.231504023318812187e-12
5.497070989834152032e-11
1.160916634743408224e-10
1.856425086224067706e-10
2.415189957815830873e-10
8.416990286346114417e-03
2.587784076170769713e-10
2.054460427171282145e-10
1.193485125439664050e-10
3.240708112675918892e-11
3.764026243089946949e-13
7.827970692028722784e-13
9.492263791853082352e-13
