#Lower limit for the Conditional distribution of mass given radius from initial fitting w/o bootstrap
-1.594335683357043898e+00
-1.588485367668196480e+00
-1.567741983578763376e+00
-1.527334803839854205e+00
-1.460014679257419123e+00
-1.347304420547710713e+00
-1.123625100576194358e+00
-8.217550897150982525e-01
-6.855341324574245609e-01
-6.152784468936499662e-01
-5.719868265727715562e-01
-5.425951442965379901e-01
-5.212958638182062510e-01
-5.050470865206676541e-01
-4.920691232807414828e-01
-4.812234463629654901e-01
-4.717175165564507222e-01
-4.629491600722448474e-01
-4.544173185287711525e-01
-4.456670774945737934e-01
-4.362538491910826211e-01
-4.257193660515793399e-01
-4.135760326328938863e-01
-3.992982420907273955e-01
-3.823203407290119982e-01
-3.620414377891358337e-01
-3.378375951225014995e-01
-3.090827514664111764e-01
-2.751821988742664815e-01
-2.356281709081890774e-01
-1.900972562356123274e-01
-1.386204452230835882e-01
-8.184923540989215429e-02
-2.136617904947015964e-02
4.019146945499952467e-02
9.954410133193070109e-02
1.537221733698407033e-01
2.009220387304941347e-01
2.406722066063152476e-01
2.734367176010546463e-01
3.001188079166196010e-01
3.217202435475403632e-01
3.391722267704567750e-01
3.532747665229013512e-01
3.646892934093332594e-01
3.739526875894245150e-01
3.814975040169615861e-01
3.876720580262291715e-01
3.927582010401035606e-01
3.969864137345593402e-01
4.005485595058848602e-01
4.036089005662290563e-01
4.063140718148912645e-01
4.088027665837297153e-01
4.112159776919504517e-01
4.137087931635839433e-01
4.164649932901429707e-01
4.197160507815803077e-01
4.237665968946734973e-01
4.290289385295839031e-01
4.360696594912521484e-01
4.456714308689195270e-01
4.589124575766778125e-01
4.772641972970496638e-01
5.027060542583832170e-01
5.378588262510971552e-01
5.861620983430400056e-01
6.522014016381064705e-01
7.425214248961850005e-01
8.679598347403100211e-01
1.051048162020397747e+00
1.340506817793667427e+00
1.626505457629181972e+00
1.755510759470860771e+00
1.820013199122744840e+00
1.857544304278637926e+00
1.881366730216930794e+00
1.897499029182244445e+00
1.909119889973872164e+00
1.918062095367174091e+00
1.925437211179604091e+00
1.931938825712780750e+00
1.938006462863119284e+00
1.943921168458335069e+00
1.949864135843859092e+00
1.955953761978537875e+00
1.962269405950890278e+00
1.968866648763856864e+00
1.975787006770674870e+00
1.983063987560035102e+00
1.990726721107927810e+00
1.998801973031973267e+00
2.007315060775509252e+00
2.016289998385495608e+00
2.025749062746891482e+00
2.035711886607474597e+00
2.046194130586975302e+00
2.057205751110304792e+00
2.068748653960355899e+00
-1.123756676180595715e+00
