#Lower limit for the Conditional distribution of radius given mass from initial fitting w/o bootstrap
4.094806709051062033e-01
-2.004386105896650005e-01
-2.004278712626142989e-01
-2.003938571737210461e-01
-2.003170436491409079e-01
-2.001712078413408757e-01
-1.999222296483879613e-01
-1.995266901687604011e-01
-1.989302326242528562e-01
-1.980656700383535140e-01
-1.968508905693237554e-01
-1.951867813464749635e-01
-1.929557713906145666e-01
-1.900223643395725637e-01
-1.862384242173726612e-01
-1.814580280372182219e-01
-1.755683546915888238e-01
-1.685403960913589572e-01
-1.604891871856653496e-01
-1.517076943336866102e-01
-1.426288983761876961e-01
-1.337146484117528455e-01
-1.253365362688223517e-01
-1.177168657263992640e-01
-1.109376263235993115e-01
-1.049827535777071025e-01
-9.978161409401668791e-02
-9.524046906590168116e-02
-9.126125220795998361e-02
-8.775119062277073056e-02
-8.462685149654372574e-02
-8.181514406166193187e-02
-7.925281486601709613e-02
-7.688529513818205541e-02
-7.466534933053477208e-02
-7.255174307505812825e-02
-7.050802462154459604e-02
-6.850144986655026802e-02
-6.650204992650457503e-02
-6.448182641928899839e-02
-6.241405472226191353e-02
-6.027267491429350033e-02
-5.803175148756536256e-02
-5.566498501438568725e-02
-5.314526120435044548e-02
-5.044422498285067169e-02
-4.753186938856485827e-02
-4.437613143572076424e-02
-4.094249003250211016e-02
-3.719356529280078150e-02
-3.308872526738785430e-02
-2.858371708143940537e-02
-2.363035757777849633e-02
-1.817634824592993109e-02
-1.216532693986106979e-02
-5.537343404696048500e-03
1.769943207204252838e-03
9.818892730029848276e-03
1.866770112252894021e-02
2.836361286811680399e-02
3.893276933434222653e-02
5.036647828416181139e-02
6.260518213748414440e-02
7.552403951284765438e-02
8.892694421861102594e-02
1.025563888459397749e-01
1.161218870311237078e-01
1.293404666846771356e-01
1.419755225003275223e-01
1.538615582800549608e-01
1.649108102423756661e-01
1.751060959234051750e-01
1.844874513700441587e-01
1.931388216317752315e-01
2.011782898344796899e-01
2.087531491071529521e-01
2.160400652722377079e-01
2.232503977392776284e-01
2.306410917144609829e-01
2.385322332681098501e-01
2.473333797201314466e-01
2.575824079705174019e-01
2.700036326343241422e-01
2.855984019575586452e-01
3.057970749831529500e-01
3.327437909583604858e-01
3.699156332431550731e-01
4.237545646404695110e-01
5.092490527653533716e-01
6.691173737235145413e-01
8.276583719729376787e-01
8.903449832826439980e-01
9.202659638120781471e-01
9.361139646532879999e-01
9.445341057449785360e-01
9.487491723933622056e-01
9.506100081684429881e-01
9.512616268253935026e-01
9.514044781248224281e-01
9.514135897353027671e-01
