3.321910437500178432e+03
3.219966725742332528e+03
2.971206391843607889e+03
3.003683734159731102e+03
2.980730024813268756e+03
3.093750464506935259e+03
3.158249232016940368e+03
3.177383453575571366e+03
2.899061507895154136e+03
3.034801956154830805e+03
3.039083779175784912e+03
3.237653567657792792e+03
2.981833941855309604e+03
3.102816616907267871e+03
3.019670697997830757e+03
2.961840378226953362e+03
2.996344100980211351e+03
3.017728147940478266e+03
2.880130404139309576e+03
3.087853526392061212e+03
