-4.468792209519982239e-01
-4.467120368619187931e-01
-4.440700207046930359e-01
-4.316784453136406352e-01
-3.934822968251598385e-01
-2.896041550993682101e-01
-6.654225073950319549e-03
3.970605513186099556e-01
6.601665839133149527e-01
8.234661293580938235e-01
9.298855285768381496e-01
1.002019260122337885e+00
1.052923220647690838e+00
1.090485055236408263e+00
1.119528011352517449e+00
1.143012021819212798e+00
1.162760486699909945e+00
1.179903688552143004e+00
1.195148726564913888e+00
1.208943743601142984e+00
1.221578079731903577e+00
1.233243591016348395e+00
1.244072334463857343e+00
1.254159784271250189e+00
1.263579139403069540e+00
1.272390124865643513e+00
1.280644387694659825e+00
1.288388795778288021e+00
1.295667459422673584e+00
1.302522992237445054e+00
1.308997338331245430e+00
1.315132374155481010e+00
1.320970419509323035e+00
1.326554747103933174e+00
1.331930153648594573e+00
1.337143641422421592e+00
1.342245253893120438e+00
1.347289109878987201e+00
1.352334686844771650e+00
1.357448414802193248e+00
1.362705658250237928e+00
1.368193185598307604e+00
1.374012255290859130e+00
1.380282488124149776e+00
1.387146750172239873e+00
1.394777346603224277e+00
1.403383932976264958e+00
1.413223701792411857e+00
1.424614619959181150e+00
1.437952809917301567e+00
1.453735629595513945e+00
1.472592671474075576e+00
1.495327810956116110e+00
1.522976500562613911e+00
1.556883089683408716e+00
1.598800421076974621e+00
1.650999008722922934e+00
1.716315899060126826e+00
1.797894495543743920e+00
1.897965920839930654e+00
2.014883538187482337e+00
2.140179719957015170e+00
2.261527216582774891e+00
2.370270265606006621e+00
2.463821504636206416e+00
2.543063233204609030e+00
2.609923825455336743e+00
2.666343728248163902e+00
2.713994894722182138e+00
2.754262238890479608e+00
2.788290608084848188e+00
2.817035755352143678e+00
2.841304614663964667e+00
2.861784308623503748e+00
2.879062697214584965e+00
2.893643376932697464e+00
2.905957305837779892e+00
2.916372445949318326e+00
2.925202207470885885e+00
2.932713081483286022e+00
2.939131623329942489e+00
2.944650845989567944e+00
2.949436054638780114e+00
2.953630166597528195e+00
2.957358594803872087e+00
2.960733819489505869e+00
2.963859833244558040e+00
2.966836730222005780e+00
2.969765844763796903e+00
2.972756074682494809e+00
2.975932441848135657e+00
2.979448739487322584e+00
2.983507716331054382e+00
2.988395657351597734e+00
2.994546008839801932e+00
3.002666066499874553e+00
3.014014306378006047e+00
3.031085383250540666e+00
3.059599401100292049e+00
3.006040581009295387e+00
