-6.994012066126285010e-01
-6.992625851154316008e-01
-6.970827402193030542e-01
-6.871585266868909248e-01
-6.594752718488585685e-01
-6.011196520005677169e-01
-5.014779144585059800e-01
-3.605193300183599514e-01
-1.933467472735788673e-01
-2.395732908971295524e-02
1.272414029639049038e-01
2.506204812653365366e-01
3.459996258996995699e-01
4.179318511916379486e-01
4.720213093767674506e-01
5.131877796282685589e-01
5.452016623240520943e-01
5.707689178809315367e-01
5.917694379859288478e-01
6.094900367633878657e-01
6.248075624100635217e-01
6.383206888912248411e-01
6.504409492892992972e-01
6.614543981142997353e-01
6.715630228257953860e-01
6.809124792378015156e-01
6.896106747653643065e-01
6.977402472226247321e-01
7.053669752624984746e-01
7.125454788162851605e-01
7.193231181382321315e-01
7.257427024351378320e-01
7.318444220679971579e-01
7.376672878415444501e-01
7.432502745876657935e-01
7.486333094790417197e-01
7.538582086997518417e-01
7.589696429375077935e-01
7.640161984449690413e-01
7.690515932882363570e-01
7.741361058271883921e-01
7.793382728701692130e-01
7.847369168708574483e-01
7.904235633989992182e-01
7.965053098772099105e-01
8.031082013761491334e-01
8.103811549870931774e-01
8.185004450540647181e-01
8.276747091192888650e-01
8.381503477802164648e-01
8.502170568412019680e-01
8.642130311871878412e-01
8.805291014156361173e-01
8.996106978790818776e-01
9.219560917645240883e-01
9.481088842772760206e-01
9.786423080005723918e-01
1.014132759429120068e+00
1.055120385644686465e+00
1.102055854686071923e+00
1.155234958606574214e+00
1.214726481739688113e+00
1.280303315190664426e+00
1.351390837298171999e+00
1.427048157526636274e+00
1.505994976731711121e+00
1.586688756063898476e+00
1.667445078082493426e+00
1.746582326792345707e+00
1.822564744672757309e+00
1.894118580513008521e+00
1.960304089144616846e+00
2.020538098006113614e+00
2.074573105401849915e+00
2.122446023969459805e+00
2.164411726785687939e+00
2.200874554708277753e+00
2.232326876884306088e+00
2.259299470101271190e+00
2.282325001674792908e+00
2.301913646449405881e+00
2.318538741611292142e+00
2.332630074777489959e+00
2.344572582878728273e+00
2.354708654467759121e+00
2.363342712107687316e+00
2.370747221543712424e+00
2.377169708529488723e+00
2.382840787103154057e+00
2.387983686348978729e+00
2.392826451857377190e+00
2.397619196874737124e+00
2.402661177024704831e+00
2.408347787951742980e+00
2.415260617035118518e+00
2.424359333440387676e+00
2.437446640636061534e+00
2.458508360125360337e+00
2.498741697518804816e+00
2.354280060743159542e+00
