#Lower limit for the Conditional distribution of radius given mass from initial fitting w/o bootstrap
-2.279957537319160232e-01
-2.232547725685100903e-01
-2.223193912148791751e-01
-2.203305696660607660e-01
-2.167755189112354763e-01
-2.112200133647977596e-01
-2.033813321131489049e-01
-1.932548757162426134e-01
-1.813123698654114657e-01
-1.685375315751269087e-01
-1.559673270548458113e-01
-1.441299810365948286e-01
-1.330069935484553822e-01
-1.223249170258094848e-01
-1.117868240424217119e-01
-1.011714843989980489e-01
-9.035612096709361163e-02
-7.930351028628175591e-02
-6.803202940993904879e-02
-5.658264623672971255e-02
-4.499642036836473680e-02
-3.330906569502518205e-02
-2.155820201545174952e-02
-9.792318370378295250e-03
1.928325485143857643e-03
1.354233277400869115e-02
2.500512383134498307e-02
3.630557834364488146e-02
4.747394431903537160e-02
5.857882597846992417e-02
6.971579459670404488e-02
8.099191443359400611e-02
9.250949528289270640e-02
1.043510375425544950e-01
1.165664824126829424e-01
1.291644829293152885e-01
1.421101429154501827e-01
1.553317564907140957e-01
1.687369376016807088e-01
1.822345941545785164e-01
1.957558416902104859e-01
2.092670572321400357e-01
2.227718886064890547e-01
2.363033839167478778e-01
2.499098566603082938e-01
2.636383490676146302e-01
2.775189598813238567e-01
2.915530565713887468e-01
3.057086036275796226e-01
3.199254954468748191e-01
3.341311886123221608e-01
3.482625666842931178e-01
3.622860645531514323e-01
3.762082909098973249e-01
3.900734815054611171e-01
4.039492488477670618e-01
4.179051145714804405e-01
4.319890194654331106e-01
4.462073389573210092e-01
4.605145747117135313e-01
4.748187213760454162e-01
4.890045274768479722e-01
5.029690538690233526e-01
5.166565050798338499e-01
5.300791794308776783e-01
5.433189278886959572e-01
5.565122479435039571e-01
5.698258539168364889e-01
5.834284569408423327e-01
5.974619905931144448e-01
6.120150086938780376e-01
6.271033128621634756e-01
6.426660483950996650e-01
6.585845839004840219e-01
6.747222002732382595e-01
6.909688115787644414e-01
7.072693211468569219e-01
7.236235566444123579e-01
7.400622319593246345e-01
7.566149145653183750e-01
7.732887249757756098e-01
7.900705915001595692e-01
8.069511492441270306e-01
8.239501608379864450e-01
8.411145996115290124e-01
8.584718090415255354e-01
8.759506521035725912e-01
8.933314116455667309e-01
9.103209972000185779e-01
9.267878635983838320e-01
9.430263094967551440e-01
9.598485372914478120e-01
9.783376365918238227e-01
9.989410505119257211e-01
1.019756325636820948e+00
1.036537614218296710e+00
1.046790423595450159e+00
1.051512827924248494e+00
1.052980174866527729e+00
-8.274052990135559449e-02
