#Weights for Beta densities from initial fitting w/o bootstrap
7.829791397351813466e-10
1.266854675126844463e-12
7.499124934880643682e-08
3.749623153884584481e-12
2.612692158334298325e-13
5.455165615252255862e-10
1.081293685643687832e-09
1.506081380398801950e-09
1.808884118276772487e-09
2.007250776702353738e-09
2.130366902837824865e-09
2.200997705770872527e-09
2.240784675474416238e-09
2.261773973468488085e-09
2.271203616541098123e-09
2.276129204217907092e-09
2.278049065250772498e-09
2.280116055113988885e-09
2.280298940921485311e-09
2.280342699464176427e-09
2.280386955596609809e-09
2.280193684869845548e-09
2.280729581904568505e-09
2.280526269235563015e-09
2.280646376993535531e-09
2.279951752983858752e-09
2.280164091797134185e-09
2.280068691096401972e-09
2.279922203906188389e-09
2.280633571881602414e-09
2.280740370756495050e-09
2.279960244800557871e-09
2.280579353809673159e-09
2.280379126235783090e-09
2.280001629771433875e-09
2.280150979696275463e-09
2.280637207457292576e-09
2.280028881829213154e-09
2.280571092564385848e-09
2.280185604683628569e-09
2.280437558054373099e-09
2.280094387705003981e-09
1.217030052861490605e-09
2.737886012437421113e-10
3.899487248577394351e-12
6.422107503820409513e-02
7.483119040712616802e-12
5.209157542039513263e-12
1.340436928316221333e-12
4.088037237421902701e-10
9.576755632019044991e-10
1.407201878752601669e-09
1.738269234023122278e-09
1.961702223835711280e-09
2.102567145792487943e-09
2.185547622553252516e-09
2.231741374729492514e-09
2.256216619963887082e-09
2.268526310786291136e-09
2.274962890180406046e-09
2.277878526660415713e-09
2.279323614398857675e-09
2.280081120402624243e-09
2.279676352903625847e-09
2.280491340928406451e-09
2.280884731045855594e-09
2.280656311535102216e-09
2.280217973832968496e-09
2.280360713011325203e-09
2.280353031606201057e-09
2.280433443930987443e-09
2.280573896358856943e-09
2.279966797497796173e-09
2.280284737871959101e-09
2.280613741979413592e-09
2.280275385581519061e-09
2.280490503682045609e-09
2.279950042637328012e-09
2.280529342783807426e-09
2.280725554417214854e-09
2.280280428840803525e-09
2.280775796585740845e-09
2.280324443768267777e-09
2.280007698458186168e-09
1.609466811273973000e-09
7.101564814883815323e-10
2.778622584067422205e-12
1.016745976502010978e-11
5.521813416626576536e-03
1.572461812471814894e-11
1.314941035230699220e-11
8.248076332720085572e-12
2.442052654512051728e-12
4.101812625617792903e-10
1.016065509658545678e-09
1.471411465691471501e-09
1.787861133886133742e-09
1.993124994151310478e-09
2.119207180190367776e-09
2.193512602600898426e-09
2.235345340550125630e-09
2.258050900235767104e-09
2.269748815568100344e-09
2.275366025492154418e-09
2.278042930919928391e-09
2.279563715154732447e-09
2.279632982538605672e-09
2.280004840919524200e-09
2.280453631317532202e-09
2.280128349529762665e-09
2.280434660372730303e-09
2.280628969095092508e-09
2.280013186231867033e-09
2.280232373061147401e-09
2.280009479445589668e-09
2.280484247668954656e-09
2.280601259501859005e-09
2.280766933238236681e-09
2.280511178740028875e-09
2.280835136250619429e-09
2.280149250347259932e-09
2.280421977065554443e-09
2.280587403397294757e-09
2.280498293067872443e-09
2.280553832870646201e-09
2.280433897127380564e-09
1.849005833198489717e-09
1.040113607446100323e-09
1.115513554322044539e-12
1.100537931713804098e-11
1.915275762746417863e-11
1.758391995466199468e-09
2.343246018072543017e-11
1.963674248765865875e-11
1.356391418218272561e-11
6.735350919533955475e-12
3.029112127096235029e-13
6.728470654869340982e-10
1.217023036465942693e-09
1.606915998084887495e-09
1.872249896101800926e-09
2.043220251759525224e-09
2.148542348879504896e-09
2.209591936542152990e-09
2.244325417152238537e-09
2.262414180250678176e-09
2.272280742088459741e-09
2.276530715704169112e-09
2.279182058325682688e-09
2.279838592181301314e-09
2.280343705530269372e-09
2.280221291113533964e-09
2.280317783328976666e-09
2.280036904412094700e-09
2.280177812027752046e-09
2.280420648024275871e-09
2.280334511078010057e-09
2.280465980580969027e-09
2.280355099475463951e-09
2.279893382283945176e-09
2.280020539183725844e-09
2.280550621429660320e-09
2.280304591512545296e-09
2.280528670536437228e-09
2.280109521572077258e-09
2.281088669117012095e-09
2.280448385500680494e-09
2.280449227384742763e-09
1.999326862135455294e-09
1.337620207926090166e-09
2.312712850495491576e-10
8.764352163189209821e-12
1.895544947089326078e-11
2.639150684550004810e-11
7.202959009588096040e-02
2.858369006659509675e-11
2.411449991694734206e-11
1.759591866289375256e-11
1.037741553175539409e-11
3.481733382643059072e-12
3.267123504948591227e-10
9.525098771465856089e-10
1.417536539561951350e-09
1.744166440889896876e-09
1.962594189756120473e-09
2.099681134397485490e-09
2.181953399022326020e-09
2.229512969261231225e-09
2.254821729995146444e-09
2.267862245585764679e-09
2.274545333622929745e-09
2.278220017481996975e-09
2.279383626845434941e-09
2.280153975770147600e-09
2.279872772489517142e-09
2.280218912835088049e-09
2.280489065514204547e-09
2.280438891761253902e-09
2.280179630381315047e-09
2.279896052125794139e-09
2.280761137652108631e-09
2.280498956688035470e-09
2.280472940814883695e-09
2.280259647069729673e-09
2.279969762857307348e-09
2.280817866921605797e-09
2.280542676592516746e-09
2.281140797357589824e-09
2.279570389640916862e-09
2.280596324228646872e-09
2.102698750222479534e-09
1.612968706549566525e-09
7.013738725152006457e-10
4.355203390223244778e-12
1.511738027986573093e-11
2.473695158811030100e-11
3.136302811837013894e-11
5.674548393161688579e-07
3.272167424423586287e-11
2.820951035104690574e-11
2.162147796512655543e-11
1.413844415510541777e-11
6.757100675525886882e-12
1.729440176594461111e-13
6.917998793704045178e-10
1.233389625376556502e-09
1.621847455802032123e-09
1.885011185212215764e-09
2.052960703046627510e-09
2.155288653705150716e-09
2.214527430412658622e-09
2.247221635857681621e-09
2.263951609000204744e-09
2.272683292725028270e-09
2.277229736365912346e-09
2.278542853271509198e-09
2.279915622151886428e-09
2.279788360967959905e-09
2.280121150107500946e-09
2.280432067501856307e-09
2.280552475117616720e-09
2.279762905598245567e-09
2.280273294157203377e-09
2.280722467614291173e-09
2.280350309503564065e-09
2.280183408396364768e-09
2.280214891594618514e-09
2.280125174280292252e-09
2.280324826564506382e-09
2.280283910566755777e-09
2.280548667708374301e-09
2.280390401760422266e-09
2.174231990899622838e-09
1.841728156430394587e-09
1.158254797138354698e-09
9.586563070085283828e-11
9.455032142994767720e-12
2.012324167046880027e-11
2.944343651595617871e-11
3.587635523120812145e-11
2.537837979072265788e-03
3.731011791671623305e-11
3.275450072464154266e-11
2.588562850186791658e-11
1.788096362764360810e-11
9.828228842491702743e-12
2.541921973471233778e-12
4.631492531608493025e-10
1.074264041214081498e-09
1.515440418424414390e-09
1.816345937853949122e-09
2.009612001397700593e-09
2.128900766325897271e-09
2.198477562902049369e-09
2.238597128344001308e-09
2.259491308037544876e-09
2.270227584079057041e-09
2.275771938501097702e-09
2.278035841011674357e-09
2.279766700290732540e-09
2.280504924230579809e-09
2.280326095635047028e-09
2.280125619399824624e-09
2.280304691193101410e-09
2.280080526776142488e-09
2.280188428156707412e-09
2.280079947278733604e-09
2.280101772492851713e-09
2.280404226781263766e-09
2.280174478704763474e-09
2.280612295005959044e-09
2.280663968914528483e-09
2.280237229577422627e-09
2.280169750234243403e-09
2.220784267780944960e-09
2.009826115409445344e-09
1.531868521796475020e-09
7.082223413015456797e-10
3.517472170463060954e-12
1.414391835846910085e-11
2.504915842579260520e-11
3.452845257434997683e-11
4.106453104913493216e-11
7.445919140081119769e-02
4.223817871454025161e-11
3.721851850794268151e-11
2.971538077838208484e-11
2.100882248518518146e-11
1.228281634581843951e-11
4.411103152091771199e-12
2.794948966439370151e-10
9.405856879079324179e-10
1.419806957486451219e-09
1.749252524334849709e-09
1.965322070855499875e-09
2.100679482809325378e-09
2.181879182228592885e-09
2.228255167022775668e-09
2.254607327210427921e-09
2.267695919761377789e-09
2.274791936658902236e-09
2.277969973739800817e-09
2.279252073228922146e-09
2.280092177891982656e-09
2.280556316162558568e-09
2.279931423597229526e-09
2.280470754633792913e-09
2.280090903495496120e-09
2.280227538333901801e-09
2.280758577182083691e-09
2.280196342407406475e-09
2.279728835639224732e-09
2.280764572320460593e-09
2.279971607510265634e-09
2.280456377835133719e-09
2.279948757444338673e-09
2.248572610767466512e-09
2.122420058160105117e-09
1.804631778569508250e-09
1.197368493405426343e-09
2.403241946372724885e-10
7.925758309164564403e-12
1.921688819785837395e-11
3.054808646328511448e-11
4.015929695394645588e-11
4.650144491647783667e-11
4.759575913381359013e-07
4.649460139764144253e-11
4.073021818750070102e-11
3.254383926420955046e-11
2.328273614410415427e-11
1.413075620905995828e-11
5.930503504982412383e-12
1.156806446243029529e-10
8.103305436795974176e-10
1.320941397019494361e-09
1.677639915064140146e-09
1.916680761716169522e-09
2.069769806559657977e-09
2.163452316950786033e-09
2.218249057791695168e-09
2.249215685216077282e-09
2.265347612162408674e-09
2.273415104292716947e-09
2.277477606993367405e-09
2.279232830007372857e-09
2.280300316126547132e-09
2.279933479224230935e-09
2.280296237374903733e-09
2.280725687923817063e-09
2.280102713684581213e-09
2.280229256206836852e-09
2.280056597939510708e-09
2.280002452589047959e-09
2.280542837002720461e-09
2.280127373335664274e-09
2.280131253831380707e-09
2.280192419042292135e-09
2.264167641669094844e-09
2.190745330714561822e-09
1.988052439655547608e-09
1.560172537871051698e-09
8.210842417277565359e-10
2.115612811645691778e-12
1.276617780572358292e-11
2.464871879618379954e-11
3.612818014301202356e-11
4.542424651670652365e-11
9.304690088644099849e-10
5.240821148218204630e-11
4.948161160224384994e-11
4.312994193493387228e-11
3.458211524621481158e-11
2.512600250456917849e-11
1.584988880017082183e-11
7.510016284964788580e-12
5.123572273073893837e-13
6.601645512128384006e-10
1.205199527875851379e-09
1.596036030110422095e-09
1.863061149924001055e-09
2.037665770770007162e-09
2.145627759464616977e-09
2.208916781674744182e-09
2.244793975981968941e-09
2.263501529619670504e-09
2.272873976370492128e-09
2.276908000307310349e-09
2.278987918674738004e-09
2.279637197023867575e-09
2.280018617507521807e-09
2.280174342974072361e-09
2.279906767594918316e-09
2.280665395227388233e-09
2.280401605369827612e-09
2.280681168420232752e-09
2.279962377991701743e-09
2.280418586560752580e-09
2.280476725042644633e-09
2.279658707810588376e-09
2.272193093642812532e-09
2.231723827431505477e-09
2.106500503365471868e-09
1.815742092126624881e-09
1.269182275718183702e-09
3.901152965836448541e-10
6.344420099259364571e-12
1.765509688093014301e-11
2.972343266134823725e-11
4.088505708217556341e-11
4.949624394356955143e-11
2.203475796687606389e-02
5.498880942495996807e-11
5.164961452031368606e-11
4.517093842832937499e-11
3.667398624606557356e-11
2.729929063146622478e-11
1.801420355627944403e-11
9.514504700404743943e-12
2.226004534304166499e-12
4.817757563453791531e-10
1.076445406475719622e-09
1.510024079173395623e-09
1.810128498832967240e-09
2.007507886012225689e-09
2.130043275280491184e-09
2.201792161492254308e-09
2.241800389452443795e-09
2.261985939424867597e-09
2.272035016774505660e-09
2.276923414433247323e-09
2.279071966952159517e-09
2.279656197068744458e-09
2.280206039296749724e-09
2.280193228354139170e-09
2.280448146946877753e-09
2.280507756546956004e-09
2.280468643700356307e-09
2.280543997957187830e-09
2.279869782677134648e-09
2.280399962119904607e-09
2.280240956987568385e-09
2.276066608083665272e-09
2.253960868340846389e-09
2.179436100629136276e-09
1.990061091581943370e-09
1.604256421146144741e-09
9.400307937223695353e-10
4.562243703864654133e-13
1.041654190684043172e-11
2.198182733853171387e-11
3.385424717727499695e-11
4.449651467372836497e-11
5.250019312451455531e-11
5.918291916199971969e-02
5.737959695480540382e-11
5.416404608826902450e-11
4.795278197394433730e-11
3.968551473588774108e-11
3.035961114515276279e-11
2.088787760327904844e-11
1.199960515736472870e-11
4.200722843024738422e-12
2.920972788526551877e-10
9.488723711520430416e-10
1.431585429476582367e-09
1.765845092871686437e-09
1.984099764051866858e-09
2.119691873147541349e-09
2.197777144840767560e-09
2.240053668113638958e-09
2.262362100060651653e-09
2.273040379048241725e-09
2.277139375002056437e-09
2.279437884254536278e-09
2.280227952931221064e-09
2.280234081070594712e-09
2.280419776947462956e-09
2.280373394352999158e-09
2.280759656836320388e-09
2.280345062222041431e-09
2.280536377067475642e-09
2.280318340808780692e-09
2.280862305982967829e-09
2.278727955435112861e-09
2.266686971254091942e-09
2.222787751503552178e-09
2.104066234875499840e-09
1.844854382553885156e-09
1.366650626912719326e-09
6.021251190580534991e-10
3.652796078372543899e-12
1.395667053531353268e-11
2.553667027809808001e-11
3.719048251849249532e-11
4.756766648927183319e-11
5.546070321287715396e-11
7.200765487167262724e-03
6.086944671983204234e-11
5.808935989024377820e-11
5.218456020314485350e-11
4.394668442374956992e-11
3.432755605054881064e-11
2.429150329459316253e-11
1.468936756907587205e-11
6.161377771704381651e-12
1.186392249953928127e-10
8.428312706817170200e-10
1.372549684724296694e-09
1.737647830163313518e-09
1.972737254517144719e-09
2.115983613027606484e-09
2.197530246080891501e-09
2.240578838484971076e-09
2.262514503216849634e-09
2.272912504119800061e-09
2.277374141966991864e-09
2.279772550806296229e-09
2.279578412984816566e-09
2.280455437747909540e-09
2.280462638202692427e-09
2.279992429230751779e-09
2.280217529736664745e-09
2.280181274610396558e-09
2.280089805266587482e-09
2.280627823003440299e-09
2.279471882526492370e-09
2.273762086547768970e-09
2.248521749569724371e-09
2.176946722403457935e-09
2.010523893638766233e-09
1.683055680467597099e-09
1.125165668773958995e-09
2.844976215749888469e-10
6.489951976270230905e-12
1.704671859411658852e-11
2.876125927846308227e-11
4.055860985888851824e-11
5.122601535447409958e-11
5.960956795054187363e-11
2.163493287037115617e-02
6.618739585231704972e-11
6.372821271129229639e-11
5.776766628923048147e-11
4.907385384154571488e-11
3.867720656919040984e-11
2.769404350978112135e-11
1.713582603122446810e-11
7.766604603623825631e-12
6.201297088733158551e-14
7.763547074418835759e-10
1.343421393907388926e-09
1.728059066097222614e-09
1.972611283976477431e-09
2.119048951001461068e-09
2.201044769573546654e-09
2.243690766225043454e-09
2.264345606397088314e-09
2.274039858696929078e-09
2.278298615787486711e-09
2.279713157957460484e-09
2.280154090409313008e-09
2.280466772518613145e-09
2.280042020568804772e-09
2.280129385741529487e-09
2.280162197607077321e-09
2.280405953669440549e-09
2.280344243057497641e-09
2.280039382713324097e-09
2.277099096814577141e-09
2.263340087048873881e-09
2.221454335291659327e-09
2.119471895991700826e-09
1.905682912528090927e-09
1.517410224716815446e-09
8.943998487826002284e-10
9.798879969349712838e-14
9.198922005725265268e-12
2.021196673813197133e-11
3.245624177193359266e-11
4.492310726186386423e-11
5.639232069705761897e-11
6.559370050805358895e-11
2.596276731537276727e-02
7.312190806419957290e-11
7.049346055592512332e-11
6.389541602249689301e-11
5.420414917980377320e-11
4.263449695487023789e-11
3.048789073230850833e-11
1.892012472045905093e-11
8.776711965907988155e-12
5.453673861751055944e-13
7.551413613579964730e-10
1.343556757579104669e-09
1.736463440430960106e-09
1.982801961866141653e-09
2.127215236133972381e-09
2.206585156681087383e-09
2.247513496436585854e-09
2.266665208690543678e-09
2.275743233224624194e-09
2.278232928475396451e-09
2.279950742113261341e-09
2.280402246637304012e-09
2.279863621237643783e-09
2.280288147197610954e-09
2.280441560712028755e-09
2.280223515354887629e-09
2.280512788102616664e-09
2.280577487754462907e-09
2.278564915507548629e-09
2.272170267228197782e-09
2.248587205885587262e-09
2.187883378264866510e-09
2.053533956084219936e-09
1.794369217040210785e-09
1.350774874037859476e-09
6.615372636203511323e-10
2.451306711390028331e-12
1.223694944013215813e-11
2.406886385812128742e-11
3.727208426097954680e-11
5.078258575379250636e-11
6.322800915444027363e-11
7.314180883549443907e-11
1.045903348515974524e-02
8.066717365413808044e-11
7.724811590770356483e-11
6.947655147866229944e-11
5.843427334340994121e-11
4.554164776783024791e-11
3.226007056541996877e-11
1.983216453103740627e-11
9.112529041381644783e-12
5.519600779520368040e-13
7.747458998054213465e-10
1.369120345958136032e-09
1.759745750676021149e-09
2.000347630761516962e-09
2.139321976182839966e-09
2.214493749303362785e-09
2.251633184967256501e-09
2.269179540612338061e-09
2.276042691198630740e-09
2.278685957044779297e-09
2.280308317706381520e-09
2.280087111608745400e-09
2.280494418374685319e-09
2.280174613242345815e-09
2.280175237879801023e-09
2.280629865816978509e-09
2.280268584648909630e-09
2.279510771171200518e-09
2.276119247017834355e-09
2.263921441558525298e-09
2.228678192856571261e-09
2.147960313178862983e-09
1.981978128970050079e-09
1.676979810409376767e-09
1.170930708425190458e-09
4.004953802254148937e-10
5.227725313012543504e-12
1.598597783581647063e-11
2.893400788600237921e-11
4.331683179646100988e-11
5.788913011374644143e-11
7.107447153444464670e-11
8.123322749115962894e-11
5.177165488032840768e-02
8.754353462936547448e-11
8.285138953346119511e-11
7.362933463051511192e-11
6.118085642598711227e-11
4.708985762063265448e-11
3.290988148677495112e-11
1.989210632842970291e-11
8.848847199219949904e-12
1.608370492451348475e-13
8.272360652033746332e-10
1.414228531566901819e-09
1.793986958632651452e-09
2.024488439894059241e-09
2.154378171942500156e-09
2.222803918090541966e-09
2.256350554064887683e-09
2.271496617834551690e-09
2.277183699589676364e-09
2.279130417241044095e-09
2.280028242898161333e-09
2.279989619334671817e-09
2.280377625649677999e-09
2.280256192582275818e-09
2.280448456402514675e-09
2.280007487685027165e-09
2.279865048411264783e-09
2.278330736531762301e-09
2.272404666423776904e-09
2.252631680728325854e-09
2.205677060899789194e-09
2.102508244636398234e-09
1.899608428949177517e-09
1.542070358396938843e-09
9.598786543921964784e-10
8.602841765073566905e-11
8.603180252363604223e-12
2.049564623962609133e-11
3.463826199035266463e-11
5.008420321497224658e-11
6.538889482656993472e-11
7.880486860333629207e-11
8.861406760861998505e-11
2.488011918395159963e-02
9.275229546687338095e-11
8.660573426655294712e-11
7.597615387656005229e-11
6.232923561320802356e-11
4.734479159890724429e-11
3.258596484960624526e-11
1.926499121482793523e-11
8.124186494068418628e-12
6.990445244583853398e-11
9.038957406504839747e-10
1.472590446846695603e-09
1.835843111964920954e-09
2.051703488913461760e-09
2.171567918687232953e-09
2.232777476146303004e-09
2.261337340254646424e-09
2.273654918964396238e-09
2.278440222733407571e-09
2.279961176940517343e-09
2.280295575617566335e-09
2.280718074015106821e-09
2.280692257407194147e-09
2.280733064976015223e-09
2.280348986840495698e-09
2.280436388045907691e-09
2.279762277146118750e-09
2.275940187998350013e-09
2.266469210156327135e-09
2.239295395186204737e-09
2.177251831265716812e-09
2.047174384010438111e-09
1.802640977680174778e-09
1.380618477105988051e-09
7.076460013196312149e-10
2.159270453166769093e-12
1.245772701365771435e-11
2.545359292813748199e-11
4.058389452685315159e-11
5.671453359021150362e-11
7.223907014337024631e-11
8.533662411971022673e-11
9.431818038671050347e-11
1.599776802310085358e-02
9.589226620486925111e-11
8.841091900860451580e-11
7.663930527055590129e-11
6.213156945978798544e-11
4.658937265994305563e-11
3.154233211962560376e-11
1.814310700529918569e-11
7.070952914643875989e-12
1.884684218082942012e-10
9.978807185380002191e-10
1.542432969094370419e-09
1.883309572354087916e-09
2.082528632397289089e-09
2.189298338490786149e-09
2.241979892853056643e-09
2.266049872971777549e-09
2.275316603712377189e-09
2.279048424796917872e-09
2.279509987875685909e-09
2.280049754021491290e-09
2.280053440632998124e-09
2.280506647895700688e-09
2.280819776973851381e-09
2.280215282022894047e-09
2.280064203117381283e-09
2.278546475484269445e-09
2.273245972391960060e-09
2.258883085101751850e-09
2.221085256614465359e-09
2.141456583042228257e-09
1.980450386793769778e-09
1.686844638401954605e-09
1.191478046057474708e-09
4.210932545853935687e-10
5.217455155694278512e-12
1.644908133620706055e-11
3.030061584848228495e-11
4.603660403028257921e-11
6.237896666968518444e-11
7.764595737756130153e-11
9.003938303237602295e-11
9.797904740069203345e-11
7.437514748918814221e-03
9.714313110545260790e-11
8.861313070999464813e-11
7.602545775721642522e-11
6.097419358268287167e-11
4.513686071243314417e-11
3.000330277844833905e-11
1.667530292820869450e-11
5.781612271953513332e-12
3.280864200760965089e-10
1.104798706945338209e-09
1.619091497540722041e-09
1.934821151195994494e-09
2.114156595667650454e-09
2.207307856822159734e-09
2.251938136643820510e-09
2.270451102418920637e-09
2.277515226713748179e-09
2.279780021350612487e-09
2.279806276540656007e-09
2.280224111645227205e-09
2.279660538764221003e-09
2.280189467252754596e-09
2.279529848413394627e-09
2.279914584367111181e-09
2.279159723235475824e-09
2.276541380070735548e-09
2.269498139440255210e-09
2.248436469114322348e-09
2.199824700688207040e-09
2.097972931752979732e-09
1.901248294888354791e-09
1.553128702264532029e-09
9.849276877817355625e-10
1.237732287101543873e-10
8.212408966762535153e-12
2.013795227924963952e-11
3.449535581276476499e-11
5.043058842910286127e-11
6.659422371696396689e-11
8.131327143707759197e-11
9.286144871066219245e-11
9.979106299959469282e-11
1.516013198741381421e-02
9.698728836753326870e-11
8.769586684127031246e-11
7.456564327656979534e-11
5.918274803742879109e-11
4.321308745284596229e-11
2.811355277294292812e-11
1.494759255898713195e-11
4.306961353738763098e-12
4.852751662733793843e-10
1.223841347276254510e-09
1.702855262133979600e-09
1.989573905592932690e-09
2.146985269154390701e-09
2.225448771504863325e-09
2.260354883993184402e-09
2.274213854314282633e-09
2.279018016842759264e-09
2.280503070911070334e-09
2.279940157461860166e-09
2.280488499068483569e-09
2.280213303709712051e-09
2.280061120383584028e-09
2.280464161367128263e-09
2.279934944170616615e-09
2.278837852337633192e-09
2.274976984200655718e-09
2.263099663891356117e-09
2.235586980487559609e-09
2.173297980267572692e-09
2.047785956916478518e-09
1.814517515541711949e-09
1.414199481073980388e-09
7.796674679753552584e-10
1.165691244009387124e-12
1.084187018105833000e-11
2.317091840116879598e-11
3.771020981814375741e-11
5.354552707548781913e-11
6.931665907185895357e-11
8.339970020036242695e-11
9.415320860094746111e-11
1.002351661653503888e-10
8.642633853059770999e-02
9.591824658028570673e-11
8.607366273946290420e-11
7.255722278922698599e-11
5.696193782935516356e-11
4.094242349666364085e-11
2.593774296493428127e-11
1.298370759772745016e-11
2.646938606098010643e-12
6.607990206777632675e-10
1.354692566715976620e-09
1.793283192678375853e-09
2.047234700271040638e-09
2.180365158447147419e-09
2.243115023312737739e-09
2.268088612270671562e-09
2.277170210237509001e-09
2.279318593416242353e-09
2.280415326553848057e-09
2.280308530334734583e-09
2.280300285698257899e-09
2.279932566495879784e-09
2.280464117320209390e-09
2.280191103464580339e-09
2.279170867351742027e-09
2.277197287801961991e-09
2.271530934043822681e-09
2.256282926150320467e-09
2.219923714675127738e-09
2.143169535673918366e-09
1.993875407595150802e-09
1.725356091627520952e-09
1.281591494255918839e-09
5.970495020538273881e-10
2.925984933494884412e-12
1.291143309275757392e-11
2.539988720908533213e-11
3.990070813973556997e-11
5.548429005665564877e-11
7.080793750532031005e-11
8.429887373807557754e-11
9.438850306127709231e-11
9.979394087336240178e-11
2.887810278928671066e-07
9.428482315748662787e-11
8.399317557375672253e-11
7.015901214534480198e-11
5.438674821173881334e-11
3.833883150443962151e-11
2.344988857296227120e-11
1.073876680538386866e-11
7.547241530563627030e-13
8.591786191490282038e-10
1.499459792458025512e-09
1.890355733502381436e-09
2.105470867882251490e-09
2.211283835157221041e-09
2.257027306396603785e-09
2.273664623819684414e-09
2.278607455650793227e-09
2.280180186643169653e-09
2.280480561350692035e-09
2.280310616634768529e-09
2.280202171549542546e-09
2.280471808328048865e-09
2.280413446383543460e-09
2.280129079260676826e-09
2.279266889622683352e-09
2.275697909596584745e-09
2.267444577380377225e-09
2.247712549567019621e-09
2.202445688549571480e-09
2.111780037704027130e-09
1.941488566338197699e-09
1.645325133798183585e-09
1.167925968131225036e-09
4.487751141375722694e-10
4.258541625239027607e-12
1.437838185638507119e-11
2.687047947445664546e-11
4.122534002184076795e-11
5.651453687663476400e-11
7.142357529559264255e-11
8.441401476523935039e-11
9.395394700019443250e-11
1.742602792052680103e-10
1.751536863917752327e-10
9.225467900944434542e-11
8.153582797612704326e-11
6.736693285180674424e-11
5.138323110892594644e-11
3.527578023995739275e-11
2.050479191098423536e-11
8.088389776465427904e-12
1.923247743673012963e-10
1.083105113034764086e-09
1.656029767755655230e-09
1.988367729086238238e-09
2.160325519313332995e-09
2.237746553786586125e-09
2.268248436462842503e-09
2.277196803113049328e-09
2.279948730673174160e-09
2.280046287881086302e-09
2.280581294055867295e-09
2.280409812613819772e-09
2.280501315155064828e-09
2.280376203514986105e-09
2.280137844080411487e-09
2.279936265117044915e-09
2.277835745177548976e-09
2.274065626368706433e-09
2.263434682360327279e-09
2.238779649857357138e-09
2.185446404368217385e-09
2.082379422623564924e-09
1.895340046089670959e-09
1.579012232719096650e-09
1.079764994609660523e-09
3.411455675698146218e-10
5.169234960968251957e-12
1.531410845078722550e-11
2.772691992978369445e-11
4.189869970893246596e-11
5.690268655766548938e-11
7.144562504648862067e-11
8.400695034806184617e-11
9.307360153352291242e-11
2.669411353995289452e-07
9.632421775266346019e-11
8.980198232235973878e-11
7.855873894352044420e-11
6.394527746250473052e-11
4.766015556545778362e-11
3.147109626082056943e-11
1.688587931232695441e-11
4.923667728440489798e-12
5.278492258719737385e-10
1.326951340169236838e-09
1.814678119392364996e-09
2.079976064324322722e-09
2.205639992618922892e-09
2.256748812477314491e-09
2.274793839897399726e-09
2.279665754951445386e-09
2.280356634515709093e-09
2.280296119580307332e-09
2.280840284053745996e-09
2.280311592359680564e-09
2.280537312982275493e-09
2.280210172753133833e-09
2.280121595838041445e-09
2.279755549324000109e-09
2.277732305850410721e-09
2.272265911764475747e-09
2.258910341183757364e-09
2.229489279871178220e-09
2.170107048195654341e-09
2.057791316506417026e-09
1.858839194839651034e-09
1.529890230532831668e-09
1.018242527569986646e-09
2.711135579926462160e-10
5.721436260902601719e-12
1.582473545594600535e-11
2.811842150014066808e-11
4.209294890893300097e-11
5.683134222727096715e-11
7.104029714819735988e-11
8.320271049455510147e-11
9.179981811412558623e-11
4.008661862703272877e-02
9.383561485724066353e-11
8.658482825109894189e-11
7.462895595065364554e-11
5.940902597731255369e-11
4.277895345525771019e-11
2.661437893156336082e-11
1.244958882073394261e-11
1.252406329634650776e-12
8.927187250844122320e-10
1.572717253944543178e-09
1.961216150100355609e-09
2.155909972429136558e-09
2.240041072585726539e-09
2.269970132900982100e-09
2.278216369755272596e-09
2.280361439363447684e-09
2.280178980920416156e-09
2.280064397777463549e-09
2.280659763924305327e-09
2.280675252134375130e-09
2.280574081962170529e-09
2.280357319914088014e-09
2.280148352023872029e-09
2.278745929603313212e-09
2.276280143370555985e-09
2.269749074611709488e-09
2.254694605667810553e-09
2.222463037295105431e-09
2.158182341789393670e-09
2.038755164022499958e-09
1.832544418667678183e-09
1.496902453502508768e-09
9.803918337514541712e-10
2.317929556281355357e-10
5.978682849776643217e-12
1.599574999925880616e-11
2.814037094075542475e-11
4.190658252645206830e-11
5.636803341948271141e-11
7.022669402568708964e-11
8.192528349126872378e-11
8.990898672379227622e-11
6.588809096458991821e-02
9.022228561132843311e-11
8.195662993620701723e-11
6.906078039852492040e-11
5.319895404065918242e-11
3.639940486420250588e-11
2.061838645713367964e-11
7.337720686736785685e-12
3.554376853189600079e-10
1.252819052071165675e-09
1.793828771660233482e-09
2.080050916272617073e-09
2.211155801038335368e-09
2.260951868684628133e-09
2.276663807088766464e-09
2.279767476114769700e-09
2.280771619838244369e-09
2.280010377318974774e-09
2.280595923880986042e-09
2.280425630314451806e-09
2.280358259296470766e-09
2.280380339805171051e-09
2.279628215711148602e-09
2.279455387117204680e-09
2.278850420411830535e-09
2.275323926499471621e-09
2.267931475104786102e-09
2.250999249141410462e-09
2.216242293557527063e-09
2.148929617514641453e-09
2.026418339385996411e-09
1.816730154439291237e-09
1.478802889341007904e-09
9.636931722424563098e-10
2.206737629072604452e-10
5.984860864410606370e-12
1.587072569292985598e-11
2.782751347799985695e-11
4.133549682365766389e-11
5.544378611812390461e-11
6.880100123083577504e-11
7.980119963785986868e-11
8.684908819703122256e-11
7.055727177300334445e-07
8.465181273239404967e-11
7.511979085087157233e-11
6.128911856296592609e-11
4.506682724026405325e-11
2.861393321921771033e-11
1.383122417261132099e-11
2.000037721230206680e-12
8.554463126523802565e-10
1.569694158294160127e-09
1.970573334774071144e-09
2.166196613328500980e-09
2.246334308393414251e-09
2.273162128175382064e-09
2.279566369866526941e-09
2.280127118665597670e-09
2.280535416866432562e-09
2.280710517089053317e-09
2.280010360722071412e-09
2.279946885954440954e-09
2.280182050034998953e-09
2.280233844489740569e-09
2.280304548288150836e-09
2.280056352302947916e-09
2.278099931079702434e-09
2.274708426668058726e-09
2.267030573905453474e-09
2.248580029382829413e-09
2.212273226973164540e-09
2.143495759531179283e-09
2.020181474001845293e-09
1.810832063396084217e-09
1.475223459607271712e-09
9.660533335757094016e-10
2.336375640281845733e-10
5.749075580148528689e-12
1.544003705811877531e-11
2.711782728767187325e-11
4.022300159871927751e-11
5.375088518583114801e-11
6.628047900798462072e-11
7.614995809854602499e-11
8.176556706113961954e-11
5.661639656516420294e-09
7.986131366500226652e-10
6.569736840240812580e-11
5.134865028776549012e-11
3.543941519457878198e-11
2.010110071370931266e-11
7.008340580331485537e-12
3.907967857073939345e-10
1.283169394903089297e-09
1.817710100756473992e-09
2.096917119186481335e-09
2.221355869550426795e-09
2.266450402500484986e-09
2.278494695642317724e-09
2.280280663017468384e-09
2.280489390497122543e-09
2.280055774466107834e-09
2.279996343642505355e-09
2.280294589271859135e-09
2.279930645780245437e-09
2.280405098794304100e-09
2.280573346949050549e-09
2.279768280533476143e-09
2.279967269432454398e-09
2.277855358359885968e-09
2.273889817150502084e-09
2.265778367465856904e-09
2.247317143049482939e-09
2.210085916884926102e-09
2.141407806605119571e-09
2.019301984838747652e-09
1.813479494217089630e-09
1.484662078857761265e-09
9.871686088366765808e-10
2.740191684732272743e-10
5.232131186995088349e-12
1.460036271510022019e-11
2.580608714338505030e-11
3.822211197931357900e-11
5.076779126225184302e-11
6.197484168162964365e-11
7.020289839949368142e-11
7.398831134885664633e-11
3.815764044505545738e-02
6.551462322615505840e-11
5.417853103529469727e-11
4.010891083069299126e-11
2.540722396436948869e-11
1.191034013092465124e-11
9.270077370194587649e-13
9.310897760550994439e-10
1.609733032047786974e-09
1.993376092565244400e-09
2.179778050916628091e-09
2.253752751905327870e-09
2.276650236421889873e-09
2.280285816025905234e-09
2.280496230114787948e-09
2.279982077861118538e-09
2.280165164040290025e-09
2.280016203627613583e-09
2.280130881314423344e-09
2.280251361068509852e-09
2.280300878587607163e-09
2.279879000763869740e-09
2.280666025256077042e-09
2.279561470326875379e-09
2.277555788274064701e-09
2.273784033293980378e-09
2.264807208783890581e-09
2.246886144204575238e-09
2.210589789150723749e-09
2.143229007891405141e-09
2.024097990052051178e-09
1.824980281621928554e-09
1.508351673589463892e-09
1.030370268965961775e-09
3.473766753021924650e-10
4.327237015964025145e-12
1.315203497337629342e-11
2.357180905188549496e-11
3.488362386351879021e-11
4.596833128796190506e-11
5.538985167305431738e-11
6.165550360028927979e-11
6.356877019546111868e-11
5.403179887158967437e-02
5.297372254683384103e-11
4.203691932429307298e-11
2.907121938103638913e-11
1.623303214024350724e-11
4.956599777970504913e-12
5.151625512829601220e-10
1.334982566283172224e-09
1.840815717763862817e-09
2.111595059258717487e-09
2.231548495176573932e-09
2.272221557434127676e-09
2.280045006820618511e-09
2.280123972559562635e-09
2.281010466948267253e-09
2.280386166814985223e-09
2.280577809244594224e-09
2.280304107901270713e-09
2.280163693780679252e-09
2.280407904791180385e-09
2.280310159684326213e-09
2.280346636846625598e-09
2.279803726310877241e-09
2.279445894055261757e-09
2.277207033912510160e-09
2.274042967159203627e-09
2.265015711039949890e-09
2.247427751101101131e-09
2.212888686644628650e-09
2.148364146296902124e-09
2.035762487966570166e-09
1.846780107771574168e-09
1.548695047824669994e-09
1.100455932243821512e-09
4.660575407677099899e-10
2.878112262858885552e-12
1.086887970112630158e-11
2.013667218420397739e-11
2.994227961918689990e-11
3.921197772472313016e-11
4.666199759991215075e-11
5.107264017048191452e-11
5.153622536418862678e-11
7.084112994278732694e-07
4.049317696182992432e-11
3.057948451830244607e-11
1.953830925649318297e-11
8.859747219941886784e-12
4.484040953433010627e-11
9.821086607171259483e-10
1.621560091390616259e-09
2.001144032536685359e-09
2.190302990971862832e-09
2.262755003470261941e-09
2.280277629813912794e-09
2.280407236467736224e-09
2.280725784155638828e-09
2.280292931226852586e-09
2.280084712204105399e-09
2.280721375106115674e-09
2.280526047601174326e-09
2.280382432136079168e-09
2.280489391861309637e-09
2.280339408527139639e-09
2.279967414998602581e-09
2.280029549192179028e-09
2.279525417650637647e-09
2.277565948548211973e-09
2.273758087916974534e-09
2.265821607978360528e-09
2.248789935056948352e-09
2.216948739327236278e-09
2.157587209717580657e-09
2.053401200100672773e-09
1.880546201561669550e-09
1.609680692960501478e-09
1.205904933658280480e-09
6.408107652926465525e-10
7.780015080129937867e-13
7.672935513232428500e-12
1.550688086372675929e-11
2.360466439178349767e-11
3.102512719901730287e-11
3.674068489407734654e-11
3.976389802390197337e-11
3.963619149031061332e-11
2.890456340653075235e-06
2.980432034149380871e-11
2.148178732120688571e-11
1.234233938998163851e-11
3.506950499384339327e-12
5.428312954844321791e-10
1.312763664917967065e-09
1.826788575207245570e-09
2.117082387816135639e-09
2.244422528182760595e-09
2.280416273553809035e-09
2.280588340968568453e-09
2.280248977372499522e-09
2.280198071081820233e-09
2.280376961653668090e-09
2.280713214589515785e-09
2.280585847058929348e-09
2.280489681725754431e-09
2.280375378336729247e-09
2.280187888418466725e-09
2.280312561955312059e-09
2.280119591524602038e-09
2.279949456724279413e-09
2.279067993745585080e-09
2.277612824617254046e-09
2.274093620524385719e-09
2.266949255422490774e-09
2.251767812557481087e-09
2.223315304411548058e-09
2.170582547784855557e-09
2.078641944825809876e-09
1.927994365379904600e-09
1.693185540034271341e-09
1.348089067653349439e-09
8.704831958944304396e-10
2.513632394541578937e-10
3.772804212005039686e-12
1.012207580805248454e-11
1.660535443833503101e-11
2.251573622406019376e-11
2.706488228093890455e-11
2.955078621853625699e-11
2.952143497915385284e-11
7.918781958863320425e-02
2.184489994375077196e-11
1.508917720740863965e-11
7.450323424434356350e-12
1.665386532286479453e-11
8.911222060714957680e-10
1.558885803117036667e-09
1.989803381644664659e-09
2.208234706800267721e-09
2.280262451565648687e-09
2.280424740545265767e-09
2.280080552884556245e-09
2.280182115269689304e-09
2.280551871529697874e-09
2.280297341189866032e-09
2.280864279740480313e-09
2.280614660679830094e-09
2.280170890684153671e-09
2.280308488379731905e-09
2.279945345745589187e-09
2.280438660179711050e-09
2.280379549332963828e-09
2.280054779857734854e-09
2.279408698456591912e-09
2.277907333761949951e-09
2.275143937976113867e-09
2.268919344195143272e-09
2.255708083728128650e-09
2.231843653576400106e-09
2.187272110544597235e-09
2.111635616184629310e-09
1.987564064587579248e-09
1.795997371858274554e-09
1.517901440606649199e-09
1.136052805796179337e-09
6.433314770642787928e-10
4.787859313912068558e-11
4.711367198956240993e-12
9.972734203092555739e-12
1.490885762711922278e-11
1.894108042781283146e-11
2.150371387713044494e-11
2.212535491015558964e-11
1.237957273403266361e-07
1.677012820183235725e-11
1.116247535114063607e-11
4.400851836225746870e-12
3.431435301470982772e-10
1.165775844111371324e-09
1.780828228569402417e-09
2.141553302995270763e-09
2.280431769573733956e-09
2.280542659075983344e-09
2.280508786750043566e-09
2.280517084211777982e-09
2.280414124187571801e-09
2.280407994161260209e-09
2.279846009251824598e-09
2.280423782262973997e-09
2.280188087259841108e-09
2.280493864232129067e-09
2.280075486476131821e-09
2.280249255342348497e-09
2.280268273899785155e-09
2.279834209241623353e-09
2.280158023534534881e-09
2.279675496539345919e-09
2.278352262326269937e-09
2.275921627510461143e-09
2.271098441421248312e-09
2.260870622929881320e-09
2.242086754440692914e-09
2.207094337158437286e-09
2.148866785099277693e-09
2.053342565229487215e-09
1.907590484740715704e-09
1.695368111571485344e-09
1.402179054197561848e-09
1.020594529525033518e-09
5.493487057208595637e-10
1.660115073456024354e-12
4.485850519054221128e-12
8.998686815829643170e-12
1.306141309952689586e-11
1.612411320913895422e-11
1.761479232932871454e-11
3.206758218358555582e-08
1.416186261713620829e-11
9.079158661840914255e-12
2.406476018942120760e-12
6.293515851672100442e-10
1.462832193168628080e-09
2.026559250632178830e-09
2.280127953432624006e-09
2.280222725450614756e-09
2.280815191693280761e-09
2.280406559786091886e-09
2.280546320573000515e-09
2.280254789972030021e-09
2.280147839276544242e-09
2.280428134929906595e-09
2.280281542510571889e-09
2.280553025149606865e-09
2.280298335771172008e-09
2.280066724382421740e-09
2.280297337316110981e-09
2.280257138601544283e-09
2.280541522951443099e-09
2.279806104426882668e-09
2.279886124587147620e-09
2.278821541496909908e-09
2.277069611285755891e-09
2.273730718681824484e-09
2.266491168379073558e-09
2.252388485588572597e-09
2.227580439271917869e-09
2.185595544687303691e-09
2.117872646875536441e-09
2.012020421328502579e-09
1.856249354224552707e-09
1.635492673462024048e-09
1.337830326956098536e-09
9.538972582044512240e-10
4.817600596966456319e-10
4.979291275482299217e-13
4.995004631855321391e-12
9.434157482380939085e-12
1.321747458506687291e-11
1.558811490733521342e-11
5.341616674193509773e-02
1.313164712424311444e-11
7.653590619961612054e-12
1.076178344624276737e-13
1.031941027533369223e-09
1.848689889149780835e-09
2.280250127924303804e-09
2.280519463445777978e-09
2.280573834842310359e-09
2.280524664673138235e-09
2.280191316090946928e-09
2.280238163090581325e-09
2.280578828756931542e-09
2.280364221657518525e-09
2.280335372668057685e-09
2.280218041944016887e-09
2.280817134736134912e-09
2.280515503560312031e-09
2.280374753868803878e-09
2.280453427252026695e-09
2.280169051937687235e-09
2.280279679058326558e-09
2.280032298711097451e-09
2.279736984773519539e-09
2.280083784135655461e-09
2.278351535142954604e-09
2.275849782669268416e-09
2.271234114341280150e-09
2.262362831046891803e-09
2.246134340488961634e-09
2.218349140653412911e-09
2.172070135565887294e-09
2.097921044191680896e-09
1.984964342935467163e-09
1.817008354919692888e-09
1.577758876200850967e-09
1.249152805614110424e-09
8.168184670669955844e-10
2.790698477015707755e-10
2.619881238179758537e-12
7.601115757959195870e-12
1.209794739604131380e-11
1.505487097701636968e-11
3.316065976563494638e-02
1.181958841440613475e-11
4.832164151566829374e-12
5.427831878549486230e-10
1.605654377320466282e-09
2.279941646557555114e-09
2.280396403720996086e-09
2.280048511651049174e-09
2.280579422499242984e-09
2.279904574466269740e-09
2.280460142372473943e-09
2.280396477469235269e-09
2.280304566786494686e-09
2.280409733358665779e-09
2.280345813054042677e-09
2.280568267040566621e-09
2.280586138673863680e-09
2.280440354115764259e-09
2.280131572192222419e-09
2.280453174627974380e-09
2.280382800775689862e-09
2.280255496864394825e-09
2.280271949784504382e-09
2.279904725548677392e-09
2.279335152950445106e-09
2.279441913563411121e-09
2.278145629712405234e-09
2.275051745964643281e-09
2.270005826140488520e-09
2.259901025362077984e-09
2.242373565326946488e-09
2.211972765242103746e-09
2.161481793658307772e-09
2.078624679808263015e-09
1.948040641974135791e-09
1.748475164862632198e-09
1.455510729086391852e-09
1.044710341239967591e-09
5.041757832239613864e-10
1.141861113790642861e-12
6.471923155433851987e-12
1.118962699089484347e-11
1.384292496436922521e-11
3.586795187994879390e-10
7.657631620900049896e-12
1.260927111836072599e-10
1.315288728653967290e-09
2.280546094299310218e-09
2.280905902624437776e-09
2.280245886048715329e-09
2.280380072332910344e-09
2.280511757700655031e-09
2.280308616317726106e-09
2.280243359269934168e-09
2.280635405495741127e-09
2.280173820725402711e-09
2.280081847562381473e-09
2.280362949269304507e-09
2.280224539885505144e-09
2.280739442543734355e-09
2.280454487717105031e-09
2.280452499323748716e-09
2.280711412195908463e-09
2.280459944026732120e-09
2.279854617779324918e-09
2.280751884706482848e-09
2.279774890057368227e-09
2.280120283762559423e-09
2.279835153043796727e-09
2.278947005348554131e-09
2.277767659767344288e-09
2.275069917101089024e-09
2.269331326572390179e-09
2.258918383194812351e-09
2.240151219008610408e-09
2.205476875896030944e-09
2.145237475388256606e-09
2.042677332947727305e-09
1.876675306955953188e-09
1.619009642493624491e-09
1.241772636685565989e-09
7.316361997919589029e-10
1.107378227780219989e-10
4.069079574586540982e-12
7.975068434541640007e-12
9.316142394303243570e-12
9.396987921836310677e-08
5.450532746116771304e-13
9.986535897806312120e-10
2.280201690969604080e-09
2.279963528902749324e-09
2.280331128532734613e-09
2.280472737597712704e-09
2.280447832391021778e-09
2.280329483313400449e-09
2.280400834539850800e-09
2.280095906923029770e-09
2.280325230281669239e-09
2.280543226632939170e-09
2.280207414149031421e-09
2.279968802885128601e-09
2.280356785830125190e-09
2.280361170515348631e-09
2.280499904155488324e-09
2.280138385137091216e-09
2.280544433194880220e-09
2.280332586144893614e-09
2.280137931263146598e-09
2.280047388727125328e-09
2.280463023007743699e-09
2.280138729941989695e-09
2.279991417256162313e-09
2.279995378433624406e-09
2.279532753990863078e-09
2.277956976656504168e-09
2.275473741858631735e-09
2.269751630285080733e-09
2.258475715504166873e-09
2.237199656486533622e-09
2.196406836167066574e-09
2.124804651381849651e-09
2.001186615705571114e-09
1.803892594836859658e-09
1.509159467642708036e-09
1.108721779944237007e-09
6.285633569281552193e-10
1.439175971498795771e-10
1.649874988822813027e-12
6.914855264810505775e-02
1.423669890876765161e-09
6.492014677028324041e-10
2.280576359530851607e-09
2.280227804421431557e-09
2.280233828722907161e-09
2.280351510709202938e-09
2.280472689829297916e-09
2.280233846358821751e-09
2.280762757742070085e-09
2.280504312498964435e-09
2.280290128186443887e-09
2.280646866629050710e-09
2.280645369210868280e-09
2.280253696761744860e-09
2.280418749903962144e-09
2.280670647224313920e-09
2.280090840898807579e-09
2.280303593981867703e-09
2.280362030755442876e-09
2.280390266390774811e-09
2.280975260347389072e-09
2.280207234352007093e-09
2.280357677588022580e-09
2.280094945643697618e-09
2.280204617684593613e-09
2.280014723751385470e-09
2.280012992424092645e-09
2.280025715770530810e-09
2.279034865809309993e-09
2.278463515671629352e-09
2.276265060633104556e-09
2.271607397288984793e-09
2.262013165193731970e-09
2.242446222349147404e-09
2.206185644293119310e-09
2.141109272881228600e-09
2.031821556195303819e-09
1.858622817496729253e-09
1.606383075452513018e-09
1.271100755714632389e-09
8.763028482419777847e-10
4.920814767753121691e-10
9.776463402902510197e-11
3.730642824470542394e-10
