#Bayesian Information Criterion from bootstrap run
3.106384930950368471e+03
1.275357305213115069e+03
1.301705413059034754e+03
7.241593112162565831e+02
3.350790673244473510e+02
2.440673048259624466e+03
2.109400102012886691e+03
3.271256269324693221e+03
5.636098539816769062e+02
3.104004839092827751e+03
9.046033784499145440e+02
1.341510507251336321e+03
3.394707828152076218e+03
3.224087497806407100e+03
1.717424251202372716e+03
2.786225048523680925e+03
4.976920294748198103e+03
1.156857901670734691e+03
6.497673503310832075e+02
1.872599698373838237e+03
3.857080611054983819e+03
3.725754913731758279e+03
7.213626457414022298e+03
3.870555304251156031e+03
4.237717518673190170e+03
2.243071771142191665e+03
7.978170773722482636e+02
1.740783332824010131e+03
3.801827396385348948e+03
6.026239625163500477e+02
2.935639102412445027e+03
1.824372046618807644e+03
1.406170126592743600e+03
7.088936505262438914e+03
4.218260695099734221e+03
3.401913166889242802e+03
2.146356540514520930e+03
2.545904788453845867e+03
4.903035256650324300e+03
2.171176813788048094e+03
3.042526421484357797e+03
3.622240364651006530e+03
1.299359985568888760e+03
1.072948446214272508e+03
1.670806682231027480e+03
5.293291237627798182e+03
1.198075587291256625e+03
3.791007615902568432e+03
