#Variance for the Conditional distribution of mass given radius from initial fitting w/o bootstrap
nan
6.329431705064542113e-01
6.329431705064604285e-01
6.329431705064716418e-01
6.329431705064876290e-01
6.329431705065089453e-01
6.329431705065354796e-01
6.329431705065680092e-01
6.329431705066064229e-01
6.329431705066513869e-01
6.329431705067029013e-01
6.329431705067618541e-01
6.329431705068279124e-01
6.329431705069018532e-01
6.329431705069838987e-01
6.329431705070744929e-01
6.329431705071738579e-01
6.329431705072825487e-01
6.329431705074004544e-01
6.329431705075285741e-01
6.329431705076667969e-01
6.329431705078155668e-01
6.329431705079749948e-01
6.329431705081456361e-01
6.329431705083279347e-01
6.329431705085215576e-01
6.329431705087272819e-01
6.329431705089447746e-01
6.329431705091747018e-01
6.329431705094170635e-01
6.329431705096714156e-01
6.329431705099382022e-01
6.329431705102176453e-01
6.329431705105091899e-01
6.329431705108126138e-01
6.329431705111280282e-01
6.329431705114549889e-01
6.329431705117932738e-01
6.329431705121421059e-01
6.329431705125017071e-01
6.329431705128708563e-01
6.329431705132491093e-01
6.329431705136360220e-01
6.329431705140303732e-01
6.329431705144321629e-01
6.329431705148395038e-01
6.329431705152523957e-01
6.329431705156693955e-01
6.329431705160896149e-01
6.329431705165122768e-01
6.329431705169359379e-01
6.329431705173600431e-01
6.329431705177832601e-01
6.329431705182045897e-01
6.329431705186231438e-01
6.329431705190378121e-01
6.329431705194473734e-01
6.329431705198513836e-01
6.329431705202486214e-01
6.329431705206383096e-01
6.329431705210200043e-01
6.329431705213924841e-01
6.329431705217555271e-01
6.329431705221081339e-01
6.329431705224500826e-01
6.329431705227807070e-01
6.329431705230998961e-01
6.329431705234067618e-01
6.329431705237018591e-01
6.329431705239841888e-01
6.329431705242543060e-01
6.329431705245118778e-01
6.329431705247565709e-01
6.329431705249888296e-01
6.329431705252087648e-01
6.329431705254161544e-01
6.329431705256115537e-01
6.329431705257948515e-01
6.329431705259666030e-01
6.329431705261268082e-01
6.329431705262756891e-01
6.329431705264139119e-01
6.329431705265414765e-01
6.329431705266590491e-01
6.329431705267665187e-01
6.329431705268647734e-01
6.329431705269535913e-01
6.329431705270339714e-01
6.329431705271058028e-01
6.329431705271697517e-01
6.329431705272258180e-01
6.329431705272743347e-01
6.329431705273164122e-01
6.329431705273517172e-01
6.329431705273808051e-01
6.329431705274038977e-01
6.329431705274212172e-01
6.329431705274333186e-01
6.329431705274404241e-01
nan
