#Upper limit for the Conditional distribution of radius given mass from initial fitting w/o bootstrap
-6.916406833213893657e-02
-6.879300573441060607e-02
-6.650214371248579226e-02
-6.058431111897795429e-02
-4.941892758644350625e-02
-3.208336676250581748e-02
-9.592700517776411168e-03
1.480655151731984955e-02
3.790914842496682230e-02
5.846364632220994728e-02
7.675743530625586675e-02
9.363800577228828526e-02
1.099722832857423643e-01
1.264317319193798139e-01
1.434055093949843929e-01
1.609741468946978005e-01
1.789524321357539305e-01
1.970087809166871096e-01
2.148157775338940534e-01
2.321593356520437745e-01
2.489717617792621407e-01
2.653067034579725814e-01
2.812907933926762638e-01
2.970749587986714069e-01
3.127940553971543247e-01
3.285366940630797261e-01
3.443268259038217982e-01
3.601197543706649018e-01
3.758145034699024722e-01
3.912800166385435041e-01
4.063872516350934272e-01
4.210371271614045674e-01
4.351773376664670456e-01
4.488066834408133698e-01
4.619700855028672226e-01
4.747485102869873352e-01
4.872472290984647958e-01
4.995841204408161818e-01
5.118785293141384640e-01
5.242406380893728235e-01
5.367613503984863810e-01
5.495032042337851808e-01
5.624935786109788172e-01
5.757219402160892452e-01
5.891428518064886211e-01
6.026851035864513317e-01
6.162655379947770129e-01
6.298042963781650405e-01
6.432378580247494204e-01
6.565272382239324411e-01
6.696605947153174698e-01
6.826509487625274097e-01
6.955306247981961620e-01
7.083438588265360547e-01
7.211388266104457045e-01
7.339599629090568511e-01
7.468412832061213091e-01
7.598013706959104718e-01
7.728406575135190471e-01
7.859414537856161953e-01
7.990708372038483054e-01
8.121859773262810611e-01
8.252410039120474661e-01
8.381942273761607831e-01
8.510145788452144755e-01
8.636863611779045380e-01
8.762118270750856031e-01
8.886113347981358102e-01
9.009210757322367868e-01
9.131882209005491857e-01
9.254634680523512458e-01
9.377909286752466045e-01
9.501959202942519278e-01
9.626725574097928506e-01
9.751748372785857821e-01
9.876165353155433868e-01
9.998838802380017876e-01
1.011860113638332948e+00
1.023454534922263015e+00
1.034626167447993739e+00
1.045395862527732866e+00
1.055847102437623919e+00
1.066119018307223110e+00
1.076393671299562760e+00
1.086873947271966401e+00
1.097740344237030818e+00
1.109069806272477976e+00
1.120719099759497350e+00
1.132250880122200432e+00
1.143046059068330234e+00
1.152587571305954350e+00
1.160653520572384023e+00
1.167287234523383788e+00
1.172677598766133533e+00
1.177080108127932956e+00
1.180806157042690652e+00
1.184282570251376177e+00
1.188242365932366429e+00
1.194300927910398435e+00
1.205732059120264488e+00
