6.033277652430115712e-01
6.033277728044652566e-01
6.033277806159246248e-01
6.033277886904556686e-01
6.033277970409579583e-01
6.033278056800932543e-01
6.033278146204467118e-01
6.033278238749444355e-01
6.033278334574767587e-01
6.033278433834917687e-01
6.033278536703287065e-01
6.033278643370559857e-01
6.033278754037937341e-01
6.033278868905760373e-01
6.033278988160170053e-01
6.033279111959707341e-01
6.033279240425082346e-01
6.033279373633204656e-01
6.033279511616335133e-01
6.033279654366361378e-01
6.033279801843033363e-01
6.033279953984963528e-01
6.033280110721737088e-01
6.033280271986090071e-01
6.033280437724727330e-01
6.033280607907244297e-01
6.033280782532624009e-01
6.033280961633631367e-01
6.033281145278827085e-01
6.033281333573021765e-01
6.033281526656314453e-01
6.033281724702564963e-01
6.033281927917095722e-01
6.033282136534813267e-01
6.033282350818036655e-01
6.033282571054848775e-01
6.033282797557566468e-01
6.033283030661482638e-01
6.033283270723616143e-01
6.033283518121537181e-01
6.033283773251958415e-01
6.033284036529490413e-01
6.033284308385110650e-01
6.033284589264771292e-01
6.033284879628305619e-01
6.033285179948981725e-01
6.033285490713720112e-01
6.033285812424941108e-01
6.033286145603741213e-01
6.033286490795246593e-01
6.033286848576433492e-01
6.033287219566341175e-01
6.033287604439109275e-01
6.033288003939820676e-01
6.033288418902799100e-01
6.033288850272370274e-01
6.033289299125520477e-01
6.033289766696169343e-01
6.033290254400486274e-01
6.033290763862683148e-01
6.033291296941213355e-01
6.033291855754834287e-01
6.033292442708287906e-01
6.033293060518395423e-01
6.033293712240006545e-01
6.033294401292990106e-01
6.033295131490873375e-01
6.033295907072094844e-01
6.033296732735418111e-01
6.033297613680419502e-01
6.033298555655420836e-01
6.033299565014250687e-01
6.033300648784053477e-01
6.033301814746891978e-01
6.033303071537808870e-01
6.033304428762940042e-01
6.033305897142866581e-01
6.033307488686678877e-01
6.033309216906307393e-01
6.033311097083505770e-01
6.033313146609802224e-01
6.033315385430677580e-01
6.033317836645993859e-01
6.033320527354473217e-01
6.033323489891849745e-01
6.033326763722399733e-01
6.033330398434820774e-01
6.033334458626287145e-01
6.033339032034280569e-01
6.033344243264536777e-01
6.033350277151157126e-01
6.033357418648286341e-01
6.033366120981336067e-01
6.033377121882740335e-01
6.033391641239986836e-01
6.033411715882448512e-01
6.033440764195548978e-01
6.033484533933605176e-01
6.033552685723849729e-01
6.033661425845084914e-01
