#Conditional distribution of radius given mass from initial fitting w/o bootstrap
-7.073784662915609533e-02
-6.606258224060479467e-02
-5.258848654461476674e-02
-3.251790741398164625e-02
-8.964313439418539545e-03
1.521726416470533388e-02
3.807029576516854363e-02
5.858504867992849613e-02
7.644683822230460835e-02
9.174549093655111343e-02
1.047586943936076459e-01
1.158219411552290912e-01
1.252621306830803694e-01
1.333694601935110913e-01
1.403895347001543892e-01
1.465249393896344010e-01
1.519405257859693104e-01
1.567695990821422747e-01
1.611197668865716193e-01
1.650779968025614386e-01
1.687147973119069999e-01
1.720875906584865556e-01
1.752433982292297965e-01
1.782209646112733747e-01
1.810524336881289276e-01
1.837646717696249654e-01
1.863803144851205740e-01
1.889185981580458751e-01
1.913960231658427824e-01
1.938268862359615874e-01
1.962237103569650087e-01
1.985975945705518164e-01
2.009585009677697931e-01
2.033154924150193943e-01
2.056769316207870957e-01
2.080506499171562163e-01
2.104440924127151669e-01
2.128644448543663414e-01
2.153187465226169550e-01
2.178139927082441418e-01
2.203572297248069800e-01
2.229556449611003188e-01
2.256166541398762493e-01
2.283479877007949244e-01
2.311577780489919576e-01
2.340546492923249733e-01
2.370478110198478428e-01
2.401471576431001009e-01
2.433633748236825600e-01
2.467080545394880475e-01
2.501938203924050086e-01
2.538344648265954961e-01
2.576451000019950310e-01
2.616423241442693004e-01
2.658444052593442741e-01
2.702714841433221937e-01
2.749457986173762802e-01
2.798919308451803811e-01
2.851370794109342466e-01
2.907113574994845129e-01
2.966481179596666129e-01
3.029843051587873259e-01
3.097608322323726626e-01
3.170229804448942423e-01
3.248208147050810068e-01
3.332096055701949111e-01
3.422502430107299820e-01
3.520096204044833588e-01
3.625609582320822311e-01
3.739840252444290858e-01
3.863651999364326461e-01
3.997972965164544035e-01
4.143790569225886955e-01
4.302141839343647800e-01
4.474097609520505392e-01
4.660738737236525542e-01
4.863122223043126469e-01
5.082234947440310568e-01
5.318932780110489089e-01
5.573863213949195039e-01
5.847370622278823538e-01
6.139384948052586388e-01
6.449297304091581307e-01
6.775829684239838002e-01
7.116910616280092139e-01
7.469573603310331045e-01
7.829899562097998311e-01
8.193026611983827978e-01
8.553248639737812686e-01
8.904216471760144636e-01
9.239241733002819812e-01
9.551685007316333964e-01
9.835390464702723490e-01
1.008511406363096219e+00
1.029688707720851859e+00
1.046826403071366096e+00
1.059842322712047924e+00
1.068811395880211235e+00
1.073947016429017243e+00
1.075572916408201518e+00
