#Weights for Beta densities from initial fitting w/o bootstrap
2.804925535258335698e-02
0.000000000000000000e+00
3.931156093738615714e-12
5.250970896890572647e-12
5.705285308061871412e-12
5.977637788257022427e-12
0.000000000000000000e+00
3.690361373522618293e-13
2.463871678787954303e-12
3.633910582384949906e-12
4.917888216902514863e-12
5.766874729606143472e-12
1.260504803172920714e-12
5.548558846492297469e-01
0.000000000000000000e+00
0.000000000000000000e+00
2.224883438020543863e-12
4.982021867922322876e-12
3.432833482705261331e-12
0.000000000000000000e+00
2.874600176214544556e-01
0.000000000000000000e+00
0.000000000000000000e+00
3.343583122842491186e-12
4.512079429941221517e-12
1.658803044705633219e-13
0.000000000000000000e+00
0.000000000000000000e+00
0.000000000000000000e+00
3.569695994825932903e-13
5.369548526143041057e-12
3.497059402718079649e-12
2.985910193787310023e-13
0.000000000000000000e+00
0.000000000000000000e+00
1.296348423537950767e-01
