#Marginalized mass distribution from initial fitting w/o bootstrap
7.962979558184858665e-12
1.115353882756121850e-02
2.082534322812984798e-02
2.942222980866090673e-02
3.729228753957427450e-02
4.472992754178229530e-02
5.198068060457589762e-02
5.924574618717393104e-02
6.668629697529133982e-02
7.442754337527771047e-02
8.256256262426281411e-02
9.115589747531178955e-02
1.002469296818497418e-01
1.098530337555549546e-01
1.199725167065415626e-01
1.305873496939707612e-01
1.416656977192196076e-01
1.531642536824226464e-01
1.650303832965674122e-01
1.772040875113802538e-01
1.896197892419751452e-01
2.022079513246675675e-01
2.148965327344592724e-01
2.276122901954991673e-01
2.402819323973115206e-01
2.528331340957377105e-01
2.651954174284017474e-01
2.773009078100458491e-01
2.890849717932951202e-01
3.004867442853408344e-01
3.114495525006019672e-01
3.219212440037285128e-01
3.318544261562544895e-01
3.412066242238829816e-01
3.499403653296971894e-01
3.580231953516422316e-01
3.654276357603037373e-01
3.721310872754247656e-01
3.781156870866692610e-01
3.833681262359130981e-01
3.878794335947865490e-01
3.916447326923360173e-01
3.946629774534957669e-01
3.969366726995532946e-01
3.984715850370076362e-01
3.992764495210797682e-01
3.993626772247073076e-01
3.987440685731062362e-01
3.974365370179110957e-01
3.954578473235357272e-01
3.928273724216951868e-01
3.895658724580253751e-01
3.856952993074148073e-01
3.812386294720265800e-01
3.762197278980330961e-01
3.706632448538302871e-01
3.645945476039081368e-01
3.580396881886639959e-01
3.510254081812413940e-01
3.435791808379454748e-01
3.357292905889520118e-01
3.275049493308835324e-01
3.189364484823395962e-01
3.100553452477138872e-01
3.008946810035101338e-01
2.914892291749809350e-01
2.818757694091711952e-01
2.720933842734249986e-01
2.621837741160534252e-01
2.521915851181915635e-01
2.421647449429023824e-01
2.321547997492742765e-01
2.222172456856644218e-01
2.124118473073003388e-01
2.028029346792243059e-01
1.934596702260049095e-01
1.844562756747766818e-01
1.758722087079798435e-01
1.677922781966834642e-01
1.603066861245587560e-01
1.535109835364418251e-01
1.475059270539926803e-01
1.423972216941938596e-01
1.382951349043706757e-01
1.353139658900265607e-01
1.335713534590896867e-01
1.331874047381609860e-01
1.342836262330162067e-01
1.369816378069845242e-01
1.414016492368653510e-01
1.476606780767725224e-01
1.558704866157188951e-01
1.661352147548489089e-01
1.785486846550142226e-01
1.931913520148647312e-01
2.101268778337805898e-01
2.293982934928154582e-01
2.510237309503548508e-01
2.749916887973979374e-01
3.012558038502883839e-01
