#Akaike Information Criterion from bootstrap run
8.661214203954144978e+03
1.075138689046342915e+04
9.747731940112440498e+03
1.266563669228402432e+04
1.405539286076324061e+04
1.094195466694773677e+04
9.183212976604609139e+03
9.428370404645480448e+03
9.190342969383837044e+03
7.724129493013169849e+03
1.063511936385332410e+04
8.553018087425622070e+03
8.697415617537391881e+03
1.015344053511624224e+04
1.066179403200827437e+04
1.181581852270447052e+04
1.222415046937206716e+04
1.128843656887515681e+04
1.279986734302027799e+04
7.354401626432416379e+03
1.088635946996136772e+04
1.070651809516916182e+04
1.101036629579824148e+04
1.225935722128556517e+04
8.226563576301001376e+03
9.171570324995369447e+03
9.154571121498447610e+03
1.122604340245634739e+04
8.748672846523328190e+03
8.090485056935671309e+03
1.329762095548614889e+04
1.001035987995463984e+04
8.575001461028243284e+03
8.566244668137358531e+03
1.030142942185530410e+04
1.103363336857592731e+04
9.436985193436132249e+03
1.007546755693817613e+04
8.492120643961723545e+03
1.237559019819065907e+04
1.151580935441037218e+04
9.515415592542223749e+03
1.022794661773866756e+04
8.878711079229971801e+03
1.284924814494806560e+04
1.209047065366097559e+04
8.251196508388111397e+03
9.045901216130438115e+03
1.432275977150189101e+04
1.328061792757953299e+04
9.995630711078079912e+03
1.010311329898523036e+04
8.931125879359762621e+03
8.512630049425000834e+03
1.306381979466959274e+04
1.154116484371922161e+04
9.286192304600994248e+03
1.082260353624893651e+04
1.087390769889184230e+04
1.231952798717868427e+04
1.187381028796309693e+04
1.264463597625207512e+04
8.186500437245091234e+03
1.055076358782490570e+04
1.093072591007585288e+04
1.271213947368427034e+04
8.333872439418388240e+03
1.102278911908703958e+04
9.388133957784793893e+03
1.060129865601951497e+04
1.022501397050145897e+04
9.357700973161210641e+03
9.324446302305725112e+03
6.884111301506129166e+03
9.043872954276630480e+03
9.484683544120460283e+03
1.156383823746345297e+04
1.002311436820066956e+04
1.507479589969197150e+04
8.639628030888250578e+03
9.096294246239020140e+03
9.638205194165902867e+03
9.763771565127834037e+03
1.023222480185375025e+04
1.054311008933305493e+04
8.945638969941257528e+03
1.003754643734659658e+04
1.007278080325025439e+04
7.603847229842473098e+03
1.004056148692834540e+04
1.069386792452859663e+04
9.410249040599504951e+03
9.044430859708660137e+03
9.575289971140315174e+03
1.134509214104385137e+04
1.214194912015700720e+04
1.116540447673608287e+04
8.398972973999603710e+03
1.296689906982424691e+04
1.287669084032143110e+04
