#Bayesian Information Criterion from bootstrap run
2.090260661982613328e+03
2.115720409471338826e+03
2.121890927190689126e+03
2.067137889682268451e+03
2.109818984215953606e+03
2.115781784251831596e+03
2.098358881728461711e+03
2.104058154692030712e+03
2.107892203613562742e+03
2.124293729070360769e+03
2.120634411564630682e+03
2.080882000375509506e+03
2.128699767085955955e+03
2.146238738889594970e+03
2.056834018801090679e+03
2.046633647345777490e+03
2.167331887264970192e+03
2.129796796846266716e+03
2.109187879964212243e+03
2.103656967761790838e+03
2.027299167250588880e+03
2.088312763315905158e+03
2.140233116637476087e+03
2.099601951186100450e+03
2.104277422072285390e+03
2.165977511570585193e+03
2.144794428772509946e+03
2.088363168225370828e+03
2.086299822749902432e+03
2.120044244475951018e+03
2.134776980953005477e+03
2.112815295413255171e+03
2.132024809993549297e+03
2.084070942824446774e+03
2.105206005457240735e+03
2.062221931293590387e+03
2.102035599363707206e+03
2.173265722033609109e+03
2.085650059778487503e+03
2.159727040789955481e+03
2.091727369968793482e+03
2.137525335106154671e+03
2.112976337452666939e+03
2.109018728677621311e+03
2.126922572899419720e+03
2.114832792865621741e+03
2.110411298686235568e+03
2.143623297126298894e+03
2.138465020870974968e+03
2.083897870430905641e+03
