#Variance for the Conditional distribution of Radius given Mass from initial fitting w/o bootstrap
nan
8.882212416142667641e-03
7.490559791228051760e-03
7.443180263377801968e-03
7.437409634942864639e-03
7.436254228601107442e-03
7.436167907129748525e-03
7.436659959365648533e-03
7.437807117437798474e-03
7.439909237598783288e-03
7.443446217282990475e-03
7.449100203024090761e-03
7.457800590068415676e-03
7.470782156295453606e-03
7.489653125291630999e-03
7.516470375656470262e-03
7.553817148748211661e-03
7.604875078321638761e-03
7.673477166241288693e-03
7.764121542783941621e-03
7.881918147044298523e-03
8.032433663890978931e-03
8.221397708723487963e-03
8.454240835291349995e-03
8.735458903563099106e-03
9.067843069494327737e-03
9.451677108138255637e-03
9.884067787044306316e-03
1.035860941097704879e-02
1.086555655759390525e-02
1.139257357808876915e-02
1.192596909298709006e-02
1.245217116536880692e-02
1.295912485890781188e-02
1.343733302836491728e-02
1.388038950224536848e-02
1.428500718634331292e-02
1.465065950013994325e-02
1.497900245967741760e-02
1.527323357634702283e-02
1.553749897900177750e-02
1.577640845954534146e-02
1.599467608316968228e-02
1.619687724339055265e-02
1.638730015464352763e-02
1.656986654170246667e-02
1.674809845396798419e-02
1.692511257217879303e-02
1.710362821236361894e-02
1.728597956411215275e-02
1.747412623188059413e-02
1.766965889902924122e-02
1.787379904890299201e-02
1.808739331489177607e-02
1.831090431191244663e-02
1.854440078382881690e-02
1.878755058079410734e-02
1.903962030253041060e-02
1.929948532630050562e-02
1.956565330575418468e-02
1.983630304614634673e-02
2.010933897665851192e-02
2.038245939114951416e-02
2.065323444223521321e-02
2.091918782731266857e-02
2.117787445960360448e-02
2.142694533752449726e-02
2.166419031082721797e-02
2.188754928474147959e-02
2.209508219295313117e-02
2.228488724245173899e-02
2.245495487276042215e-02
2.260294109853024438e-02
2.272583845251334791e-02
2.281951701564409116e-02
2.287810668335458347e-02
2.289320679835512434e-02
2.285296702922620660e-02
2.274123464027787145e-02
2.253728440081594064e-02
2.221719084634038097e-02
2.175850065404856884e-02
2.114971482341645309e-02
2.040356793311323344e-02
1.956739058204545051e-02
1.871932159297752876e-02
1.794529839606296903e-02
1.730873801291309827e-02
1.683346206082395741e-02
1.650792576739917167e-02
1.630142469719326331e-02
1.617943824064480701e-02
1.611236149843480250e-02
1.607830497444130008e-02
1.606262670867049380e-02
1.605629880613495750e-02
1.605419336859819149e-02
1.605368238576133574e-02
1.605361452894871546e-02
nan
