#Variance for the Conditional distribution of Mass given Radius from initial fitting w/o bootstrap
nan
1.633955744473815086e-01
1.638722257710974739e-01
1.651493096737098598e-01
1.674646258651159569e-01
1.707576246261564568e-01
1.746607327692915046e-01
1.786727292446572413e-01
1.823757833268296602e-01
1.855419544833949996e-01
1.881147865153045273e-01
1.901398835491564521e-01
1.917033812706941953e-01
1.928956071987117660e-01
1.937951271216668270e-01
1.944643230952874113e-01
1.949501345414630937e-01
1.952865449611849435e-01
1.954972981776758600e-01
1.955983052590243298e-01
1.955996370722459521e-01
1.955071609634472796e-01
1.953239213137809571e-01
1.950513523912952296e-01
1.946903781246885901e-01
1.942424105578297311e-01
1.937102154875518234e-01
1.930985794908934572e-01
1.924146978336092328e-01
1.916682163326578203e-01
1.908709037335775682e-01
1.900359951543512116e-01
1.891773121702010896e-01
1.883083086563975272e-01
1.874411980748656725e-01
1.865862862287467339e-01
1.857515764897209321e-01
1.849426520780097505e-01
1.841627899243611088e-01
1.834132323629107386e-01
1.826935364742025558e-01
1.820019301594339167e-01
1.813356208285772098e-01
1.806910199673667783e-01
1.800638604049857594e-01
1.794491908883521780e-01
1.788412343029191776e-01
1.782330920951138709e-01
1.776162688799116374e-01
1.769799785381591939e-01
1.763101770674657121e-01
1.755882494042701469e-01
1.747892605121463827e-01
1.738796723041424463e-01
1.728144422517455259e-01
1.715334855391215940e-01
1.699576515273458766e-01
1.679847189998364410e-01
1.654865627465716416e-01
1.623096803364005858e-01
1.582826297693340212e-01
1.532350929319679089e-01
1.470328433438219673e-01
1.396285129989034424e-01
1.311178802040324498e-01
1.217779702787179924e-01
1.120570712457407969e-01
1.025013200059869817e-01
9.363730762623005688e-02
8.586030721789515707e-02
7.937496034622067154e-02
7.420155994455433779e-02
7.022681075986722532e-02
6.726663837859404860e-02
6.511797154748830141e-02
6.359134433697612165e-02
6.252629186883365553e-02
6.179517151934529190e-02
6.130074529308631587e-02
6.097121404508227399e-02
6.075479919357794356e-02
6.061485715540114450e-02
6.052586757488737090e-02
6.047031445707302943e-02
6.043634543904131962e-02
6.041605744643173403e-02
6.040426376047112328e-02
6.039762028119353976e-02
6.039401439716863412e-02
6.039214296821924371e-02
6.039122484868592045e-02
6.039080813085610788e-02
6.039064352287045606e-02
6.039060392313102404e-02
6.039063779797805565e-02
6.039075494472524730e-02
6.039108390152654604e-02
6.039237322191487456e-02
6.040453636644161489e-02
nan
