#Lower limit for the Conditional distribution of mass given radius from initial fitting w/o bootstrap
-1.530740436956160133e+00
-1.530740428518632568e+00
-1.530739534108442879e+00
-1.530703163545331646e+00
-1.530196258144809196e+00
-1.526319369318240859e+00
-1.506576674927120552e+00
-1.432740287155264358e+00
-1.031429673410631409e+00
-1.917207441828120695e-01
-1.332993109533625320e-01
-1.146411853013038495e-01
-1.058157418789613391e-01
-9.875473486582667104e-02
-9.017374657494335588e-02
-7.803785167311788618e-02
-6.072310330864592182e-02
-3.706831545957715857e-02
-6.857564696768582088e-03
2.861741514824263019e-02
6.647044946932186005e-02
1.030773719935015043e-01
1.355053812973228688e-01
1.624110536763945234e-01
1.839088295639377257e-01
2.009236014241339852e-01
2.146305384659083770e-01
2.261633077742375986e-01
2.365199318696037112e-01
2.465615811521406353e-01
2.570348572219234851e-01
2.685800409414619838e-01
2.817064189585196665e-01
2.967297236424304430e-01
3.136850318517110381e-01
3.322529883765650838e-01
3.517553987430868112e-01
3.712628720805642990e-01
3.897999375412810608e-01
4.065660053642116134e-01
4.210764094399075397e-01
4.331829865273784108e-01
4.430036809411797560e-01
4.508198564043418566e-01
4.569865525658679539e-01
4.618743456172199058e-01
4.658428734262598514e-01
4.692390875525275784e-01
4.724134456441853591e-01
4.757498654424165418e-01
4.797073845842747541e-01
4.848709685158877902e-01
4.920028691509989449e-01
5.020696817396030909e-01
5.161894363370186367e-01
5.354056315532386146e-01
5.602008057811508346e-01
5.898247024906689839e-01
6.218901640737571901e-01
6.529103051623846854e-01
6.797756614259390373e-01
7.010390934246385486e-01
7.170571179904140502e-01
7.293090349945472450e-01
7.396913197085276392e-01
7.501515059032264343e-01
7.626236619444307641e-01
7.791317547063244531e-01
8.019731173603200647e-01
8.339593047332490849e-01
8.787562882743303883e-01
9.414563699656331996e-01
1.029635673888600111e+00
1.154785681626212979e+00
1.327657867730961838e+00
1.521682753454586701e+00
1.677751785438882814e+00
1.789816033531644202e+00
1.873656415824369370e+00
1.939950476770903487e+00
1.994491645149197412e+00
2.040376463866746537e+00
2.079263212371562641e+00
2.112042584338626572e+00
2.139167260261504833e+00
2.160747431107216343e+00
2.176454494475323909e+00
2.185226943013007350e+00
2.184749808591786469e+00
2.170851242680666093e+00
2.137933419850676753e+00
2.083747698453490838e+00
2.018606020613230800e+00
1.962758822939869363e+00
1.928018867712160800e+00
1.911793871192181138e+00
1.906082173101522503e+00
1.904677079390342920e+00
1.904489154497981174e+00
-8.830380372497811381e-01
