#Conditional distribution of radius given mass from initial fitting w/o bootstrap
3.786734684094260062e-01
-2.793177182797169089e-01
-2.793263648755296980e-01
-2.793275146451213997e-01
-2.793278397286857451e-01
-2.793279399716726008e-01
-2.793279380241798227e-01
-2.793278587182683181e-01
-2.793276473764326195e-01
-2.793268911236981289e-01
-2.793232142371247506e-01
-2.793046770400598455e-01
-2.792178724528284750e-01
-2.788464719484151644e-01
-2.773880549847520527e-01
-2.721339791838828237e-01
-2.552181241059400252e-01
-2.106309329439705336e-01
-1.295508120253258677e-01
-4.213079650025709083e-02
1.751942233181831218e-02
5.183849219181492496e-02
7.417138378320035919e-02
9.237596258014460493e-02
1.096538295764248327e-01
1.270906392018419651e-01
1.449352826573021280e-01
1.631178770516941157e-01
1.814562068116330751e-01
1.997431086162216873e-01
2.177864048560914645e-01
2.354274553053704033e-01
2.525483908885600703e-01
2.690726494052614881e-01
2.849615368034794649e-01
3.002087200429930935e-01
3.148340247115291590e-01
3.288774628170249015e-01
3.423940378651700311e-01
3.554495836999152503e-01
3.681176982079108484e-01
3.804777252407575694e-01
3.926137024628642003e-01
4.046142136356174479e-01
4.165731503100115196e-01
4.285914962597623390e-01
4.407804015594646296e-01
4.532660203585799352e-01
4.661968548124743594e-01
4.797546700698946398e-01
4.941703656203290107e-01
5.097463257233287859e-01
5.268862625610578609e-01
5.461313762190732612e-01
5.681957798358842071e-01
5.939814583863962660e-01
6.245309379388188642e-01
6.608492757712992605e-01
7.035244737345992538e-01
7.521615901114285796e-01
8.048712952689660582e-01
8.582856164041894331e-01
9.084226857855808301e-01
9.520395476004468449e-01
9.875822947371432070e-01
1.015203409172960924e+00
1.036115236363432723e+00
1.051863208090244806e+00
1.063858923884924979e+00
1.073197261423141313e+00
1.080648877560542953e+00
1.086724861574229983e+00
1.091754144666479132e+00
1.095949063280129643e+00
1.099452953527198851e+00
1.102371232342002072e+00
1.104789646695131689e+00
1.106783424334415455e+00
1.108420353142882675e+00
1.109759868051001463e+00
1.110849161657161188e+00
1.111716108194914732e+00
1.112357284187520445e+00
1.112717733824124533e+00
1.112659260598422017e+00
1.111924466981764503e+00
1.110147560093189156e+00
1.107049681594912238e+00
1.102898981835224390e+00
1.098737884954826383e+00
1.095671599460135592e+00
1.094041150209664970e+00
1.093605453727614751e+00
1.094169860762882474e+00
1.096045207058679916e+00
1.100450981325574729e+00
1.108999427695538165e+00
1.118525417041997594e+00
1.122257828474852337e+00
1.122532115791003982e+00
