#Variance for the Conditional distribution of Radius given Mass from initial fitting w/o bootstrap
nan
3.098187958990456133e-03
3.074697117652968464e-03
3.048905990978977888e-03
3.023856312043390806e-03
2.999540065263151846e-03
2.975926857355887505e-03
2.952986807706790666e-03
2.930691571104945044e-03
2.909014346885184770e-03
2.887929793140506414e-03
2.867413932922000148e-03
2.847444064728080291e-03
2.827998679197357614e-03
2.809057382015033109e-03
2.790600822643889492e-03
2.772610628420680949e-03
2.755069343570126523e-03
2.737960372720707816e-03
2.721267928542393019e-03
2.704976983161019172e-03
2.689073223036032943e-03
2.673543007017396226e-03
2.658373327323575695e-03
2.643551773206230440e-03
2.629066497088359405e-03
2.614906182981830817e-03
2.601060017007369995e-03
2.587517659855576111e-03
2.574269221041456529e-03
2.561305234817399298e-03
2.548616637620597022e-03
2.536194746940554842e-03
2.524031241500235105e-03
2.512118142650205267e-03
2.500447796877464449e-03
2.489012859327197590e-03
2.477806278221370787e-03
2.466821280022618492e-03
2.456051355113865724e-03
2.445490243598700056e-03
2.435131920479591955e-03
2.424970578735866338e-03
2.415000607255230088e-03
2.405216557188037414e-03
2.395613082894779578e-03
2.386184827276298642e-03
2.376926184559791187e-03
2.367830790399039209e-03
2.358890398875015254e-03
2.350092369028242666e-03
2.341413985347365421e-03
2.332809619579183022e-03
2.324182255091232583e-03
2.315324583581307959e-03
2.305823537977361257e-03
2.295048781227652501e-03
2.282843522397648688e-03
2.271398900817335215e-03
2.264302155484513874e-03
2.261594769898967079e-03
2.260924779972133848e-03
2.260831409036853906e-03
2.260843909831323356e-03
2.260860215638429375e-03
2.260868681020126655e-03
2.260872230331010917e-03
2.260873582691052142e-03
2.260874006778807507e-03
2.260873977027590825e-03
2.260873659686170323e-03
2.260873126955933229e-03
2.260872431667300571e-03
2.260871627167696483e-03
2.260870768732097837e-03
2.260869909852050892e-03
2.260869098075179474e-03
2.260868372029564352e-03
2.260867760088191344e-03
2.260867280515285651e-03
2.260866942552315108e-03
2.260866747706337648e-03
2.260866690518217956e-03
2.260866758324311162e-03
2.260866929969461078e-03
2.260867174041716540e-03
2.260867447899201840e-03
2.260867699388833477e-03
2.260867873428568358e-03
2.260867925098610735e-03
2.260867839040778433e-03
2.260867651467517690e-03
2.260867466333848445e-03
2.260867453099433145e-03
2.260867813836229482e-03
2.260868717189516187e-03
2.260870218494398249e-03
2.260872213499566259e-03
2.260874490221271953e-03
nan
