#Variance for the Conditional distribution of Mass given Radius from initial fitting w/o bootstrap
nan
9.021379909280405895e-01
8.602890870148074409e-01
8.658321817709614399e-01
8.918345962471163624e-01
9.254685695975579662e-01
9.586754568222227713e-01
9.865777388373672130e-01
1.007112318853083055e+00
1.019606210100208132e+00
1.018991711852322402e+00
9.996085555562971292e-01
9.862190073546038827e-01
9.827872179607730629e-01
9.820607436656859646e-01
9.818964586286947904e-01
9.818551017915568835e-01
9.818435327258272505e-01
9.818399692950832147e-01
9.818387727246524754e-01
9.818383387602017676e-01
9.818381701917251458e-01
9.818381005743690437e-01
9.818380701976555658e-01
9.818380562680764090e-01
9.818380495846847911e-01
9.818380462414798560e-01
9.818380445028792591e-01
9.818380435649954885e-01
9.818380430410410531e-01
9.818380427382640274e-01
9.818380425574176895e-01
9.818380424458127420e-01
9.818380423746629893e-01
9.818380423278340041e-01
9.818380422961415777e-01
9.818380422745074387e-01
9.818380422608045111e-01
9.818380422561607812e-01
9.818380422674419794e-01
9.818380423142858415e-01
9.818380424467935130e-01
9.818380427886973516e-01
9.818380436415582446e-01
9.818380457345572410e-01
9.818380508193139677e-01
9.818380630747245430e-01
9.818380923879116429e-01
9.818381618941083300e-01
9.818383248976433331e-01
9.818387015416978336e-01
9.818395543395562752e-01
9.818414329771835147e-01
9.818454264233342776e-01
9.818535532967159751e-01
9.818693013789738799e-01
9.818983400741466694e-01
9.819495472181007933e-01
9.820367048204883265e-01
9.821814118135345772e-01
9.824178866351025441e-01
9.828004624112751664e-01
9.834146611716745312e-01
9.843923089367001555e-01
9.859291019576067461e-01
9.882973642824216531e-01
9.918354746314266279e-01
9.968818561437474690e-01
1.003625788882323233e+00
1.011907791116241739e+00
1.021113651857791016e+00
1.030325953937853090e+00
1.038686983131528185e+00
1.045698061828295389e+00
1.051263916567557466e+00
1.055549893957913099e+00
1.058815560530411259e+00
1.061310859688325170e+00
1.063236034773865413e+00
1.064737978302284338e+00
1.065920411608293428e+00
1.066856196143182389e+00
1.067597468993024989e+00
1.068182807952199553e+00
1.068641892783895209e+00
1.068998388347012440e+00
1.069271679206644787e+00
1.069477909511375335e+00
1.069630623840031491e+00
1.069741188315291192e+00
1.069819094079980548e+00
1.069872197656703605e+00
1.069906925120734043e+00
1.069928451691373850e+00
1.069940860251074044e+00
1.069947303035561070e+00
1.069951207686395955e+00
1.070044565768615952e+00
1.141384197147497170e+00
nan
