#Upper limit for the Conditional distribution of Radius given Mass from initial fitting w/o bootstrap
5.203520404377511726e-09
-2.145672981729894180e-01
-2.150307380228518306e-01
-2.153031799802395396e-01
-2.154304408745439658e-01
-2.154393016494904056e-01
-2.153354019188686019e-01
-2.151022838914128654e-01
-2.146951134929074023e-01
-2.140238424470403966e-01
-2.129149133206472144e-01
-2.110226802467898011e-01
-2.076017864290299886e-01
-2.007886250743256273e-01
-1.841604020640690287e-01
-1.072925517337333795e-01
9.871949166767655763e-04
6.618440860074113752e-02
1.182145734695339012e-01
1.644438808250678341e-01
2.077867478653203370e-01
2.488740393829993458e-01
2.871392728776022141e-01
3.219390087327584360e-01
3.530135788512585582e-01
3.804488670117250892e-01
4.045466839696593708e-01
4.257169825265361696e-01
4.443983138859456394e-01
4.610080630430411497e-01
4.759186954255709145e-01
4.894514468471444224e-01
5.018793263826049067e-01
5.134340653664424270e-01
5.243141272276893305e-01
5.346925089276702847e-01
5.447238518792094641e-01
5.545509169078581824e-01
5.643105572409324866e-01
5.741394720665232709e-01
5.841800191480146509e-01
5.945863514227435198e-01
6.055310465060769198e-01
6.172121304903611660e-01
6.298597247051274106e-01
6.437401191570258918e-01
6.591521482925964959e-01
6.764065842166194775e-01
6.957765202350844058e-01
7.174168402617094875e-01
7.412881196455077815e-01
7.671648970319503436e-01
7.947765538545198405e-01
8.240034630381845027e-01
8.549896101967032758e-01
8.881031157040254476e-01
9.237245079632988576e-01
9.618082780461945092e-01
1.001263097105081545e+00
1.039729845336744507e+00
1.074531639045896103e+00
1.104036088378328007e+00
1.127956856467060121e+00
1.146824454607525690e+00
1.161471319729665108e+00
1.172753102987545759e+00
1.181425880633315773e+00
1.188104800871137456e+00
1.193264989679970522e+00
1.197261866286130738e+00
1.200356985228397955e+00
1.202742168171703430e+00
1.204559162252520688e+00
1.205914483131016901e+00
1.206890102414482024e+00
1.207550873240155642e+00
1.207949491443397472e+00
1.208129592432863220e+00
1.208127383152892920e+00
1.207972032944694796e+00
1.207684894459563285e+00
1.207277484710887583e+00
1.206748026303205767e+00
1.206076278540576530e+00
1.205216571395078429e+00
1.204089952447291223e+00
1.202579488699860866e+00
1.200540219380498375e+00
1.197847899559477902e+00
1.194516236310308566e+00
1.190868980170213476e+00
1.187627965381342632e+00
1.185715828076736811e+00
1.185811751441990802e+00
1.187972344012655945e+00
1.191531407005574250e+00
1.195363588429226409e+00
1.198466801524294523e+00
1.200422146488894448e+00
5.203520404377511726e-09
