#Lower limit for the Conditional distribution of Radius given Mass from initial fitting w/o bootstrap
5.203520404377511726e-09
-2.891156457799541335e-01
-2.891479078256665169e-01
-2.891671444545853564e-01
-2.891763016489410920e-01
-2.891772055323502122e-01
-2.891703181975773251e-01
-2.891546651619598118e-01
-2.891274854294498819e-01
-2.890833251537439641e-01
-2.890121313911170331e-01
-2.888954349412325429e-01
-2.886987189851942248e-01
-2.883559967204045171e-01
-2.877382859349126853e-01
-2.865885178203000927e-01
-2.843844216632468447e-01
-2.800260669613381936e-01
-2.709207672694067259e-01
-2.482122844040166865e-01
-1.419897553302475190e-01
-8.394662250190006170e-02
-5.903127277600979383e-02
-4.257778792474326002e-02
-2.905510345543840800e-02
-1.634572042629734573e-02
-3.567573888585235872e-03
9.593181238317765799e-03
2.315236919816865760e-02
3.696004771507780534e-02
5.078572444345341719e-02
6.438691780354867389e-02
7.756141205816154127e-02
9.017540169179559528e-02
1.021668554070905705e-01
1.135326817133786859e-01
1.243102485948388430e-01
1.345605468750291356e-01
1.443557713906688800e-01
1.537714675116829133e-01
1.628821687665072682e-01
1.717594912555845399e-01
1.804717857348979437e-01
1.890847981925407595e-01
1.976630276340084480e-01
2.062716633890010476e-01
2.149791352824758361e-01
2.238604382300279638e-01
2.330015802983763928e-01
2.425055703557182918e-01
2.525008225804467044e-01
2.631529087014971013e-01
2.746813807606615088e-01
2.873837948305019707e-01
3.016702753036629159e-01
3.181134024926191017e-01
3.375219549397663332e-01
3.610563705272503698e-01
3.904309350333896034e-01
4.283221730794714577e-01
4.792645266424239714e-01
5.510217465307675200e-01
6.479390550023799156e-01
7.423179027175117461e-01
8.108516237361385048e-01
8.583253631746332601e-01
8.917960376843625525e-01
9.160397345219755127e-01
9.341327679388208294e-01
9.480512600490991204e-01
9.590752041304553277e-01
9.680447961149669656e-01
9.755199844161296374e-01
9.818798202816566567e-01
9.873849403768737432e-01
9.922172313997661419e-01
9.965052271717002030e-01
1.000340442104861838e+00
1.003787677045282267e+00
1.006891246303351695e+00
1.009678057172944232e+00
1.012157973941202993e+00
1.014321431939923635e+00
1.016134065153409871e+00
1.017528492539480744e+00
1.018395367310805710e+00
1.018581260175051462e+00
1.017911707944611610e+00
1.016268779920375787e+00
1.013737562248521407e+00
1.010756136319531651e+00
1.008107856891539589e+00
1.006678214838991448e+00
1.007146979798022812e+00
1.009789889333586155e+00
1.014314387017188013e+00
1.019725068849412386e+00
1.024610054095738798e+00
1.027946117493500289e+00
5.203520404377511726e-09
