#Conditional distribution of mass given radius from initial fitting w/o bootstrap
nan
-1.194465148448397240e+00
-1.170438705692415482e+00
-1.107921056820142303e+00
-1.001122962689469320e+00
-8.623086286808387957e-01
-7.149766277511668822e-01
-5.800016113011357000e-01
-4.679535443802642081e-01
-3.803073376963989061e-01
-3.138459772954201310e-01
-2.640394811353730664e-01
-2.266678001546501287e-01
-1.983193425947485933e-01
-1.763901442219839577e-01
-1.589243903312057837e-01
-1.444374446186758310e-01
-1.317663157828376230e-01
-1.199548360900221794e-01
-1.081692057978405203e-01
-9.563793026636664696e-02
-8.161184054024878121e-02
-6.534230781962914458e-02
-4.607797798013242574e-02
-2.308183293489758300e-02
4.329433044825000201e-03
3.672353018683447573e-02
7.447231030752102243e-02
1.176639315490313059e-01
1.660257184982646128e-01
2.188809244167556067e-01
2.751609031618430512e-01
3.334833340631508936e-01
3.922889387054043220e-01
4.500104139862200481e-01
5.052367647252861138e-01
5.568389813721206227e-01
6.040372265589843970e-01
6.464080321617107217e-01
6.838445914981708951e-01
7.164898994392272513e-01
7.446616732087087964e-01
7.687827833063702876e-01
7.893246711968242568e-01
8.067660759289575489e-01
8.215661061568625412e-01
8.341491321822968041e-01
8.448986187034823736e-01
8.541573454738196070e-01
8.622320832110543787e-01
8.694014796439964998e-01
8.759265639816601334e-01
8.820638742504184338e-01
8.880817679078464311e-01
8.942810198466820681e-01
9.010213545178484829e-01
9.087560548966426843e-01
9.180770642054475461e-01
9.297725991945139379e-01
9.448972611879374872e-01
9.648491218784429613e-01
9.914362584584890392e-01
1.026893011439947045e+00
1.073772668745289316e+00
1.134609033823735791e+00
1.211243296441191664e+00
1.303829061615732421e+00
1.409813681948066888e+00
1.523531156105653706e+00
1.637037313596616972e+00
1.742142346676367470e+00
1.832655743856690167e+00
1.905639958703987613e+00
1.961254107092723409e+00
2.001694993322666871e+00
2.030006779415854279e+00
2.049225243892236925e+00
2.061941043261861228e+00
2.070170006607980007e+00
2.075388892588525547e+00
2.078635059848801703e+00
2.080614898217367337e+00
2.081797688771775068e+00
2.082488641429049547e+00
2.082882369265779410e+00
2.083100533157624223e+00
2.083217612924245898e+00
2.083278165026424489e+00
2.083308156689060109e+00
2.083322269821361594e+00
2.083328514247783314e+00
2.083331076526326875e+00
2.083332033394167393e+00
2.083332350057531368e+00
2.083332439332293617e+00
2.083332459486078037e+00
2.083332462765571158e+00
2.083332463077768537e+00
2.083332463071270180e+00
nan
