7.801788261225753558e+03
8.169505690908506949e+03
7.942257796519424119e+03
7.689384180708463646e+03
7.780657760462803708e+03
8.024630647035472066e+03
8.202555925308157384e+03
7.941754200303816106e+03
8.004409024606995445e+03
8.121515614732090398e+03
7.783195730038732108e+03
7.772588222679387400e+03
7.951315301346143315e+03
8.018722710336123782e+03
7.801464532363585931e+03
7.836395277606283344e+03
8.112769226322029681e+03
8.052149255425712909e+03
7.831173522260743084e+03
7.953441477837811362e+03
8.072624067901435410e+03
7.940284563850958875e+03
7.806185062086580729e+03
7.933166173743138643e+03
8.123856455920958069e+03
8.041986936784507634e+03
8.115524135285812008e+03
8.319682223640189477e+03
7.999315115457381580e+03
7.749652823906191770e+03
7.971488000081338214e+03
8.006531220808064973e+03
7.859102644490121747e+03
7.805442135441180653e+03
7.800138525393263990e+03
7.926523773535319378e+03
7.952851139782304926e+03
7.920606780336850534e+03
8.008367056111874263e+03
8.182046719925067009e+03
