2.617529754977591105e-01
1.512862644574649584e-01
8.694919551446253503e-02
4.968661918910161068e-02
2.822744575886594262e-02
1.594237321971058580e-02
8.960139247010039804e-03
5.052787276128062680e-03
2.991692907646611738e-03
2.187917773893790357e-03
2.494122441126858224e-03
4.085012028142525481e-03
7.365037591397618870e-03
1.288193407860524324e-02
2.125047956172655683e-02
3.310666762465883789e-02
4.911367648666030428e-02
7.002768483798288424e-02
9.680908953476385914e-02
1.307417427438389568e-01
1.735083520883969610e-01
2.271702676298950063e-01
2.940159784116221919e-01
3.762713840773944107e-01
4.756992915431437763e-01
5.931470680307324717e-01
7.281221532077452041e-01
8.784800039360212143e-01
1.040296522611343200e+00
1.207969451859229215e+00
1.374556077277621524e+00
1.532315142486531556e+00
1.673386638125289316e+00
1.790520277875803590e+00
1.877755796316046055e+00
1.930966481474104324e+00
1.948199441752076710e+00
1.929777534174500264e+00
1.878162860190605965e+00
1.797614316978468185e+00
1.693696846263257560e+00
1.572714441760264759e+00
1.441141478543579657e+00
1.305118426437991586e+00
1.170061107956174462e+00
1.040410992921672717e+00
9.195314954676884200e-01
8.097353409715626338e-01
7.124133462057047339e-01
6.282267391925294708e-01
5.573235440336878899e-01
4.995436552386769979e-01
4.545854297550423473e-01
4.221170484330331596e-01
4.018267284781444904e-01
3.934156276461867607e-01
3.965449704988783797e-01
4.107540433881316511e-01
4.353681602260720540e-01
4.694156895275931052e-01
5.115710894282031740e-01
5.601369904254155374e-01
6.130730535752261234e-01
6.680729841876872355e-01
7.226841522063461865e-01
7.744573901663467375e-01
8.211085716614491270e-01
8.606695939920036009e-01
8.916055498747040842e-01
9.128781413443260995e-01
9.239431948737589773e-01
9.246820127305888093e-01
9.152806200210248377e-01
8.960849485946811299e-01
8.674700159302868308e-01
8.297634934268339757e-01
7.832559689518043822e-01
7.283110943254109682e-01
6.655611533626423215e-01
5.961432291605441858e-01
5.219065235425964788e-01
4.455115676746150832e-01
3.703538959775795614e-01
3.002797114754371943e-01
2.391130917342584039e-01
1.900698548824828749e-01
1.551746226556922625e-01
1.348093759849804674e-01
1.274983977260145396e-01
1.299862620429213800e-01
1.376179899846394494e-01
1.450135487599636397e-01
1.470552892046009807e-01
1.402457747734728311e-01
1.244527767975121130e-01
1.048016276658188389e-01
9.291401586828317016e-02
1.060308019590577577e-01
1.628552992640441011e-01
2.793811728379675952e-01
