#Akaike Information Criterion from bootstrap run
7.089860475404890394e+02
7.010971602644399354e+02
6.714189174196853855e+02
7.272209700501839507e+02
7.223721750538859396e+02
7.186891697887774626e+02
7.625758381925704725e+02
6.765805349960844524e+02
6.755045889819973581e+02
7.314378406043372252e+02
7.293184777251874493e+02
6.520886453404428948e+02
6.942326433776960357e+02
7.056045301334717124e+02
6.842663739173030990e+02
6.882613947753239927e+02
6.976827033647315375e+02
7.529292818936210097e+02
7.217493684300119412e+02
7.324447563260372362e+02
6.815090052920932067e+02
7.640775609202298710e+02
6.762276629460137656e+02
7.092135059154747978e+02
7.170358002922465630e+02
7.176092859170214524e+02
7.142335316052432290e+02
7.284482535138073445e+02
6.685862126475578862e+02
7.036210852096913868e+02
6.990313686934835005e+02
7.387869938728197212e+02
7.872482399096086283e+02
7.220644358908216418e+02
7.297005466687251101e+02
6.897472289370062981e+02
7.313750996110809410e+02
7.193754307772246648e+02
7.289254804865788628e+02
7.139662914288375077e+02
6.971628431071144405e+02
6.892513452327298182e+02
6.742016299142744629e+02
7.046906324921459372e+02
7.041914839772096002e+02
7.003591092473329809e+02
6.729448740775715123e+02
6.972786225364127404e+02
7.041828776835131976e+02
6.780341339278679698e+02
