#Bayesian Information Criterion from bootstrap run
1.009389774279215203e+03
1.001500887003166099e+03
9.718226441584115491e+02
1.027624696788910114e+03
1.022775901792612103e+03
1.019092896527503626e+03
1.062979564931296636e+03
9.769842617348106160e+02
9.759083157207235217e+02
1.031841567343063389e+03
1.029722204463913613e+03
9.524923720791690585e+02
9.946363701164221993e+02
1.006008256872197876e+03
9.846701006560292626e+02
9.886651215140501563e+02
9.980864301034577011e+02
1.053333008632347173e+03
1.022153095168738105e+03
1.032848483064763514e+03
9.819127320308193703e+02
1.064481287658956035e+03
9.766313896847399292e+02
1.009617232654200961e+03
1.017439527030972727e+03
1.018013012655747616e+03
1.014637258343969393e+03
1.028851980252533394e+03
9.689899393862840498e+02
1.004024811948417550e+03
9.994350954322096641e+02
1.039190720611545885e+03
1.087651966648334792e+03
1.022468162629547805e+03
1.030104273407451274e+03
9.901509556757324617e+02
1.031778826349807105e+03
1.019779157515950828e+03
1.029329207225305026e+03
1.014370018167563671e+03
9.975665698458406041e+02
9.896550719714559818e+02
9.746053566530006265e+02
1.005094359230872101e+03
1.004595210715935764e+03
1.000762835986059144e+03
9.733486008162976759e+02
9.976823492751389040e+02
1.004586604422239361e+03
9.784378606665941334e+02
