#Variance for the Conditional distribution of mass given radius from initial fitting w/o bootstrap
1.162748244637987344e-01
1.057591767603875271e-01
1.176512188792974423e-01
1.337148287601531149e-01
1.505048956768749724e-01
1.658302231722936504e-01
1.788135373535322536e-01
1.893909042864019010e-01
1.978536125732403839e-01
2.045851238470672850e-01
2.099458394939700823e-01
2.142361922473811908e-01
2.176935352833146986e-01
2.205007768731635232e-01
2.227973948924907854e-01
2.246894348931901819e-01
2.262576003553296300e-01
2.275634773969182623e-01
2.286542159243796779e-01
2.295660204323740072e-01
2.303267543399290240e-01
2.309578965771107717e-01
2.314760300987099562e-01
2.318939943878799703e-01
2.322217972025240329e-01
2.324673525853810929e-01
2.326370903041594662e-01
2.327364647856928759e-01
2.327703783262301540e-01
2.327435235763632704e-01
2.326606440900987616e-01
2.325267092663050039e-01
2.323470012325749012e-01
2.321271155531636488e-01
2.318728839055080315e-01
2.315902334267183615e-01
2.312850025535657938e-01
2.309627355058967990e-01
2.306284764696375222e-01
2.302865802608948520e-01
2.299405497432471246e-01
2.295929028192120747e-01
2.292450646556471461e-01
2.288972747912925987e-01
2.285484942666040908e-01
2.281962947951227394e-01
2.278367098202900565e-01
2.274640254843827980e-01
2.270704875047323268e-01
2.266458972731167920e-01
2.261770669738929207e-01
2.256470993192534191e-01
2.250344533376324174e-01
2.243117551182681746e-01
2.234443145597011793e-01
2.223883214018677335e-01
2.210887252270712089e-01
2.194768691147710449e-01
2.174680664859875712e-01
2.149595133213546005e-01
2.118292427209390871e-01
2.079372692699560654e-01
2.031305956699024085e-01
1.972541984267472959e-01
1.901700962109753035e-01
1.817855081807722428e-01
1.720882350797567351e-01
1.611825876268058455e-01
1.493138280060594958e-01
1.368666871792548201e-01
1.243283030991307186e-01
1.122188905325370023e-01
1.010088912958218704e-01
9.104916553782264887e-02
8.253487137903595117e-02
7.550802934830094792e-02
6.988882798790407858e-02
6.551922535777163215e-02
6.220460683410429514e-02
5.974560899421884480e-02
5.795820863755397900e-02
5.668377313555859887e-02
5.579204603312309940e-02
5.517990429167078659e-02
5.476802219954115397e-02
5.449682152305040939e-02
5.432248843657005305e-02
5.421343328760791502e-02
5.414732608639500483e-02
5.410870960006249064e-02
5.408713066290975202e-02
5.407570866562098899e-02
5.407005902978234690e-02
5.406749761456646625e-02
5.406646335454286939e-02
5.406610795297205063e-02
5.406601182051597870e-02
5.406599421693791818e-02
5.406599272807939560e-02
nan
