#Variance for the Conditional distribution of radius given mass from initial fitting w/o bootstrap
1.256601301005332016e-02
1.485292003335887852e-02
1.485305956853575152e-02
1.485406563546046339e-02
1.485801993519081550e-02
1.486932228587034555e-02
1.489588018663342076e-02
1.495045157647767811e-02
1.505189438509392345e-02
1.522574957335974880e-02
1.550313006031269099e-02
1.591655269414557830e-02
1.649176785044636703e-02
1.723661537849529440e-02
1.813130010077453752e-02
1.912665390257201753e-02
2.015417044085145507e-02
2.114411565880225732e-02
2.204238433063258895e-02
2.281862691454929551e-02
2.346489903818934145e-02
2.398899065514299711e-02
2.440700891222249980e-02
2.473772614908567591e-02
2.499921019189986146e-02
2.520726077441920801e-02
2.537496958471065212e-02
2.551285937337478826e-02
2.562925930568995050e-02
2.573073246547679868e-02
2.582247095996438591e-02
2.590862836963634536e-02
2.599258552104692643e-02
2.607715639492344528e-02
2.616474414579421717e-02
2.625745694205322556e-02
2.635719178381190284e-02
2.646569262703564809e-02
2.658458746500897904e-02
2.671540764810136775e-02
2.685959169994902793e-02
2.701847521154441406e-02
2.719326805496290536e-02
2.738502014738888879e-02
2.759457730361968009e-02
2.782252931850760780e-02
2.806915326933795765e-02
2.833435602821931382e-02
2.861762097818305178e-02
2.891796473134816345e-02
2.923391001339293443e-02
2.956348056723845028e-02
2.990422276141474142e-02
3.025325651256364351e-02
3.060735527623422228e-02
3.096305155614069091e-02
3.131676112530835943e-02
3.166491650937141439e-02
3.200409875487807837e-02
3.233115639704331468e-02
3.264330186705962505e-02
3.293817805483205408e-02
3.321389085755280246e-02
3.346900668758245184e-02
3.370251651499940604e-02
3.391376965824409451e-02
3.410238098093543169e-02
3.426811435109149151e-02
3.441074323288383779e-02
3.452988621114993356e-02
3.462481117148857174e-02
3.469419680996600752e-02
3.473583419528800120e-02
3.474624459747185229e-02
3.472018392905801970e-02
3.465000220931947761e-02
3.452483631457271135e-02
3.432965281848542050e-02
3.404425769986191286e-02
3.364260584545916005e-02
3.309314340214850741e-02
3.236151466648999608e-02
3.141752105554850710e-02
3.024787120190793044e-02
2.887341120505591135e-02
2.736331927229490590e-02
2.583300904758980068e-02
2.441690854090658794e-02
2.322576976504001772e-02
2.231419248520335671e-02
2.167668599773834789e-02
2.126744573575461289e-02
2.102603380818720766e-02
2.089587858708908188e-02
2.083273591136539440e-02
2.080602813887337185e-02
2.079675440997731314e-02
2.079441390382538724e-02
2.079409189806548722e-02
2.079408211751361882e-02
