1.667298517083040133e+04
1.639498683064220313e+04
1.683613724942571571e+04
1.653226646373621770e+04
1.660063343965587410e+04
1.655985692849572661e+04
1.648844744665600956e+04
1.661250192943331058e+04
1.658589800728276532e+04
1.660554584969224015e+04
1.641875731301419728e+04
1.645555439369962187e+04
1.636015732260754339e+04
1.679481766061059534e+04
1.650932407587698981e+04
1.630754241475935305e+04
1.654286993152444848e+04
1.696540543444513969e+04
1.645930730227362437e+04
1.704163795309057969e+04
1.660655245359737819e+04
1.651725361689170313e+04
1.652960177111256780e+04
1.644413601882445801e+04
1.658560127401530917e+04
1.664155613131975770e+04
1.630063637781504258e+04
1.640561652090679854e+04
1.661518650414453441e+04
1.645563973908379921e+04
1.678170215047181409e+04
1.643774272455691971e+04
1.652544512074441081e+04
1.652487469748886724e+04
1.660531455339226886e+04
1.667326225663686637e+04
1.683952601586360470e+04
1.653292890239618282e+04
1.656231795373683417e+04
1.669938048806325241e+04
1.682259944130688382e+04
1.671447031116696235e+04
1.673008803558994259e+04
1.639827424572286691e+04
1.624549718070244489e+04
1.667405577278333658e+04
1.648794519342627973e+04
1.642071306932196967e+04
1.657120051487309684e+04
1.644347973386531157e+04
1.636540565886508739e+04
1.688295719370848019e+04
1.634973725285312685e+04
1.629119631436769487e+04
1.649301707038456516e+04
1.658895614846603348e+04
1.661068640645490086e+04
1.652518031832222550e+04
1.654080415600141350e+04
1.685248928788050398e+04
1.645366019371533912e+04
1.642800781733981785e+04
1.637681994830076110e+04
1.659187484496563047e+04
1.647131814025195854e+04
1.666084389813669986e+04
1.641725449897998988e+04
1.643015449506427831e+04
1.638141225789868986e+04
1.656532916913702138e+04
1.660442611996641426e+04
1.651006951098267018e+04
1.656795339353972668e+04
1.661047062600545178e+04
1.640894387266266131e+04
1.646936131636577920e+04
1.655761105982247318e+04
1.643294627254945590e+04
1.650834955220912889e+04
1.642307728734134798e+04
1.637611125999465730e+04
1.648978281378714382e+04
1.643983819120335829e+04
1.634185025654425226e+04
1.674044055771771309e+04
1.664870505241843057e+04
1.656372690443867396e+04
1.692858930981804588e+04
1.641477062411025690e+04
1.664931228621287300e+04
1.644540618043773065e+04
1.641676098647339677e+04
1.679071875007920244e+04
1.642821783835033784e+04
1.657546491054369471e+04
1.642931581556329547e+04
1.637627081955847461e+04
1.637669938777060815e+04
1.652030245146510424e+04
1.648014973191992976e+04
