1.173223995976379191e-01
1.176558323060486327e-01
1.200861612033127523e-01
1.268503410514493779e-01
1.398340599729463729e-01
1.597214306153425245e-01
1.853577335529265346e-01
2.140062336510640817e-01
2.424852439934589710e-01
2.683431181129602994e-01
2.903443899822067409e-01
3.082863250629381269e-01
3.225651333982289537e-01
3.338052381339112751e-01
3.426412473323103280e-01
3.496229456717773187e-01
3.551907550754180298e-01
3.596830554694204207e-01
3.633541069704283588e-01
3.663928881825434525e-01
3.689392846348600874e-01
3.710968420041788618e-01
3.729423767308259752e-01
3.745330452418671463e-01
3.759114740497825902e-01
3.771094539455245864e-01
3.781505869616789139e-01
3.790521744507009960e-01
3.798265555003448868e-01
3.804820456103392701e-01
3.810235823139820344e-01
3.814531533884470971e-01
3.817700612439327013e-01
3.819710615637839646e-01
3.820504035100442675e-01
3.819997915750801276e-01
3.818082846262830232e-01
3.814621453462859191e-01
3.809446528419321298e-01
3.802358925884196661e-01
3.793125411308711503e-01
3.781476682090664232e-01
3.767105863496054696e-01
3.749667875624728142e-01
3.728780184604370551e-01
3.704025583619941497e-01
3.674957785412359956e-01
3.641110725455802277e-01
3.602012538571375266e-01
3.557205129704823499e-01
3.506270045135796987e-01
3.448860888312608730e-01
3.384741748294731734e-01
3.313829990336947806e-01
3.236240349107762926e-01
3.152325740426014100e-01
3.062708891284887103e-01
2.968298231659504682e-01
2.870281977604496881e-01
2.770096303454478437e-01
2.669366942341946936e-01
2.569827965074407139e-01
2.473225896235229093e-01
2.381220548204812659e-01
2.295295008036174478e-01
2.216685722754439813e-01
2.146339999689868827e-01
2.084903503028796012e-01
2.032735746707116931e-01
1.989948198904676613e-01
1.956457959813600322e-01
1.932050041994110290e-01
1.916442681736660880e-01
1.909352320704199857e-01
1.910557494366957876e-01
1.919963666444670647e-01
1.937674215478582262e-01
1.964076924122883927e-01
1.999961781618335432e-01
2.046697440405849111e-01
2.106516206511670763e-01
2.183004754462213592e-01
2.282004530412250487e-01
2.413388317023260066e-01
2.594898193340765546e-01
2.861495889612172272e-01
3.292349887053531710e-01
4.112020616677556362e-01
6.304995405577726864e-01
3.241212779010612444e+00
-5.344723677915285132e-01
-1.538198759285076267e-01
-4.266618314148280106e-02
1.081151171733893586e-02
4.254987336327663294e-02
6.377505184842030550e-02
7.912643392152941824e-02
9.086981831599315329e-02
1.002435492134320788e-01
1.079818965775448530e-01
