-6.525904310613064863e-02
-6.434398613402035616e-02
-5.653020163327643344e-02
-2.860277978955984984e-02
5.341071960648301198e-02
2.287748270959478192e-01
3.784433256258381562e-01
4.684148246770660773e-01
5.235578188719642867e-01
5.589012894810779786e-01
5.825785466738090390e-01
5.991357060139964608e-01
6.111958085483484293e-01
6.203186006156400367e-01
6.274603127163501659e-01
6.332257981901990851e-01
6.380100391683540817e-01
6.420794913891546551e-01
6.456200388546813329e-01
6.487660140237239137e-01
6.516182427166047342e-01
6.542555900802802249e-01
6.567425828145295741e-01
6.591346250881281454e-01
6.614817258761350738e-01
6.638313097823171915e-01
6.662304820191211618e-01
6.687280012451185529e-01
6.713761485708208410e-01
6.742326495559286537e-01
6.773627998234428294e-01
6.808419616055361168e-01
6.847586411198947065e-01
6.892184345503132858e-01
6.943492626058296313e-01
7.003085358203261501e-01
7.072932717080279152e-01
7.155548476125360713e-01
7.254212676363370749e-01
7.373320410626601484e-01
7.518949838542647868e-01
7.699821872791324795e-01
7.928954990425146621e-01
8.226374428023170982e-01
8.621832203107244741e-01
9.144891202353313542e-01
9.760300659670413381e-01
1.033005450762870314e+00
1.077777233497389409e+00
1.111946918188005728e+00
1.138508164070709539e+00
1.159622840505901253e+00
1.176702459150080982e+00
1.190682314233154848e+00
1.202204429179024814e+00
1.211725051326126401e+00
1.219577813444696401e+00
1.226011820945021924e+00
1.231215251955330103e+00
1.235330260567208072e+00
1.238462416798383092e+00
1.240686529658669324e+00
1.242049918994340363e+00
1.242573742529724523e+00
1.242252703323472263e+00
1.241053289866118403e+00
1.238910608898630805e+00
1.235723861607747276e+00
1.231350612530364597e+00
1.225600247446672730e+00
1.218227440735542677e+00
1.208927010118049150e+00
1.197332008974726580e+00
1.183016810938165575e+00
1.165505591661789575e+00
1.144283436342089511e+00
1.118802174017093254e+00
1.088465865494769869e+00
1.052569535475645246e+00
1.010139949288783701e+00
9.595552793035176942e-01
8.975587769938653260e-01
8.159935506519668813e-01
6.828465527172496996e-01
1.356952917996033348e+00
1.355665473064993520e+00
1.354605882738477041e+00
1.353742738203051799e+00
1.353047903245923278e+00
1.352496364299659470e+00
1.352065967415897019e+00
1.351737116521736226e+00
1.351492474153808132e+00
1.351316685172684107e+00
1.351196131732607997e+00
1.351118720971965281e+00
1.351073703399221060e+00
1.351051518412826447e+00
1.351043662958787195e+00
1.351042579478226813e+00
