1.393348039695355145e-02
1.397922388739270862e-02
1.436058960631752569e-02
1.554730732034968754e-02
1.797631120774138141e-02
2.171151572255098153e-02
2.625264470826751614e-02
3.080750642946227663e-02
3.476618540195451634e-02
3.789818185482848878e-02
4.024831020143312260e-02
4.197057688529036434e-02
4.322681649962500927e-02
4.414926868226960038e-02
4.483551510527625933e-02
4.535439767943270917e-02
4.575362599394225405e-02
4.606613755924585801e-02
4.631474756817113153e-02
4.651536440334121808e-02
4.667916202000704784e-02
4.681403624555795923e-02
4.692558117937346840e-02
4.701774641616041084e-02
4.709328170955497106e-02
4.715403915108506289e-02
4.720117890031247376e-02
4.723530885275746549e-02
4.725657847260947286e-02
4.726474041914366375e-02
4.725918931250804034e-02
4.723898422078049580e-02
4.720285970202144771e-02
4.714922918463738261e-02
4.707618391682198006e-02
4.698149053483651610e-02
4.686259040779921364e-02
4.671660425275336176e-02
4.654034602147125860e-02
4.633035067080130270e-02
4.608292104382152865e-02
4.579419956756767413e-02
4.546027061502174588e-02
4.507729892193922117e-02
4.464170807847823302e-02
4.415040050240371522e-02
4.360101617617859887e-02
4.299222170414892380e-02
4.232401415843620174e-02
4.159801645724831021e-02
4.081773395638928215e-02
3.998873734949327102e-02
3.911873690685990779e-02
3.821751925988042808e-02
3.729673105608442146e-02
3.636951290954888727e-02
3.545000929913821874e-02
3.455280109559478313e-02
3.369232252808838229e-02
3.288233002314910197e-02
3.213548520660576557e-02
3.146310005091380174e-02
3.087507265225601302e-02
3.038002255421404230e-02
2.998561973652157792e-02
2.969909489842731745e-02
2.952792248202463707e-02
2.948068302307366856e-02
2.956813916982892546e-02
2.980460343341068130e-02
3.020974351456563733e-02
3.081108023361602347e-02
3.164761926963739064e-02
3.277539471702164281e-02
3.427634806094202735e-02
3.627328000160327803e-02
3.895647092906260461e-02
4.263429536008821880e-02
4.783761695439214812e-02
5.555905569651772152e-02
6.788625353951986685e-02
9.007241567302637364e-02
1.401654470686423681e-01
3.484076030390401701e-01
-6.166731878368326702e-01
-1.601214408840492820e-01
-9.189968719470061054e-02
-6.495483126413818808e-02
-5.089258134723843169e-02
-4.252118118333445690e-02
-3.717213930581677456e-02
-3.362456563363080964e-02
-3.123763642109456465e-02
-2.963917931591467450e-02
-2.859451716367359536e-02
-2.794451441506352191e-02
-2.757370816910657829e-02
-2.739287507034577143e-02
-2.732914175705666512e-02
-2.732036335743143890e-02
