-1.725020504879425653e-01
-1.718449980650462172e-01
-1.661593205585855937e-01
-1.479176272174759499e-01
-1.096628792965718552e-01
-4.961737575918834936e-02
2.477044959859247067e-02
1.007924856982752165e-01
1.681901340430740910e-01
2.227018352834461701e-01
2.646409736383036337e-01
2.962650413932311766e-01
3.200914292206020750e-01
3.382357358827691729e-01
3.522907528195852733e-01
3.634003491841868438e-01
3.723717752731736663e-01
3.797738363573329168e-01
3.860104223984763827e-01
3.913722652382335410e-01
3.960724598292416632e-01
4.002706669155269847e-01
4.040896513272248525e-01
4.076266884535095780e-01
4.109615422848308386e-01
4.141621476256485690e-01
4.172887480731999887e-01
4.203969899439518598e-01
4.235403064834517561e-01
4.267718164181528162e-01
4.301458863593982662e-01
4.337194547546514567e-01
4.375531774634242588e-01
4.417124259467711811e-01
4.462681446817313158e-01
4.512975521592981210e-01
4.568846479992724197e-01
4.631204663694753476e-01
4.701029928486276654e-01
4.779366388544245559e-01
4.867311466666611186e-01
4.965997822701568865e-01
5.076566678131061439e-01
5.200131173150210895e-01
5.337728767086754589e-01
5.490262410900687007e-01
5.658431352095175670e-01
5.842653998639920632e-01
6.042987199746961968e-01
6.259048395888342498e-01
6.489948991006579959e-01
6.734248511107591151e-01
6.989939082767662182e-01
7.254468032379824960e-01
7.524802796648119019e-01
7.797537126001555796e-01
8.069031549472767129e-01
8.335575442195449769e-01
8.593554077732741270e-01
8.839602733889754260e-01
9.070731585452628254e-01
9.284409320505816465e-01
9.478599086483024960e-01
9.651746149687971954e-01
9.802721291432783257e-01
9.930726620674480420e-01
1.003517080338923728e+00
1.011551871817438997e+00
1.017111639831558723e+00
1.020098576502511012e+00
1.020357444981401462e+00
1.017643213297502625e+00
1.011576225587936806e+00
1.001575816022904242e+00
9.867557244894971102e-01
9.657493751005014060e-01
9.363998305268372846e-01
8.951709708066093452e-01
8.359333634217097631e-01
7.471815727312844935e-01
6.046689328488104032e-01
3.473252904211265313e-01
-2.347399411895406129e-01
-2.656363770997066442e+00
8.568946300895852630e+00
3.259042486141154882e+00
2.465778074053448954e+00
2.152558452384109700e+00
1.989136735577650805e+00
1.891873017449101857e+00
1.829736490230363000e+00
1.788532336410251222e+00
1.760811539986166130e+00
1.742248960598117957e+00
1.730117994635200329e+00
1.722570120543511552e+00
1.718264344409265343e+00
1.716164533400826642e+00
1.715424471387465344e+00
1.715322537909738321e+00
