-2.704022233583487922e-01
-2.704021927805572711e-01
-2.704021360126914186e-01
-2.704019969857560657e-01
-2.704002335460836126e-01
-2.703681467564777452e-01
-2.699916310228752669e-01
-2.669402706783490786e-01
-2.491661010123844278e-01
-1.846727473422597465e-01
-8.181542213122168505e-02
-1.712777371481713148e-02
7.500785482513178115e-03
1.805354997702275990e-02
2.594628287113080051e-02
3.504052458340063680e-02
4.691965691765220825e-02
6.241647501487247035e-02
8.190320561700666080e-02
1.052534141285787206e-01
1.317927337785441411e-01
1.603757380701906210e-01
1.896118052658256059e-01
2.181605478416193955e-01
2.449760090293334469e-01
2.694207517530166074e-01
2.912495752569300711e-01
3.105152914019422283e-01
3.274551483254800610e-01
3.423950222739759464e-01
3.556843202787835501e-01
3.676595077674699175e-01
3.786285398323340767e-01
3.888683342781579233e-01
3.986293313005909722e-01
4.081432692638995441e-01
4.176318856515415234e-01
4.273152360075894718e-01
4.374188296094782546e-01
4.481789638034113787e-01
4.598456426916546214e-01
4.726824271622760976e-01
4.869626322874394675e-01
5.029616337415397931e-01
5.209458158070902067e-01
5.411599022079399690e-01
5.638157275060924345e-01
5.890860231838707106e-01
6.171049596634801127e-01
6.479712993455074566e-01
6.817397434066395645e-01
7.183753238386727524e-01
7.576460502329933622e-01
7.989585119531124047e-01
8.412075752534055040e-01
8.827769247750575365e-01
9.218001859820218469e-01
9.566242170793760602e-01
9.862338298283213067e-01
1.010407323013222447e+00
1.029575184622917972e+00
1.044532577887762992e+00
1.056171414966092792e+00
1.065310487513581483e+00
1.072622023480190645e+00
1.078620798229455779e+00
1.083683075393018225e+00
1.088074513151547684e+00
1.091976832309674794e+00
1.095509631646225168e+00
1.098747023075665075e+00
1.101730087490846888e+00
1.104476471979099372e+00
1.106988261649679117e+00
1.109258801924563054e+00
1.111278575361925647e+00
1.113039720869568372e+00
1.114538485298393056e+00
1.115774863417477558e+00
1.116748744727914966e+00
1.117451688876116345e+00
1.117852633266104068e+00
1.117874479570662549e+00
1.117358654671361640e+00
1.116025394981500218e+00
1.113483524647497891e+00
1.109440439027131520e+00
1.104219400965518849e+00
1.099046700385363895e+00
1.095228300502483210e+00
1.093118483876160285e+00
1.092310866211458231e+00
1.092358512655127623e+00
1.093158388584354102e+00
1.095148435134162712e+00
1.099601098007074507e+00
1.107984275654028794e+00
1.116998145289359812e+00
1.120440441259740849e+00
1.120691436541253472e+00
