-1.984011914408801702e-01
-1.055393232999998904e-01
-4.217870346625459538e-03
9.248867772660940290e-02
1.778552186178808114e-01
2.499171305867714521e-01
3.093157632977422411e-01
3.577515129557547469e-01
3.971414408822016018e-01
4.292477229732947763e-01
4.555562582583785880e-01
4.772686887789344135e-01
4.953371863702337730e-01
5.105096805439605090e-01
5.233724977782822085e-01
5.343862350642810677e-01
5.439143945140755276e-01
5.522456472246651815e-01
5.596109239580102646e-01
5.661964670248321729e-01
5.721537917197632162e-01
5.776073060236021073e-01
5.826601626850861360e-01
5.873987773333022577e-01
5.918963378504779049e-01
5.962155483447567628e-01
6.004107899034002438e-01
6.045298348637266894e-01
6.086152176182371143e-01
6.127053399201330963e-01
6.168353699955990699e-01
6.210379808164152582e-01
6.253439624052172796e-01
6.297827351312726973e-01
6.343827849439954703e-01
6.391720368976927524e-01
6.441781797853571856e-01
6.494289519558253954e-01
6.549523962393060117e-01
6.607770902024854287e-01
6.669323565836351442e-01
6.734484576343240381e-01
6.803567761507174350e-01
6.876899851615146941e-01
6.954822075090583144e-01
7.037691658803664208e-01
7.125883231864793554e-01
7.219790125262026681e-01
7.319825552815210079e-01
7.426423651562606976e-01
7.540040351683269249e-01
7.661154037221166169e-01
7.790265949065967588e-01
7.927900270737460175e-01
8.074603825431616588e-01
8.230945299485139532e-01
8.397513892948397229e-01
8.574917282475659208e-01
8.763778765543501770e-01
8.964733438579581826e-01
9.178423245659103058e-01
9.405490720048932385e-01
9.646571229473895892e-01
9.902283529420992103e-01
1.017321842947311650e+00
1.045992538851864939e+00
1.076289687922241889e+00
1.108255040437361005e+00
1.141920811200564101e+00
1.177307404693519910e+00
1.214420919763653517e+00
1.253250465216000586e+00
1.293765336622674900e+00
1.335912126880952622e+00
1.379611867936533676e+00
1.424757327490173919e+00
1.471210610623820747e+00
1.518801239615148235e+00
1.567324902588556057e+00
1.616543069402642363e+00
1.666183667444347760e+00
1.715942987249231333e+00
1.765488945522946551e+00
1.814465770325688121e+00
1.862500091415931092e+00
1.909208322428850524e+00
1.954205118069819225e+00
1.997112588771497332e+00
2.037569868763523306e+00
2.075242572690106257e+00
2.109831650374370593e+00
2.141081165004011577e+00
2.168784577841693206e+00
2.192789217960144033e+00
2.212998738814453414e+00
2.229373501382946987e+00
2.241928961243284668e+00
2.250732260140357432e+00
2.255897319968573456e+00
2.257578801447789107e+00
