4.589701133722290383e-01
4.908718509008293540e-01
5.256780042309080470e-01
5.588934826653281229e-01
5.882041527367729561e-01
6.129318401100528613e-01
6.332943359698389729e-01
6.498738243582908858e-01
6.633272883911157658e-01
6.742587007172956559e-01
6.831772048738867786e-01
6.904942993791484129e-01
6.965357418686375368e-01
7.015570574017476746e-01
7.057581675859481152e-01
7.092957010689059372e-01
7.122928201800042824e-01
7.148468604129837312e-01
7.170351932387809546e-01
7.189197014121310181e-01
7.205501922406684079e-01
7.219670058278611080e-01
7.232030153880624201e-01
7.242851685169074960e-01
7.252356810743277871e-01
7.260729672158050541e-01
7.268123681020689508e-01
7.274667262080489749e-01
7.280468405681612687e-01
7.285618296895730595e-01
7.290194224553230296e-01
7.294261925473115582e-01
7.297877483212034111e-01
7.301088873508941868e-01
7.303937228020495054e-01
7.306457872256540975e-01
7.308681181608477351e-01
7.310633290109905813e-01
7.312336679407898110e-01
7.313810669853727520e-01
7.315071831270379965e-01
7.316134327539236537e-01
7.317010206457637000e-01
7.317709644191604523e-01
7.318241151961295543e-01
7.318611751256713926e-01
7.318827122816180530e-01
7.318891733754326889e-01
7.318808946557340267e-01
7.318581113137710981e-01
7.318209656733115631e-01
7.317695144124232165e-01
7.317037350418774677e-01
7.316235318491380868e-01
7.315287415071136667e-01
7.314191385422121883e-01
7.312944408560031473e-01
7.311543154982139692e-01
7.309983848951163710e-01
7.308262337456830071e-01
7.306374168071412267e-01
7.304314678003460681e-01
7.302079096720315299e-01
7.299662664532696743e-01
7.297060769487326848e-01
7.294269104762971523e-01
7.291283848473479878e-01
7.288101867304422887e-01
7.284720944700743273e-01
7.281140033333206585e-01
7.277359530258166176e-01
7.273381571515112887e-01
7.269210340867796605e-01
7.264852385007259938e-01
7.260316924863278176e-01
7.255616149837780249e-01
7.250765478972271971e-01
7.245783770558038572e-01
7.240693459832624468e-01
7.235520603570906317e-01
7.230294810987100140e-01
7.225049042793187937e-01
7.219819264785529711e-01
7.214643949047983007e-01
7.209563424604795712e-01
7.204619089659523024e-01
7.199852508627587744e-01
7.195304427946596082e-01
7.191013753903326977e-01
7.187016542223370053e-01
7.183345051903072820e-01
7.180026914087666023e-01
7.177084460613998296e-01
7.174534246630988044e-01
7.172386788518236855e-01
7.170646523567364428e-01
7.169311983164008417e-01
7.168376158026908973e-01
7.167827023641057949e-01
7.167648187134034732e-01
