4.758481494493052022e-01
6.470813977782584603e-01
8.258337625898115597e-01
9.798563039588797929e-01
1.099926725059026333e+00
1.190036906442286879e+00
1.257272449591022800e+00
1.307873002075996105e+00
1.346507262496180246e+00
1.376495197927017022e+00
1.400170284504389961e+00
1.419179679989095666e+00
1.434699081872323534e+00
1.447579491616768355e+00
1.458446230852189274e+00
1.467765881557883123e+00
1.475891933908203058e+00
1.483096279663427053e+00
1.489591223416050658e+00
1.495545073824798177e+00
1.501093336116172239e+00
1.506346853672876351e+00
1.511397807872421728e+00
1.516324196908511723e+00
1.521193222606491702e+00
1.526063885343196924e+00
1.530988999512423065e+00
1.536016781669339082e+00
1.541192121539808779e+00
1.546557616589326223e+00
1.552154429895010290e+00
1.558023016025296359e+00
1.564203748721671117e+00
1.570737476167911595e+00
1.577666023668428119e+00
1.585032659029157909e+00
1.592882532397363438e+00
1.601263099434038217e+00
1.610224534195106250e+00
1.619820135754033386e+00
1.630106730191707598e+00
1.641145066886774417e+00
1.653000204814363716e+00
1.665741880516272255e+00
1.679444844197117703e+00
1.694189143602413017e+00
1.710060326499396322e+00
1.727149521052301795e+00
1.745553338712751756e+00
1.765373525777766073e+00
1.786716267320559881e+00
1.809691021060927163e+00
1.834408730400095111e+00
1.860979238793149637e+00
1.889507708575279832e+00
1.920089847626706980e+00
1.952805784018801116e+00
1.987712524995530750e+00
2.024835117956873987e+00
2.064156917081496623e+00
2.105609746811110128e+00
2.149065194098697340e+00
2.194328640966642041e+00
2.241137790614706748e+00
2.289167153055271520e+00
2.338039136653558003e+00
2.387341137878000286e+00
2.436646672804586355e+00
2.485537624806558377e+00
2.533624471505521392e+00
2.580561971222867790e+00
2.626058962726667279e+00
2.669882211048472342e+00
2.711855223005579241e+00
2.751853473165933650e+00
2.789797551502720907e+00
2.825645517096708748e+00
2.859385386781249316e+00
2.891028330099095989e+00
2.920602850006984941e+00
2.948150022972216622e+00
2.973719745233443401e+00
2.997367865630023775e+00
3.019154059956284719e+00
3.039140301115488718e+00
3.057389791847942906e+00
3.073966245051967583e+00
3.088933416298963230e+00
3.102354811786602440e+00
3.114293511646385237e+00
3.124812062892234010e+00
3.133972408427388334e+00
3.141835828579531587e+00
3.148462879837588879e+00
3.153913322018732313e+00
3.158246030182739972e+00
3.161518891395099118e+00
3.163788689074011007e+00
3.165110979294834426e+00
3.165539964228655023e+00
