-8.351768002870800789e-01
-8.138054515835948521e-01
-7.840078493763507073e-01
-7.467955521717171141e-01
-7.041736110249056102e-01
-6.589538782317687637e-01
-6.141067745200635697e-01
-5.720213383690397890e-01
-5.341235155074879337e-01
-5.009377904807874593e-01
-4.723726344873062089e-01
-4.480104187034491536e-01
-4.273107449824997683e-01
-4.097256540640201172e-01
-3.947539400783733887e-01
-3.819605109051437131e-01
-3.709781288442698943e-01
-3.615014288577940715e-01
-3.532783328203056850e-01
-3.461012816244570245e-01
-3.397992984089742152e-01
-3.342312047344938586e-01
-3.292799958537825367e-01
-3.248482536867788317e-01
-3.208544384199885635e-01
-3.172299020245463175e-01
-3.139164850261867423e-01
-3.108645801001961306e-01
-3.080315674884562815e-01
-3.053805459509669196e-01
-3.028792985279278316e-01
-3.004994449809640922e-01
-2.982157428090462803e-01
-2.960055066442111027e-01
-2.938481220378940106e-01
-2.917246345031073718e-01
-2.896173984689728309e-01
-2.875097737620126437e-01
-2.853858595335875825e-01
-2.832302573452825101e-01
-2.810278565123143224e-01
-2.787636358724403518e-01
-2.764224769580245766e-01
-2.739889841500551260e-01
-2.714473078211636636e-01
-2.687809667565288496e-01
-2.659726662957712096e-01
-2.630041086779038584e-01
-2.598557920020558298e-01
-2.565067940411228098e-01
-2.529345368621948587e-01
-2.491145278044755995e-01
-2.450200718521441667e-01
-2.406219497515041106e-01
-2.358880554153541809e-01
-2.307829851238973884e-01
-2.252675697987052694e-01
-2.192983401273000954e-01
-2.128269125139971851e-01
-2.057992816763755395e-01
-1.981550031442845528e-01
-1.898262458901827932e-01
-1.807366918148246293e-01
-1.708002547770886281e-01
-1.599195874227093417e-01
-1.479843393840281351e-01
-1.348691259837736800e-01
-1.204311632837647694e-01
-1.045075248980996685e-01
-8.691198156189336443e-02
-6.743140154634592875e-02
-4.582172828079375537e-02
-2.180362750871117986e-02
4.941962221392082882e-03
3.477788929054118072e-02
6.811353669553660284e-02
1.054046099392065006e-01
1.471471648826736534e-01
1.938613706857101326e-01
2.460582860044097653e-01
3.041807851874666624e-01
3.685095725572741787e-01
4.390309535387588169e-01
5.152802572819074056e-01
5.962053490930738775e-01
6.801249285430803759e-01
7.648515635546028202e-01
8.479816357303278096e-01
9.272555172440726245e-01
1.000847442852183633e+00
1.067497654791499828e+00
1.126493284071988121e+00
1.177561223539869140e+00
1.220737515438871545e+00
1.256251912378515856e+00
1.284441265816020250e+00
1.305691057006505895e+00
1.320399054912868353e+00
1.328954561200879958e+00
1.331727958372416420e+00
