1.436412094926998485e-02
3.923181304852914331e-02
6.258366519884560331e-02
8.447470836653436788e-02
1.049589825289351519e-01
1.240895366744124567e-01
1.419184288023553620e-01
1.584967259231778447e-01
1.738745040583183910e-01
1.881008482402405924e-01
2.012238525124321609e-01
2.132906199294063720e-01
2.243472625567002054e-01
2.344389014708763708e-01
2.436096667595216425e-01
2.519026975212476649e-01
2.593601418656907298e-01
2.660231569135122487e-01
2.719319087963979475e-01
2.771255726570584499e-01
2.816423326492289436e-01
2.855193819376696251e-01
2.887929226981651443e-01
2.914981661175251038e-01
2.936693323935834488e-01
2.953396507351995770e-01
2.965413593622563404e-01
2.973057055056630427e-01
2.976629454073522196e-01
2.976423443202817487e-01
2.972721765084343493e-01
2.965797252468171386e-01
2.955912828214621313e-01
2.943321505294260731e-01
2.928266386787904407e-01
2.910980665886613306e-01
2.891687625891699032e-01
2.870600640214712729e-01
2.847923172377460621e-01
2.823848776011994577e-01
2.798561094860610443e-01
2.772233862775853597e-01
2.745030903720517279e-01
2.717106131767639821e-01
2.688603551100508526e-01
2.659657256012658011e-01
2.630391430907869088e-01
2.600920350300170436e-01
2.571348378813837487e-01
2.541769971183392429e-01
2.512269672253607533e-01
2.482922116979499882e-01
2.453792030426332760e-01
2.424934227769618700e-01
2.396393614295118657e-01
2.368205185398835899e-01
2.340394026587026832e-01
2.312975313476190176e-01
2.285954311793076121e-01
2.259326377374678285e-01
2.233076956168240923e-01
2.207181584231251992e-01
2.181605887731452309e-01
2.156305582946822230e-01
2.131226476265593306e-01
2.106304464186247727e-01
2.081465533317508609e-01
2.056625760378350820e-01
2.031691312197993760e-01
2.006558445715906636e-01
1.981113507981802635e-01
1.955232936155645307e-01
1.928783257507644400e-01
1.901621089418255028e-01
1.873593139378184058e-01
1.844536204988379280e-01
1.814277173960039957e-01
1.782633024114614329e-01
1.749410823383793223e-01
1.714407729809517278e-01
1.677410991543973329e-01
1.638197946849596631e-01
1.596536024099068363e-01
1.552182741775318675e-01
1.504885708471523365e-01
1.454382622891104981e-01
1.400401273847736716e-01
1.342659540265335461e-01
1.280865391178066248e-01
1.214716885730340451e-01
1.143902173176820913e-01
1.068099492882413071e-01
9.869771743222713334e-02
9.001936370817958943e-02
8.073973908566371704e-02
7.082270354526908063e-02
6.023112607861000334e-02
4.892688468832553927e-02
3.687086638807912653e-02
2.402296720255984661e-02
