2.086068773432514789e-01
7.572812394923591484e-01
8.037125149267965174e-01
8.205989771837979285e-01
8.295449653182671579e-01
8.352721848663823279e-01
8.394237545012037671e-01
8.427257327520328856e-01
8.455516888746080761e-01
8.481160935941098877e-01
8.505531740057122869e-01
8.529532885850810153e-01
8.553813398341665319e-01
8.578868016742319247e-01
8.605095162669190723e-01
8.632832180972650482e-01
8.662377718610186905e-01
8.694006494334994839e-01
8.727979385697945958e-01
8.764550523516770886e-01
8.803972395168614407e-01
8.846499554719059466e-01
8.892391289624566042e-01
8.941913429085869280e-01
8.995339359803771195e-01
9.052950217332573768e-01
9.115034130868483464e-01
9.181884306383405470e-01
9.253795631259791321e-01
9.331059370229660699e-01
9.413955400628474246e-01
9.502741316109939440e-01
9.597637641053191615e-01
9.698808394114287745e-01
9.806336408377466229e-01
9.920193286130916110e-01
1.004020480103979152e+00
1.016601410352302670e+00
1.029704724839719754e+00
1.043248803339836162e+00
1.057127107729301851e+00
1.071210210571204913e+00
1.085351112088746905e+00
1.099393706798275305e+00
1.113183343021758365e+00
1.126577662479888886e+00
1.139455707256309402e+00
1.151723778090315342e+00
1.163317487094741143e+00
1.174200420126708888e+00
1.184360440554710348e+00
1.193804818593962702e+00
1.202555176941591197e+00
1.210642902543843658e+00
1.218105344067232698e+00
1.224982871834368048e+00
1.231316733596092838e+00
1.237147574765506075e+00
1.242514477360604497e+00
1.247454384087501644e+00
1.252001796884230744e+00
1.256188663829466146e+00
1.260044390338383780e+00
1.263595928526182854e+00
1.266867912459521017e+00
1.269882817276254183e+00
1.272661127550587246e+00
1.275221505496696883e+00
1.277580953213321990e+00
1.279754965625423457e+00
1.281757672415721361e+00
1.283601968306658625e+00
1.285299631729833081e+00
1.286861432330790089e+00
1.288297227989987803e+00
1.289616052156392634e+00
1.290826192330189581e+00
1.291935260523733531e+00
1.292950256494199701e+00
1.293877624490074707e+00
1.294723304194996372e+00
1.295492776491925513e+00
1.296191104611627898e+00
1.296822971174219630e+00
1.297392711582566971e+00
1.297904344182895242e+00
1.298361597572508019e+00
1.298767935409403940e+00
1.299126579068100362e+00
1.299440528498713388e+00
1.299712581699912883e+00
1.299945353348792798e+00
1.300141293428319855e+00
1.300302707365905697e+00
1.300431780799202297e+00
1.300530616239228499e+00
1.300601301009947530e+00
1.300646067299769948e+00
1.300667783941022115e+00
1.300672135059615986e+00
