#Lower limit for the Conditional distribution of radius given mass from initial fitting w/o bootstrap
9.721778848983394149e-09
-2.321805705173322354e-01
-2.321797554609957570e-01
-2.321738776914969438e-01
-2.321507680270547824e-01
-2.320846492950418560e-01
-2.319288961850735631e-01
-2.316071135993082175e-01
-2.310026181289137059e-01
-2.299469307002904861e-01
-2.282088480593017776e-01
-2.254872165219515556e-01
-2.214130191037460282e-01
-2.155711207350778924e-01
-2.075624750960347320e-01
-1.971448543517154983e-01
-1.844827333203326869e-01
-1.704003831066908392e-01
-1.562856582566016506e-01
-1.434857062211826184e-01
-1.327443176027706118e-01
-1.241677402820283577e-01
-1.175018062234096244e-01
-1.123793316795475700e-01
-1.084468795312347467e-01
-1.054084894393825522e-01
-1.030308514456651087e-01
-1.011347616619184819e-01
-9.958362999054427844e-02
-9.827293353719904201e-02
-9.712164479894296043e-02
-9.606561087794349141e-02
-9.505254653119994679e-02
-9.403826666418524383e-02
-9.298383549050980024e-02
-9.185337883209841736e-02
-9.061236870322232628e-02
-8.922623809269483730e-02
-8.765923318917928642e-02
-8.587338658221382870e-02
-8.382763654893476968e-02
-8.147694660455177817e-02
-7.877146074236146545e-02
-7.565563067868240343e-02
-7.206728625799342647e-02
-6.793661555696157983e-02
-6.318502391083391512e-02
-5.772385639237530286e-02
-5.145301589209443777e-02
-4.425960098459982145e-02
-3.601693570347616613e-02
-2.658486940671247675e-02
-1.581307941320765284e-02
-3.550981182753411725e-03
1.032971937505542358e-02
2.589103587693892400e-02
4.305685653366980031e-02
6.152449779586775108e-02
8.071153460220424625e-02
9.981908799042096825e-02
1.180308021629546539e-01
1.347325071594441814e-01
1.496111958502570616e-01
1.626169595272876911e-01
1.738674867647912181e-01
1.835626675528071461e-01
1.919305640326510742e-01
1.992002194578143814e-01
2.055914829580739178e-01
2.113143179849954756e-01
2.165733477553096198e-01
2.215756134571975622e-01
2.265409401131270317e-01
2.317151306624350982e-01
2.373867795728771268e-01
2.439090171185664124e-01
2.517280659453240421e-01
2.614217729206861351e-01
2.737536468009360013e-01
2.897546291864897539e-01
3.108619791109749064e-01
3.391928553998698748e-01
3.781795972322280486e-01
4.343539229191707984e-01
5.237093297201370623e-01
6.799191972375436821e-01
7.948644012866956654e-01
8.432309484924032095e-01
8.682772505429673382e-01
8.825382284604905703e-01
8.908727779900688093e-01
8.957006867430629127e-01
8.984061787409693967e-01
8.998401742569617223e-01
9.005402452247901479e-01
9.008435432865256054e-01
9.009533317331293034e-01
9.009829847504140510e-01
9.009876023349828733e-01
9.721778848983394149e-09
