#Upper limit for the Conditional distribution of radius given mass from initial fitting w/o bootstrap
-8.112941198107422036e-02
-8.111807605761055251e-02
-8.094042198440271063e-02
-8.013171433087072637e-02
-7.783749270045271784e-02
-7.272710980813104631e-02
-6.290170208169799937e-02
-4.591503329137877620e-02
-1.939116456772243396e-02
1.689621351869423360e-02
5.863456094270343838e-02
9.901256463412595743e-02
1.335594756231310021e-01
1.611829203162433166e-01
1.825746973361523640e-01
1.989439531583435672e-01
2.114741030643096098e-01
2.211553545179725522e-01
2.287641511326249377e-01
2.348915049738739269e-01
2.399821653855399584e-01
2.443709530602216073e-01
2.483123574447990423e-01
2.520032479386544177e-01
2.555997844251506890e-01
2.592298278889534346e-01
2.630019981237983751e-01
2.670122752902536756e-01
2.713487983526661762e-01
2.760953057022513812e-01
2.813334917329562979e-01
2.871444081680832316e-01
2.936089100058550394e-01
3.008070267438025525e-01
3.088160332748590697e-01
3.177069219170688963e-01
3.275389847380629771e-01
3.383523840665653704e-01
3.501590190679689241e-01
3.629327479508797083e-01
3.766009959587003353e-01
3.910405660896394964e-01
4.060803971352952013e-01
4.215125338852642178e-01
4.371099234192863947e-01
4.526470945272845214e-01
4.679188369858123808e-01
4.827531880877395931e-01
4.970174538894602256e-01
5.106182003861496899e-01
5.234972740913815814e-01
5.356259624681286580e-01
5.469988651879761354e-01
5.576283885313714217e-01
5.675402520933938710e-01
5.767700724237265764e-01
5.853609289326505705e-01
5.933617656503654691e-01
6.008264896603068284e-01
6.078136620096727949e-01
6.143867230570642102e-01
6.206147453413398685e-01
6.265737634495400776e-01
6.323487972356905962e-01
6.380367722133282182e-01
6.437506662462896267e-01
6.496254044856104581e-01
6.558263382722883117e-01
6.625616793117639070e-01
6.701012182633991898e-01
6.788054559945891908e-01
6.891728430078349898e-01
7.019203266924283202e-01
7.181291838782229986e-01
7.395274232501958256e-01
7.690681316992243888e-01
8.120342545027301462e-01
8.760331856117867799e-01
9.556294686082406065e-01
1.022523205286220094e+00
1.070015213106260354e+00
1.104297767578612532e+00
1.129927463705138857e+00
1.149518715080362741e+00
1.164643462441731225e+00
1.176325735566600583e+00
1.185287345448756469e+00
1.192073824415597061e+00
1.197120656171516639e+00
1.200787968822989882e+00
1.203378300544540203e+00
1.205145750914110137e+00
1.206301323784451318e+00
1.207017008412072157e+00
1.207429693206602206e+00
1.207645187260845798e+00
1.207742262802015354e+00
1.207776540907110618e+00
1.207784075399883417e+00
1.207784556222652128e+00
