#Variance for the Conditional distribution of radius given mass from initial fitting w/o bootstrap
1.194164156904519401e-02
1.338789738892774868e-02
1.338809542173495688e-02
1.338952326933632100e-02
1.339513388529261009e-02
1.341115774045952870e-02
1.344873766418969857e-02
1.352564275271854986e-02
1.366749412903114046e-02
1.390731937494056776e-02
1.428161763672179327e-02
1.482128379708345760e-02
1.553805196079018243e-02
1.641185196793052900e-02
1.738810825514738173e-02
1.839043087658703141e-02
1.934332830398266881e-02
2.019192884220551154e-02
2.090953670198314115e-02
2.149371561615468634e-02
2.195727658865637491e-02
2.231974786109463746e-02
2.260165241235292249e-02
2.282155766825128690e-02
2.299501103860638468e-02
2.313449736827828673e-02
2.324983856132833634e-02
2.334871734635200410e-02
2.343717785612613874e-02
2.352004893604621796e-02
2.360128047349301095e-02
2.368420094888770699e-02
2.377170948772023423e-02
2.386641523997620751e-02
2.397073449778211809e-02
2.408695319133414073e-02
2.421725993785921183e-02
2.436375290248803810e-02
2.452842244973176683e-02
2.471311096288083056e-02
2.491945132422664078e-02
2.514878640894168196e-02
2.540207353271704480e-02
2.567977999564536110e-02
2.598177842108256169e-02
2.630725305233781036e-02
2.665462992214699331e-02
2.702154414057511903e-02
2.740485582565510558e-02
2.780072210372624628e-02
2.820472633440349736e-02
2.861205810441841413e-02
2.901772996578538127e-02
2.941681097697291386e-02
2.980465421863252168e-02
3.017709630056365777e-02
3.053061124184203515e-02
3.086240793347544073e-02
3.117046812599812838e-02
3.145352894347547973e-02
3.171101912327434907e-02
3.194296094266677738e-02
3.214985014776953337e-02
3.233252460367536107e-02
3.249202947715276735e-02
3.262948314983114134e-02
3.274594416351595677e-02
3.284227549542783481e-02
3.291899827097729408e-02
3.297612234147853649e-02
3.301293550790318498e-02
3.302772600923858937e-02
3.301740382300007159e-02
3.297697569841512993e-02
3.289881918937923727e-02
3.277170025678501769e-02
3.257950758639015926e-02
3.229977996880849939e-02
3.190236905074186197e-02
3.134914480832347999e-02
3.059662171901854355e-02
2.960450062090386539e-02
2.835299904102133589e-02
2.686744670809027707e-02
2.523797710624227711e-02
2.361272016488951200e-02
2.215348521612068092e-02
2.097637808664519835e-02
2.011874052991140596e-02
1.954924095962935759e-02
1.920170763441774245e-02
1.900600114937662025e-02
1.890454654907948104e-02
1.885665348409457098e-02
1.883651721132250170e-02
1.882926769149990270e-02
1.882718385198836955e-02
1.882676609729334871e-02
1.882672311349850580e-02
1.882672221816938940e-02
