#Variance for the Conditional distribution of mass given radius from initial fitting w/o bootstrap
nan
9.627578337580443291e-02
1.092799632166157192e-01
1.262093504802511146e-01
1.431663375379156333e-01
1.580245459943400710e-01
1.701748409012676932e-01
1.797910767376258712e-01
1.873096194490870281e-01
1.931831857469155922e-01
1.977958798620786107e-01
2.014488183622737683e-01
2.043702088720930898e-01
2.067307937088141701e-01
2.086580435092115215e-01
2.102474539370776663e-01
2.115710232863174389e-01
2.126834528111520572e-01
2.136266362537560526e-01
2.144329050040423290e-01
2.151273809617936517e-01
2.157296931085987413e-01
2.162552411856522028e-01
2.167161374077973823e-01
2.171219198394174765e-01
2.174801044078062129e-01
2.177966230365420142e-01
2.180761805841865408e-01
2.183225516575403868e-01
2.185388292320235293e-01
2.187276302583246457e-01
2.188912592602122176e-01
2.190318294424187240e-01
2.191513417332358604e-01
2.192517246727017088e-01
2.193348409676007249e-01
2.194024687342069069e-01
2.194562661950505145e-01
2.194977277184559372e-01
2.195281369282222617e-01
2.195485197682241763e-01
2.195595974734469991e-01
2.195617367643507012e-01
2.195548923713321610e-01
2.195385351094739645e-01
2.195115569130114408e-01
2.194721421856411225e-01
2.194175921871817370e-01
2.193440856197340638e-01
2.192463537655887085e-01
2.191172421548294724e-01
2.189471225655117703e-01
2.187231091502529201e-01
2.184280210988406024e-01
2.180390230101424687e-01
2.175258667143762925e-01
2.168486623331331020e-01
2.159551366884606971e-01
2.147774203107753743e-01
2.132285841215123268e-01
2.111994880406658504e-01
2.085570835006806956e-01
2.051461780797967926e-01
2.007977289411263244e-01
1.953475275862698868e-01
1.886685861771641715e-01
1.807169267440798810e-01
1.715824947595224470e-01
1.615262379746855992e-01
1.509782575259633330e-01
1.404806710893042043e-01
1.305848614753559456e-01
1.217408630270530034e-01
1.142232282877799765e-01
1.081159871896518326e-01
1.033478068598933652e-01
9.975040684513340750e-02
9.711490105634386361e-02
9.523264340356026036e-02
9.391839491423679964e-02
9.301961219984945795e-02
9.241706050657753913e-02
9.202104740328097277e-02
9.176608418039364223e-02
9.160551642742428835e-02
9.150682155401940188e-02
9.144778951718608717e-02
9.141356436499459281e-02
9.139442662069517664e-02
9.138417200064827273e-02
9.137895072147790565e-02
9.137645264208703322e-02
9.137534657514177761e-02
9.137490302119141705e-02
9.137474696007133468e-02
9.137470112035507575e-02
9.137469078525720101e-02
9.137468925864720981e-02
9.137468915475389919e-02
nan
