#Upper limit for the Conditional distribution of mass given radius from initial fitting w/o bootstrap
3.028360955739649807e+00
3.037219892547703637e+00
3.040062319663521251e+00
3.040093097423595569e+00
3.039278510592497096e+00
3.038608458700398085e+00
3.038436839465437966e+00
3.038765186565000498e+00
3.039441018541805484e+00
3.040259393283846201e+00
3.040781896504446191e+00
3.038305310133642578e+00
3.014425306561478557e+00
2.863290652728173846e+00
2.069954403062462589e+00
5.293499072125891214e-01
4.142461788579258619e-01
3.926897620059295324e-01
3.873062062825647356e-01
3.857807857378943162e-01
3.853061564208798973e-01
3.851461810062826174e-01
3.850882741361675299e-01
3.850659175768261222e-01
3.850567707634584558e-01
3.850528378550178155e-01
3.850510909242607083e-01
3.850503299955643777e-01
3.850500711835079803e-01
3.850501354543116594e-01
3.850504951397145104e-01
3.850512237564546747e-01
3.850524946844480212e-01
3.850546118740257873e-01
3.850580723398425720e-01
3.850636703829216634e-01
3.850726632376282321e-01
3.850870305341850819e-01
3.851098786658139206e-01
3.851460698274863370e-01
3.852032001167282615e-01
3.852931210820323416e-01
3.854343097477584412e-01
3.856555687576500024e-01
3.860018239918079908e-01
3.865432579206329877e-01
3.873898135397305098e-01
3.887145003638360352e-01
3.907915044430826934e-01
3.940601496189998221e-01
3.992365218392450177e-01
4.075201305942006136e-01
4.210126979873557995e-01
4.436952979213074078e-01
4.843013058098042944e-01
5.694287966994902028e-01
2.120241048752049107e+00
2.579627137931758796e+00
2.716292762707448460e+00
2.798424139744450923e+00
2.853119089004521491e+00
2.890348412019601021e+00
2.915526308427271562e+00
2.932273635181332772e+00
2.943211924622146203e+00
2.950245247574048602e+00
2.954722115790413994e+00
2.957572818091506406e+00
2.959431656008954636e+00
2.960740300867834129e+00
2.961834498654806858e+00
2.963024297350636882e+00
2.964686806189530621e+00
2.967406364184940859e+00
2.972235449961079912e+00
2.981259009973269869e+00
2.999029342442587343e+00
3.037407507037939158e+00
3.150701608517441077e+00
3.653712765055767697e+00
3.707316526355409536e+00
3.725047623786732931e+00
3.732051870936645699e+00
3.734546493268098732e+00
3.734887998795232811e+00
3.734097034309332930e+00
3.732614553338252428e+00
3.730595905986032523e+00
3.728036121135332337e+00
3.724815282653347825e+00
3.720692091922809475e+00
3.715241793325717357e+00
3.707691529271202491e+00
3.696484347645422996e+00
3.677882179654348604e+00
3.639296114430413898e+00
3.372018958962967883e+00
2.272069804142430538e+00
1.906098096046925372e+00
3.062103131780453680e+00
