#Weights for Beta densities from initial fitting w/o bootstrap
8.431130800641695356e-13
8.001637125411072190e-13
9.690372922415855968e-13
8.513952281988075520e-13
8.596346771533661248e-13
8.913455712458615945e-13
8.862442535963136186e-13
8.466765741027695741e-13
8.622489643629105961e-13
9.521397671399661317e-13
8.415896566054958680e-13
8.190116751716562526e-13
8.523128688421099442e-13
8.787036827815682085e-13
9.407237903351573283e-13
2.305224166364025725e-13
9.316573356152630858e-13
8.698803919553349786e-13
8.722892399476247831e-13
8.065971969517580732e-13
9.213488253583215099e-13
9.555478175828480099e-13
8.841503365559100669e-13
8.615156157229200717e-13
2.065161453562286918e-12
7.022457393653463275e-13
8.647727554379590903e-13
1.261633169843885936e-12
9.024249650702502364e-13
8.619791792532871375e-13
9.086569475214786477e-13
8.823219713176057256e-13
8.801660606638529345e-13
8.649607200307251892e-13
8.692158249671783570e-13
8.685230115535982872e-13
9.060500317481227521e-13
9.151863701716580976e-13
1.026309744849261389e-12
8.918449729199097635e-13
9.530361345693220493e-13
8.810112417380870372e-13
8.517415756279902948e-13
9.120211226102576696e-13
9.570742188686261939e-13
9.168328048267740067e-13
8.547989514003463501e-13
9.303834117902187233e-13
7.598942833545196938e-13
8.851302164415369317e-13
9.290172323739387565e-13
8.526669399390800577e-13
8.760995782571949444e-13
9.932046263393101148e-13
1.016169623532914694e-12
8.755309491281535018e-13
8.840786542502211334e-13
1.028618532418255567e-12
8.898698801983226055e-13
9.135105972230175153e-13
8.259538973944089991e-13
9.054493167966119279e-13
1.030736803815956103e-12
8.214836252443124406e-13
1.032389493190056197e-12
9.101599747330809907e-13
1.087583907486347774e-12
8.708419398107297084e-13
9.474738662357883778e-13
9.210688191383220760e-13
8.561828063514566479e-13
8.852178831279532612e-13
1.124218075783445790e-12
8.757044055558625978e-13
8.401093246617594214e-13
8.671702511426376042e-13
8.731418734628682263e-13
8.982058728337453516e-13
9.286823703254462471e-13
8.641290348043733025e-13
8.721996498118589807e-13
8.438061474114628905e-13
8.752756126103592163e-13
8.766541627901104619e-13
8.926173517384279706e-13
1.351554116123016936e-12
8.950683644910749341e-13
8.395728137944557019e-13
8.767038101854705627e-13
8.829513251218113789e-13
8.820418138748739225e-13
9.047721676512537616e-13
8.373173791146706227e-13
8.877545193688741909e-13
8.578206169621992827e-13
8.894824218919283714e-13
7.357347613382506376e-13
1.025050281500578292e-12
7.951880672830695645e-13
8.379512711206428924e-13
8.416208606716859793e-13
9.333700191666741602e-13
8.954944228674697995e-13
9.060705971003425344e-13
7.954457514575493691e-13
8.735850961734763352e-13
9.541627589222643437e-13
9.136502117586773130e-13
9.148829280417623349e-13
9.370088241453535894e-13
8.963060247265636670e-13
8.603948646931947865e-13
8.684773734294417538e-13
9.095710145778444878e-13
9.973984573973995634e-13
9.791065350720234341e-13
8.998298686533704600e-13
8.715752315106962712e-13
8.397271734198814482e-13
9.045281192440886603e-13
9.507514717814133836e-13
9.209641259480779299e-13
9.075397789165867656e-13
9.923016661175434182e-13
8.332272306293394788e-13
8.780555815926883166e-13
8.983390288728230043e-13
8.814507431838952093e-13
8.918103031756449074e-13
9.240819215695660177e-13
8.865977104013081579e-13
8.502305648876518143e-13
8.927867651801375071e-13
8.303574051245039748e-13
8.578236747109547758e-13
8.283296224339733062e-13
8.897409320165810860e-13
8.168101168228440581e-13
8.278264131544765357e-13
8.715270548909125069e-13
8.470611921747674155e-13
8.044008366272211211e-13
8.711373248532461561e-13
8.648129448207148336e-13
9.133322620608391906e-13
9.116311421582955635e-13
9.468659826228551491e-13
1.005831572836216552e-12
1.087589526032387787e-12
1.077080745164527230e-12
9.294473610844677240e-13
8.372330107149726928e-13
8.983681621531569567e-13
9.917405140392484870e-13
8.743898981332912688e-13
9.159335859051157739e-13
7.210341282500017816e-13
8.783098002173781640e-13
7.920211288311374284e-13
8.808858521327389213e-13
8.694183221802602268e-13
8.904663895627063016e-13
8.856068938183420863e-13
1.164506371057311647e-12
9.224559142237064178e-13
9.907890665211522768e-13
8.010396460311767052e-13
9.145314249081802827e-13
8.873642329187496304e-13
9.394044050580090436e-13
8.344944715195082953e-13
9.256740164593108332e-13
8.355640070088329125e-13
8.056275336109335728e-13
9.346048453532612595e-13
1.106984373818547883e-12
8.734879405110219126e-13
8.923671979714571448e-13
8.841799008611632941e-13
9.234998806272943404e-13
8.791428684579753232e-13
8.700452935303123837e-13
1.019093238337511185e-12
8.464768415853449153e-13
8.736063671632325924e-13
8.310318962846515654e-13
8.119853011930563396e-13
8.137736243061614145e-13
8.016436242242267415e-13
8.662195248731145603e-13
7.622136597162012313e-13
7.386635930068408836e-13
7.050099644959109062e-13
8.079080690575423929e-13
7.948771515689882618e-13
7.771344963884406026e-13
8.113196385638153703e-13
8.247263440199283305e-13
8.859731387598972531e-13
8.898981800700721279e-13
9.153208716908095159e-13
8.615731730115010732e-13
8.506160231960279261e-13
9.061536450534700523e-13
8.983316941117433267e-13
9.854886234256855519e-13
7.529428693231544367e-13
9.236783538946133218e-13
8.973441108377176950e-13
9.288939538838100285e-13
1.187068504146061725e-12
8.763155336216666566e-13
9.170577909764020853e-13
9.484563284919127430e-13
8.943855663108908066e-13
9.122398125333552617e-13
8.313524730534854909e-13
9.241430075361186896e-13
9.405438889435369708e-13
1.111703787924005556e-12
9.934475248211475954e-13
1.052018380481450124e-12
8.673465895366599148e-13
1.008711126189929698e-12
8.990784075198127443e-13
9.245966054180709528e-13
9.047680380544424120e-13
9.036482608620737372e-13
8.331107112937467856e-13
9.679992723370837685e-13
8.821261169323880163e-13
8.927862732009301768e-13
8.453961775170331828e-13
8.542760959196069374e-13
8.887927740086776318e-13
8.759171334138717947e-13
8.180935182493831770e-13
8.781632174264606402e-13
8.643261432953452139e-13
8.097642381779719495e-13
7.806085314794989014e-13
7.266662133824478362e-13
6.772939649570808389e-13
6.221922741825082634e-13
4.885579710775533910e-13
4.634927061768357378e-13
3.527195714314600311e-13
3.684256735358061070e-13
3.776739025895141258e-13
4.796982398127450496e-13
5.600061108468111169e-13
6.506692461427757865e-13
7.169618622863500836e-13
7.458683970241313294e-13
8.539524699155562731e-13
8.420298745724467055e-13
8.635376222567641630e-13
8.644277791561965650e-13
7.965693247496291516e-13
8.913673354373972185e-13
8.755539029952951837e-13
8.599045326426779044e-13
7.584812860926562430e-13
8.747681710604651659e-13
1.067606538947835827e-12
7.562332485200198559e-13
9.055739391519236056e-13
8.469217802882519939e-13
8.827158411186419632e-13
8.897660497126972077e-13
8.695363998215091161e-13
9.072631059349420198e-13
8.755077728706798869e-13
9.124444848184305654e-13
9.627848396955948589e-13
8.601475414674731739e-13
8.951384822491461227e-13
9.182725359361360242e-13
9.328442514527964557e-13
9.310018050318925414e-13
8.601418776520449263e-13
8.739127786610266154e-13
8.722843897462725705e-13
8.437683826874271751e-13
8.748555974297552138e-13
9.062656625298242988e-13
9.229832596454954662e-13
9.840374628720885635e-13
9.115264032583736832e-13
9.062891711378360606e-13
8.914609383103707880e-13
8.979959161175213056e-13
8.029345902621067343e-13
8.110731869198816551e-13
7.394232080662729713e-13
5.901769993986951299e-13
4.805472970497326771e-13
2.769410102579792626e-13
7.609175784712479578e-14
0.000000000000000000e+00
0.000000000000000000e+00
0.000000000000000000e+00
0.000000000000000000e+00
0.000000000000000000e+00
0.000000000000000000e+00
0.000000000000000000e+00
1.488397925576049419e-13
4.011132382694188743e-13
5.439372094847069565e-13
6.648314997954110957e-13
7.786872774628323583e-13
8.280145442207663595e-13
8.335605146651448772e-13
8.885510373076784664e-13
8.555319986988551293e-13
7.844199611680019066e-13
1.261432646431376960e-12
8.629904446415717512e-13
8.033666341312635532e-13
8.709551355962847923e-13
9.523615750846532252e-13
8.745204785428245248e-13
9.109592875527531411e-13
8.796561206579985006e-13
8.645831770169823349e-13
8.755288902138922171e-13
7.574065826340690005e-13
8.516042282630883152e-13
4.678467599501887208e-13
7.821739961960590726e-13
8.008092269347322909e-13
8.440493013039695805e-13
8.757725500081042608e-13
8.443390105462104502e-13
1.029721719154147160e-12
8.520630463354487750e-13
8.885746308295001981e-13
1.052314648812479080e-12
8.674622461094647458e-13
8.309375461904299790e-13
8.833585087672413962e-13
8.425222082835023568e-13
8.634700999316803667e-13
9.258922308378829894e-13
8.359589369158607397e-13
8.646031870221425400e-13
8.347233910260476349e-13
7.919791760428506425e-13
6.831663973971247897e-13
5.655760469829053063e-13
2.759813171129098611e-13
0.000000000000000000e+00
0.000000000000000000e+00
0.000000000000000000e+00
0.000000000000000000e+00
0.000000000000000000e+00
0.000000000000000000e+00
0.000000000000000000e+00
0.000000000000000000e+00
0.000000000000000000e+00
0.000000000000000000e+00
0.000000000000000000e+00
0.000000000000000000e+00
1.462601638023140527e-13
4.665056213080885516e-13
6.119172966166110075e-13
8.091822318074027713e-13
8.333884002338684873e-13
8.787080888515776846e-13
8.541929766070019232e-13
8.616074198445838358e-13
8.994916624856877031e-13
9.179734905322819298e-13
7.173573133690800049e-13
8.340689634542258471e-13
8.646818489520577509e-13
8.422326224438560410e-13
8.604904442393333281e-13
9.215047970191411732e-13
8.663753664126074524e-13
8.856743571334907833e-13
8.860635800791337293e-13
8.700040389429934928e-13
9.517632526954833725e-13
8.842173588359887696e-13
8.959381929606254235e-13
1.093772801642027524e-12
9.203959633928444227e-13
9.308111563498644996e-13
8.837124978198919935e-13
9.717019773935936348e-13
8.718550659531846773e-13
9.588917081385116430e-13
9.027299880579616206e-13
8.767233694654332275e-13
1.154474151542647414e-12
9.268133072759194952e-13
8.759460848349875252e-13
8.975558256042052306e-13
8.395903033949325339e-13
9.094005333784669281e-13
7.888624885979097540e-13
6.794087324345780767e-13
5.274519022365247459e-13
2.243458778428385571e-13
0.000000000000000000e+00
0.000000000000000000e+00
0.000000000000000000e+00
0.000000000000000000e+00
0.000000000000000000e+00
0.000000000000000000e+00
0.000000000000000000e+00
0.000000000000000000e+00
0.000000000000000000e+00
0.000000000000000000e+00
0.000000000000000000e+00
0.000000000000000000e+00
0.000000000000000000e+00
0.000000000000000000e+00
0.000000000000000000e+00
3.402783393413394750e-13
5.893915770989611878e-13
7.794286926449469783e-13
8.347340624016958052e-13
8.405662560369440242e-13
8.523470454913350539e-13
9.000989869870369413e-13
8.849645763377301919e-13
7.230748126928561894e-13
8.367519939414598827e-13
8.813721656167764068e-13
8.232840512348523337e-13
8.558455802402773347e-13
8.319138313939461143e-13
8.549272022732267932e-13
8.789622398791805613e-13
9.108959621711134912e-13
8.972401147957551597e-13
9.023704280408413054e-13
8.483235420003502241e-13
9.255716076413884535e-13
9.358694109845544225e-13
1.018079486616202900e-12
8.500799140060128635e-13
8.874049768999692228e-13
9.267141630605879106e-13
9.682548848365608561e-13
8.637771211702068130e-13
8.871085872332029867e-13
8.872205088888180531e-13
5.706773398913399988e-13
9.376725222409017323e-13
1.468675883018973605e-12
8.771482044032421665e-13
8.979451615252943305e-13
8.150759260270011415e-13
7.832951673808811267e-13
6.004171326516879818e-13
2.842477428370327563e-13
0.000000000000000000e+00
0.000000000000000000e+00
0.000000000000000000e+00
0.000000000000000000e+00
0.000000000000000000e+00
0.000000000000000000e+00
0.000000000000000000e+00
0.000000000000000000e+00
0.000000000000000000e+00
0.000000000000000000e+00
0.000000000000000000e+00
0.000000000000000000e+00
0.000000000000000000e+00
0.000000000000000000e+00
0.000000000000000000e+00
0.000000000000000000e+00
2.110788913865861705e-15
4.606543466340248253e-13
6.495852978159529576e-13
8.068435163808845838e-13
8.161240125715251261e-13
8.507047641418480209e-13
7.715022489393231033e-13
8.891243592002367337e-13
9.285727954168803570e-13
8.742608303456925985e-13
8.524468421270352504e-13
9.039619920041670154e-13
8.556038738595202116e-13
8.442929115672080478e-13
8.747222905337603652e-13
8.844964270403748461e-13
8.508146541737426833e-13
8.973741733026475257e-13
8.098577472963755747e-13
8.586517912664345456e-13
1.003213978640558187e-12
9.633973570439469786e-13
8.826007322856113594e-13
8.670632633490737450e-13
9.715378368009407805e-13
9.069363870241803121e-13
8.402591909642046694e-13
1.019113839822204436e-12
9.026321634749621020e-13
8.178063869675750414e-13
8.961757308148480514e-13
7.903132161671355369e-13
8.467248001588532058e-13
8.417069677800954131e-13
8.413139216711255445e-13
8.181470394147585390e-13
6.843150815995625123e-13
4.348705178104718019e-13
2.741172926308810759e-14
0.000000000000000000e+00
0.000000000000000000e+00
0.000000000000000000e+00
0.000000000000000000e+00
0.000000000000000000e+00
0.000000000000000000e+00
0.000000000000000000e+00
0.000000000000000000e+00
0.000000000000000000e+00
0.000000000000000000e+00
0.000000000000000000e+00
0.000000000000000000e+00
0.000000000000000000e+00
0.000000000000000000e+00
0.000000000000000000e+00
0.000000000000000000e+00
0.000000000000000000e+00
2.622823423469861758e-13
6.078190006933662330e-13
7.537351135811946148e-13
8.156041997131432949e-13
8.304151721944914934e-13
8.901042060631893755e-13
8.508905784372125699e-13
8.835749417003252693e-13
8.574747758198504013e-13
9.073209620157245915e-13
8.646973416221781643e-13
8.314324806493447379e-13
7.996121070452195198e-13
8.190962636764168092e-13
7.580419949119794502e-13
8.126368726357045237e-13
8.162905061462743964e-13
8.427468842844327475e-13
8.277815717104339029e-13
9.957822052452274714e-13
9.449379089780620706e-13
9.087466706507917144e-13
1.017502138652457351e-12
9.171725470451368496e-13
8.303950714715969383e-13
8.119550664490802853e-13
7.810539547110295119e-13
9.049123371707749114e-13
9.140344168019369692e-13
8.747938194514415204e-13
9.055696009248232849e-13
8.753412065353322503e-13
8.390791741223130272e-13
8.558212823846436210e-13
7.588599233842787893e-13
6.423320115380476146e-13
3.525703876387017933e-13
0.000000000000000000e+00
0.000000000000000000e+00
0.000000000000000000e+00
0.000000000000000000e+00
0.000000000000000000e+00
0.000000000000000000e+00
0.000000000000000000e+00
0.000000000000000000e+00
0.000000000000000000e+00
0.000000000000000000e+00
0.000000000000000000e+00
0.000000000000000000e+00
0.000000000000000000e+00
0.000000000000000000e+00
0.000000000000000000e+00
0.000000000000000000e+00
0.000000000000000000e+00
0.000000000000000000e+00
4.400119625486116862e-14
5.136891277198870902e-13
7.297291091495124557e-13
8.082235650202897766e-13
8.411864435597660692e-13
8.954735501824263938e-13
8.972636963147186927e-13
8.780398936912399872e-13
8.698397215411451775e-13
8.621315554765622697e-13
8.362720959664098799e-13
7.577899438788531845e-13
7.195256706901626164e-13
6.600035657113484403e-13
6.263363958266204420e-13
7.012438487657857899e-13
7.714713128864331891e-13
8.457316068072323506e-13
8.823031685227253597e-13
8.762523098524637024e-13
8.990727619582790981e-13
9.339488862174122717e-13
9.890303934607280155e-13
8.581296026864908504e-13
8.835253156544661833e-13
1.054801437029473910e-12
1.017254527515913574e-12
8.930983129203992351e-13
9.048482422757369793e-13
9.332458576684700725e-13
8.543980545576651700e-13
9.039166660985471109e-13
8.563851005047927726e-13
8.169138404737860883e-13
7.429249523522119256e-13
6.175585750799522077e-13
2.589120533429507603e-13
0.000000000000000000e+00
0.000000000000000000e+00
0.000000000000000000e+00
0.000000000000000000e+00
0.000000000000000000e+00
0.000000000000000000e+00
0.000000000000000000e+00
0.000000000000000000e+00
0.000000000000000000e+00
2.691396034249017339e-11
0.000000000000000000e+00
0.000000000000000000e+00
0.000000000000000000e+00
0.000000000000000000e+00
0.000000000000000000e+00
0.000000000000000000e+00
0.000000000000000000e+00
0.000000000000000000e+00
0.000000000000000000e+00
3.960017008794687880e-13
6.701570433488870286e-13
7.965589823255754261e-13
8.685643079135003477e-13
8.735222498938170342e-13
8.617050378069432121e-13
8.547502516603071017e-13
8.435043379951989340e-13
8.154302027266508460e-13
7.680162632172977222e-13
5.929387628541310334e-13
5.056472430591641327e-13
4.045805514005005787e-13
4.027941116926324375e-13
4.875450927478270395e-13
6.473057301579149528e-13
7.824451043044832812e-13
8.449659734596156020e-13
9.537013862632477115e-13
8.415268716711151872e-13
8.979555089292095027e-13
8.737339380924356051e-13
9.232711743565569160e-13
9.332663490116120986e-13
8.799475750787845260e-13
8.524110378352550230e-13
1.119165988512167634e-12
8.691970424091569706e-13
9.247718911816833509e-13
9.920843445971735365e-13
8.882091888124322494e-13
8.707165043771616669e-13
8.333898191725132370e-13
7.516735927280405893e-13
6.274354754290740059e-13
2.687328062423210248e-13
0.000000000000000000e+00
0.000000000000000000e+00
0.000000000000000000e+00
0.000000000000000000e+00
0.000000000000000000e+00
0.000000000000000000e+00
0.000000000000000000e+00
0.000000000000000000e+00
3.151488441226713859e-11
1.678070539235193837e-01
0.000000000000000000e+00
0.000000000000000000e+00
0.000000000000000000e+00
0.000000000000000000e+00
0.000000000000000000e+00
0.000000000000000000e+00
0.000000000000000000e+00
0.000000000000000000e+00
0.000000000000000000e+00
4.097171843904170283e-13
6.872844450205705409e-13
7.992636411538251388e-13
8.466632486337509796e-13
8.463360697109965233e-13
9.059717683373375830e-13
8.644224618614679367e-13
8.445668138707612441e-13
7.083795176464502684e-13
6.578117406524993087e-13
4.461861498975177940e-13
1.997476069970747170e-13
0.000000000000000000e+00
0.000000000000000000e+00
1.327902394280532657e-13
4.327473770531150375e-13
6.881432198128422428e-13
8.292446008052965139e-13
8.510653616532246140e-13
8.695811449163400828e-13
9.011461132124558817e-13
1.007591352987970771e-12
9.199032031659210846e-13
8.954128781517868021e-13
9.572398004438227421e-13
1.098371316349944185e-12
9.246962169077608608e-13
9.390716812699245488e-13
8.712535787219216756e-13
8.657943677133604210e-13
9.342472811843354992e-13
8.537335367123467065e-13
8.376853542681591449e-13
7.831065899663364682e-13
6.102424075173506679e-13
2.687020548999057649e-13
0.000000000000000000e+00
0.000000000000000000e+00
0.000000000000000000e+00
0.000000000000000000e+00
0.000000000000000000e+00
0.000000000000000000e+00
0.000000000000000000e+00
0.000000000000000000e+00
0.000000000000000000e+00
0.000000000000000000e+00
0.000000000000000000e+00
0.000000000000000000e+00
0.000000000000000000e+00
0.000000000000000000e+00
0.000000000000000000e+00
0.000000000000000000e+00
0.000000000000000000e+00
0.000000000000000000e+00
0.000000000000000000e+00
4.533045703609679775e-13
6.629812518926337539e-13
8.120007747588508167e-13
8.698791883774364399e-13
8.538076939635696690e-13
8.392982766534368892e-13
8.635741909227429350e-13
7.821012591316680304e-13
6.372161131793526354e-13
4.453472049671318469e-13
1.131359295667026849e-13
0.000000000000000000e+00
0.000000000000000000e+00
0.000000000000000000e+00
0.000000000000000000e+00
1.628838383932060767e-13
5.523808393897482253e-13
8.376285227165468084e-13
9.283810524454703497e-13
9.264226994909645905e-13
8.295107568063930617e-13
7.849759271187011862e-13
9.324811359215941210e-13
8.547422663205285842e-13
1.054074110536363216e-12
1.088040332522230910e-12
9.337003583004873914e-13
8.381636094022862554e-13
8.694076303791897238e-13
8.841866576738453958e-13
8.639531369380545307e-13
9.136258435714069796e-13
8.648883976965757841e-13
7.779518431957891776e-13
6.640980230068948223e-13
3.419945580170906800e-13
0.000000000000000000e+00
0.000000000000000000e+00
0.000000000000000000e+00
0.000000000000000000e+00
0.000000000000000000e+00
0.000000000000000000e+00
0.000000000000000000e+00
0.000000000000000000e+00
0.000000000000000000e+00
0.000000000000000000e+00
0.000000000000000000e+00
0.000000000000000000e+00
0.000000000000000000e+00
0.000000000000000000e+00
0.000000000000000000e+00
0.000000000000000000e+00
0.000000000000000000e+00
0.000000000000000000e+00
1.553851999563298852e-13
4.966176663007408502e-13
7.336177877440471526e-13
7.671643363331545259e-13
8.443541294857517824e-13
8.980447335050223681e-13
8.274725865407446207e-13
7.986610700072257371e-13
7.340182547638850493e-13
5.641787681565007593e-13
2.556922202183888318e-13
0.000000000000000000e+00
0.000000000000000000e+00
0.000000000000000000e+00
0.000000000000000000e+00
0.000000000000000000e+00
0.000000000000000000e+00
3.734716458105328186e-13
7.743630180049711552e-13
8.645397054646327028e-13
8.587641754604370370e-13
9.156100667238806770e-13
8.737541750786922955e-13
8.975121812794117906e-13
8.555669355200638460e-13
7.332273203178139840e-13
1.071158642155904897e-12
9.091039605836962608e-13
9.183779513157446617e-13
8.825364872228972066e-13
9.272996383240202107e-13
9.405247134245140921e-13
9.222217918154193343e-13
8.160712725161662542e-13
7.706484820365312131e-13
7.396138878269901289e-13
4.574642100507901603e-13
1.036956390089546050e-13
0.000000000000000000e+00
0.000000000000000000e+00
0.000000000000000000e+00
0.000000000000000000e+00
0.000000000000000000e+00
0.000000000000000000e+00
0.000000000000000000e+00
0.000000000000000000e+00
0.000000000000000000e+00
0.000000000000000000e+00
0.000000000000000000e+00
0.000000000000000000e+00
0.000000000000000000e+00
0.000000000000000000e+00
0.000000000000000000e+00
0.000000000000000000e+00
0.000000000000000000e+00
2.921588627459675762e-13
5.913598775396936294e-13
7.786186697777795924e-13
7.965973046889610638e-13
8.640694181800688627e-13
9.692620147071676868e-13
8.672677979826163878e-13
7.758493454266133083e-13
6.664681076617051912e-13
4.263528887222935968e-13
1.993139337440839772e-14
0.000000000000000000e+00
0.000000000000000000e+00
0.000000000000000000e+00
0.000000000000000000e+00
0.000000000000000000e+00
0.000000000000000000e+00
2.455880551228497452e-13
7.299835660428158987e-13
9.157117004518467176e-13
8.572815544663423753e-13
8.816661629242412912e-13
9.265693747280431707e-13
9.293563450338211662e-13
8.719416467744753009e-13
9.122033575442369669e-13
0.000000000000000000e+00
8.923696006968706204e-13
8.691470945014640271e-13
8.128669629698318350e-13
8.669187753514147437e-13
9.084394149198406249e-13
9.086981600991361459e-13
8.974859795971000211e-13
8.339240095372590069e-13
7.832396006927801957e-13
6.164752927752423932e-13
3.450834457691357064e-13
0.000000000000000000e+00
0.000000000000000000e+00
0.000000000000000000e+00
0.000000000000000000e+00
0.000000000000000000e+00
0.000000000000000000e+00
0.000000000000000000e+00
0.000000000000000000e+00
0.000000000000000000e+00
0.000000000000000000e+00
0.000000000000000000e+00
0.000000000000000000e+00
0.000000000000000000e+00
0.000000000000000000e+00
0.000000000000000000e+00
0.000000000000000000e+00
9.335654731107462820e-14
4.780548542703403499e-13
7.257652775588367213e-13
7.577600021038890497e-13
8.553822880595123012e-13
8.946100030884015630e-13
8.533785876679424407e-13
8.560161266664069482e-13
8.075566863578324538e-13
6.292075848331072249e-13
3.608587543822286287e-13
0.000000000000000000e+00
0.000000000000000000e+00
0.000000000000000000e+00
0.000000000000000000e+00
0.000000000000000000e+00
0.000000000000000000e+00
0.000000000000000000e+00
9.307676939458376987e-14
7.279428590988474497e-13
9.200801588101667510e-13
9.534945450782886946e-13
9.670368280291106363e-13
9.730773895804753974e-13
9.068924951989577101e-13
8.517691588973506885e-13
8.865661688353695805e-13
8.891597978693081575e-13
9.634975785529756956e-13
8.596957204210534861e-13
9.145839895015066797e-13
9.128896636262867469e-13
8.675922933293765917e-13
8.509212978424220724e-13
8.477962579354809089e-13
8.429692710427075440e-13
7.806443505495158927e-13
7.097848448109712169e-13
5.292576125664535857e-13
2.793299632840698420e-13
0.000000000000000000e+00
0.000000000000000000e+00
0.000000000000000000e+00
0.000000000000000000e+00
0.000000000000000000e+00
0.000000000000000000e+00
0.000000000000000000e+00
0.000000000000000000e+00
0.000000000000000000e+00
0.000000000000000000e+00
0.000000000000000000e+00
0.000000000000000000e+00
0.000000000000000000e+00
0.000000000000000000e+00
2.012867646352633464e-14
4.283710380334961687e-13
6.446644906954873284e-13
7.635434225855573875e-13
8.592642891552185638e-13
9.208154113376572391e-13
8.524523122344630981e-13
8.237937823970764863e-13
9.251915922475216662e-13
7.558481217263838376e-13
5.914551885754020803e-13
2.742026780099942420e-13
0.000000000000000000e+00
0.000000000000000000e+00
0.000000000000000000e+00
0.000000000000000000e+00
0.000000000000000000e+00
0.000000000000000000e+00
0.000000000000000000e+00
0.000000000000000000e+00
7.126339221568756331e-13
9.483339033305521512e-13
8.895660169106561069e-13
8.801196398279452251e-13
8.726410741185331557e-13
9.607040509381335341e-13
8.796399640326492059e-13
8.919993906279604498e-13
1.053884984858850674e-12
7.429752366658928686e-13
8.837984238078567696e-13
8.725092247725780825e-13
6.488652297294194007e-13
9.083681609219297733e-13
9.342524216589587075e-13
8.368395824934910195e-13
8.496825546824756057e-13
8.779789926133631491e-13
8.282341020978647733e-13
6.652077250123997820e-13
5.039598827780458760e-13
3.363201580206944182e-13
0.000000000000000000e+00
0.000000000000000000e+00
0.000000000000000000e+00
0.000000000000000000e+00
0.000000000000000000e+00
0.000000000000000000e+00
0.000000000000000000e+00
0.000000000000000000e+00
0.000000000000000000e+00
0.000000000000000000e+00
0.000000000000000000e+00
0.000000000000000000e+00
6.938566144294475466e-14
3.868136082988915476e-13
5.920933861844428369e-13
7.264238317464335138e-13
7.893469668822029841e-13
8.582107145149913156e-13
8.438778917478567153e-13
8.409662031705048590e-13
8.902140985525156609e-13
8.025907078008518902e-13
7.923166634023767954e-13
6.118468738446869525e-13
2.515435939686767474e-13
0.000000000000000000e+00
0.000000000000000000e+00
0.000000000000000000e+00
0.000000000000000000e+00
1.666976278436808623e-01
0.000000000000000000e+00
0.000000000000000000e+00
0.000000000000000000e+00
7.023932223478762360e-13
1.087136908626658508e-12
9.925820980524317204e-13
9.137109334955498783e-13
1.071579807914539276e-12
8.563271065160848715e-13
8.665108998415518219e-13
8.987872670536421818e-13
9.350403560645181024e-13
6.734348883206606919e-13
8.967426575360543039e-13
9.128378412896073522e-13
9.234174914905461446e-13
8.960231142085145267e-13
8.775471887722782242e-13
8.310250979812939301e-13
9.220539740917512107e-13
8.898835583108734158e-13
8.367900466503557782e-13
8.433762575339268324e-13
6.774055223256308505e-13
5.359953332346046725e-13
3.087777660539963893e-13
9.495948824238585367e-14
0.000000000000000000e+00
0.000000000000000000e+00
0.000000000000000000e+00
0.000000000000000000e+00
0.000000000000000000e+00
0.000000000000000000e+00
0.000000000000000000e+00
0.000000000000000000e+00
0.000000000000000000e+00
2.362236144387044016e-13
4.779402610669962561e-13
6.175256684870731085e-13
7.786055902199254843e-13
8.206855733067184529e-13
8.474302523471269044e-13
8.784450571011060764e-13
8.776883809349719632e-13
8.337681844690947760e-13
8.331293365677153737e-13
8.829414975909888659e-13
7.986631262558382260e-13
5.494451395718471830e-13
2.409542860788879550e-13
0.000000000000000000e+00
0.000000000000000000e+00
0.000000000000000000e+00
0.000000000000000000e+00
0.000000000000000000e+00
0.000000000000000000e+00
0.000000000000000000e+00
0.000000000000000000e+00
7.066199623769587526e-13
9.559397400283004775e-13
9.631866843483903337e-13
9.633196368152899102e-13
8.444252701963539401e-13
8.735967605992583873e-13
9.354375507811659645e-13
8.711266363648188303e-13
9.091496791413879131e-13
8.350870204096253377e-13
8.245778089820454407e-13
9.365979472798843049e-13
7.439611615755408039e-13
8.732456905889360323e-13
9.170591413420255811e-13
9.352183745471796015e-13
8.646989184363708386e-13
8.839456628927755916e-13
8.231550046830969117e-13
8.125254934601338767e-13
7.365227061079525538e-13
7.085633922107041239e-13
6.947721038485546116e-13
5.326086550262013503e-13
3.348895983829863745e-13
1.395342278272950312e-13
3.254056289480754303e-14
0.000000000000000000e+00
0.000000000000000000e+00
4.434441305178673457e-14
1.371599402842851026e-13
2.767444944271492742e-13
3.453096501580582104e-13
5.414722567481579158e-13
6.793073065395224236e-13
7.351683166335880495e-13
7.809356757121464969e-13
8.674615370124505385e-13
8.670965264455757941e-13
8.731358207577796581e-13
8.475608881201697611e-13
8.390121650608245677e-13
8.882886647214400638e-13
8.263911458166728240e-13
7.830542371855950339e-13
6.008725253496113260e-13
2.808877663168646386e-13
0.000000000000000000e+00
0.000000000000000000e+00
0.000000000000000000e+00
0.000000000000000000e+00
0.000000000000000000e+00
0.000000000000000000e+00
0.000000000000000000e+00
2.427674710186303114e-14
7.482115267007804478e-13
8.546012351023529982e-13
9.282035608513168162e-13
9.282998567329306098e-13
9.220004550544501426e-13
8.889182918357894946e-13
8.867275848211736878e-13
8.612187148170209490e-13
8.409407274465585841e-13
1.019271888561775413e-12
1.085931520829497796e-12
9.177943633975850362e-13
8.788073953331149215e-13
8.688749463853409252e-13
6.665523266865259003e-13
8.739808301843698873e-13
8.666069075740545480e-13
8.326972838440319606e-13
8.551328333772689551e-13
8.860258357822112606e-13
8.640781031739028181e-13
7.551261039885837353e-13
7.440490652310053631e-13
6.857993252769221160e-13
6.170508679251260195e-13
5.803492005852336040e-13
5.057609782575790353e-13
4.652908265503783023e-13
4.541205373625663393e-13
4.843400796406762759e-13
5.119931031177832697e-13
5.951456775289141552e-13
6.969496868444482526e-13
7.348217360532956281e-13
7.958943142626403182e-13
8.477125811722562360e-13
8.732729112304765163e-13
8.706288701697942809e-13
8.150274660213269123e-13
8.565203365071742105e-13
8.986898058322952677e-13
8.618353539107422510e-13
8.926513501078115725e-13
8.379874100755621675e-13
7.802543508936628504e-13
6.688712808344429071e-13
3.829866602014779907e-13
0.000000000000000000e+00
0.000000000000000000e+00
0.000000000000000000e+00
0.000000000000000000e+00
0.000000000000000000e+00
0.000000000000000000e+00
0.000000000000000000e+00
1.640099767217660554e-13
7.650748032947838052e-13
9.196067720542185053e-13
8.566129354409875138e-13
8.925529132692889088e-13
8.695226155871979975e-13
8.735160997027257758e-13
8.905217364187964011e-13
9.318614087097308394e-13
9.149643492928078906e-13
8.759833702288393913e-13
8.856809224684471045e-13
9.088122887854404386e-13
8.510670415690309163e-13
9.216363015394240988e-13
8.807640580583520176e-13
9.022188266590110817e-13
8.756291699234462735e-13
7.655547843747220581e-13
8.325307803214196201e-13
8.263942321350658825e-13
8.937050672568320793e-13
8.461066931538207072e-13
8.167463280015193922e-13
8.207110007620678218e-13
7.744500266621442264e-13
7.478374440956851704e-13
6.843807825529925356e-13
7.156182852395054750e-13
7.043882136553907422e-13
7.076716147876845835e-13
7.292953469831622179e-13
7.755890729773056093e-13
7.712992698794403420e-13
7.997426916205496531e-13
8.640085650349898516e-13
8.511979424429082927e-13
8.520906830427512545e-13
8.593260332762310796e-13
8.714286364545662629e-13
8.640391574340733418e-13
8.938872052275138292e-13
8.579001906203358188e-13
8.897428873149009241e-13
8.706913155577683016e-13
8.159793969905324311e-13
7.379979865475969808e-13
5.045653922270117637e-13
5.050443949178616411e-14
0.000000000000000000e+00
0.000000000000000000e+00
0.000000000000000000e+00
0.000000000000000000e+00
0.000000000000000000e+00
0.000000000000000000e+00
3.567689691079214286e-13
7.614227512538461412e-13
9.166051883364741944e-13
8.287946813667881906e-13
8.469633296555390533e-13
8.943725454423795336e-13
9.486831813161986539e-13
8.714796745034507612e-13
9.110879066990279185e-13
9.203836969098784821e-13
8.729985159445003972e-13
1.132320573754091609e-12
2.114188721325705696e-12
9.301158548897074502e-13
8.857901051524598327e-13
8.802353160646936661e-13
8.916162011894999774e-13
9.712748528632345298e-13
8.613617113331120580e-13
1.081390111027696223e-12
8.993517823220861718e-13
8.639630258220879947e-13
8.376172309312903356e-13
8.662379189218521872e-13
8.485935357405488147e-13
8.545639947284763380e-13
8.838157043882695932e-13
8.147327195483688952e-13
7.862269472180974208e-13
7.975290930545485234e-13
8.707274717904345363e-13
8.309034404432191750e-13
8.418417674232277295e-13
8.314203538697297364e-13
8.433228943947525923e-13
8.739144548441473849e-13
8.864187421084614428e-13
8.989184476360377510e-13
8.693256364309650832e-13
8.213188142403061179e-13
8.553782987330984380e-13
8.112267748740171453e-13
8.585095883499784739e-13
8.755196786807168440e-13
8.885454385617953451e-13
8.222556759452499413e-13
7.205299667586163355e-13
5.552130161644992095e-13
2.634961810353524420e-13
0.000000000000000000e+00
0.000000000000000000e+00
0.000000000000000000e+00
0.000000000000000000e+00
0.000000000000000000e+00
0.000000000000000000e+00
5.038282221719185290e-13
7.998369987556128293e-13
9.006653665686717037e-13
8.226620398818486159e-13
9.004908783422285492e-13
8.993068595117364656e-13
8.424437157297765985e-13
8.899583772085502710e-13
8.910513355078687700e-13
8.609285553651459788e-13
8.994856822365216986e-13
9.457375740752974798e-13
9.259875275978868915e-13
3.424839297125463134e-13
8.982894329979271231e-13
8.333734573888414951e-13
8.909624988135326013e-13
9.667875023620937402e-13
9.120649358914617494e-13
8.848389202912340536e-13
8.702914857427187768e-13
9.451398700193085233e-13
8.638725827643735375e-13
8.794554774890782324e-13
8.071063427335438538e-13
8.480616674700982252e-13
8.477981511212552602e-13
8.576833864625700820e-13
8.496019229266502218e-13
8.224022327247197348e-13
8.308022300141891656e-13
8.339195713600269564e-13
8.891515461277111680e-13
8.859172594149451482e-13
7.977809166732843978e-13
8.607647710393249208e-13
9.664562843062033313e-13
8.751988358350414140e-13
9.098721260237180539e-13
1.446235247926184482e-12
8.777112985163813401e-13
8.812525019768649665e-13
8.826945499557330633e-13
8.753972971999818552e-13
8.765758091485503117e-13
8.544133412472736782e-13
7.863606970195136552e-13
6.503446692291809252e-13
4.261739512699409996e-13
1.847064758753898460e-13
0.000000000000000000e+00
0.000000000000000000e+00
0.000000000000000000e+00
0.000000000000000000e+00
2.173769172178677534e-13
6.426345595346979263e-13
8.317242754145738537e-13
9.836610092738175429e-13
8.971801381750234032e-13
9.091294853775213846e-13
8.814029418505854516e-13
8.548116274699991732e-13
9.063256161067322676e-13
8.981220570910955530e-13
8.935032043357689717e-13
9.272694157655644735e-13
8.689869776100928806e-13
9.269039288096314671e-13
9.131163255502180360e-13
7.128412237091598349e-13
9.491032682045371249e-13
8.788183089130962864e-13
8.698063229221857186e-13
8.534703174286456948e-13
8.642156514655714273e-13
8.509736218698778099e-13
9.617673554345957444e-13
8.873724707429687961e-13
8.637392605201547063e-13
8.891805276288890932e-13
9.018067639479107177e-13
8.549872076463372962e-13
8.749354159955109631e-13
8.736332089258625552e-13
9.152046221717721688e-13
8.712989409276346370e-13
8.821373564995120888e-13
8.958405815667032227e-13
8.641656456627040605e-13
8.770673917240964743e-13
8.910234838142508760e-13
7.911979739132670784e-13
9.969387375804074377e-13
7.441690212195806239e-13
8.436600659513840423e-13
8.360468779683157878e-13
8.644580939902903581e-13
8.756258125006950881e-13
8.809514023330720032e-13
8.874866594960156331e-13
8.344718211568146899e-13
7.844897582061591451e-13
7.208031575915917578e-13
6.039903011931401847e-13
3.570475497638164865e-13
1.227040909331458422e-13
0.000000000000000000e+00
0.000000000000000000e+00
1.174944984761472766e-13
4.497214391918574354e-13
6.983462501631354297e-13
8.487792140991468122e-13
8.737996640742751367e-13
9.244826356612671862e-13
8.882145678959780438e-13
8.887187692093343128e-13
9.094214816298603034e-13
9.364799297874503922e-13
9.412168963549928151e-13
7.852175664437165200e-13
8.616949554080687439e-13
8.472162336622186540e-13
9.168085762335520650e-13
1.034049428347538842e-12
9.664259083136233859e-13
7.711995324369285671e-13
8.702579309300764748e-13
8.619894209901937319e-13
9.137761532232368568e-13
9.262553588478508619e-13
9.167562997938964273e-13
8.865197209636407182e-13
8.879333926471606145e-13
8.763106807845026144e-13
8.449228278380601285e-13
9.184065959835685734e-13
8.896414703458864356e-13
8.724653756652112100e-13
8.833162112082747263e-13
9.559507308271741889e-13
8.803722056754946658e-13
9.041531587823711815e-13
1.402675415849595203e-12
9.065163222922080661e-13
7.995799099140296007e-13
8.647539977696792481e-13
1.227905780838908960e-12
8.465265696885859145e-13
1.312316524986536928e-12
8.798361083136377008e-13
8.670926565160917574e-13
8.646482033180312888e-13
8.801503534078992458e-13
8.584528444148743551e-13
8.752116689176253619e-13
8.439779650846016956e-13
7.843541503470112109e-13
7.643109222264310242e-13
6.158815263394212631e-13
5.118391237557909783e-13
3.406849000354620565e-13
2.166167888563649699e-13
2.529439386992324890e-13
3.874024185070407649e-13
6.280636338360826720e-13
7.677039729308101442e-13
8.679371545432510494e-13
8.327627606321492922e-13
8.217805443737348432e-13
9.461203575607644291e-13
8.614489279126059458e-13
9.219782193466115464e-13
9.156600069221201557e-13
8.781356117340468319e-13
8.516836400855425750e-13
8.699771119370400238e-13
9.173571001676728856e-13
9.204444930284230814e-13
9.071517707930830390e-13
8.645165218592263638e-13
9.803019749231393532e-13
9.292198821700854403e-13
8.476580908567443152e-13
8.912794109623489702e-13
8.902130729679193077e-13
8.992407162520490721e-13
1.090371327329412585e-12
8.777289098323076029e-13
6.743102717698335947e-13
8.511377768801849394e-13
9.029562336667177842e-13
8.926197219494339648e-13
1.161399898295478855e-12
1.060894336856093425e-12
1.161173927476521838e-12
9.102083410752958071e-13
8.883967660847733609e-13
8.814954044695610852e-13
8.855557608933462475e-13
8.769336583560660296e-13
1.016561920831407311e-12
8.941991995239984613e-13
8.473821960160898883e-13
5.621835701338947469e-13
8.732587390374352622e-13
8.709112122637932497e-13
8.593474570033204262e-13
8.408831246700998680e-13
8.876653129149688194e-13
9.194432392967940312e-13
8.443715202010229580e-13
8.029677834401739212e-13
7.338943159718599774e-13
6.036256455569051978e-13
5.159464602359612406e-13
3.660982148578973224e-13
3.374946074850621833e-13
3.882329582565249323e-13
5.300822537069952592e-13
6.712841449250480388e-13
7.919899927356210410e-13
8.850408336319358507e-13
8.770184778134509475e-13
8.409518580138468666e-13
8.823798536952905841e-13
9.044457456377435050e-13
9.025646730829766348e-13
9.006102081577318917e-13
9.283858989061145287e-13
8.959945236708997717e-13
9.029775916846915488e-13
9.238297753865348601e-13
8.952982395124980422e-13
8.020901400751535473e-13
8.903694810950611298e-13
8.936600714349855463e-13
9.753563743110481377e-13
2.337517869224442710e-12
8.537939539867373146e-13
8.919580511154911770e-13
9.032043195831830212e-13
8.618034986148036938e-13
4.820091780698025700e-13
9.258053669236759050e-13
3.755594962372951229e-13
9.039663973962662347e-13
8.932437843866032499e-13
9.017985070926776278e-13
9.073016792793881411e-13
8.816152487466771991e-13
8.461368176528000985e-13
9.246932008719319726e-13
9.326050261976342953e-13
9.120684676853768440e-13
9.256990326128681388e-13
9.144491627254341085e-13
9.233748730553754429e-13
8.659839873718323337e-13
8.592633267971865159e-13
8.371417675220140466e-13
9.158180612311272775e-13
8.538253951012522134e-13
8.271925938933516675e-13
8.657350129345440204e-13
8.269877284079584688e-13
8.778231654815441418e-13
8.115518304106609404e-13
7.079431595871312524e-13
6.111225518333768451e-13
4.750750015614994705e-13
3.503689615430859810e-13
3.667380368188676449e-13
4.240482152134005771e-13
5.506213280570357730e-13
7.263649865845295682e-13
8.406324040123819304e-13
8.394869046698837094e-13
9.216906884916892634e-13
8.765561414736170775e-13
8.619254256336462271e-13
9.363783839908742376e-13
9.443630698703842129e-13
8.711889826599061949e-13
8.906600098364194290e-13
8.988520942255971957e-13
9.055081926159898186e-13
9.053397646148102445e-13
8.750008464227969509e-13
8.753143932041768607e-13
9.035327227180070498e-13
9.060986913173867231e-13
8.735928853843342910e-13
9.999381494832851723e-13
9.882246270198884683e-13
9.288296836655953977e-13
9.209928984781530226e-13
8.435174877992709447e-13
8.587956282225620118e-13
8.608584226356131993e-13
1.099705219603688594e-12
8.645697937134931861e-13
8.975150127991913338e-13
8.194087681977822558e-13
9.167414551585089506e-13
1.110886092243748828e-12
8.708294107829825701e-13
8.743661189206543885e-13
8.538088370503034512e-13
8.746124114540281216e-13
8.755853702286940542e-13
8.701202224479865149e-13
8.817856120377076314e-13
9.214361823403197471e-13
8.816846178314952711e-13
8.708998645333717833e-13
8.907365013111847676e-13
8.615701790494453548e-13
8.782027115957976691e-13
8.397060142147437779e-13
8.324865700853744087e-13
8.347302813598132541e-13
7.757823291379332312e-13
6.429713914010637696e-13
5.473819877720501032e-13
3.735668733390068968e-13
3.050096112107095748e-13
2.678326483453717949e-13
3.286166176798263323e-13
5.619474281952447928e-13
6.953693346895024236e-13
8.300565125272874741e-13
9.169677275764391831e-13
8.660035479884748436e-13
8.861599314204788679e-13
9.162416292893917877e-13
8.699542629703547486e-13
8.926839739420545369e-13
8.845362139001001422e-13
9.055237272083892625e-13
8.842606585987236981e-13
8.392023746025822828e-13
9.547751652617514223e-13
8.932892263999362210e-13
8.985209928376503396e-13
9.331629429360327870e-13
8.772523435275691572e-13
8.739368279950354023e-13
8.823099191983447736e-13
9.169262814460356312e-13
8.185424112013883789e-13
9.341227426131501389e-13
6.751371613336537952e-13
1.249539851925778510e-12
8.533564590678485997e-13
9.507189115212865941e-13
8.723266246184767258e-13
8.408642881055793756e-13
8.539820161269350684e-13
6.465929930165087858e-13
8.952676020840546023e-13
8.701704596668099528e-13
9.712030306411398106e-13
6.199663490404394359e-13
9.013801399644237033e-13
8.837498463748025690e-13
8.793813645217158652e-13
8.493533458035571775e-13
8.538587599763138062e-13
8.345376898900281911e-13
8.056637654649546626e-13
8.729472746742413643e-13
8.502076827427011776e-13
8.345627287331258692e-13
8.654989248308578045e-13
8.349705901551374440e-13
7.900040893702606187e-13
7.342338801810239643e-13
6.011516904809373730e-13
4.924775256949503823e-13
2.963567295580732364e-13
1.957982656342968883e-13
1.945079437478964254e-13
2.945339385749753374e-13
5.258482729826650556e-13
6.980162556474791459e-13
7.950740395143080529e-13
8.415156027234408895e-13
9.143790762854581181e-13
9.167044686148378361e-13
8.982022862466448261e-13
8.588874688958805928e-13
9.083559708241051757e-13
8.867727095057622055e-13
8.327210446074730800e-13
8.925323726681180688e-13
9.001015978890565705e-13
8.830707629471990912e-13
8.890463326776663156e-13
8.784930313331191901e-13
9.249783125376696334e-13
8.829595384010479236e-13
8.708653597816610036e-13
9.055815981344341586e-13
8.620083749060429558e-13
9.419883667597216322e-13
8.849411955037239193e-13
8.841986093994860544e-13
8.692695429595882623e-13
1.266185471824734027e-12
8.415250210280112833e-13
8.877006190518066185e-13
9.157045293404780082e-13
8.812170261173021506e-13
8.648310979511083481e-13
9.005259801541570449e-13
9.093346068482370291e-13
8.415352187951105586e-13
8.414160674055498025e-13
8.549689279269469184e-13
9.181349744348541817e-13
8.549100241724526024e-13
8.492958703254231977e-13
8.499945195108513494e-13
8.440561391411593861e-13
8.157610859248948059e-13
8.356368588914479714e-13
8.389206231680586687e-13
8.238897682651041441e-13
8.006845174346254684e-13
7.956070384804784108e-13
7.924509915049198261e-13
7.106540581408636178e-13
5.456561684473648143e-13
4.080801921075803112e-13
2.253027434249757036e-13
7.028148128015763617e-14
1.198657755698255164e-13
2.459455709833606370e-13
4.766083116349433214e-13
6.979815723419996168e-13
8.205898157042559941e-13
9.084130331703147327e-13
8.920167391524981549e-13
8.352034315494717714e-13
8.757970751833330838e-13
9.103675635731017457e-13
8.875931729872544669e-13
9.038548381221312996e-13
8.621937168709372725e-13
9.216454913083678493e-13
8.920568313200025080e-13
8.913988494588077551e-13
9.055719510954857747e-13
8.806634204319159322e-13
8.658107174957409827e-13
8.915916612857194504e-13
8.278024258024252265e-13
8.641498593171941186e-13
8.497815032081570964e-13
9.205897610823647824e-13
8.146631395544892254e-13
9.440913199569037928e-13
4.378570120193917127e-14
8.359592618957922049e-13
8.646391244827995049e-13
9.515885141760900006e-13
1.104355332067820792e-12
8.889875244413564411e-13
8.643431347777346941e-13
8.839003444245409464e-13
8.868047809932932526e-13
8.904748006350791087e-13
8.561560918737683014e-13
8.330781429149558798e-13
8.570022422111721031e-13
8.515485948558004657e-13
8.269833041003091163e-13
7.690592330955115546e-13
7.407003769641273173e-13
7.662891638178149174e-13
7.368029975641562216e-13
8.056401264647087235e-13
7.622492931051395109e-13
7.763276476010750893e-13
7.670874604904999722e-13
7.491706230966604245e-13
6.921084721240898033e-13
5.725118931323488549e-13
4.098239678630122031e-13
1.751838278550729072e-13
3.398055114995355278e-14
1.593565757053934667e-10
2.110026635825393877e-13
4.662756512074230006e-13
6.747244067581063903e-13
7.959061487344861494e-13
9.057440967867775102e-13
8.544154841806133910e-13
8.910804665290764430e-13
9.100535652692934374e-13
8.872023977903429665e-13
9.100392164184514742e-13
8.585195346188401571e-13
8.684539605218676064e-13
8.802701459162837642e-13
9.136843582404337329e-13
8.519305743407121260e-13
8.768959391118120187e-13
9.183313384653310338e-13
9.422111861712164984e-13
8.448169247841020948e-13
8.773975712055589430e-13
8.706408955027665616e-13
9.207941712726293897e-13
1.051083741875239309e-12
1.036331529843234534e-12
8.746537486813596573e-13
6.193648358216039516e-13
7.726255260169367258e-13
1.029443815721022204e-12
8.845933880310740929e-13
8.238256090966658654e-13
9.151565961943519940e-13
8.814999526099158880e-13
8.588254071602148852e-13
8.966527958137707134e-13
8.616208494531386024e-13
8.530459133219028412e-13
8.040924286437232738e-13
8.174691132380474001e-13
7.830103122663234878e-13
7.156979654032255337e-13
6.365645520849643374e-13
6.279318965218121705e-13
5.658157081949156365e-13
5.871172472122082268e-13
6.014449012006640806e-13
6.659157642858460176e-13
6.796926456224103726e-13
7.368589753497532751e-13
7.259066647323093259e-13
6.518970949357986658e-13
5.610358203617286171e-13
3.741353242274512605e-13
2.084931938893177119e-13
8.494796126736688614e-14
3.332247271855369175e-01
2.214753593715286872e-13
4.701474436023184830e-13
6.753477563322242594e-13
8.218520868554926839e-13
8.932644913306236748e-13
8.693741500526636299e-13
8.818151521753703044e-13
8.617472405879060800e-13
8.988203382824619624e-13
8.851373308983046312e-13
9.015482884674109015e-13
8.892448145374200716e-13
8.923281972811138381e-13
9.434015445668165014e-13
9.097211554176874205e-13
8.560548596851377499e-13
8.924851361572467457e-13
9.034076610787077655e-13
9.152036917015147685e-13
9.561114289259761616e-13
9.067640278807142068e-13
8.849033528174730019e-13
1.048730485650708488e-12
1.056146725149750413e-12
0.000000000000000000e+00
8.796752843536536995e-13
9.328839888442087225e-13
9.276261046071651111e-13
7.370257246247529248e-13
8.582892339827209373e-13
9.051297752329691518e-13
8.952926182792133775e-13
8.553427687680792797e-13
8.565422979125061432e-13
8.247286897576387379e-13
8.183641360625597456e-13
7.616069216214238688e-13
6.645869064758489130e-13
5.826681457885806813e-13
4.945916871327993402e-13
3.982073536155988456e-13
3.178073329654639525e-13
1.996898459441802228e-13
2.345830340388141200e-13
2.355747436006626347e-13
3.654664270729152340e-13
4.729015143072703870e-13
5.475641494786741787e-13
6.302776063693510429e-13
6.484682282443084336e-13
5.492850841097703373e-13
4.096319288692070307e-13
2.736773241100402683e-13
1.413519375417886821e-13
1.297882768267410494e-13
2.766461484405559695e-13
5.081643020313497848e-13
6.937590412652175144e-13
8.106304873492277833e-13
8.548457480628521665e-13
8.407308212549312593e-13
8.678915982347114165e-13
8.767428816140860966e-13
8.805639637138600854e-13
9.335833664218039096e-13
9.117590820385588098e-13
7.791808652609822813e-13
9.020245740992499347e-13
9.285979337925550095e-13
8.664410921415730645e-13
8.639186836392057464e-13
9.107300159680097541e-13
8.398229432211814078e-13
8.266521716311289985e-13
8.508534220407920674e-13
9.430411653078967527e-13
1.102785110380918766e-12
8.595305821752723043e-13
8.978376454730606269e-13
9.780115720978249971e-13
9.116686459997276178e-13
8.517969770392839839e-13
8.419754849363125573e-13
8.803968559777539461e-13
9.029543090718596800e-13
8.790312850051858895e-13
8.581454857675908246e-13
8.563528104796757644e-13
8.468310369243067603e-13
8.104173330148236313e-13
7.465301115859500902e-13
6.798808238303021909e-13
5.346306199322797667e-13
3.520734028286772664e-13
1.388570822112198765e-13
0.000000000000000000e+00
0.000000000000000000e+00
0.000000000000000000e+00
0.000000000000000000e+00
0.000000000000000000e+00
0.000000000000000000e+00
1.018349656279348858e-13
3.129464771236264605e-13
4.649366930791977670e-13
5.516645640786407790e-13
5.269021810935077209e-13
4.551461932004419394e-13
3.452708124396067947e-13
2.408223177466435519e-13
2.560662710714941075e-13
3.578791989335388447e-13
5.577154922810781827e-13
7.362995658892831501e-13
8.671276896582485540e-13
8.702855591309155628e-13
8.735295975325576801e-13
8.602714160701163062e-13
8.941051616782382165e-13
9.200034048367977340e-13
9.175514712446031555e-13
8.350622959068579875e-13
7.737539109558917386e-13
9.516829754637616991e-13
9.444486190094668175e-13
9.239195564855177796e-13
8.798215376808388881e-13
9.245582486934266716e-13
8.648679059417306594e-13
8.739008328845293048e-13
8.925191549591448049e-13
8.287520052096403677e-13
9.353558470870768008e-13
8.260852528336181099e-13
0.000000000000000000e+00
8.789367492947462651e-13
4.858238799723347890e-13
1.068936816477940712e-12
8.355168723773385161e-13
8.507494089890007385e-13
9.109868299742226675e-13
8.697112579830676372e-13
8.742183028730829268e-13
8.266348017122356223e-13
8.398579454645601649e-13
7.817744331957095883e-13
6.670485711811621277e-13
4.883894665979652345e-13
2.590927027676921097e-13
0.000000000000000000e+00
0.000000000000000000e+00
0.000000000000000000e+00
0.000000000000000000e+00
0.000000000000000000e+00
0.000000000000000000e+00
0.000000000000000000e+00
0.000000000000000000e+00
0.000000000000000000e+00
0.000000000000000000e+00
2.440451787313666549e-13
4.512257448747660612e-13
5.286659602871251529e-13
5.303897047937345536e-13
4.793151128507230925e-13
3.976393916511074137e-13
3.840574523607482484e-13
4.831432306662094536e-13
6.350975498683663924e-13
7.545019925810088157e-13
8.295501672930368966e-13
8.928790856353636536e-13
9.202167252359965053e-13
8.851204485591480316e-13
9.398566312626402224e-13
8.657962782892173424e-13
8.292075960146913532e-13
8.702075771122163958e-13
8.474329590204640955e-13
9.002366247847626767e-13
8.956682364629268021e-13
8.775106913191340422e-13
8.762576333487630904e-13
8.011926501397037141e-13
8.310181259487952015e-13
8.625748322792387542e-13
8.638033801844795400e-13
8.045678668290079848e-13
9.865232171985647627e-13
8.694483668002962832e-13
3.397713716469763949e-13
9.300925232740876233e-13
8.713827679951808806e-13
8.905252380668020083e-13
9.078391954178255647e-13
8.506680467827441511e-13
8.776840102273541303e-13
8.793052816989055453e-13
8.515259245172473960e-13
8.449761416098999779e-13
7.963315321193238855e-13
7.061532740765532623e-13
5.151893100553808471e-13
2.621821259486251703e-13
0.000000000000000000e+00
0.000000000000000000e+00
0.000000000000000000e+00
0.000000000000000000e+00
0.000000000000000000e+00
0.000000000000000000e+00
0.000000000000000000e+00
0.000000000000000000e+00
0.000000000000000000e+00
0.000000000000000000e+00
0.000000000000000000e+00
0.000000000000000000e+00
2.274738162338004582e-13
4.368544622805360716e-13
5.363766832752024750e-13
5.189554992553187077e-13
5.004639121556624490e-13
5.136516300395599828e-13
6.042184400028700425e-13
6.752216858951502494e-13
7.778101652106051206e-13
8.419200764429997705e-13
9.167771792653504089e-13
8.518828347077227199e-13
9.007143784709297282e-13
8.862172450902841781e-13
8.615056855879291668e-13
8.717068647073631046e-13
9.520945163746010441e-13
8.704332736025284687e-13
8.719254731316288283e-13
9.316419468318182534e-13
9.305952088948651280e-13
8.075850804648587650e-13
9.151143509052569023e-13
8.784404144168054557e-13
8.263565935035683123e-13
9.132653820350860501e-13
8.717319778026304823e-13
8.603909043569884342e-13
8.605879538585958105e-13
9.529736660504019882e-13
8.850545831689848750e-13
9.166953578962209548e-13
8.551695743190180448e-13
8.839383123762450189e-13
8.867414842856568851e-13
8.782516532746455394e-13
8.710935592573350845e-13
8.511071213941957658e-13
8.197750635543411946e-13
7.484665779289997803e-13
6.165923001253474643e-13
3.495329776346550964e-13
0.000000000000000000e+00
0.000000000000000000e+00
0.000000000000000000e+00
0.000000000000000000e+00
0.000000000000000000e+00
0.000000000000000000e+00
0.000000000000000000e+00
0.000000000000000000e+00
0.000000000000000000e+00
0.000000000000000000e+00
0.000000000000000000e+00
0.000000000000000000e+00
0.000000000000000000e+00
0.000000000000000000e+00
3.596857296855438913e-13
5.517122786597944614e-13
6.500946695604068587e-13
6.142009258992822236e-13
6.209761930116371681e-13
6.786482306939286713e-13
7.753014467288647572e-13
7.985669041483909726e-13
8.496315157206681555e-13
8.880610622980378373e-13
8.886486261838554692e-13
8.977428392942561184e-13
8.277996284789685314e-13
7.880420857210979448e-13
9.388799242190028552e-13
8.802600063862144234e-13
8.745555841167960939e-13
8.126456132243667349e-13
8.876922340379094655e-13
9.203837886630485835e-13
8.703056722395177356e-13
8.597265334369746930e-13
8.068182573351350412e-13
8.329259987268269457e-13
9.012678482929385514e-13
9.299724318897227394e-13
9.820545401458343617e-13
0.000000000000000000e+00
8.968180929397156215e-13
9.158611628081501850e-13
9.096829049254438021e-13
8.755495709870649258e-13
7.859498254806323239e-13
8.762508386496664519e-13
9.026863905038703452e-13
8.075113700255200189e-13
8.698328813696469375e-13
8.120348590984863070e-13
6.919303047516097138e-13
4.899877424843520942e-13
1.335064747726362400e-13
0.000000000000000000e+00
0.000000000000000000e+00
0.000000000000000000e+00
0.000000000000000000e+00
0.000000000000000000e+00
0.000000000000000000e+00
0.000000000000000000e+00
0.000000000000000000e+00
0.000000000000000000e+00
0.000000000000000000e+00
0.000000000000000000e+00
0.000000000000000000e+00
0.000000000000000000e+00
0.000000000000000000e+00
2.095292566511695629e-13
5.549777197950944583e-13
6.566662978012411968e-13
7.105379525946303598e-13
7.291459651409418942e-13
7.835497678222681687e-13
8.037809696026904183e-13
7.898972639620058179e-13
8.692513529231328222e-13
8.938397376983471531e-13
8.899733077682804052e-13
8.396195417735609280e-13
9.210397370142811308e-13
8.621349419776394301e-13
9.089729510537822578e-13
9.325686414779159629e-13
8.747502429363578289e-13
8.430930147430877577e-13
8.910773184863151194e-13
9.026417410743220188e-13
8.567690352286456882e-13
8.365807696036716929e-13
9.252488000048100416e-13
9.534587780918783028e-13
8.864225556254965451e-13
7.793115622659126644e-13
8.662494091058073698e-13
2.816078103665141940e-13
9.063932401908278111e-13
8.727607320655448784e-13
8.421829724335216504e-13
7.538400690905903916e-13
9.382699786170901574e-13
8.585838410893878580e-13
8.925897737370805001e-13
8.323906462871235063e-13
8.452349330510597109e-13
7.783573081544812627e-13
6.537070894403600158e-13
3.734553153578917762e-13
0.000000000000000000e+00
0.000000000000000000e+00
0.000000000000000000e+00
0.000000000000000000e+00
0.000000000000000000e+00
0.000000000000000000e+00
0.000000000000000000e+00
0.000000000000000000e+00
0.000000000000000000e+00
0.000000000000000000e+00
0.000000000000000000e+00
0.000000000000000000e+00
0.000000000000000000e+00
0.000000000000000000e+00
0.000000000000000000e+00
1.021396516840905092e-13
5.105423119538043067e-13
6.950880355324467055e-13
7.653512912669698077e-13
7.892680721562176047e-13
7.978733563884809911e-13
8.362815461367361852e-13
8.579456784513110626e-13
8.606951372025300978e-13
8.908630186112575456e-13
8.686154731991624778e-13
8.908349776263136879e-13
7.963161805285899590e-13
8.683378503523884169e-13
8.890965123464373567e-13
8.262677186189810008e-13
9.150688364363780013e-13
9.077416792633585341e-13
8.291949790709221975e-13
8.725375760973401529e-13
8.899496155061870360e-13
9.069817459975719389e-13
8.574602853201555573e-13
9.134946815801889066e-13
9.443394321598613818e-13
8.384027512345752575e-13
1.112384825545441917e-12
5.851745480221232279e-13
8.790160949079012866e-13
8.754894359464523379e-13
8.847330641119550500e-13
8.749859601022323959e-13
8.644288081966173033e-13
8.661814412440411641e-13
8.747033007319051836e-13
8.694875624147276655e-13
8.584775618848082491e-13
7.540304219072049223e-13
5.985919319493401933e-13
3.206660405380377128e-13
0.000000000000000000e+00
0.000000000000000000e+00
0.000000000000000000e+00
0.000000000000000000e+00
0.000000000000000000e+00
0.000000000000000000e+00
0.000000000000000000e+00
0.000000000000000000e+00
0.000000000000000000e+00
0.000000000000000000e+00
0.000000000000000000e+00
0.000000000000000000e+00
0.000000000000000000e+00
0.000000000000000000e+00
0.000000000000000000e+00
1.313870457384197295e-14
5.026999698232943610e-13
7.035294582884589088e-13
8.054266370804116345e-13
8.012348165980579959e-13
8.341596975650200706e-13
8.583635970093895321e-13
8.727113114113279004e-13
8.833000853402198415e-13
8.700989982300507114e-13
9.180163949908895618e-13
9.002352852708393430e-13
8.487910013798851212e-13
9.160433990610907795e-13
8.939668857144730896e-13
8.915433743119880677e-13
8.691166206872112567e-13
8.651749778447496373e-13
8.644567058082924707e-13
9.052588042501711536e-13
9.270814393841180574e-13
8.630689977228431677e-13
8.635747599880962794e-13
8.936767128613821085e-13
8.304669330274976819e-13
1.025031371497085705e-12
9.038083128904490383e-13
1.228577057531602176e-12
8.772959908712149902e-13
9.388571236479182139e-13
8.861188110564072483e-13
8.503173923306491130e-13
9.481643579844052486e-13
9.165837317274068576e-13
8.553237956201704492e-13
8.403142418018497144e-13
8.171545442765244961e-13
7.360518879495771644e-13
5.988321194356516407e-13
3.115045887168861374e-13
0.000000000000000000e+00
0.000000000000000000e+00
0.000000000000000000e+00
0.000000000000000000e+00
0.000000000000000000e+00
0.000000000000000000e+00
0.000000000000000000e+00
0.000000000000000000e+00
1.661511814481178850e-01
0.000000000000000000e+00
0.000000000000000000e+00
0.000000000000000000e+00
0.000000000000000000e+00
0.000000000000000000e+00
0.000000000000000000e+00
0.000000000000000000e+00
4.458410714250440990e-13
6.908307517169943319e-13
8.187716168612771405e-13
8.476712570652527126e-13
8.514087180161684883e-13
8.679830581515437851e-13
8.302119252491848820e-13
8.784298859678067070e-13
8.832248339147050999e-13
9.275120316486785524e-13
8.918381625699160620e-13
9.433953592502997417e-13
9.210500340964882452e-13
9.462627252525598967e-13
9.516234368135280436e-13
8.759503176248963360e-13
8.712547911219650908e-13
9.528864583723638658e-13
8.630277908008455988e-13
9.360494576179488516e-13
8.849144608154700721e-13
8.384884955380604849e-13
8.897982062529214658e-13
8.724601644745963366e-13
8.376741184797431290e-13
8.261284120779983688e-13
1.120749345862077932e-13
9.281380178948018639e-13
8.510190102503565893e-13
8.591282926740374674e-13
8.661375242274560886e-13
7.879927980063935057e-13
8.439446188516098054e-13
8.628952284961423301e-13
8.316820313533185215e-13
8.609375433590504921e-13
7.252481268159640567e-13
5.862385816912191919e-13
3.122968479872223760e-13
0.000000000000000000e+00
0.000000000000000000e+00
0.000000000000000000e+00
0.000000000000000000e+00
0.000000000000000000e+00
0.000000000000000000e+00
0.000000000000000000e+00
0.000000000000000000e+00
0.000000000000000000e+00
0.000000000000000000e+00
0.000000000000000000e+00
0.000000000000000000e+00
0.000000000000000000e+00
0.000000000000000000e+00
0.000000000000000000e+00
1.589538305102757987e-14
5.015921224606138837e-13
7.257654516391343619e-13
8.190173661441451680e-13
8.568594648596606708e-13
8.946657130218481873e-13
8.822339756007601557e-13
8.798103708188375548e-13
8.609142045773799329e-13
8.718050479069043471e-13
9.082379721728250223e-13
8.463944186018310885e-13
9.443093300165661285e-13
8.471118654838370431e-13
9.056424899512846052e-13
8.776088129747594186e-13
8.032689632988096667e-13
8.271194760786266697e-13
8.505440754818119651e-13
9.088130360974903090e-13
8.789445196641927755e-13
8.792909640975321729e-13
9.648552838925366028e-13
9.467566711718277099e-13
9.439513706567212003e-13
9.205672631095436775e-13
9.750485639691240108e-13
7.891969970739035076e-13
8.932755126423644689e-13
8.412393097040605288e-13
1.194772068350232405e-12
8.682499339356452426e-13
8.785111007747799411e-13
8.650284494064894433e-13
8.729279891816376338e-13
8.543164792154785280e-13
8.126092263903097294e-13
7.835694579746275035e-13
6.562520937761382335e-13
4.006005283997490012e-13
2.397106380059995274e-14
0.000000000000000000e+00
0.000000000000000000e+00
0.000000000000000000e+00
0.000000000000000000e+00
0.000000000000000000e+00
0.000000000000000000e+00
0.000000000000000000e+00
0.000000000000000000e+00
0.000000000000000000e+00
0.000000000000000000e+00
0.000000000000000000e+00
0.000000000000000000e+00
0.000000000000000000e+00
0.000000000000000000e+00
1.695438134744967461e-13
5.662873231972980624e-13
7.867231502178266900e-13
8.069597609828542161e-13
8.601559749473037292e-13
8.886511743310128598e-13
8.906089191532409162e-13
9.047279568660959289e-13
8.965482674830732928e-13
8.719367496385569695e-13
8.820188325735345637e-13
8.952776760325736065e-13
8.990986261892861855e-13
8.559607733766540725e-13
8.766402192193979504e-13
8.886931039199737789e-13
8.760812009972930773e-13
8.837430075832938243e-13
8.887643266962342286e-13
8.772379378637814793e-13
9.182894208619217402e-13
9.070112582346555016e-13
9.168593308338409209e-13
9.081796026011549057e-13
9.070576147667389354e-13
1.071091588056445106e-12
7.032326998016407027e-13
2.157539734630613412e-12
8.776537190726560024e-13
8.772952488850789692e-13
8.479514360055577264e-13
9.753935232435495837e-13
8.751177687043772688e-13
8.902113922247045951e-13
8.887724007853676328e-13
8.597024914902589774e-13
8.351031448206805354e-13
8.480335055864963142e-13
7.184338671497002695e-13
5.187386338359342993e-13
2.217217326225476245e-13
0.000000000000000000e+00
0.000000000000000000e+00
0.000000000000000000e+00
0.000000000000000000e+00
0.000000000000000000e+00
0.000000000000000000e+00
0.000000000000000000e+00
0.000000000000000000e+00
0.000000000000000000e+00
0.000000000000000000e+00
0.000000000000000000e+00
0.000000000000000000e+00
0.000000000000000000e+00
0.000000000000000000e+00
3.517770677558525625e-13
6.421321329627241383e-13
8.296220713715319941e-13
8.613353088553775606e-13
8.430664413027980002e-13
8.895670272455326427e-13
8.853539917464599507e-13
8.831549564895349877e-13
8.761053704544898063e-13
9.285980099905829887e-13
8.419373350594821838e-13
9.091658493420431327e-13
8.885549434350350397e-13
8.462090044236209705e-13
8.862053246447707035e-13
9.419219578460734743e-13
8.937365026138435661e-13
8.785170026027082086e-13
8.857386517470713378e-13
8.636185407738205917e-13
8.414020984992249999e-13
8.533017080224360923e-13
8.562314041182965741e-13
9.304051706465204787e-13
8.876819356112369916e-13
8.792048032904582114e-13
8.940617933271135595e-13
8.469541064070488912e-13
1.170755387935490109e-12
1.086814037157099708e-12
9.103449521678973720e-13
9.218711096201133691e-13
8.874710910164754200e-13
8.676637464413584425e-13
8.917626430346930816e-13
8.843948431235231713e-13
8.386145784307584635e-13
8.305407288578837690e-13
7.761940532216242928e-13
6.714573904700814070e-13
4.531146225706642642e-13
7.587874113594741037e-14
0.000000000000000000e+00
0.000000000000000000e+00
0.000000000000000000e+00
0.000000000000000000e+00
0.000000000000000000e+00
0.000000000000000000e+00
0.000000000000000000e+00
0.000000000000000000e+00
0.000000000000000000e+00
0.000000000000000000e+00
0.000000000000000000e+00
0.000000000000000000e+00
1.526959491738322397e-13
5.247727186224198596e-13
7.313703181084335116e-13
8.031182547378686220e-13
8.699561767238270028e-13
8.611140289985558959e-13
8.894224651316339906e-13
8.989589995036369719e-13
9.111151785997198850e-13
8.981887898387530555e-13
8.780461545032863438e-13
8.354412383245286565e-13
8.994807222831935717e-13
9.112757464774094579e-13
9.126225016921904322e-13
9.166138754880804693e-13
8.742957867363682168e-13
8.801234816011985326e-13
8.692293321440665667e-13
8.756158079225621888e-13
8.946059544428812249e-13
9.334501633464130857e-13
9.436294606741138899e-13
9.043264408124296251e-13
8.878674577817020917e-13
9.025187161426248696e-13
8.830338823038229947e-13
9.196138252136114597e-13
8.794264930271920873e-13
1.207931809293643695e-12
8.454024179195927522e-13
9.325175787807044805e-13
8.981658934866822701e-13
9.210035646725596372e-13
8.806753810885022741e-13
8.684283947151076765e-13
8.900708509254053305e-13
8.891809126854427209e-13
8.459475881393675641e-13
7.881207365118701541e-13
7.379655507102588458e-13
6.207402461126266253e-13
4.509515131665121651e-13
1.638558127333467486e-13
0.000000000000000000e+00
0.000000000000000000e+00
0.000000000000000000e+00
0.000000000000000000e+00
0.000000000000000000e+00
0.000000000000000000e+00
0.000000000000000000e+00
0.000000000000000000e+00
0.000000000000000000e+00
0.000000000000000000e+00
1.566735375863406117e-13
4.551736892972011162e-13
6.778818710451509480e-13
8.024593934983084368e-13
8.467199705748519473e-13
8.809412466080550165e-13
8.657974898551910795e-13
9.050908220249052849e-13
8.685203989865377961e-13
8.300050672222356730e-13
8.937679111311134697e-13
8.769747536375722465e-13
9.476856385947176816e-13
8.478865478164163159e-13
8.762311670408764917e-13
7.891964614464431034e-13
8.628060313781954932e-13
9.195561487787453440e-13
8.989740480611799963e-13
8.857997741874068199e-13
9.030049628097445320e-13
9.616757423424538030e-13
8.391628193343847682e-13
9.711799787091252169e-13
9.146718503359323011e-13
9.348066104101217156e-13
8.413757282229634010e-13
9.075213344612195608e-13
8.878473625636623024e-13
9.765886861491581518e-13
8.694275773240628612e-13
1.065392815184307691e-12
7.250208809821418917e-13
1.368335777442752589e-12
9.150848179057486185e-13
8.910845371518794133e-13
8.805233618635429732e-13
8.820002614701414855e-13
8.771401495737520959e-13
8.800209773177406669e-13
8.513586710281098909e-13
7.860019446150761216e-13
7.620287220235999927e-13
6.789944736445726556e-13
5.751034749075758242e-13
3.539879596546411920e-13
1.411826998979690625e-13
0.000000000000000000e+00
0.000000000000000000e+00
0.000000000000000000e+00
0.000000000000000000e+00
0.000000000000000000e+00
0.000000000000000000e+00
1.000109959668449636e-13
3.410003437436872523e-13
5.177695749007376006e-13
6.795575800584629899e-13
7.677141334241608648e-13
8.431497435125393375e-13
8.563791608537207024e-13
8.816956228756383941e-13
8.767651144950530238e-13
8.735983580130692303e-13
9.067783338027970512e-13
8.752625759072640759e-13
8.572196922405018912e-13
9.496144351366215658e-13
9.111033842035923242e-13
9.239483821730140006e-13
1.021498381095240600e-12
9.506504934830067330e-13
9.063097378323953927e-13
9.213127913238566818e-13
8.275270612422121317e-13
9.509901498433812024e-13
9.196993860712537600e-13
9.011168816102258662e-13
8.574350410913118566e-13
1.004439311231384554e-12
9.928274660526640619e-13
9.248625358430201200e-13
9.340468500234367597e-13
8.953804472125861435e-13
8.708190731743628001e-13
9.063060338676292381e-13
9.555949305122613100e-13
1.525077992260189206e-13
9.122291889072648238e-13
7.620440767980795974e-13
9.574058392114674614e-13
9.063553125654043263e-13
1.491598959094763619e-12
8.687626695401827096e-13
8.694338404900544069e-13
8.822375266706228872e-13
8.485875020840398437e-13
8.939834304394597886e-13
8.483847242596533257e-13
7.859572859786252892e-13
6.980766032132869378e-13
6.561307318904994892e-13
5.565751699898704060e-13
4.687863051571132157e-13
4.030144494414443329e-13
3.485432235841496109e-13
3.944278251261429463e-13
3.999750820301743638e-13
4.645146564032049857e-13
5.711501459443888214e-13
6.732998923448370399e-13
7.553202804164805479e-13
7.882819534287685152e-13
8.159372759813043909e-13
8.500823061062153373e-13
8.394993992260130627e-13
8.837851295374581804e-13
8.574480069621892867e-13
9.283390529410224091e-13
9.087422971655732782e-13
9.131480408489447937e-13
8.851331627472902423e-13
7.508765965550312332e-13
8.623878414144143340e-13
9.627422783762056217e-13
9.281759765854543014e-13
9.443702566167914830e-13
9.756441175397441148e-13
8.690482289188526703e-13
9.085980092064152474e-13
8.866757382131002462e-13
8.554511636859587120e-13
9.959470846666603755e-13
9.771861571689158733e-13
9.830049121875742868e-13
9.384584043798521833e-13
8.651593923231103884e-13
9.156705030876567763e-13
8.942406433836126084e-13
9.573867001239703988e-13
9.599603269234781233e-13
8.454568828298149361e-13
8.419494386799730837e-13
6.242597889558963282e-13
8.860338239751345289e-13
8.601218572471992829e-13
8.862212662011206517e-13
8.942871510300817865e-13
8.439435570494089421e-13
9.184333329547564969e-13
9.095631472873175394e-13
8.589578223451124926e-13
8.951956487684854619e-13
8.417094867153683607e-13
8.265458285916265604e-13
8.489698068897707437e-13
8.403918981549673862e-13
7.963947207092373605e-13
7.236877913036015827e-13
7.448026415371765776e-13
7.242787979769449621e-13
7.060642011575309458e-13
7.144877659397790186e-13
7.562024110751418414e-13
7.879642276056697421e-13
8.058489058239286965e-13
8.268867043068562507e-13
8.562353017197487900e-13
8.481971332552445571e-13
8.554463100611630245e-13
8.724186308249296849e-13
9.117177696229851342e-13
9.225211215058249431e-13
8.612601741104294590e-13
8.530431327897406275e-13
9.080294228370982827e-13
8.820883213189830371e-13
9.242712009150418396e-13
8.325455112002758586e-13
9.241752277779143061e-13
8.600345689720016991e-13
8.574165279513089451e-13
9.475566934336972845e-13
9.277763617084667433e-13
9.840944567697380643e-13
9.224063574967807226e-13
9.028399448608781030e-13
8.439448535666804301e-13
9.402513006692641398e-13
8.367111636824577560e-13
9.035452556851076464e-13
9.623921183570032932e-13
9.312128170271520560e-13
9.685292575739824296e-13
8.730033358814747432e-13
9.185122663963708479e-13
7.437166003633927436e-13
8.688254074360359560e-13
9.540640920905997751e-13
0.000000000000000000e+00
8.947905330617225126e-13
9.046345117743799741e-13
8.315554527444912066e-13
9.061333967937313619e-13
9.770848823170717784e-13
9.728711521549160938e-13
8.750652625562287107e-13
8.589938100684967710e-13
8.901773076381597310e-13
8.458822196369546051e-13
8.692251892698802204e-13
8.616597714455617487e-13
8.386069739211206749e-13
8.745987329205971729e-13
8.372232174921013142e-13
8.399825778515117896e-13
8.139480074079404131e-13
8.504306087589982249e-13
7.986257125555107153e-13
8.706428637159480793e-13
8.481939854361784378e-13
8.830688501434224706e-13
8.655667407597924261e-13
8.767686914442862081e-13
8.777649503780938555e-13
9.102502892541704294e-13
8.738850923249353413e-13
8.930514841035500242e-13
8.762862137111203812e-13
8.959548508379702172e-13
8.600975670749694080e-13
8.663243013390735864e-13
9.068094969115871544e-13
9.253222127098324611e-13
9.154114999143331808e-13
8.885960924582748130e-13
8.759298014298509271e-13
8.476168167116201335e-13
8.773435549189342281e-13
8.552133863624595300e-13
9.268185157102360894e-13
9.877625843912796669e-13
8.776561412540630929e-13
8.374055751828954025e-13
9.503445698092041479e-13
9.162200014449677107e-13
9.652564891504410641e-13
9.565398570488716882e-13
9.058658287350781864e-13
8.892188422221805061e-13
9.534107529048467728e-13
9.153221701791621326e-13
9.536388485049357736e-13
9.681812429033046412e-13
1.042142380195201943e-12
2.544378788031606337e-13
1.134460734574865208e-12
4.761082103904804779e-13
1.072465877669453418e-12
8.776539851779910113e-13
9.019256295506964501e-13
7.178325453065716908e-13
8.762705428511131399e-13
9.112855020316313906e-13
8.199481764995452772e-13
8.783981502568152612e-13
8.949558774657057487e-13
8.728772667921074654e-13
8.306040027385589322e-13
8.507316166782964456e-13
8.865969830513823329e-13
9.130329073639427442e-13
8.746286991629227418e-13
8.739941275251614312e-13
8.668625519747034385e-13
8.624767715946350790e-13
8.528841216227784276e-13
8.609784463199767984e-13
8.697644254482935737e-13
8.850176664380734720e-13
9.081052159058384401e-13
8.742773784185877127e-13
8.784103367458615793e-13
9.015504804947866308e-13
8.740810861497367720e-13
8.771260486308646869e-13
8.789240726098959358e-13
8.829470189944587147e-13
8.939172150714413838e-13
8.915653586747897471e-13
8.401560119297608980e-13
8.846953469812912915e-13
9.134806758674687584e-13
9.358562278371158592e-13
8.877727259813668168e-13
8.916558354669715853e-13
8.951141080930022854e-13
9.248443085074649379e-13
8.709619036133140836e-13
9.303038957141143235e-13
1.014101342893155248e-12
8.279879826261287821e-13
8.577926926431109323e-13
8.795545388291438556e-13
8.762764288815737358e-13
8.439299296411663034e-13
9.021059117320972417e-13
9.109706525179380637e-13
8.570745518775955867e-13
9.841389210878360355e-13
1.008886143589833267e-12
1.007836522190514460e-12
5.417565843517156060e-13
6.596654055317907689e-13
9.338388383176831036e-13
8.292621691055503208e-13
1.232985399579789977e-12
8.842824838163849644e-13
1.293796407372263509e-12
9.108068770417956269e-13
8.734585314564340254e-13
9.181852145710128785e-13
8.388063939407100401e-13
8.751206706651209198e-13
8.948624607277899669e-13
8.590466991296604648e-13
8.912656887245171353e-13
8.791338353099753157e-13
8.716372708881530820e-13
8.800305048550956333e-13
8.832908519516151734e-13
8.983218745526585892e-13
8.556612695221455727e-13
8.174167094057119916e-13
8.106510389723565268e-13
7.702798483553927204e-13
8.016383434980747918e-13
7.905013292821455776e-13
8.037504745042334144e-13
7.928016798728381615e-13
8.425673843187490103e-13
8.804167206493718023e-13
8.998523220659475309e-13
9.046161225150119345e-13
9.246857421743763703e-13
9.350022680701777477e-13
8.384038132869906830e-13
8.369416827083227797e-13
8.421096774197410330e-13
9.245636014561588837e-13
9.007422567834326887e-13
8.940339124265295747e-13
8.988964215464718620e-13
8.523444786232396417e-13
8.479803862000381177e-13
8.772673671221089106e-13
8.588044946314103241e-13
8.727174765659637669e-13
8.801933836427156875e-13
8.207520259360883199e-13
9.107568464189558464e-13
8.421800685874024554e-13
8.976770626312388771e-13
9.229791967107658864e-13
9.023845572834835597e-13
9.038448962987501732e-13
9.972422490173714164e-13
8.625696770648435893e-13
8.416616960819977799e-13
9.436189505153656029e-13
5.400148323683069909e-14
1.085983464446795585e-12
8.910600394909931021e-13
7.486252006827209379e-13
1.830990046334965144e-12
8.757097970194616570e-13
8.764953350473779654e-13
8.830012460724658625e-13
6.400348523418638517e-13
9.128672274954677346e-13
9.196443885911130398e-13
8.907015365500920280e-13
8.670198523594999711e-13
8.915192372199177613e-13
8.678426889829658097e-13
8.421559423327012454e-13
8.025435951643048547e-13
6.736777490690499500e-13
7.137963583939577012e-13
3.683521470325769656e-13
2.049133239987489445e-13
4.502061790340154244e-14
1.661194095809098159e-01
1.446261727228202149e-13
3.805530508857371368e-13
6.643847612022803063e-13
8.116744936771883988e-13
8.830479326323732698e-13
