#Variance for the Conditional distribution of mass given radius from initial fitting w/o bootstrap
1.113933847821153289e-01
3.405546107715704679e-02
3.460062485908032420e-02
3.552856676161066096e-02
3.684368070560035263e-02
3.853920193365441976e-02
4.059711332391850724e-02
4.298897769068412561e-02
4.567761821485465806e-02
4.861943855528230718e-02
5.176708666149686111e-02
5.507214046438488331e-02
5.848752935731749147e-02
6.196948602182539984e-02
6.547892335172299239e-02
6.898222633427276984e-02
7.245152162513461558e-02
7.586453105009348385e-02
7.920413082033328500e-02
8.245773251747148813e-02
8.561658325436941053e-02
8.867505839536565793e-02
9.162999631372061027e-02
9.448010409733188786e-02
9.722544723356238427e-02
9.986702518439265208e-02
1.024064277729631184e-01
1.048455635317214335e-01
1.071864496889674973e-01
1.094310534985451222e-01
1.115811755254181858e-01
1.136383668389027712e-01
1.156038735323021566e-01
1.174786033917426670e-01
1.192631107678048530e-01
1.209575967055018936e-01
1.225619221413676713e-01
1.240756324838630797e-01
1.254979921728914261e-01
1.268280278943947625e-01
1.280645790435479825e-01
1.292063538287961666e-01
1.302519891385466588e-01
1.312001120063011617e-01
1.320494002629300223e-01
1.327986398081116015e-01
1.334467759103034057e-01
1.339929560868635683e-01
1.344365624372142742e-01
1.347772317970252487e-01
1.350148627256842482e-01
1.351496090911515069e-01
1.351818608218128548e-01
1.351122131945926286e-01
1.349414267641681486e-01
1.346703806593872177e-01
1.343000224423095135e-01
1.338313180200976504e-01
1.332652052122361430e-01
1.326025545089009883e-01
1.318441403212683716e-01
1.309906256329896046e-01
1.300425624217330933e-01
1.290004095301137688e-01
1.278645688157382110e-01
1.266354393802097134e-01
1.253134884410248839e-01
1.238993359446918657e-01
1.223938483132870070e-01
1.207982347854155425e-01
1.191141377119630251e-01
1.173437060060042725e-01
1.154896388941829416e-01
1.135551854016808859e-01
1.115440838955277236e-01
1.094604257950200082e-01
1.073084284865145760e-01
1.050921047297399546e-01
1.028148194851901537e-01
1.004787301081728201e-01
9.808411223467770890e-02
9.562858165469036165e-02
9.310623290417123499e-02
9.050673037857237535e-02
8.781441189711561290e-02
8.500750578314718309e-02
8.205763368638077648e-02
7.892989180565453122e-02
7.558399726142941977e-02
7.197727520532420931e-02
6.807063662313381225e-02
6.383905165491955691e-02
5.928803238333327924e-02
5.447659124620096716e-02
4.954392932731812443e-02
4.473091262287166164e-02
4.037976486108164897e-02
3.689303102770481041e-02
3.464611083001152558e-02
3.387847709391754447e-02
