#Conditional distribution of mass given radius from initial fitting w/o bootstrap
nan
-7.691902790163470671e-01
-7.574515638194602163e-01
-7.493547161989985161e-01
-7.433293232576126952e-01
-7.384721343394253790e-01
-7.341538446567626996e-01
-7.298460191435804933e-01
-7.250322938272399931e-01
-7.191567907201540377e-01
-7.115924115475482647e-01
-7.016236636715242891e-01
-6.884445651741940564e-01
-6.711754987201216105e-01
-6.489043664040445858e-01
-6.207565337809771711e-01
-5.859938450858941383e-01
-5.441348389408170449e-01
-4.950772083525554756e-01
-4.391932296011131220e-01
-3.773653893011528759e-01
-3.109383432860977625e-01
-2.415851377368843367e-01
-1.711128713936391210e-01
-1.012530446547941360e-01
-3.348471605034093052e-02
3.107628080180674379e-02
9.171263223163132750e-02
1.480771981527369552e-01
2.001243492359271181e-01
2.480253567234944057e-01
2.920865509374603874e-01
3.326811753992545695e-01
3.701990709536654989e-01
4.050137816522973444e-01
4.374643284844553226e-01
4.678481355482952408e-01
4.964217484540008329e-01
5.234065526312077221e-01
5.489973727059336284e-01
5.733724584341519659e-01
5.967038767752910200e-01
6.191677199925302855e-01
6.409538109757304536e-01
6.622747468730462161e-01
6.833741738593329673e-01
7.045341261079839379e-01
7.260810814908961186e-01
7.483900739980715588e-01
7.718857545375692464e-01
7.970387293586849164e-01
8.243549063351085504e-01
8.543551191434224368e-01
8.875422937255593725e-01
9.243543356701759972e-01
9.651032789119365907e-01
1.009905373739819368e+00
1.058612374378074428e+00
1.110759821824617521e+00
1.165550854593627950e+00
1.221890887488753075e+00
1.278477862366601769e+00
1.333936899141574539e+00
1.386973207276330111e+00
1.436510259568467118e+00
1.481785181642319538e+00
1.522387635858211574e+00
1.558245246506568815e+00
1.589570900610680182e+00
1.616791814292423135e+00
1.640478026357081953e+00
1.661282171590088952e+00
1.679896147041339605e+00
1.697025468677692883e+00
1.713379203220635860e+00
1.729671959834481187e+00
1.746633804219350328e+00
1.765023353351509838e+00
1.785638064385844048e+00
1.809313370035234847e+00
1.836898769060529402e+00
1.869195197090105287e+00
1.906837019842113179e+00
1.950110039459594935e+00
1.998722430844557918e+00
2.051592106195291976e+00
2.106765361190407138e+00
2.161591011677974628e+00
2.213189145507266975e+00
2.259086435510806012e+00
2.297757985479395249e+00
2.328848305472298374e+00
2.353028298466961932e+00
2.371626734250803725e+00
2.386228476475980909e+00
2.398369053212542124e+00
2.409362687256879187e+00
2.420240590304345130e+00
2.431757744002481569e+00
nan
