#Lower limit for the Conditional distribution of mass given radius from initial fitting w/o bootstrap
5.850934980643038662e-09
-9.177201700537971352e-01
-9.157768718566828836e-01
-9.120387604712171248e-01
-9.060653559270102075e-01
-8.973912302790488793e-01
-8.855203979013982485e-01
-8.699081065963536474e-01
-8.499305440633745379e-01
-8.248545864047485132e-01
-7.938478176427403721e-01
-7.561353129916210669e-01
-7.115132548230956866e-01
-6.613358413778379630e-01
-6.091824357364522546e-01
-5.595733860229179513e-01
-5.155202333924810976e-01
-4.777589097656920192e-01
-4.456402767415272304e-01
-4.180617930628702794e-01
-3.939206004692378249e-01
-3.722557886837182806e-01
-3.522649847390960653e-01
-3.332838243552238566e-01
-3.147609458141190086e-01
-2.962387346264283017e-01
-2.773420618149117778e-01
-2.577746607132145318e-01
-2.373219946787361034e-01
-2.158587545109700856e-01
-1.933583515453944912e-01
-1.699006661839735088e-01
-1.456733251066442414e-01
-1.209616607961337409e-01
-9.612438069680646902e-02
-7.155578738296784758e-02
-4.764058384774760152e-02
-2.471061134286397717e-02
-3.012625924475450297e-03
1.730785204376032727e-02
3.620696619524704785e-02
5.373167485305906099e-02
7.000331704249172782e-02
8.520061346267869540e-02
9.954526912410198436e-02
1.132916760186166438e-01
1.267210020478632126e-01
1.401393012805381699e-01
1.538790324918224983e-01
1.683033633818927233e-01
1.838127487515516245e-01
2.008534442301206924e-01
2.199278460493143683e-01
2.416068618648914978e-01
2.665449646845761134e-01
2.954991831356837406e-01
3.293539200496975461e-01
3.691535873659348432e-01
4.161425704933142677e-01
4.718004967714726772e-01
5.378204962295087821e-01
6.158572285926081635e-01
7.065957845841347451e-01
8.075451156395117014e-01
9.107679025303535569e-01
1.005522872518375133e+00
1.085252269434380468e+00
1.149496670728970438e+00
1.200764005381464328e+00
1.242000274190326214e+00
1.275720921493888715e+00
1.303901522468395857e+00
1.328071703003026682e+00
1.349429898937194228e+00
1.368936971066274877e+00
1.387385771486667085e+00
1.405451557597023005e+00
1.423727989284464535e+00
1.442751722592511499e+00
1.463016609026217107e+00
1.484976621537149599e+00
1.509034886661026587e+00
1.535514773821276657e+00
1.564609329993708497e+00
1.596309631607181867e+00
1.630324351290070695e+00
1.666022765118049254e+00
1.702452224757590837e+00
1.738474918783450507e+00
1.773018926191284983e+00
1.805369664534297813e+00
1.835406730818734289e+00
1.863749334889905684e+00
1.891869683670419855e+00
1.922325972338450928e+00
1.959407537928675724e+00
2.010910819220645962e+00
2.093218143767770378e+00
2.243918245995740524e+00
5.850934980643038662e-09
