#Upper limit for the Conditional distribution of mass given radius from initial fitting w/o bootstrap
5.850934980643038662e-09
-4.096408247520766932e-01
-3.887344072632383241e-01
-3.463374851852863423e-01
-2.746745018233714974e-01
-1.707574179454411645e-01
-4.976414240871798733e-02
6.270797223780179286e-02
1.548335737675476109e-01
2.273069516492954023e-01
2.841613261899038623e-01
3.292621570154110611e-01
3.656752952604881424e-01
3.957376195870386248e-01
4.212313900786625043e-01
4.435375673168074906e-01
4.637515218709161169e-01
4.827657411118300157e-01
5.013263195105519543e-01
5.200683643514416588e-01
5.395337823772116126e-01
5.601735649057250077e-01
5.823365667548152658e-01
6.062478582080538247e-01
6.319822997628549155e-01
6.594423851646932233e-01
6.883518934995399574e-01
7.182754058261719976e-01
7.486669644329031481e-01
7.789402181025025795e-01
8.085436549306030951e-01
8.370229875587694712e-01
8.640593556196898284e-01
8.894817239482600835e-01
9.132593758834318676e-01
9.354832520253013595e-01
9.563441235793204154e-01
9.761131702943793842e-01
9.951280913392057670e-01
1.013786354088528130e+00
1.032546166588339753e+00
1.051935770690040739e+00
1.072571795327284416e+00
1.095188198076536779e+00
1.120677673492947779e+00
1.150147251500796219e+00
1.184985490404732777e+00
1.226922477188935101e+00
1.278012574821734137e+00
1.340341251536110168e+00
1.415067860805045763e+00
1.500649840414882252e+00
1.591760460826492585e+00
1.681435700493946639e+00
1.764737241837512238e+00
1.839825525294046304e+00
1.906815866249584213e+00
1.966585892630519083e+00
2.020169823627439243e+00
2.068540199352326248e+00
2.112556201669096190e+00
2.152969221064985117e+00
2.190442650976607286e+00
2.225570897449330232e+00
2.258892877349632844e+00
2.290898794763743140e+00
2.322029614197515635e+00
2.352668712679922614e+00
2.383125176819230084e+00
2.413609330067327807e+00
2.444204160871508158e+00
2.474841788366321182e+00
2.505299554995409128e+00
2.535229415878947457e+00
2.564221638049109409e+00
2.591883817590476369e+00
2.617905635286252419e+00
2.642089373609003200e+00
2.664346679558620146e+00
2.684675919793802823e+00
2.703135590868327220e+00
2.719823305621527965e+00
2.734863763428574401e+00
2.748405516326710707e+00
2.760624877424945112e+00
2.771734810389126391e+00
2.781996215725136778e+00
2.791728332788490086e+00
2.801313924435093305e+00
2.811194060236120063e+00
2.821847014610502136e+00
2.833747324304361381e+00
2.847305590465356140e+00
2.862798472740500699e+00
2.880310277528613128e+00
2.899715285286820432e+00
2.920721642067665602e+00
2.942970780256486840e+00
2.966160663014620447e+00
5.850934980643038662e-09
