#Akaike Information Criterion from bootstrap run
3.353858417686624307e+02
3.627656359869260427e+02
2.955525463158336947e+02
2.986052009813398627e+02
3.471081314958411213e+02
2.515427855370511452e+02
3.026465019568501589e+02
2.654575358488860388e+02
3.016013280502706380e+02
2.682152067551618302e+02
2.884072315967271152e+02
2.621221777450636523e+02
2.487724485397988019e+02
2.684675916755467711e+02
2.995360555907881803e+02
3.231926644868749463e+02
3.104545343704284619e+02
2.824062154492312402e+02
3.027072110802466227e+02
2.655278244127804328e+02
3.192911436725204339e+02
2.943589786275897495e+02
3.065534342788910180e+02
2.822403488420654298e+02
2.955980044681974732e+02
3.001898487567104326e+02
2.969117168756360456e+02
3.194438402414377265e+02
3.041532045541907223e+02
2.493292559391186387e+02
3.359995769991382986e+02
2.759131398460354490e+02
2.513571755549501461e+02
3.251232585721261330e+02
3.504827258063094177e+02
3.137611641462514172e+02
3.168697819044731432e+02
3.233221688489976486e+02
3.289484000834039534e+02
3.022907702398774745e+02
2.809698519881289940e+02
2.979944697082611924e+02
2.739609217472198566e+02
2.934819069609768576e+02
2.770029701932835451e+02
3.104526806288188254e+02
2.978744652096834784e+02
3.095296458797405421e+02
2.809958521239722700e+02
3.350590526881358642e+02
