#Bayesian Information Criterion from bootstrap run
3.766177258308405271e+02
4.039975200491041392e+02
3.367844303780117912e+02
3.398370850435179591e+02
3.883400155580192177e+02
2.927746695992292416e+02
3.438783860190282553e+02
3.066894199110641352e+02
3.428332121124487344e+02
3.094470908173399266e+02
3.296391156589052116e+02
3.033540618072417487e+02
2.900043326019768983e+02
3.096994757377248675e+02
3.407679396529662768e+02
3.644245485490530427e+02
3.516864184326065583e+02
3.236380995114093366e+02
3.439390951424247191e+02
3.067597084749585292e+02
3.605230277346985304e+02
3.355908626897678459e+02
3.477853183410691145e+02
3.234722329042435263e+02
3.368298885303755696e+02
3.414217328188885290e+02
3.381436009378141421e+02
3.606757243036158229e+02
3.453850886163688187e+02
2.905611400012967351e+02
3.772314610613163950e+02
3.171450239082135454e+02
2.925890596171282141e+02
3.663551426343042294e+02
3.917146098684875142e+02
3.549930482084295136e+02
3.581016659666512396e+02
3.645540529111757451e+02
3.701802841455820499e+02
3.435226543020555710e+02
3.222017360503070904e+02
3.392263537704392888e+02
3.151928058093979530e+02
3.347137910231549540e+02
3.182348542554616415e+02
3.516845646909969219e+02
3.391063492718615748e+02
3.507615299419186385e+02
3.222277361861503664e+02
3.762909367503139606e+02
