#Variance for the Conditional distribution of mass given radius from initial fitting w/o bootstrap
2.690541708788168340e-01
4.049086140149516511e-01
4.508351698492070181e-01
4.739093140231635526e-01
4.877821842655281070e-01
4.970375358370013319e-01
5.036480630406942050e-01
5.086028139780387480e-01
5.124523181445839182e-01
5.155273577928475293e-01
5.180386479502950836e-01
5.201267672918886698e-01
5.218890823245314614e-01
5.233951499991335021e-01
5.246959674646975991e-01
5.258297570072987259e-01
5.268257108802184563e-01
5.277064882863996553e-01
5.284899235578887078e-01
5.291902211394330369e-01
5.298188080760233287e-01
5.303849526667296921e-01
5.308962201578880657e-01
5.313588127128153760e-01
5.317778257556916577e-01
5.321574428782323007e-01
5.325010848827490539e-01
5.328115240377057082e-01
5.330909715112069902e-01
5.333411437608912564e-01
5.335633120963483300e-01
5.337583384959541100e-01
5.339266999226687238e-01
5.340685027539021634e-01
5.341834884578315901e-01
5.342710312698769615e-01
5.343301283183244932e-01
5.343593823959061906e-01
5.343569773591847483e-01
5.343206459489285853e-01
5.342476296548259729e-01
5.341346300920659651e-01
5.339777512132010129e-01
5.337724315464887903e-01
5.335133655344459491e-01
5.331944129498304985e-01
5.328084953010573388e-01
5.323474781208347162e-01
5.318020380833954341e-01
5.311615140490408837e-01
5.304137414337561918e-01
5.295448698055704728e-01
5.285391643964120201e-01
5.273787933900444536e-01
5.260436045321057463e-01
5.245108969662990450e-01
5.227551974204179830e-01
5.207480541605203905e-01
5.184578677229366717e-01
5.158497845197371756e-01
5.128856881096300890e-01
5.095243331727014047e-01
5.057216786449080237e-01
5.014314881596710904e-01
4.966062762398102959e-01
4.911986848584427579e-01
4.851633730191741156e-01
4.784594865066815750e-01
4.710537395085455659e-01
4.629240779782941018e-01
4.540638019729988928e-01
4.444859014672820074e-01
4.342272170813797350e-01
4.233518961373621825e-01
4.119535115513029422e-01
4.001551919609422359e-01
3.881072201070809857e-01
3.759818170518277047e-01
3.639652275260776837e-01
3.522476916835560190e-01
3.410123231740963545e-01
3.304241917524588512e-01
3.206209395699263776e-01
3.117060210078755333e-01
3.037452049155436873e-01
2.967664349056432505e-01
2.907626439769019910e-01
2.856967699886026613e-01
2.815080656323447617e-01
2.781188275488274408e-01
2.754408302791163665e-01
2.733809740486816686e-01
2.718458815715560362e-01
2.707453688717815221e-01
2.699948509650257344e-01
2.695168244026140414e-01
2.692416043584891505e-01
2.691074971123630366e-01
2.690605720529909983e-01
2.690541708306963820e-01
