#Upper limit for the Conditional distribution of Mass given Radius from initial fitting w/o bootstrap
6.621654067809208751e-09
-3.904165886067875180e-01
-3.904142833305816462e-01
-3.904078454842798140e-01
-3.903978662356117346e-01
-3.903834457891496301e-01
-3.903485220529867572e-01
-3.901262466700952114e-01
-3.883659696330056255e-01
-3.758233453615922870e-01
-2.850079993066161888e-01
6.610865702516688369e-01
9.151552994329937851e-01
9.843210209962883761e-01
1.004497063445450422e+00
1.012528407855316281e+00
1.017497013333122258e+00
1.021591440686412389e+00
1.025386532249297433e+00
1.029066992375140766e+00
1.032719705979038727e+00
1.036409226033040643e+00
1.040200561906907684e+00
1.044168832595947949e+00
1.048405749294086142e+00
1.053025193393320125e+00
1.058167539819778069e+00
1.064000702670731213e+00
1.070714172630666150e+00
1.078500855909676037e+00
1.087521815128523528e+00
1.097853766377933082e+00
1.109430610120110572e+00
1.122005325668120834e+00
1.135164835465449107e+00
1.148412424441603186e+00
1.161293789693934819e+00
1.173513669007061111e+00
1.184999072402552978e+00
1.195902314636968500e+00
1.206568209185105323e+00
1.217495823545578615e+00
1.229312898365092721e+00
1.242764525323877933e+00
1.258703590232961522e+00
1.278057748751142864e+00
1.301734528812433345e+00
1.330419848303329822e+00
1.364255150771511049e+00
1.402489242385156265e+00
1.443364861667587373e+00
1.484490755438550469e+00
1.523580283887121523e+00
1.559079919110428980e+00
1.590366470899582607e+00
1.617597238562772599e+00
1.641456399287427814e+00
1.662959316075206750e+00
1.683367846599736595e+00
1.704217994674257275e+00
1.727452713518168315e+00
1.755661123972429349e+00
1.792427908114356372e+00
1.842745221552209767e+00
1.913150389607626067e+00
2.010169005536298403e+00
2.133966952933173733e+00
2.270474329382051515e+00
2.399513369416143238e+00
2.510273665237308105e+00
2.601217192300472991e+00
2.674271875616964333e+00
2.732032057430560990e+00
2.777031726741844064e+00
2.811597928720750428e+00
2.837784302068658171e+00
2.857323708066197288e+00
2.871620624614794615e+00
2.881781300862154005e+00
2.888662019159638383e+00
2.892917665644077374e+00
2.895041151894695464e+00
2.895390572890438996e+00
2.894203956535980726e+00
2.891602053297301023e+00
2.887579584414129652e+00
2.881985949216050891e+00
2.874499892574113424e+00
2.864612663115296165e+00
2.851654219398367385e+00
2.834920045507911990e+00
2.813938083245302479e+00
2.788770920029168376e+00
2.759992626957509465e+00
2.727899558962223470e+00
2.690720652542755609e+00
2.641659573973566655e+00
2.567060137538379916e+00
2.465585892569606585e+00
6.621654067809208751e-09
