#Lower limit for the Conditional distribution of Mass given Radius from initial fitting w/o bootstrap
6.621654067809208751e-09
-9.823832940161894012e-01
-9.823877990239234803e-01
-9.824058673963825816e-01
-9.824322567239514026e-01
-9.824637014361548015e-01
-9.824954819214027912e-01
-9.824965156236474817e-01
-9.822247840296804977e-01
-9.800888309314184088e-01
-9.673640916158028347e-01
-9.069885958352605915e-01
-6.844461981520760796e-01
2.262235551333733052e-01
3.457573120640824449e-01
3.715499922078416839e-01
3.808232527940062506e-01
3.859946585254984130e-01
3.899309104501681444e-01
3.933960345850691098e-01
3.966300836818462683e-01
3.997331668824557482e-01
4.027676172834789292e-01
4.057885420501375351e-01
4.088554681538316693e-01
4.120390949144583370e-01
4.154268691587018614e-01
4.191278590630894696e-01
4.232757704728702386e-01
4.280275048408529459e-01
4.335533531218296877e-01
4.400146880326581966e-01
4.475277325256263872e-01
4.561191002178415221e-01
4.656893268136936825e-01
4.760067209179105752e-01
4.867463801771876319e-01
4.975666588617153607e-01
5.081932500417231102e-01
5.184784304259195675e-01
5.284214220855966149e-01
5.381578951609223838e-01
5.479366581026624550e-01
5.580983864647600656e-01
5.690624062920096593e-01
5.813192453252243874e-01
5.954204651742456278e-01
6.119523579187724494e-01
6.314762090650022364e-01
6.544175857946455954e-01
6.808974153583268185e-01
7.105280040036557887e-01
7.422513754810514675e-01
7.743475949782786527e-01
8.047139378908256813e-01
8.313582689866458875e-01
8.528707984957742960e-01
8.686514855091800325e-01
8.788760598828735393e-01
8.843479424789189025e-01
8.863821249797068091e-01
8.867818374675888737e-01
8.878994761956058301e-01
8.927476424288969259e-01
9.051327371381386877e-01
9.297977588202125387e-01
9.725287481345097351e-01
1.039961538198321156e+00
1.138080879192030936e+00
1.267321509301238436e+00
1.415573525595204885e+00
1.560718966998708046e+00
1.685366368632247980e+00
1.784798205440973895e+00
1.862317222005168471e+00
1.923093543889580648e+00
1.971556963799026230e+00
2.010946266379068259e+00
2.043511909175824037e+00
2.070803905820401969e+00
2.093903170893255616e+00
2.113581759035175978e+00
2.130406370631670931e+00
2.144801572190151884e+00
2.157085394995441607e+00
2.167485740330668431e+00
2.176142756224082486e+00
2.183100251652990931e+00
2.188288271225629078e+00
2.191498451064784803e+00
2.192350939372915253e+00
2.190237922358058142e+00
2.184185771964904710e+00
2.172476089129681931e+00
2.151680695842090874e+00
2.114662251584449315e+00
2.048927836142780734e+00
1.947083495102429396e+00
1.834134556707028185e+00
6.621654067809208751e-09
