#Conditional distribution of Mass given Radius from initial fitting w/o bootstrap
6.621654067809208751e-09
-6.913810157702928727e-01
-6.913815101695438559e-01
-6.913849809439562843e-01
-6.913897559690760364e-01
-6.913943854182460491e-01
-6.913925317370148704e-01
-6.913253737459145176e-01
-6.907223150348745788e-01
-6.864637088781334606e-01
-6.607366157357247305e-01
-5.133960754494505396e-01
4.862773003822484230e-01
6.456900131546282617e-01
6.817570074196700469e-01
6.934692797819368426e-01
6.993664448981268267e-01
7.036652259238820317e-01
7.074280386108500185e-01
7.109648441344339487e-01
7.143944011788317949e-01
7.177857944244777633e-01
7.211981092656110093e-01
7.246942670388919483e-01
7.283483579795418938e-01
7.322513973474216176e-01
7.365165181811578199e-01
7.412826550951618909e-01
7.467143773750561930e-01
7.529939235039813106e-01
7.603004856789972177e-01
7.687731241033244345e-01
7.784598973828005253e-01
7.892676188151732664e-01
8.009388665897415605e-01
8.130821927738642874e-01
8.252586092591203126e-01
8.370932365639247585e-01
8.483650313391047915e-01
8.590450711959579655e-01
8.692870825820517844e-01
8.793947150335370555e-01
8.897895645001623333e-01
9.009920187654698598e-01
9.136145624616062166e-01
9.283580069616534924e-01
9.459936235611596800e-01
9.673063165259616625e-01
9.929677851357846530e-01
1.023315589752643140e+00
1.058059146721918697e+00
1.096036760894038453e+00
1.135251585354292381e+00
1.173334678427149447e+00
1.208246174783870419e+00
1.238784770414144143e+00
1.264675223041049845e+00
1.286363903920439089e+00
1.304765794201183882e+00
1.321106192542484736e+00
1.336889576961654003e+00
1.353980163864302311e+00
1.374769243367322868e+00
1.402396068119975414e+00
1.440948833976139154e+00
1.495457580629364847e+00
1.571229173810650526e+00
1.671612684436849960e+00
1.793334464548208551e+00
1.922706589892204443e+00
2.042038814133748215e+00
2.141525223328473171e+00
2.220601865684419973e+00
2.282680438022695046e+00
2.331649125545331103e+00
2.370721139498650487e+00
2.402288875985390426e+00
2.428066820848409524e+00
2.449272832996318261e+00
2.466778015081396269e+00
2.481214483679166527e+00
2.493047290429192930e+00
2.502619496222900253e+00
2.510178184793849798e+00
2.515887169316477490e+00
2.519830571358082416e+00
2.522010754062141480e+00
2.522344491901070906e+00
2.520662617885688128e+00
2.516719341802775567e+00
2.510213577710038280e+00
2.500806807105735885e+00
2.488077886650590376e+00
2.471274291900953823e+00
2.448587264671743036e+00
2.415486030665004780e+00
2.362019855406883195e+00
2.275532710618745291e+00
2.169250856758334400e+00
6.621654067809208751e-09
