#Variance for the Conditional distribution of radius given mass from initial fitting w/o bootstrap
nan
3.224527811478247047e-02
3.181120132289237679e-02
3.139170753216363047e-02
3.098598077944413401e-02
3.059325853540214787e-02
3.021285968525555532e-02
2.984422056687216843e-02
2.948694023216556076e-02
2.914083582941202552e-02
2.880600831375269497e-02
2.848291735303294658e-02
2.817246203997661458e-02
2.787606060665873825e-02
2.759571767930794201e-02
2.733406201895514573e-02
2.709433218783851086e-02
2.688028420452180309e-02
2.669599710604364171e-02
2.654556296529645212e-02
2.643266964821765555e-02
2.636011602224402547e-02
2.632933303433791436e-02
2.634000691794147198e-02
2.638989854731557325e-02
2.647491857587875794e-02
2.658945852316902531e-02
2.672691407482544884e-02
2.688029307777537597e-02
2.704279230326137040e-02
2.720825259308931945e-02
2.737144645272817853e-02
2.752819675288192131e-02
2.767535668962361681e-02
2.781069530892178038e-02
2.793273265027903032e-02
2.804055988750910750e-02
2.813366838519007485e-02
2.821180106256410136e-02
2.827483154892302189e-02
2.832267158621189565e-02
2.835520451633772449e-02
2.837224179021271761e-02
2.837349961118231997e-02
2.835859358581150486e-02
2.832705026062469489e-02
2.827833544641443139e-02
2.821190010510287935e-02
2.812724514576177975e-02
2.802400657450056579e-02
2.790206185762072327e-02
2.776165684557625052e-02
2.760354992987751679e-02
2.742916612180202815e-02
2.724074853966890891e-02
2.704148887489012804e-02
2.683561286769779036e-02
2.662839339868651109e-02
2.642606467614165566e-02
2.623561822300400984e-02
2.606447591431372210e-02
2.592005604249092432e-02
2.580927145330840292e-02
2.573801815336054094e-02
2.571072199358097332e-02
2.573000583787052320e-02
2.579652014973884619e-02
2.590895108468231969e-02
2.606418991746180941e-02
2.625762385596689188e-02
2.648349597326692811e-02
2.673528191650870189e-02
2.700604044922760849e-02
2.728870920654566032e-02
2.757633186819343635e-02
2.786221519848078657e-02
2.814002265786375023e-02
2.840381552382887503e-02
2.864805344392454267e-02
2.886756513260730142e-02
2.905749748781406155e-02
2.921324846289626020e-02
2.933038601520251629e-02
2.940455253606675742e-02
2.943135131079915867e-02
2.940620854966424433e-02
2.932420098681262285e-02
2.917983435673771053e-02
2.896675127369768496e-02
2.867733660798597178e-02
2.830217174095987429e-02
2.782926142517036863e-02
2.724290977224034377e-02
2.652203858140766632e-02
2.563758846692945625e-02
2.454835042078283222e-02
2.319398396471687718e-02
2.148270648171722239e-02
1.926819084409343505e-02
nan
