6.884543587500281669e-02
6.884543587500281669e-02
6.884543587500281669e-02
6.884543587500281669e-02
6.884543587500280282e-02
6.884543587500281669e-02
6.884543587500281669e-02
6.884543587500280282e-02
6.884543587500281669e-02
6.884543587500281669e-02
6.884543587500281669e-02
6.884543587500281669e-02
6.884543587500280282e-02
6.884543587500281669e-02
6.884543587500281669e-02
6.884543587500280282e-02
6.884543587500280282e-02
6.884543587500280282e-02
6.884543587500283057e-02
6.884543587500281669e-02
6.884543587500280282e-02
6.884543587500280282e-02
6.884543587500280282e-02
6.884543587500280282e-02
6.884543587500280282e-02
6.884543587500281669e-02
6.884543587500280282e-02
6.884543587500280282e-02
6.884543587500280282e-02
6.884543587500281669e-02
6.884543587500280282e-02
6.884543587500281669e-02
6.884543587500281669e-02
6.884543587500283057e-02
6.884543587500280282e-02
6.884543587500283057e-02
6.884543587500281669e-02
6.884543587500280282e-02
6.884543587500280282e-02
6.884543587500280282e-02
6.884543587500280282e-02
6.884543587500281669e-02
6.884543587500283057e-02
6.884543587500283057e-02
6.884543587500281669e-02
6.884543587500280282e-02
6.884543587500280282e-02
6.884543587500276118e-02
6.884543587500269179e-02
6.884543587500252526e-02
6.884543587500221995e-02
6.884543587500149830e-02
6.884543587500004114e-02
6.884543587499705741e-02
6.884543587499108996e-02
6.884543587497932160e-02
6.884543587495657591e-02
6.884543587491337435e-02
6.884543587483264726e-02
6.884543587468429371e-02
6.884543587441602219e-02
6.884543587393859854e-02
6.884543587310201773e-02
6.884543587165829759e-02
6.884543586920395530e-02
6.884543586509286883e-02
6.884543585830629753e-02
6.884543584726295073e-02
6.884543582954594232e-02
6.884543580151762654e-02
6.884543575778601099e-02
6.884543569047861522e-02
6.884543558827255216e-02
6.884543543512040842e-02
6.884543520860435251e-02
6.884543487783907623e-02
6.884543440082893651e-02
6.884543372115393967e-02
6.884543276380236665e-02
6.884543142985817543e-02
6.884542958955093550e-02
6.884542707281841867e-02
6.884542365592155599e-02
6.884541904162867765e-02
6.884541282881607993e-02
6.884540446463947860e-02
6.884539316813544085e-02
6.884537780727709166e-02
6.884535670064984014e-02
6.884532729759459957e-02
6.884528566294122187e-02
6.884522564784813226e-02
6.884513755621274322e-02
6.884500599940737708e-02
6.884480644283322293e-02
6.884449964100233799e-02
6.884402266151186389e-02
6.884327439768402057e-02
6.884209218345715975e-02
6.884021406761194062e-02
