8.176238858700430809e-03
8.176238771256410034e-03
8.176238680952909246e-03
8.176238587642464806e-03
8.176238491179058099e-03
8.176238391419109533e-03
8.176238288220597297e-03
8.176238181439901900e-03
8.176238070927018334e-03
8.176237956520818542e-03
8.176237838046588116e-03
8.176237715317401927e-03
8.176237588139853921e-03
8.176237456323356967e-03
8.176237319691219071e-03
8.176237178091393457e-03
8.176237031404846867e-03
8.176236879550250261e-03
8.176236722484318820e-03
8.176236560198033715e-03
8.176236392709458622e-03
8.176236220054280274e-03
8.176236042275304705e-03
8.176235859411981263e-03
8.176235671490896320e-03
8.176235478517824770e-03
8.176235280471623804e-03
8.176235077300081713e-03
8.176234868917468465e-03
8.176234655203592008e-03
8.176234436003990830e-03
8.176234211130851623e-03
8.176233980364404005e-03
8.176233743454511260e-03
8.176233500122283629e-03
8.176233250061608338e-03
8.176232992940585947e-03
8.176232728402843541e-03
8.176232456068780255e-03
8.176232175536713928e-03
8.176231886384003472e-03
8.176231588167980416e-03
8.176231280426706979e-03
8.176230962679319550e-03
8.176230634425813576e-03
8.176230295145950691e-03
8.176229944297126739e-03
8.176229581310761815e-03
8.176229205587066604e-03
8.176228816487855419e-03
8.176228413327189110e-03
8.176227995359771489e-03
8.176227561766967467e-03
8.176227111640534811e-03
8.176226643964138938e-03
8.176226157592905719e-03
8.176225651231246519e-03
8.176225123409309320e-03
8.176224572458326567e-03
8.176223996485220552e-03
8.176223393346605112e-03
8.176222760622372729e-03
8.176222095588771624e-03
8.176221395190808039e-03
8.176220656013517482e-03
8.176219874251525535e-03
8.176219045676010044e-03
8.176218165598015189e-03
8.176217228826800770e-03
8.176216229621660267e-03
8.176215161635438239e-03
8.176214017847658472e-03
8.176212790484846393e-03
8.176211470925273672e-03
8.176210049584728412e-03
8.176208515779192706e-03
8.176206857559101954e-03
8.176205061508090913e-03
8.176203112496132144e-03
8.176200993372238421e-03
8.176198684573520239e-03
8.176196163613333109e-03
8.176193404386347327e-03
8.176190376184985786e-03
8.176187042245533151e-03
8.176183357508585298e-03
8.176179265045654260e-03
8.176174690199055489e-03
8.176169530783308423e-03
8.176163640496248233e-03
8.176156800639452701e-03
8.176148671771509349e-03
8.176138711052950356e-03
8.176126031204421565e-03
8.176109160590193034e-03
8.176085636718124008e-03
8.176051320535660666e-03
8.175999245201199389e-03
8.175917692716900761e-03
8.175786996533802517e-03
