#Akaike Information Criterion from bootstrap run
9.750486278632604353e+02
9.664621627056721991e+02
1.004425063809592757e+03
1.032528073627219555e+03
1.034019751296283630e+03
9.711825609382879065e+02
1.009203665728230931e+03
1.027495089401496671e+03
9.722587242056060859e+02
1.020281525371679663e+03
9.982346906269648343e+02
9.519048188575937957e+02
1.000872302063727034e+03
9.958527248259906628e+02
1.009003136830651783e+03
1.008212050473540785e+03
1.034305146205510937e+03
1.002612672877313003e+03
1.028956293971914192e+03
9.973702181621337104e+02
9.668407096955647830e+02
1.013537945658167700e+03
9.231711355176400957e+02
1.043131907569892974e+03
9.626537999303671995e+02
9.626965568832670215e+02
9.872470970941132009e+02
9.766526802369686493e+02
1.030699332969064471e+03
1.008475863576607367e+03
9.989341661159166961e+02
1.020941864282948472e+03
1.028669898979762820e+03
9.818453227641906551e+02
1.058721991251748705e+03
9.918777518262204467e+02
9.292515537637578973e+02
9.689461222607691298e+02
9.957680320255479955e+02
1.013031811916705465e+03
1.046285194066764006e+03
9.986083543790302883e+02
9.732906442923967916e+02
1.003696321960590240e+03
9.682558690318802519e+02
1.002675546703919963e+03
1.013119537459858975e+03
9.863996675776379561e+02
9.789868769475370982e+02
9.468719170557114921e+02
