8.358924892706847895e-03
0.000000000000000000e+00
3.037893417475566150e-12
0.000000000000000000e+00
0.000000000000000000e+00
0.000000000000000000e+00
0.000000000000000000e+00
0.000000000000000000e+00
0.000000000000000000e+00
0.000000000000000000e+00
5.490402834838890230e-12
8.765770317354152609e-12
9.210215347375630212e-12
1.090888998071063439e-11
1.281628678173596141e-11
1.477917393663166854e-11
1.587585617278419395e-11
1.657830291012625318e-11
1.567789013554146414e-11
1.307158784264659257e-11
1.124546294925556462e-11
9.385760038360135163e-12
8.873866273303592213e-12
7.848452768587592627e-12
7.974130118360655556e-12
0.000000000000000000e+00
2.346652459625027264e-12
3.581918543936952023e-12
0.000000000000000000e+00
0.000000000000000000e+00
0.000000000000000000e+00
0.000000000000000000e+00
0.000000000000000000e+00
0.000000000000000000e+00
0.000000000000000000e+00
5.241092545777493484e-12
9.084858283603972394e-12
9.771355083941418588e-12
1.174960986474511881e-11
1.344553548164188539e-11
1.571186487424988415e-11
1.754899491817196730e-11
1.805019079998518699e-11
1.662249017508724200e-11
1.405676299172592083e-11
1.181056065704775137e-11
9.468982272342595453e-12
8.152095106407604333e-12
8.026070587871055820e-12
8.278605820635945353e-12
1.339096728903861884e-11
1.466122466137649473e-11
0.000000000000000000e+00
0.000000000000000000e+00
0.000000000000000000e+00
0.000000000000000000e+00
0.000000000000000000e+00
0.000000000000000000e+00
0.000000000000000000e+00
0.000000000000000000e+00
5.171660416142548023e-12
9.202184644091462346e-12
1.075483526226893947e-11
1.236879225308646848e-11
1.472456937306728662e-11
1.746520514029121483e-11
1.974854007577099476e-11
2.004456159174030036e-11
1.923374230981475940e-11
1.546074060119942013e-11
1.273845253502128702e-11
9.793539208783616287e-12
8.390220409870381931e-12
7.867116963432316933e-12
7.529375418339019224e-12
1.841190272422912249e-11
5.647289135287787613e-12
0.000000000000000000e+00
0.000000000000000000e+00
0.000000000000000000e+00
0.000000000000000000e+00
0.000000000000000000e+00
0.000000000000000000e+00
0.000000000000000000e+00
2.417754845594700254e-16
7.127959475416554457e-12
1.047696852127545561e-11
1.138346371481631187e-11
1.398272619108893670e-11
1.626874811660100138e-11
1.944240987246021835e-11
2.186273879372570612e-11
2.302598383161541026e-11
2.128119578552006306e-11
1.771680368399876086e-11
1.348442989430796631e-11
1.052609057239523002e-11
8.728062484235447795e-12
7.573629171070119677e-12
7.520520037783493910e-12
9.534434940369423123e-12
1.516207814374165498e-12
0.000000000000000000e+00
0.000000000000000000e+00
0.000000000000000000e+00
0.000000000000000000e+00
0.000000000000000000e+00
0.000000000000000000e+00
0.000000000000000000e+00
2.636337908255242775e-12
8.601102251014914524e-12
1.167490097991927503e-11
1.303392811091797315e-11
1.494146982697200832e-11
1.753635752629475899e-11
2.099827328828891930e-11
2.445614255213515339e-11
2.581257301111115675e-11
2.428720735846797026e-11
2.048831243854085227e-11
1.588205926760839631e-11
1.148827687256250574e-11
9.610039263988564113e-12
8.213759425587822899e-12
8.303112319347993497e-12
6.525375144373384830e-12
9.967977315307254872e-13
0.000000000000000000e+00
0.000000000000000000e+00
0.000000000000000000e+00
0.000000000000000000e+00
0.000000000000000000e+00
0.000000000000000000e+00
0.000000000000000000e+00
5.812910975286798901e-12
1.025992716123813907e-11
1.314983566823218025e-11
1.405208132059441465e-11
1.536704760373405430e-11
1.779001956007428186e-11
2.134792899276124807e-11
2.496952080285021243e-11
2.737773023785402567e-11
2.691331299150161128e-11
2.374276500990009193e-11
1.898343958609379852e-11
1.406530750808363722e-11
1.064562552853149979e-11
8.803226992176037583e-12
7.898973085738514424e-12
6.231444834661117670e-12
8.767577412139932892e-13
0.000000000000000000e+00
7.502661827945956585e-10
1.629217950310563154e-09
2.229025820924368517e-02
0.000000000000000000e+00
0.000000000000000000e+00
1.809041350324537837e-12
8.280142085263419431e-12
1.213523203263372609e-11
1.362246126930039320e-11
1.383045316915166799e-11
1.499243568611165874e-11
1.696056529669045886e-11
2.017119293628082048e-11
0.000000000000000000e+00
2.841380077456945209e-11
3.003586694975179491e-11
2.818296164146479041e-11
2.337843999898782042e-11
1.723117829746071053e-11
1.164126197662989028e-11
8.918928196408522351e-12
7.821451068601199144e-12
6.208123369197141742e-12
1.439369421036544129e-12
0.000000000000000000e+00
0.000000000000000000e+00
0.000000000000000000e+00
1.508964345433837055e-02
1.013466967258378404e-03
0.000000000000000000e+00
5.425077045694496696e-12
9.898294842764236578e-12
1.218620689306966904e-11
1.297380604291732070e-11
1.299017527054315771e-11
1.328704908734865007e-11
1.481398150484307414e-11
1.836235910630103217e-11
2.340956036290004934e-11
2.920640003047281479e-11
3.336568157572234451e-11
3.330967337477542905e-11
2.926225180838658255e-11
2.128312255863243198e-11
1.400439671210820851e-11
9.485452195005721957e-12
7.849959600867846533e-12
6.258293532097391408e-12
1.397099271882104401e-12
0.000000000000000000e+00
0.000000000000000000e+00
0.000000000000000000e+00
0.000000000000000000e+00
0.000000000000000000e+00
2.570996379238606521e-12
1.413185015198845373e-01
9.448000176235712977e-02
3.878760839590500591e-10
1.140829733444306099e-11
1.137760754440267622e-11
1.146661182757814102e-11
1.289534394627388508e-11
1.619782576941434886e-11
2.232693010902685130e-11
3.041103504224683249e-11
3.693510488505209550e-11
3.889241496104423837e-11
3.424891664638846272e-11
2.510915557947574735e-11
1.595367490374243552e-11
1.048854815094834916e-11
8.198050252403107034e-12
6.205729026673164535e-12
1.920920001755930621e-12
0.000000000000000000e+00
0.000000000000000000e+00
0.000000000000000000e+00
0.000000000000000000e+00
9.996846099923176337e-13
4.314701944107640397e-12
6.863306331340970346e-12
8.487927560749769803e-12
0.000000000000000000e+00
2.492099423279610648e-01
0.000000000000000000e+00
0.000000000000000000e+00
1.165257535065064072e-11
1.574307059884783174e-11
2.212668888696319115e-11
3.118361904384257356e-11
8.683318301437629804e-10
4.210986123199817130e-11
3.765166347957216846e-11
2.744611769119561968e-11
1.741434160573855904e-11
1.075939397980724104e-11
8.127806241128730808e-12
6.628480983788868529e-12
2.711567170664558104e-12
0.000000000000000000e+00
0.000000000000000000e+00
0.000000000000000000e+00
5.287681234223339331e-13
2.954179676127890708e-12
4.933698567928883142e-12
6.045272640202534423e-12
6.786878040365345093e-12
7.275867473439765640e-12
7.544359241965392708e-12
8.305917278215568762e-12
0.000000000000000000e+00
0.000000000000000000e+00
1.605000653642103317e-11
3.062873649360308564e-02
3.188793058422438633e-11
3.975246806961532790e-11
4.214280460341378686e-11
3.728434481314242671e-11
2.775073077301902893e-11
1.686378374201348597e-11
1.114278596923126474e-11
8.570066188629499652e-12
6.307342384975366239e-12
3.954470778883977952e-12
1.240446276581641327e-12
1.854613130552239328e-13
9.968563600489369970e-13
2.691817574418207230e-12
4.067247330690148102e-12
5.303530091986931141e-12
5.577671819562003425e-12
5.690996260284744634e-12
6.147166371291178483e-12
7.063043854592042647e-12
8.275538810776844467e-12
1.062383008185201161e-11
1.341599567580560779e-11
1.794136754274121317e-11
6.378746242644128817e-02
2.308962193992079512e-02
3.799390483916346856e-11
3.933639255012052606e-11
3.437819584387210294e-11
2.525268890096084589e-11
1.618408321542814715e-11
1.154091279915353407e-11
8.737045479066319754e-12
7.058919745737124141e-12
5.295593419171406326e-12
3.290909620746033813e-12
2.952456048126884505e-12
3.333876400228363917e-12
4.775213286284256228e-12
4.952353999665470756e-12
5.794136193652708748e-12
5.779801326461785690e-12
5.590090491988779950e-12
6.152193740373141982e-12
7.262521821998740220e-12
9.689570675212819138e-12
1.186829661506499690e-11
1.554093059460494028e-11
1.982489753491106954e-11
2.549686743391269612e-11
0.000000000000000000e+00
3.518035618522758862e-11
3.478750680219545896e-11
2.983140858365424629e-11
2.178749868315062200e-11
1.484444817680734478e-11
1.149092133611507472e-11
1.000827511225929069e-11
7.356758254378301361e-12
6.351329550983426772e-12
5.151417148188914147e-12
5.055401732882109376e-12
5.042568450675073794e-12
5.332689525420491386e-12
5.829946746675877728e-12
6.224590464126377338e-12
5.977436557862443055e-12
6.129664125460545643e-12
6.940736358146214503e-12
8.258242084900312852e-12
1.069356616095724419e-11
1.366258466212442446e-11
0.000000000000000000e+00
2.126890253361503460e-11
2.558053553777681775e-11
1.751616025814548500e-10
3.159395917530815016e-11
2.964171693691919651e-11
2.470401294009867145e-11
1.853560746279602258e-11
1.417320066911677303e-11
1.274546417485077234e-11
1.037172546536279706e-11
7.631820597833149930e-12
7.000427236162846294e-12
6.208714622769189966e-12
6.666960622406781161e-12
5.711310101464596666e-12
6.714521240674365233e-12
6.801459119266925760e-12
6.645869586028989333e-12
6.977977570958566308e-12
6.749386353581545533e-12
7.577577632087762865e-12
9.159676977673614825e-12
1.169790463280681784e-11
1.423534615644890940e-11
1.772607453510523055e-11
2.090039977595051045e-11
2.431519492873337703e-11
2.648250543378329435e-11
2.716025082492363603e-11
2.470162535318455708e-11
2.031432493282196874e-11
1.613741508353585456e-11
1.371658773875202886e-11
1.395272595755716827e-11
1.151761030632096164e-11
7.593694083464193935e-12
6.983730451884231433e-12
7.349372630152019841e-12
6.819783395904895148e-12
6.986079849680137547e-12
7.327066204046304243e-12
7.290388321018227424e-12
7.461024904517316983e-12
7.275151748116724573e-12
7.971868270459975034e-12
8.145360432367733443e-12
9.718656320945291913e-12
1.143347201818160000e-11
1.361537050440916050e-11
1.673255564718085241e-11
1.894320622429978501e-11
2.145432448256628929e-11
2.273826296422394030e-11
2.275762299328106577e-11
1.996521945775925597e-11
1.660605086881588829e-11
1.358205857324534310e-11
1.286477960580849398e-11
1.425128666424596345e-11
1.134478363857131575e-11
7.761482528957125025e-12
7.929052770668877881e-12
7.764029859498686935e-12
7.418934569835816105e-12
7.787909625684940149e-12
7.356252475633481507e-12
7.682919118167264020e-12
7.586668741791735835e-12
7.753576262631579909e-12
7.511149834395783684e-12
8.401069249272266690e-12
9.283642070197100777e-12
1.051248808248457279e-11
1.259240803544419096e-11
1.419702973017503779e-11
1.599925646396756684e-11
1.771708450143513417e-11
1.860656544804678479e-11
1.784382279045506254e-11
1.587940819236399391e-11
4.578616522548870776e-02
1.165982985764693127e-11
1.216514932034393981e-11
1.364537421315169640e-11
1.065682858975911137e-11
7.546585561816091593e-12
7.801358514577719513e-12
7.803498775130553294e-12
7.705918477136766126e-12
7.630715403657939478e-12
7.931513075753471625e-12
7.785261291412271699e-12
7.934329220666782994e-12
8.173496229763517164e-12
7.828390131123025961e-12
8.188175037894508521e-12
8.773683439529723304e-12
1.017604177818542179e-11
1.041410163432364983e-11
1.182670035503106383e-11
1.336712563562860092e-11
1.426559029144218989e-11
1.465068480397370162e-11
1.390648180246757525e-11
1.251056353595383624e-11
1.317159565813311249e-08
1.186634093133686063e-01
1.031682876750206200e-11
1.185832573735682665e-11
2.239059092388560619e-03
7.839628197646436048e-12
8.063206454807667729e-12
7.643699472965817000e-12
7.476269109638393614e-12
8.356443026576126432e-12
7.509239471954160758e-12
7.366343703367691792e-12
8.085758088771367491e-12
7.664527222564918683e-12
7.672602541927912049e-12
8.194170548109724203e-12
8.618800627819936203e-12
8.848721246692391293e-12
9.521947847787479072e-12
1.033701557254307182e-11
1.060768072283720129e-11
1.111559828169894060e-11
1.097996616256738444e-11
1.022217624214916320e-11
8.957255664970992925e-12
7.026923412600607116e-12
1.560731675695912202e-01
7.137968881453229641e-12
8.737055004469639616e-12
6.869718114357783492e-12
8.150448920648552225e-12
8.339390333972384339e-12
7.427204939534314725e-12
7.673667177754857924e-12
7.890228887914554568e-12
7.845948723900131480e-12
8.042338511340494113e-12
8.139423534386672402e-12
7.918616102280618746e-12
7.754948854114487983e-12
7.614673424325900170e-12
7.966703793059178920e-12
8.507097542656931678e-12
8.382735975486787291e-12
8.743901148308323750e-12
8.872942390394828535e-12
9.100666834931887357e-12
8.544216640870071338e-12
7.325629427954052838e-12
5.125132568409523960e-12
2.754683471867270038e-12
1.447089558721936357e-12
2.620022636274875927e-12
5.307683882132804749e-12
5.238418937297121031e-12
7.838464458505866986e-12
7.932716638669113396e-12
8.095645343718105967e-12
7.641426355246552976e-12
7.955061510646106794e-12
8.047019649935870052e-12
7.710923356341420162e-12
7.701507955461664765e-12
8.048926978201722908e-12
7.709584881668845148e-12
8.007380292251560022e-12
7.885734438684493456e-12
7.996780437644349106e-12
8.122040959742789059e-12
8.280778807368663732e-12
8.067839605006070666e-12
7.615918193491322379e-12
6.342814726718428557e-12
3.921948504465775065e-12
0.000000000000000000e+00
0.000000000000000000e+00
0.000000000000000000e+00
0.000000000000000000e+00
1.721250848649791882e-12
4.565567631639954618e-12
8.127654798038207438e-12
8.032417578934656675e-12
8.095285658059644643e-12
8.022590123321460019e-12
7.524831092509188673e-12
7.909350190677504590e-12
7.773374672214675980e-12
7.834571701159272201e-12
7.725515727181258250e-12
7.704525268599301247e-12
7.725773935296230055e-12
7.446676795234310479e-12
7.944187810898832636e-12
7.530039083875746082e-12
7.799514753569018649e-12
7.685780918618724577e-12
6.809950750770364559e-12
4.057556734581843785e-12
0.000000000000000000e+00
0.000000000000000000e+00
0.000000000000000000e+00
0.000000000000000000e+00
0.000000000000000000e+00
0.000000000000000000e+00
4.880985161599493360e-12
7.951400674987528285e-12
7.696524141433355663e-12
7.994978470675672884e-12
8.045581553746796394e-12
7.588029317988751237e-12
7.538718710295798407e-12
7.505149711405576657e-12
7.753346561970882199e-12
7.777415178339455194e-12
7.928627310489842036e-12
7.287214104129189439e-12
7.792286683525237432e-12
7.658712572546076685e-12
7.935785122455041185e-12
7.334179442180449464e-12
6.993364675759362580e-12
6.210971687623877066e-12
3.745522638319537963e-12
5.897475953149808972e-13
0.000000000000000000e+00
0.000000000000000000e+00
1.445547418319935960e-02
1.365438956336566278e-12
6.266457569198556002e-12
7.764667863934339513e-12
7.800309816857846570e-12
7.805063637348747869e-12
7.862135627648540394e-12
8.203864279292250080e-12
7.681816342760303224e-12
7.855710915943167954e-12
7.848057887031325822e-12
7.825484528385852680e-12
7.816101074794511050e-12
7.972360167037031802e-12
7.885088324961833896e-12
7.562939454605783422e-12
7.567602283590686560e-12
8.078201343329911215e-12
8.329889093506961011e-12
9.127919266398142479e-12
1.332591013350150807e-11
2.279841774831199339e-11
4.080498919501955374e-11
6.389609766520852476e-11
8.322794623250369061e-11
9.492664644479715996e-11
9.739063202343392551e-11
8.003534842486886739e-11
3.696433305977271850e-11
7.827712447007534967e-12
7.549865710896181174e-12
7.636611562811594054e-12
7.833258437236775208e-12
8.007470255241562582e-12
8.100763540588390222e-12
8.032844558844408305e-12
7.693779436096327045e-12
8.192004145358403425e-12
7.179543488842329063e-12
7.481243435852001465e-12
7.505934754932818096e-12
8.213175459005829708e-12
9.201288558478672602e-12
1.325278434999379704e-11
2.759471597991769323e-11
6.246660487280752952e-11
1.151216308981211693e-10
1.428792427734709390e-10
8.911810834985535979e-11
1.838122493717203453e-11
1.351615661369272130e-02
2.173092344837764642e-12
8.360199681470434059e-10
1.387283125885418009e-10
