#Bayesian Information Criterion from bootstrap run
4.995739273362279164e+03
5.025781088705987713e+03
5.091779031200437203e+03
5.100608507481278139e+03
5.058911752010202690e+03
4.988148035876111862e+03
5.002781384457000968e+03
5.034331144694899194e+03
5.011387812153996492e+03
5.044209436108876616e+03
4.939968352659957418e+03
5.059243544856060907e+03
5.029171602506428826e+03
4.980728220963721469e+03
5.083260872696415390e+03
5.074260034240943241e+03
5.017802640668020103e+03
5.040368223554551150e+03
5.084533571624757315e+03
4.967398263355341442e+03
5.024588944839575561e+03
5.048226701430729008e+03
5.024612478927853772e+03
5.095213571351021528e+03
5.060074313888771030e+03
4.969533104954277405e+03
4.999965612993024479e+03
4.980485731965142804e+03
5.081110255555449839e+03
4.981415753882393801e+03
