#Variance for the Conditional distribution of mass given radius from initial fitting w/o bootstrap
3.618306229335763874e-02
3.618306942169650930e-02
3.618400198616115310e-02
3.622202956525293061e-02
3.674937001979541873e-02
4.062052985098764391e-02
5.662824210852347717e-02
8.678917304810483679e-02
1.099943504267279770e-01
1.198655709482895904e-01
1.233489746399746984e-01
1.246209010035767423e-01
1.251779922699914338e-01
1.255345039605537394e-01
1.258892161026916312e-01
1.263343340803213810e-01
1.269131459652102223e-01
1.276284223550998020e-01
1.284415521195364229e-01
1.292832802691072369e-01
1.300790629524757602e-01
1.307747050373210262e-01
1.313472520054027592e-01
1.318001399277577701e-01
1.321517339029809612e-01
1.324253427155735185e-01
1.326434496577356681e-01
1.328254497204318096e-01
1.329873311521772294e-01
1.331420711686236436e-01
1.333000227714773167e-01
1.334689449544127215e-01
1.336536017438273161e-01
1.338551159461841555e-01
1.340705142045599263e-01
1.342930014116641979e-01
1.345132673933788769e-01
1.347215757767900313e-01
1.349098793430899001e-01
1.350731735776106446e-01
1.352097613560266920e-01
1.353206527297550754e-01
1.354085865205123251e-01
1.354770939974959676e-01
1.355298158391063934e-01
1.355701037666357245e-01
1.356008466673154500e-01
1.356244395261100577e-01
1.356428251309207689e-01
1.356575562220227738e-01
1.356698356555280649e-01
1.356804887530355663e-01
1.356898061343894957e-01
1.356971809356291581e-01
1.357004954773957384e-01
1.356953667176629685e-01
1.356746560219326825e-01
1.356288164398457563e-01
1.355471517249720870e-01
1.354189812762298939e-01
1.352333573735674532e-01
1.349770960022835531e-01
1.346320863307997606e-01
1.341728694496546470e-01
1.335649195317934468e-01
1.327639082748081067e-01
1.317166439971441394e-01
1.303649909139706076e-01
1.286543616949076263e-01
1.265475807131778430e-01
1.240422659626978230e-01
1.211856828668377989e-01
1.180780811414709475e-01
1.148582419985564040e-01
1.116743316243086204e-01
1.086526807648691834e-01
1.058780466581162316e-01
1.033906100611695772e-01
1.011954571511619327e-01
9.927652231595492094e-02
9.760886726815580505e-02
9.616690207783346045e-02
9.492889461360473624e-02
9.387930107387711109e-02
9.301069013635791805e-02
9.232706937371032430e-02
9.185078452212828981e-02
9.163611933260244757e-02
9.179376722071150296e-02
9.252732841709168654e-02
9.415878554023947300e-02
9.703660468278853257e-02
1.011279303367890875e-01
1.054970702397366594e-01
1.087844641413315272e-01
1.105094961075465398e-01
1.111499260365288178e-01
1.113104482474180645e-01
1.113317498679842893e-01
9.197247638349843879e-02
