1.804876575594800692e-01
1.630658273194987296e-01
1.472053435695405699e-01
1.328592187464071595e-01
1.200199247641842992e-01
1.087061978067872386e-01
9.895206784839018221e-02
9.079787701791108834e-02
8.428306719035251471e-02
7.944053277626557386e-02
7.629234960405689714e-02
7.484670506143167867e-02
7.509586829510722650e-02
7.701505227518246066e-02
8.056203192535210666e-02
8.567739431565149499e-02
9.228530812375190795e-02
1.002947102071417712e-01
1.096008172049644513e-01
1.200868796179857256e-01
1.316261048112709608e-01
1.440836838598142933e-01
1.573188651257088344e-01
1.711870249296341129e-01
1.855416926726074500e-01
2.002364942892157773e-01
2.151269839841085663e-01
2.300723398324711622e-01
2.449369040257006747e-01
2.595915533287063148e-01
2.739148896982624426e-01
2.877942450058599277e-01
3.011264974266029126e-01
3.138187003110863849e-01
3.257885272629673645e-01
3.369645397142665977e-01
3.472862855364550749e-01
3.567042391612328944e-01
3.651795953237112480e-01
3.726839298956597935e-01
3.791987423606676955e-01
3.847148953096647950e-01
3.892319669173877061e-01
3.927575327111988424e-01
3.953063930763302536e-01
3.968997628692313984e-01
3.975644392464641186e-01
3.973319633735615808e-01
3.962377910696777694e-01
3.943204866827862420e-01
3.916209535898103611e-01
3.881817136895077680e-01
3.840462471163630376e-01
3.792584021642609327e-01
3.738618840824969869e-01
3.678998300068709315e-01
3.614144758283193148e-01
3.544469192939581070e-01
3.470369820936169414e-01
3.392231721221591334e-01
3.310427455371747762e-01
3.225318666661950995e-01
3.137258622705270117e-01
3.046595651572987506e-01
2.953677406604735545e-01
2.858855880985858300e-01
2.762493079749029357e-01
2.664967244277923752e-01
2.566679512783820449e-01
2.468060889723098505e-01
2.369579387856091401e-01
2.271747198746889018e-01
2.175127741101230416e-01
2.080342431566559180e-01
1.988077019606497298e-01
1.899087326942612286e-01
1.814204232960803798e-01
1.734337750539505230e-01
1.660480042103491538e-01
1.593707233471900742e-01
1.535179893383400163e-01
1.486142059576945618e-01
1.447918708114419584e-01
1.421911581383260292e-01
1.409593312044231106e-01
1.412499805223392524e-01
1.432220869619280079e-01
1.470389120037899344e-01
1.528667209310772268e-01
1.608733486726304784e-01
1.712266223143632249e-01
1.840926589992377405e-01
1.996340630522625004e-01
2.180080517088467673e-01
2.393645448057219183e-01
2.638442602265914094e-01
2.915768637928807250e-01
3.226792296665568771e-01
3.572538752000845030e-01
3.953876425414022400e-01
