1.531925734031277034e-02
1.531959796205527823e-02
1.532493534191495775e-02
1.534919698500861185e-02
1.541767715110643755e-02
1.556840204497384611e-02
1.585200657821715653e-02
1.632842215617749670e-02
1.705847507662081389e-02
1.808961928876293840e-02
1.943821658547343484e-02
2.107514338699613410e-02
2.292348211069375474e-02
2.487275877976260693e-02
2.680484243854661108e-02
2.861969227430071969e-02
3.025066092154237579e-02
3.166668762598175146e-02
3.286537774459872413e-02
3.386284198568663417e-02
3.468448023577597877e-02
3.535841712825357058e-02
3.591161382639367766e-02
3.636798909273918773e-02
3.674780684926644975e-02
3.706775453318246483e-02
3.734133845222897818e-02
3.757938156726944173e-02
3.779051397790241656e-02
3.798160809900097412e-02
3.815814367896908782e-02
3.832450395585559194e-02
3.848421100219488744e-02
3.864011024605033123e-02
3.879451383573277734e-02
3.894931129309738699e-02
3.910605444701627242e-02
3.926602225926791034e-02
3.943026996600722256e-02
3.959966598449136260e-02
3.977491926205660444e-02
3.995659914316743166e-02
4.014514936888767538e-02
4.034089747217521615e-02
4.054406056709630030e-02
4.075474832994990804e-02
4.097296381883550748e-02
4.119860266203307503e-02
4.143145105384320875e-02
4.167118292032738480e-02
4.191735654924406973e-02
4.216941091210831688e-02
4.242666183637031074e-02
4.268829810772214323e-02
4.295337749280293826e-02
4.322082256817852408e-02
4.348941612034866455e-02
4.375779574246897730e-02
4.402444709618232727e-02
4.428769513219400072e-02
4.454569237301784362e-02
4.479640315945310203e-02
4.503758255528062665e-02
4.526674840329112520e-02
4.548114484839436283e-02
4.567769552098691066e-02
4.585294455721086043e-02
4.600298380617803135e-02
4.612336507244599315e-02
4.620899727585106587e-02
4.625403029991162485e-02
4.625173051015649128e-02
4.619435809755598199e-02
4.607306435635774577e-02
4.587783863632887565e-02
4.559755070012036504e-02
4.522015437644013452e-02
4.473314041708796596e-02
4.412434393217907341e-02
4.338321175287227632e-02
4.250259653608100263e-02
4.148104088998245259e-02
4.032532625951182337e-02
3.905279958256978323e-02
3.769273227294107909e-02
3.628586548101741388e-02
3.488153516425403222e-02
3.353242584786987612e-02
3.228789411491132105e-02
3.118749955127259749e-02
3.025644533760856250e-02
2.950396506602240981e-02
2.892464930794218236e-02
2.850183107449522427e-02
2.821179823991277688e-02
2.802776624427012406e-02
2.792297862837947800e-02
2.787274223123191452e-02
2.785550199651198877e-02
2.785319514469678653e-02
