4.686615730634615673e-01
4.234233419493838579e-01
3.822393664669982427e-01
3.449876368036625118e-01
3.116486052261165374e-01
2.822709228695444716e-01
2.569429533453052028e-01
2.357694506618179531e-01
2.188528311916656532e-01
2.062785098956400609e-01
1.981038097652833285e-01
1.943499905036307762e-01
1.949969778634479400e-01
1.999804088374125266e-01
2.091906400795393028e-01
2.224733975658085561e-01
2.396317746085795397e-01
2.604293129580493860e-01
2.845939278889021429e-01
3.118224629155071370e-01
3.417856831386757999e-01
3.741335382352422578e-01
4.085005467926559608e-01
4.445111730985638054e-01
4.817850856540976112e-01
5.199422036233724009e-01
5.586074531947671229e-01
5.974151704458958712e-01
6.360131008080089909e-01
6.740659576510126261e-01
7.112585138913808391e-01
7.472982108962664682e-01
7.819172783520315084e-01
8.148743672184673992e-01
8.459557054352775385e-01
8.749757927189554252e-01
9.017776566203354882e-01
9.262326970397751769e-01
9.482401506523372436e-01
9.677262102136391375e-01
9.846428365322987819e-01
9.989663030412696543e-01
1.010695514411958706e+00
1.019850141566015278e+00
1.026468615784110083e+00
1.030606024423073475e+00
1.032331950066655679e+00
1.031728293784741624e+00
1.028887121595602805e+00
1.023908571249545929e+00
1.016898854114321571e+00
1.007968384277140084e+00
9.972300640189660781e-01
9.847977515983974417e-01
9.707849338386490556e-01
9.553036223763869961e-01
9.384634886393085074e-01
9.203712487046957769e-01
9.011303051877189718e-01
8.808406492502458551e-01
8.595990217423624680e-01
8.374993284239342639e-01
8.146333001963950160e-01
7.910913853397186779e-01
7.669638569303226516e-01
7.423421149465659896e-01
7.173201590836995045e-01
6.919962050337375992e-01
6.664744139718279392e-01
6.408667022634753074e-01
6.152945960005116177e-01
5.898910929221636845e-01
5.648024926150596592e-01
5.401901546466384429e-01
5.162321435043525364e-01
4.931247189223995075e-01
4.710836304125671781e-01
4.503451756103178938e-01
4.311669834355552622e-01
4.138284850837586903e-01
3.986310385414337243e-01
3.858976756942901210e-01
3.759724452012958018e-01
3.692193291769112484e-01
3.660207173915339673e-01
3.667754292005646066e-01
3.718962807796906134e-01
3.818072035121078955e-01
3.969399285765668473e-01
4.177302629574828896e-01
4.446139932740110767e-01
4.780224660380750223e-01
5.183779062360008849e-01
5.660885505187390754e-01
6.215436868158124017e-01
6.851087088922365176e-01
7.571203122797953711e-01
8.378819771684241635e-01
9.276599042741320300e-01
1.026679591440984307e+00
