1.710062356237871791e+04
1.684863358184583922e+04
1.688750953622393354e+04
1.636753075662601987e+04
1.681905860566096817e+04
1.662117586536270392e+04
1.662004754221651092e+04
1.657813522275451396e+04
1.682349680532108687e+04
1.654676776218403393e+04
1.661680717483697299e+04
1.678493881443481223e+04
1.641189229254378006e+04
1.666196107327714708e+04
1.630710909540166904e+04
1.660997967822039936e+04
1.639783511632872251e+04
1.658232264149817274e+04
1.634590444097514956e+04
1.657931608084408072e+04
1.651917390418579089e+04
1.664148860579878601e+04
1.662472825045691206e+04
1.659904570533075093e+04
1.670284466147782950e+04
1.661781979089569359e+04
1.655781882999099616e+04
1.651080289054496461e+04
1.643894388611148679e+04
1.687836198334209985e+04
1.639310612844724528e+04
1.658984653890121626e+04
1.657134117706994948e+04
1.695523370898731082e+04
1.648492656762810293e+04
1.691842683247622335e+04
1.634530458365183222e+04
1.667860529662172121e+04
1.639944853749408503e+04
1.652373770016017443e+04
