#Bayesian Information Criterion from bootstrap run
8.627759275994064865e+02
8.555169347239211675e+02
8.774265506023351691e+02
8.722358621139624120e+02
8.406049524067494758e+02
8.957256160202953197e+02
8.604928751674721070e+02
8.742794423531154280e+02
9.082916248533440466e+02
8.931851314995666371e+02
8.500552299796971738e+02
8.939500066950193968e+02
8.509554274225595236e+02
8.525281786887235285e+02
8.744702246000045989e+02
9.104208467524603066e+02
8.387367018227671451e+02
9.009123413564133216e+02
8.872956749678838833e+02
8.548108838302873664e+02
9.043862273215338519e+02
9.298977738453970687e+02
8.850172138410553089e+02
9.207392245524267764e+02
8.691316973257814880e+02
8.367120084805173974e+02
8.853718810340781147e+02
8.618070439305517993e+02
8.717948455498016074e+02
8.102516480920560298e+02
