#Akaike Information Criterion from bootstrap run
6.828311474638569507e+02
6.545562473421936147e+02
6.514890161655091561e+02
6.900311464380639563e+02
6.867342893507741337e+02
6.667971448466374795e+02
6.535774586784074245e+02
6.500416773174487162e+02
6.619340091174404961e+02
6.555531068123669911e+02
6.580492343846592576e+02
6.135755710565524623e+02
6.471257168526252599e+02
6.622063054682175789e+02
6.582734932822404517e+02
6.454646035316693542e+02
6.715324742632251400e+02
6.286271801200742857e+02
5.989948894532825534e+02
6.158732699359587741e+02
6.975368972765785429e+02
6.359878429950258578e+02
5.830665475543844423e+02
6.270993470874658442e+02
6.263715431264538438e+02
6.824013281736565659e+02
6.626321987623384757e+02
6.705091881667907501e+02
6.504057700520745584e+02
6.613378585889964825e+02
6.179271701266600303e+02
6.434009094083663740e+02
6.250893629792072943e+02
6.409017043411374743e+02
6.621700516160478855e+02
6.247168817228646276e+02
6.442588471373383072e+02
7.013992915453349042e+02
7.039248799304041313e+02
6.548043135476507359e+02
6.484942855394297112e+02
6.358239165707373104e+02
6.494254250118970049e+02
6.418054975667600957e+02
6.866920872058590248e+02
6.627771545226887611e+02
6.738831865094089153e+02
6.542981954033934926e+02
6.543347882313722721e+02
6.191478446916364646e+02
