#Bayesian Information Criterion from bootstrap run
9.467152054617968133e+02
9.184403053401334773e+02
9.153730741634490187e+02
9.539152044360038190e+02
9.506183473487139963e+02
9.306812028445773421e+02
9.174615166763472871e+02
9.139257353153885788e+02
9.258180671153803587e+02
9.194371648103068537e+02
9.219332923825991202e+02
8.774596290544923249e+02
9.110097748505651225e+02
9.260903634661574415e+02
9.221575512801803143e+02
9.093486615296092168e+02
9.354165322611650026e+02
8.925112381180141483e+02
8.628789474512224160e+02
8.797573279338986367e+02
9.614209552745184055e+02
8.998719009929657204e+02
8.469506055523243049e+02
8.909834050854057068e+02
8.902556011243937064e+02
9.462853861715964285e+02
9.265162567602783383e+02
9.343932461647306127e+02
9.142898280500144210e+02
9.252219165869363451e+02
8.818112281245998929e+02
9.072849674063062366e+02
8.889734209771471569e+02
9.047857623390773369e+02
9.260541096139877482e+02
8.886009397208044902e+02
9.081429051352781698e+02
9.652833495432747668e+02
9.678089379283439939e+02
9.186883715455905985e+02
9.123783435373695738e+02
8.997079745686771730e+02
9.133094830098368675e+02
9.056895555646999583e+02
9.505761452037988875e+02
9.266612125206286237e+02
9.377672445073487779e+02
9.181822534013333552e+02
9.182188462293121347e+02
8.830319026895763272e+02
