#Variance for the Conditional distribution of mass given radius from initial fitting w/o bootstrap
1.130950747530041212e-01
1.176255409770918803e-01
1.313981015181024392e-01
1.513285910871120521e-01
1.723238390248719720e-01
1.907467356663239411e-01
2.053494858533718159e-01
2.163596430931621906e-01
2.245044100817646660e-01
2.305190882275069963e-01
2.349933181655553815e-01
2.383601794483104497e-01
2.409267438602545330e-01
2.429082653834447880e-01
2.444556625676382600e-01
2.456753633607172138e-01
2.466430436824358641e-01
2.474129998839438294e-01
2.480245364013361209e-01
2.485063486387130149e-01
2.488795655221570091e-01
2.491598938437082633e-01
2.493591565634047658e-01
2.494864176472172956e-01
2.495488199609009472e-01
2.495522186865824221e-01
2.495016631923270556e-01
2.494017605520965630e-01
2.492569410677004660e-01
2.490716383586925320e-01
2.488503926264216126e-01
2.485978845869251663e-01
2.483189083850748102e-01
2.480182936164990470e-01
2.477007884811820715e-01
2.473709172830398650e-01
2.470328254265717893e-01
2.466901235257158154e-01
2.463457393493541647e-01
2.460017824660402086e-01
2.456594221374128750e-01
2.453187747576236477e-01
2.449787933327066680e-01
2.446371483398957491e-01
2.442900868129344871e-01
2.439322545298830414e-01
2.435564645248332050e-01
2.431533936019914521e-01
2.427111869892512319e-01
2.422149498000099599e-01
2.416461029402096061e-01
2.409815813128191320e-01
2.401928551188659555e-01
2.392447632201020191e-01
2.380941648448702819e-01
2.366884482752263097e-01
2.349639908193470184e-01
2.328447539010854717e-01
2.302413318018699806e-01
2.270509599560771863e-01
2.231592222750860000e-01
2.184444381522198386e-01
2.127858616016642668e-01
2.060767069311911781e-01
1.982423672850685548e-01
1.892627588449513898e-01
1.791954713151511502e-01
1.681938489041193141e-01
1.565125363129476199e-01
1.444940978211305960e-01
1.325350423298194413e-01
1.210368514283708119e-01
1.103539903798986116e-01
1.007526028580590510e-01
9.238941590203869625e-02
8.531273520592845550e-02
7.948046948092099551e-02
7.478679668409761450e-02
7.108960221887739017e-02
6.823353697053130551e-02
6.606657235595252142e-02
6.445014674015643596e-02
6.326414286913904783e-02
6.240824733537343738e-02
6.180108448165246710e-02
6.137818001373943066e-02
6.108946433981374963e-02
6.089674549199815268e-02
6.077138216388364156e-02
6.069225855006471493e-02
6.064408625413096610e-02
6.061601742928308945e-02
6.060053425793139603e-02
6.059257363831117155e-02
6.058884658263806455e-02
6.058731575281221110e-02
6.058679980429173412e-02
6.058667948219904203e-02
6.058670083356849229e-02
1.980674462803246327e-01
