#Marginalized mass distribution from initial fitting w/o bootstrap
2.407824489202739476e-11
2.060425670198223758e-02
3.606864615966448584e-02
4.730903175114605647e-02
5.513509523532099388e-02
6.026985455226397531e-02
6.336349642396134352e-02
6.500274401805324065e-02
6.571681474979428061e-02
6.598087095089354148e-02
6.621772628583429132e-02
6.679844309936569524e-02
6.804233995810887725e-02
7.021682410339864788e-02
7.353736993581477810e-02
7.816788155572906849e-02
8.422160431911765444e-02
9.176268684547853050e-02
1.008084404298380671e-01
1.113322968439036526e-01
1.232674275305882389e-01
1.365109566597932644e-01
1.509286768724709682e-01
1.663601592407795982e-01
1.826241374584037791e-01
1.995240399909001539e-01
2.168535423080982516e-01
2.344020138413807908e-01
2.519597404181994627e-01
2.693228120951570159e-01
2.862975780228528278e-01
3.027045837296014064e-01
3.183819215237285727e-01
3.331879411224893950e-01
3.470032846788853598e-01
3.597322276796705576e-01
3.713033243388269566e-01
3.816693727495630295e-01
3.908067308533380024e-01
3.987140289373866109e-01
4.054103376167495498e-01
4.109328618617708040e-01
4.153342414018055817e-01
4.186795456117607395e-01
4.210430566487142756e-01
4.225049380677863287e-01
4.231478873644813343e-01
4.230538698580395551e-01
4.223010280779929682e-01
4.209608554129881663e-01
4.190957153325681750e-01
4.167567781404199478e-01
4.139824361375702977e-01
4.107972454748001212e-01
4.072114290947632664e-01
4.032209602740914889e-01
3.988082306680569289e-01
3.939432907520718508e-01
3.885856344817003594e-01
3.826864842078866458e-01
3.761915167503188662e-01
3.690439574195832351e-01
3.611879560602599959e-01
3.525721482312833555e-01
3.431532958058345906e-01
3.328998949044734701e-01
3.217956354930585627e-01
3.098425964722717474e-01
2.970640629117663467e-01
2.835068584464519592e-01
2.692430959079383790e-01
2.543712630991760149e-01
2.390165782494657887e-01
2.233305710402739841e-01
2.074898700044176814e-01
1.916942052997594181e-01
1.761636669520289800e-01
1.611352921262192428e-01
1.468590901533024795e-01
1.335936500805351423e-01
1.216015114270408981e-01
1.111445134201513030e-01
1.024793698651831064e-01
9.585374434320723114e-02
9.150312177980847450e-02
8.964878546758746347e-02
9.049721096486863792e-02
9.424117724600768187e-02
1.010628680424291714e-01
1.111391891491024242e-01
1.246494568813102805e-01
1.417855147733391441e-01
1.627642055321174563e-01
1.878419582848994962e-01
2.173310419279841921e-01
2.516167780517611918e-01
2.911746951396946281e-01
3.365862326364065793e-01
3.885511616133855428e-01
4.478943701011430245e-01
