#Variance for the Conditional distribution of radius given mass from initial fitting w/o bootstrap
2.747058270436456007e-02
8.877018762286449649e-03
8.878338109523457519e-03
8.884711344066584249e-03
8.903838309986391447e-03
8.948662440896192408e-03
9.038758931244042852e-03
9.201366053860743008e-03
9.471319242677802078e-03
9.888772291895314009e-03
1.049350576710286406e-02
1.131539213291443517e-02
1.236266148831635485e-02
1.361242233951310762e-02
1.500919619272636681e-02
1.647451754649624858e-02
1.792456135654418165e-02
1.928799108983227789e-02
2.051690557811552615e-02
2.158873442523003006e-02
2.250159103720964296e-02
2.326712298748638899e-02
2.390388157539677372e-02
2.443252392164462633e-02
2.487293437474627500e-02
2.524281617193840921e-02
2.555722281058626574e-02
2.582860759281021407e-02
2.606711340366652668e-02
2.628094138357505924e-02
2.647671519065786586e-02
2.665980396426909441e-02
2.683459222580051109e-02
2.700469724927833520e-02
2.717313960143806495e-02
2.734247404520655234e-02
2.751488777504187272e-02
2.769227204869366410e-02
2.787627222042894301e-02
2.806832020806547534e-02
2.826965263797551892e-02
2.848131733493106804e-02
2.870417044979960836e-02
2.893886632402234427e-02
2.918584214270405347e-02
2.944529948787846102e-02
2.971718502255051714e-02
3.000117265970515118e-02
3.029664963853743662e-02
3.060270888183701590e-02
3.091814978949699450e-02
3.124148919544832842e-02
3.157098356719978405e-02
3.190466268129175248e-02
3.224037402475523478e-02
3.257583614619991713e-02
3.290869822598022076e-02
3.323660237078396307e-02
3.355724466131387862e-02
3.386843084844608914e-02
3.416812280380546185e-02
3.445447232642358942e-02
3.472583957783011849e-02
3.498079411814102035e-02
3.521809708497793817e-02
3.543666333829584292e-02
3.563550224588108578e-02
3.581363508448618532e-02
3.596998567597214924e-02
3.610323877864771158e-02
3.621165785448245134e-02
3.629285016550358456e-02
3.634346299517567103e-02
3.635879102345132563e-02
3.633227374026484768e-02
3.625486830412293082e-02
3.611430787542316279e-02
3.589431790037480446e-02
3.557399593576991009e-02
3.512780742191027455e-02
3.452703398330355528e-02
3.374394022038823548e-02
3.275999415829556477e-02
3.157828858584407761e-02
3.023689152745641720e-02
2.881501851564245709e-02
2.742253466888960878e-02
2.617144090585596730e-02
2.514257029428580009e-02
2.436667291750110875e-02
2.382802436636030988e-02
2.348272161784640752e-02
2.327843546901740487e-02
2.316767237589235570e-02
2.311354733950942916e-02
2.309046929011432728e-02
2.308238893421314664e-02
2.308033260868680783e-02
2.308004742756333480e-02
2.308003870128070081e-02
