#Upper limit for the Conditional distribution of Radius given Mass from initial fitting w/o bootstrap
5.203520404377511726e-09
-2.070024794922627198e-01
-2.073141865041600862e-01
-2.074862638103654455e-01
-2.075467084118898242e-01
-2.075078111075616405e-01
-2.073649809205919403e-01
-2.070938079647207664e-01
-2.066413328980458985e-01
-2.059059789014559827e-01
-2.046936196503897076e-01
-2.026164758504769847e-01
-1.988328458474032667e-01
-1.912218278217723832e-01
-1.724268926706505056e-01
-9.368240403512304026e-02
1.314374642982892027e-02
8.472218414819122911e-02
1.453906509998357521e-01
2.004122135464367072e-01
2.496658753736893388e-01
2.922003398884353009e-01
3.282686780161930273e-01
3.589023715118577207e-01
3.851716557542096964e-01
4.079436846111055837e-01
4.278906707476589077e-01
4.455414462104606010e-01
4.613212162941714434e-01
4.755772539986867220e-01
4.885962178408229661e-01
5.006169675191965984e-01
5.118407024354748591e-01
5.224393196147997243e-01
5.325624122998452448e-01
5.423431981757281806e-01
5.519037075769512857e-01
5.613594046576957375e-01
5.708235138696424738e-01
5.804112597713712018e-01
5.902442313776340432e-01
6.004550538355629685e-01
6.111924805950481598e-01
6.226268441924416308e-01
6.349554070298681907e-01
6.484062961377122791e-01
6.632381824480857446e-01
6.797305145527218206e-01
6.981573459301831930e-01
7.187410683366630693e-01
7.415983764583619076e-01
7.667176031815147175e-01
7.940120345537536872e-01
8.234408068769547562e-01
8.551157122444139613e-01
8.892950792017931816e-01
9.261833026256379719e-01
9.654658986826148981e-01
1.005703266179837518e+00
1.044296429100783685e+00
1.078649836116243099e+00
1.107419866949780118e+00
1.130568363620734651e+00
1.148754908292167309e+00
1.162853965750538565e+00
1.173718956867956464e+00
1.182088083322201610e+00
1.188557595150537827e+00
1.193587735326311794e+00
1.197523215418230702e+00
1.200617618396529140e+00
1.203056069223546798e+00
1.204973881307985994e+00
1.206470828698559483e+00
1.207621575167354022e+00
1.208483045487186658e+00
1.209099477957017887e+00
1.209505741083300556e+00
1.209729322077753189e+00
1.209791233872756555e+00
1.209705946365604579e+00
1.209480323109580757e+00
1.209111439578702818e+00
1.208583108274307261e+00
1.207861065545688506e+00
1.206887439687592156e+00
1.205577162920988377e+00
1.203823982539701687e+00
1.201533007089483407e+00
1.198705033013886201e+00
1.195577695621185210e+00
1.192732796631503556e+00
1.190964532781406460e+00
1.190843609788797552e+00
1.192322831387187643e+00
1.194777265655238008e+00
1.197404066461150718e+00
1.199608082912068774e+00
1.201140651383441282e+00
5.203520404377511726e-09
