#Conditional distribution of Mass given Radius from initial fitting w/o bootstrap
7.136865434149257994e-09
-1.339318785197198824e+00
-1.339247381742968201e+00
-1.338729565721979764e+00
-1.336231562336684719e+00
-1.326951776979272912e+00
-1.297363533117841250e+00
-1.205977224773762346e+00
-5.646152734193922162e-01
7.360438790761676675e-02
2.109308649885482390e-01
2.700658220180019442e-01
3.022943778118735159e-01
3.251520775359824644e-01
3.456132388127462485e-01
3.664759906478362583e-01
3.886451452697664011e-01
4.120675393488777982e-01
4.362035486934552342e-01
4.603335016987403217e-01
4.837757673280408399e-01
5.060198328828278136e-01
5.267751406011863535e-01
5.459555354911856950e-01
5.636296471213315673e-01
5.799634910392819087e-01
5.951705919640231102e-01
6.094749544956805654e-01
6.230863428883053334e-01
6.361851324960924314e-01
6.489139332977449381e-01
6.613739742071992334e-01
6.736251158013559781e-01
6.856889703565739458e-01
6.975548353536793478e-01
7.091880246936467236e-01
7.205398524347967903e-01
7.315581892173222966e-01
7.421973632421724476e-01
7.524263188425405202e-01
7.622343498196315625e-01
7.716342584888861156e-01
7.806632869537194486e-01
7.893824981187824719e-01
7.978754042901938792e-01
8.062465770233520068e-01
8.146207844981593338e-01
8.231429583042446652e-01
8.319790081106814839e-01
8.413171818192135554e-01
8.513694207786471901e-01
8.623715999591050618e-01
8.745813120992055323e-01
8.882714825964228567e-01
9.037183382784922392e-01
9.211834525656228401e-01
9.408923512419412605e-01
9.630165037783594562e-01
9.876700839211217664e-01
1.014934533740164513e+00
1.044919296423945321e+00
1.077855938419893578e+00
1.114210963699566292e+00
1.154798197011818628e+00
1.200877481243315392e+00
1.254234641462118383e+00
1.317228564734373109e+00
1.392728739963034590e+00
1.483675852898144409e+00
1.591627679127308514e+00
1.713746018008277749e+00
1.840560164916581032e+00
1.959963725996822115e+00
2.064450073380249329e+00
2.152515546376048583e+00
2.225754160373500934e+00
2.286545679457339109e+00
2.337131100741449696e+00
2.379377268966214931e+00
2.414770900076358640e+00
2.444468652567622247e+00
2.469350916822794062e+00
2.490066238682905997e+00
2.507064192500169764e+00
2.520616681533815129e+00
2.530827467540374798e+00
2.537629048798996756e+00
2.540765662359377508e+00
2.539762478613078134e+00
2.533887507001408412e+00
2.522133350687236319e+00
2.503299519056524147e+00
2.476362688079573715e+00
2.441421467318769967e+00
2.401224721184573863e+00
2.362104482256836224e+00
2.332233118782239600e+00
2.317723327993984395e+00
2.320968359362837852e+00
7.136865434149257994e-09
