#Lower limit for the Conditional distribution of Mass given Radius from initial fitting w/o bootstrap
7.136865434149257994e-09
-1.544491486309657047e+00
-1.544469212028451555e+00
-1.544285196845005315e+00
-1.543386160344126790e+00
-1.540081039099060245e+00
-1.530014321163185587e+00
-1.503498508539654610e+00
-1.441005315110015950e+00
-1.293261348051914394e+00
-5.949057973545240907e-01
-2.630463761885509788e-01
-1.768172806380495510e-01
-1.345268966815434952e-01
-1.061063497894333407e-01
-8.179421767913247487e-02
-5.789314983146390953e-02
-3.313510498043176211e-02
-7.395262954061882985e-03
1.888934440495475958e-02
4.505769221142682385e-02
7.045087840115517308e-02
9.455280723008847865e-02
1.170511706255463191e-01
1.378345243737519599e-01
1.569513555357836265e-01
1.745563050703137220e-01
1.908600932539670225e-01
2.060904963834781500e-01
2.204652373071579463e-01
2.341748408118855540e-01
2.473729177212311559e-01
2.601718342717044830e-01
2.726424882850816966e-01
2.848174747168515930e-01
2.966971555207131295e-01
3.082580606158004666e-01
3.194627704185134531e-01
3.302701775430157971e-01
3.406449195843616606e-01
3.505649828855734174e-01
3.600268755507637364e-01
3.690482871797900466e-01
3.776686086652340513e-01
3.859479701412169006e-01
3.939655417209923516e-01
4.018177462235213437e-01
4.096168321768183795e-01
4.174899944349333425e-01
4.255789467807604698e-01
4.340395530169687821e-01
4.430408105162870203e-01
4.527621711386459191e-01
4.633879895418129835e-01
4.750979174164147723e-01
4.880528726030153863e-01
5.023778279765025445e-01
5.181455666217209544e-01
5.353687274679342911e-01
5.540091446298095468e-01
5.740110818359088762e-01
5.953576004388176912e-01
6.181396216940000521e-01
6.426214917646665414e-01
6.692890881414205184e-01
6.988759348154979234e-01
7.323729603966624424e-01
7.710331990889520704e-01
8.163824318927297430e-01
8.702414109335876446e-01
9.347519331769533757e-01
1.012359630960263823e+00
1.105584366363232762e+00
1.216089655527076818e+00
1.342155893595808891e+00
1.475062032976726778e+00
1.600434697903028169e+00
1.707572284067605972e+00
1.794305318434738172e+00
1.863344410390656458e+00
1.918355728223734236e+00
1.962474426165299324e+00
1.998061089574409532e+00
2.026802660603615802e+00
2.049854008081214207e+00
2.067948384401382178e+00
2.081469032737769176e+00
2.090488673367206562e+00
2.094787715708212872e+00
2.093870507899745714e+00
2.087020584509612142e+00
2.073478576020775677e+00
2.052876599285533121e+00
2.026026820522434768e+00
1.995832381991206717e+00
1.967466213874031755e+00
1.946949691990625286e+00
1.938928594847376896e+00
1.946363098427430049e+00
7.136865434149257994e-09
