1.938312844817283576e+03
1.951961606519930001e+03
1.973855085963373540e+03
1.918533532793775748e+03
1.909252075809061353e+03
1.912778028683112780e+03
1.968412593198803052e+03
1.957901475288235588e+03
1.942531034903256568e+03
1.910917368815906002e+03
1.970483637545186411e+03
1.961977047139080696e+03
1.947975799635217527e+03
1.953713413613044622e+03
1.910090578749997576e+03
1.966107778882810635e+03
1.961792313950334574e+03
2.004278593398136309e+03
1.972979707670316202e+03
1.979923019165750247e+03
1.960654633937992912e+03
1.932059683093301828e+03
1.984035123561682440e+03
1.938853049241514327e+03
1.942689131332237366e+03
1.941009791711426487e+03
1.956978554983824324e+03
1.960958625655192918e+03
1.936292529166498298e+03
1.957972878716780315e+03
1.961821543866027241e+03
1.931540994397164468e+03
1.950691327286959677e+03
1.951707459778940120e+03
1.923241706412293752e+03
2.008016059866504747e+03
1.959828613398521611e+03
1.939887807090647357e+03
1.963274962597278318e+03
1.954266560232691972e+03
1.915314403523203509e+03
2.008517328572391307e+03
1.949838950117499053e+03
1.991848976080039392e+03
1.940866350194774668e+03
1.964691133724714064e+03
1.970867046898592662e+03
1.981313684765324069e+03
1.989127083100865548e+03
1.910862660297179900e+03
1.978816737266277642e+03
1.953048928577205515e+03
1.977374515175615670e+03
1.967775699540469532e+03
1.975041313140484135e+03
1.982292331888741273e+03
1.966973661249866836e+03
1.935774767419839691e+03
1.986324218650384182e+03
1.963410273836832857e+03
1.957369745415436228e+03
1.937017556582393127e+03
1.942339294744623430e+03
1.912740773626893088e+03
1.946516074311963393e+03
1.920960156278347995e+03
1.952010639208431030e+03
1.941611912307179637e+03
1.939974423623965322e+03
1.917675566068612170e+03
1.914799878407540746e+03
1.914658962960864073e+03
1.977915820457040581e+03
1.955973175970062130e+03
1.970082325397927434e+03
1.906790930909488452e+03
1.954212441961220975e+03
1.937598925095170898e+03
1.916520909301012807e+03
1.976059216716781066e+03
1.934488848360053225e+03
1.973500957481093565e+03
1.940797837752751775e+03
1.947887906632914564e+03
1.982155084343805811e+03
1.958009789388099307e+03
1.912651446265097093e+03
1.917020689152080422e+03
1.936181396527040306e+03
1.956558248637941460e+03
2.010262975405034922e+03
1.964933079783594621e+03
1.869866935529480998e+03
1.933306219085501198e+03
1.907503204974805612e+03
1.975564347300637792e+03
1.988811705668033483e+03
1.960771816566099233e+03
1.946605191864642165e+03
1.997572767384248436e+03
