2.833476158742321331e+03
2.847124920444967756e+03
2.869018399888411295e+03
2.813696846718813504e+03
2.804415389734099335e+03
2.807941342608150990e+03
2.863575907123840807e+03
2.853064789213273798e+03
2.837694348828294551e+03
2.806080682740944212e+03
2.865646951470224394e+03
2.857140361064118679e+03
2.843139113560255737e+03
2.848876727538082832e+03
2.805253892675035786e+03
2.861271092807848618e+03
2.856955627875372556e+03
2.899441907323174291e+03
2.868143021595354185e+03
2.875086333090788230e+03
2.855817947863030895e+03
2.827222997018339811e+03
2.879198437486720195e+03
2.834016363166552310e+03
2.837852445257275122e+03
2.836173105636464243e+03
2.852141868908862307e+03
2.856121939580230901e+03
2.831455843091536281e+03
2.853136192641818070e+03
2.856984857791065224e+03
2.826704308322202451e+03
2.845854641211997659e+03
2.846870773703978102e+03
2.818405020337331734e+03
2.903179373791542730e+03
2.854991927323559594e+03
2.835051121015685567e+03
2.858438276522316301e+03
2.849429874157729955e+03
2.810477717448241492e+03
2.903680642497429290e+03
2.845002264042537263e+03
2.887012290005077375e+03
2.836029664119812878e+03
2.859854447649751819e+03
2.866030360823630872e+03
2.876476998690362052e+03
2.884290397025903530e+03
2.806025974222217883e+03
2.873980051191315397e+03
2.848212242502243498e+03
2.872537829100653653e+03
2.862939013465507287e+03
2.870204627065521890e+03
2.877455645813779483e+03
2.862136975174904819e+03
2.830938081344877901e+03
2.881487532575421938e+03
2.858573587761870840e+03
2.852533059340474210e+03
2.832180870507430882e+03
2.837502608669661640e+03
2.807904087551931298e+03
2.841679388237001149e+03
2.816123470203386205e+03
2.847173953133469240e+03
2.836775226232217847e+03
2.835137737549003305e+03
2.812838879993650153e+03
2.809963192332578728e+03
2.809822276885901829e+03
2.873079134382078792e+03
2.851136489895100112e+03
2.865245639322965417e+03
2.801954244834526435e+03
2.849375755886258958e+03
2.832762239020208654e+03
2.811684223226050563e+03
2.871222530641819048e+03
2.829652162285090981e+03
2.868664271406131775e+03
2.835961151677789530e+03
2.843051220557952547e+03
2.877318398268843794e+03
2.853173103313137290e+03
2.807814760190135075e+03
2.812184003077118632e+03
2.831344710452078289e+03
2.851721562562979670e+03
2.905426289330072905e+03
2.860096393708632604e+03
2.765030249454518980e+03
2.828469533010539180e+03
2.802666518899843595e+03
2.870727661225676002e+03
2.883975019593071465e+03
2.855935130491137443e+03
2.841768505789680148e+03
2.892736081309286419e+03
