-9.982761090428680095e-01
-9.982373824007624297e-01
-9.968135102616326737e-01
-9.850823356074011050e-01
-9.281650385249023971e-01
-6.464569708824815519e-01
-1.341343916956103943e-01
7.818147133791926440e-02
1.781131505675845050e-01
2.290446026578404071e-01
2.570956475443765266e-01
2.740365137533558593e-01
2.852890320355270792e-01
2.934389067660220229e-01
2.997839497136851605e-01
3.050206637373638618e-01
3.095583669049324360e-01
3.136711086539545890e-01
3.175781763029321136e-01
3.214938912136142690e-01
3.256663932163902375e-01
3.304165235676622125e-01
3.361850556887036046e-01
3.435969457359865920e-01
3.535545976583013283e-01
3.673793973330937712e-01
3.870341811490602413e-01
4.154792272546327103e-01
4.572136990682056368e-01
5.188110705108622822e-01
6.075886106798703556e-01
7.220966183925323634e-01
8.405746908060187650e-01
9.411662400002047679e-01
1.019596438948292549e+00
1.079405342642321575e+00
1.124752261146939158e+00
1.159007834800135361e+00
1.184788865550314485e+00
1.204134363342247216e+00
1.218634621435819021e+00
1.229520847550079843e+00
1.237734947069300206e+00
1.243988504351490221e+00
1.248813274657498473e+00
1.252603400187534799e+00
1.255649605420062320e+00
1.258166157854904821e+00
1.260311765668468809e+00
1.262205726781868931e+00
1.263940631362006961e+00
1.265592863621576303e+00
1.267232142489917557e+00
1.268931466161562494e+00
1.270779178845606872e+00
1.272895610671083810e+00
1.275458132663650268e+00
1.278741076836708235e+00
1.283182001930839089e+00
1.289496078187124750e+00
1.298883402854210667e+00
1.313432556948548102e+00
1.337000588519774436e+00
1.377536486348308165e+00
1.455816164337318641e+00
1.684184898838133160e+00
2.125771182178183505e+00
2.254454048975009783e+00
2.313794109276006150e+00
2.345358614979601519e+00
2.363091715998073994e+00
2.373306019691191260e+00
2.379250052411885363e+00
2.382714704095093783e+00
2.384726338800968293e+00
2.385885384645461738e+00
2.386546200999875023e+00
2.386918143396695502e+00
2.387124380555550651e+00
2.387236801994665036e+00
2.387296915310827217e+00
2.387328370025035174e+00
2.387344432419589157e+00
2.387352411921288109e+00
2.387356254079101792e+00
2.387358039317525549e+00
2.387358835542257474e+00
2.387359174224851444e+00
2.387359310545444480e+00
2.387359361993100837e+00
2.387359380053599267e+00
2.387359386014241025e+00
2.387359388126675253e+00
2.387359389474141835e+00
2.387359391526913566e+00
2.387359396319697957e+00
2.387359411344398552e+00
2.387359486890517690e+00
2.387360654527875159e+00
2.410003130448326925e+00
