-1.570130443338368931e+00
-1.570125702598948125e+00
-1.569951905029625561e+00
-1.568553644474907083e+00
-1.562509512022194125e+00
-1.544058246952056512e+00
-1.499714382962729076e+00
-1.408754956200959585e+00
-1.223920753100395498e+00
-8.658854245512536130e-01
-6.824474595355477513e-01
-6.099910720504730932e-01
-5.731761862181745659e-01
-5.515908638855886448e-01
-5.375363982212092440e-01
-5.275642517540110044e-01
-5.199632363461136331e-01
-5.138181977623486052e-01
-5.086056148350389661e-01
-5.040026539292338237e-01
-4.997895489681314918e-01
-4.957951831733756753e-01
-4.918629996432705154e-01
-4.878259116962497810e-01
-4.834840828627021692e-01
-4.785819337317162581e-01
-4.727820889036204455e-01
-4.656350074136720862e-01
-4.565442400656001820e-01
-4.447289130212119801e-01
-4.291870432132255386e-01
-4.086647091995809777e-01
-3.816347439543821274e-01
-3.462817144286580717e-01
-3.004782479676871842e-01
-2.417383538521710451e-01
-1.672225382857141507e-01
-7.433713621092359614e-02
3.603031904947175817e-02
1.518549341532506314e-01
2.518199120408609604e-01
3.257640944817127293e-01
3.773721704237875674e-01
4.132191683324582532e-01
4.384025585836326955e-01
4.563512617273883243e-01
4.693310244075599713e-01
4.788569261078123307e-01
4.859597183053178115e-01
4.913521655068779914e-01
4.955342771624504650e-01
4.988615660953693021e-01
5.015906075960322452e-01
5.039104628642484540e-01
5.059653298980807401e-01
5.078720327753214470e-01
5.097350861363871832e-01
5.116618064492653994e-01
5.137802022204221997e-01
5.162632081761385772e-01
5.193643769183188263e-01
5.234725860009133980e-01
5.291966920461586010e-01
5.374947514195287379e-01
5.498641306063896117e-01
5.686034756214913832e-01
5.971402330787808355e-01
6.404051384461099117e-01
7.053364345416400782e-01
8.021887100984692598e-01
9.499361574420915888e-01
1.207619472974937658e+00
1.696071178660774725e+00
1.862009971642492268e+00
1.922176592289138508e+00
1.951044009774945298e+00
1.966117107130124664e+00
1.974222759902261704e+00
1.978609113939345354e+00
1.980969067907754733e+00
1.982222177351107728e+00
1.982875462379855236e+00
1.983208426397267576e+00
1.983373676232228489e+00
1.983453205969945010e+00
1.983490149942245928e+00
1.983506624677749741e+00
1.983513631186958115e+00
1.983516450098937955e+00
1.983517512254076687e+00
1.983517882509614472e+00
1.983518000496573563e+00
1.983518035290546377e+00
1.983518046959008574e+00
1.983518056301406540e+00
1.983518075392646907e+00
1.983518134681375944e+00
1.983518432702675138e+00
1.983523039033717295e+00
2.172857821974187420e+00
