8.317557342336805160e-02
8.317765738445410950e-02
8.325453504030580487e-02
8.387249989478488821e-02
8.645663849511989185e-02
9.344708243136337633e-02
1.059253829385931878e-01
1.204465825790424216e-01
1.321684070905957131e-01
1.396632556969835404e-01
1.439777364068605958e-01
1.464051280285082468e-01
1.477979772525531144e-01
1.486299700102999555e-01
1.491523375236675220e-01
1.494983833079030211e-01
1.497401504404678452e-01
1.499174842605481561e-01
1.500528432052701255e-01
1.501589206759944561e-01
1.502426015321790820e-01
1.503069939881837014e-01
1.503524034401952092e-01
1.503766868815919200e-01
1.503752207130494012e-01
1.503406288727421325e-01
1.502624114122020627e-01
1.501266746984664668e-01
1.499162886098004688e-01
1.496119536795414984e-01
1.491947492236871675e-01
1.486505347456882342e-01
1.479758202886534979e-01
1.471833851369459545e-01
1.463047082789284137e-01
1.453865796820976719e-01
1.444818972070668617e-01
1.436381804667819784e-01
1.428887627054301335e-01
1.422496629581398997e-01
1.417217257925017238e-01
1.412954943106953243e-01
1.409562782428391836e-01
1.406880082857858982e-01
1.404755659321967887e-01
1.403058696199878108e-01
1.401681509631308997e-01
1.400537877742553949e-01
1.399559350420132575e-01
1.398690842704296000e-01
1.397886032320819483e-01
1.397102564129637514e-01
1.396296693232982333e-01
1.395416655842683373e-01
1.394393631841910064e-01
1.393128537440402048e-01
1.391471916681935039e-01
1.389192705937873640e-01
1.385929430928817541e-01
1.381114384880958168e-01
1.373858013171098125e-01
1.362779361358567032e-01
1.345776006893143195e-01
1.319760753787205254e-01
1.280486553525718996e-01
1.222774779127438621e-01
1.141709900221372781e-01
1.035301958342933482e-01
9.079771084961550665e-02
7.720534515074528592e-02
6.440772841653844005e-02
5.375252925270476018e-02
4.578814202414194928e-02
4.032797535458204630e-02
3.682082632417390394e-02
3.467362780839979008e-02
3.340533624692564735e-02
3.267707014751214389e-02
3.226885346435939828e-02
3.204509538951227227e-02
3.192514794363081332e-02
3.186233390555780198e-02
3.183026240333995671e-02
3.181434058200331011e-02
3.180668163653040115e-02
3.180312707310937320e-02
3.180154378030085327e-02
3.180087129739932877e-02
3.180060111925893385e-02
3.180049947291491153e-02
3.180046410414157781e-02
3.180045286663992637e-02
3.180044958396901350e-02
3.180044853063641874e-02
3.180044775714231664e-02
3.180044621872364641e-02
3.180044145086104168e-02
3.180041748625609538e-02
3.180004708381713174e-02
1.919436423730858793e-02
