3.966137765374405134e-03
2.513141764720004754e-03
2.512570342245059544e-03
2.512531501917586625e-03
2.512530098480469671e-03
2.512561330045013849e-03
2.512683941516840550e-03
2.513055060988113581e-03
2.514027849629304253e-03
2.516326502915065214e-03
2.521340254824182541e-03
2.531597635141946863e-03
2.551502864301075785e-03
2.588429444556695439e-03
2.654245014530815308e-03
2.767223463900403847e-03
2.953964024780547735e-03
3.250217414807496635e-03
3.698385346959595383e-03
4.338565580416696432e-03
5.191442002062190801e-03
6.237700657315745773e-03
7.407857789206832161e-03
8.596684024881711544e-03
9.698816937075050229e-03
1.064241214261415353e-02
1.140087047124930218e-02
1.198341721109765987e-02
1.241802258763964259e-02
1.273742967297620057e-02
1.297143201686843175e-02
1.314406524962437664e-02
1.327348510092952322e-02
1.337291991775944877e-02
1.345184783209543537e-02
1.351704993364793474e-02
1.357344454542410393e-02
1.362471264235352690e-02
1.367375687452448453e-02
1.372303900591443325e-02
1.377483276599292088e-02
1.383141918973323538e-02
1.389524205495720408e-02
1.396903226957767370e-02
1.405590142811977312e-02
1.415939553237889094e-02
1.428348973143741922e-02
1.443249458731708790e-02
1.461083643485378003e-02
1.482267434760828166e-02
1.507133253421037711e-02
1.535856893585817520e-02
1.568377184977532909e-02
1.604326357127435973e-02
1.642995537380762330e-02
1.683358584992475718e-02
1.724164444373832081e-02
1.764085560815236570e-02
1.801887591194810401e-02
1.836576212031806182e-02
1.867486188003888992e-02
1.894300396833824632e-02
1.917009575554861137e-02
1.935836848775510446e-02
1.951152205686842653e-02
1.963395095473564542e-02
1.973014018334250455e-02
1.980424372726455676e-02
1.985981196054735498e-02
1.989961340243186563e-02
1.992548929081238915e-02
1.993817541890498257e-02
1.993701572889043303e-02
1.991946934126597943e-02
1.988027212664816162e-02
1.981005760661223164e-02
1.969319842137989829e-02
1.950471231206480152e-02
1.920662356380799241e-02
1.874595657703514995e-02
1.806057926148941367e-02
1.710402655007941045e-02
1.589498374661457714e-02
1.456204784052791447e-02
1.331515454741454864e-02
1.233187094043827758e-02
1.166823109159239973e-02
1.127471081538418234e-02
1.106461746826523443e-02
1.096207877180653198e-02
1.091613984837573430e-02
1.089736872941782751e-02
1.089048910831154175e-02
1.088829094689709384e-02
1.088770544570823173e-02
1.088758440487937705e-02
1.088756718620569226e-02
1.088756582317976056e-02
1.088756576359092496e-02
1.088756573928728426e-02
