7.388935817195821902e-08
1.868456898592005982e-04
2.312477768177437307e-03
9.034802623688227563e-03
2.197762736941561920e-02
4.118392219542937188e-02
6.536345317807150390e-02
9.241867770868245069e-02
1.199797221302196792e-01
1.458287254915950903e-01
1.681790942836663971e-01
1.858194396190731845e-01
1.981509980261046133e-01
2.051517764881539974e-01
2.072974305906148673e-01
2.054623366005934593e-01
2.008170556888158875e-01
1.947318392257107733e-01
1.886906520789341235e-01
1.842165821742883791e-01
1.828073641386543102e-01
1.858788288825891644e-01
1.947140941971429728e-01
2.104169221274738988e-01
2.338686020713031943e-01
2.656887341748902509e-01
3.062011987434857807e-01
3.554072719886116061e-01
4.129682068643641402e-01
4.781996077309517146e-01
5.500795975628769430e-01
6.272721479204275141e-01
7.081660814318757602e-01
7.909292473045889116e-01
8.735763041982969046e-01
9.540475143620334997e-01
1.030295044917556302e+00
1.100372561225039014e+00
1.162523441339041064e+00
1.215262777615998546e+00
1.257448477809131493e+00
1.288337227827885956e+00
1.307621805496724354e+00
1.315447194873547332e+00
1.312404085368283901e+00
1.299499580402442511e+00
1.278106212724191559e+00
1.249891593198163564e+00
1.216732136191094771e+00
1.180615244483228743e+00
1.143535047576966335e+00
1.107387229907287995e+00
1.073868634626125473e+00
1.044387174008924779e+00
1.019987123494878523e+00
1.001294141354418965e+00
9.884833714571585883e-01
9.812727958787154092e-01
9.789426608645016570e-01
9.803803666424817376e-01
9.841487587293240580e-01
9.885743610711762441e-01
9.918508280052915627e-01
9.921518411330317866e-01
9.877469137249873521e-01
9.771131562318765562e-01
9.590360557335294578e-01
9.326927648467262522e-01
8.977122923455204129e-01
8.542083193317377976e-01
8.027820781113673698e-01
7.444947368137782018e-01
6.808109067028488282e-01
6.135170754162986295e-01
5.446207895508750063e-01
4.762380752886358204e-01
4.104777134153704821e-01
3.493314178770460798e-01
2.945785940937400982e-01
2.477131304638968134e-01
2.098976436972145310e-01
1.819478911480962025e-01
1.643469151461172950e-01
1.572852208568362442e-01
1.607203090200918782e-01
1.744466311100823230e-01
1.981659588779868530e-01
2.315486860869025165e-01
2.742790716182126887e-01
3.260821821653793195e-01
3.867375370023559134e-01
4.560944400370881557e-01
5.341170682741721576e-01
6.210042267381074010e-01
7.174504581903782263e-01
8.251438930081462786e-01
9.476349188380944755e-01
1.091762894242479298e+00
1.269901768336158865e+00
1.503387347878472058e+00
