#Conditional distribution of mass given radius from initial fitting w/o bootstrap
-5.375863838119951943e-01
-4.978829526978998943e-01
-4.799078767611954510e-01
-4.671810416586565373e-01
-4.552708433177395375e-01
-4.424257612495204883e-01
-4.278496528198995619e-01
-4.112146171627021896e-01
-3.924703682454837028e-01
-3.717374305698676329e-01
-3.492277812796293346e-01
-3.251808849556946934e-01
-2.998162840123614892e-01
-2.733057206427793595e-01
-2.457652086377185019e-01
-2.172640164920034422e-01
-1.878448929205953077e-01
-1.575486591346879073e-01
-1.264364996672255881e-01
-9.460467966780228277e-02
-6.218869606027350311e-02
-2.935660002450400999e-02
3.706189421332976679e-03
3.681647373745020740e-02
6.981261277792724651e-02
1.025696875378035167e-01
1.350081618697752395e-01
1.670955563695348811e-01
1.988421531115338314e-01
2.302926076416221268e-01
2.615155360664185857e-01
2.925928526876600544e-01
3.236101058006949360e-01
3.546485076278758086e-01
3.857789085267823714e-01
4.170576740399373206e-01
4.485242765891806482e-01
4.802003715585548838e-01
5.120901414497552873e-01
5.441817191856979097e-01
5.764495143449842596e-01
6.088572533530780539e-01
6.413615114829055441e-01
6.739154766857448076e-01
7.064726619696048981e-01
7.389902895090080248e-01
7.714321119141569483e-01
8.037705091612300512e-01
8.359877897250119760e-01
8.680767133403264335e-01
9.000403235706126992e-01
9.318912194748496525e-01
9.636504033184767337e-01
9.953458193153612577e-01
1.027010656668666311e+00
1.058681442120730676e+00
1.090395907314595458e+00
1.122190597857254613e+00
1.154098204340353151e+00
1.186144646116007895e+00
1.218346024956127982e+00
1.250705677807229632e+00
1.283211675779942329e+00
1.315835211035631724e+00
1.348530349419078345e+00
1.381235571559642494e+00
1.413877358684465513e+00
1.446375805799121395e+00
1.478651899399148428e+00
1.510635742544547133e+00
1.542274723037985851e+00
1.573540466990310582e+00
1.604433435855428192e+00
1.634984206305353238e+00
1.665250785789597510e+00
1.695311724354886085e+00
1.725255270158214005e+00
1.755165402544311526e+00
1.785106301677949370e+00
1.815107682192893535e+00
1.845154321350976234e+00
1.875183758035116943e+00
1.905096054385830628e+00
1.934778175496866259e+00
1.964142639967101589e+00
1.993175747183397517e+00
2.021985400962501345e+00
2.050832756058090567e+00
2.080125532981097258e+00
2.110344119723322809e+00
2.141869058222646949e+00
2.174696498079801366e+00
2.208096779589466596e+00
2.240402556540480816e+00
2.269215018057246791e+00
2.292168508044576392e+00
2.307927780318034472e+00
2.316757251233261705e+00
2.320312290376831843e+00
2.413159530390026841e+00
