#Upper limit for the Conditional distribution of radius given mass from initial fitting w/o bootstrap
-9.601589282880577947e-02
-5.416159997679535071e-02
-4.738756606290265433e-02
-4.228235704323526217e-02
-3.500553556785771653e-02
-2.372235187815281351e-02
-7.909230870842959976e-03
1.116354865251374846e-02
3.105095311064327498e-02
4.985018823488025080e-02
6.701573517706588268e-02
8.293203438313279108e-02
9.828849334675537897e-02
1.137087381324202034e-01
1.295846654870531911e-01
1.460273979867992011e-01
1.629079883467757783e-01
1.799700701592291396e-01
1.969616552085729499e-01
2.137227387673406309e-01
2.302052160916393253e-01
2.464453432542943745e-01
2.625201674357399151e-01
2.785088685652791773e-01
2.944677867140166883e-01
3.104208655973840214e-01
3.263630452098915113e-01
3.422711839689366320e-01
3.581157883354850191e-01
3.738681314022458402e-01
3.895009020327876437e-01
4.049840892921987012e-01
4.202800235264321227e-01
4.353415062050077222e-01
4.501153338468359966e-01
4.645508975260783657e-01
4.786111858859556922e-01
4.922825981144885454e-01
5.055805887292145195e-01
5.185502144618946430e-01
5.312619177558736139e-01
5.438039574858956060e-01
5.562727449828398507e-01
5.687621226149661702e-01
5.813524231356633765e-01
5.941005093059325004e-01
6.070323737993853497e-01
6.201402924158881946e-01
6.333861939036921074e-01
6.467112565248472889e-01
6.600497319644657024e-01
6.733431980783817217e-01
6.865515343503718615e-01
6.996582453730971762e-01
7.126699327281258434e-01
7.256111871863790697e-01
7.385168157597301608e-01
7.514232742066037085e-01
7.643608650424120743e-01
7.773478671928173434e-01
7.903873850163625203e-01
8.034670276937672106e-01
8.165611074283241066e-01
8.296345189051498314e-01
8.426475034997983338e-01
8.555608132484490147e-01
8.683411083127600127e-01
8.809665221930199630e-01
8.934320436603226945e-01
9.057538500277527715e-01
9.179713113945193736e-01
9.301452990559779810e-01
9.423512363033358374e-01
9.546654000553586039e-01
9.671435581921841163e-01
9.797934507179090202e-01
9.925488112139067010e-01
1.005260592272775311e+00
1.017722066127506819e+00
1.029727656516894019e+00
1.041139650371711856e+00
1.051931395674525094e+00
1.062197402170302230e+00
1.072143578313026202e+00
1.082073212188034317e+00
1.092369184728821940e+00
1.103443080157279654e+00
1.115571411109179900e+00
1.128532408657169306e+00
1.141304824175416233e+00
1.152568634038629858e+00
1.161632310081347486e+00
1.168525734193574195e+00
1.173569740997727040e+00
1.177111456997124606e+00
1.179458147307305582e+00
1.180881037730622474e+00
1.181627150860581343e+00
1.181924229512371971e+00
1.206829760286053821e+00
