#Conditional distribution of radius given mass from initial fitting w/o bootstrap
-1.663401140161356595e-01
-1.349208674930122698e-01
-1.288676931151125638e-01
-1.248644004097904936e-01
-1.199171597119521870e-01
-1.127421048559759803e-01
-1.028371683738876080e-01
-9.046875862995512607e-02
-7.650853617322488087e-02
-6.201036622369330426e-02
-4.778616654310209599e-02
-3.422160959870368391e-02
-2.133244188103915542e-02
-8.921970161234934679e-03
3.274183077092605258e-03
1.549636714357229515e-02
2.791815974985049562e-02
4.063643404619925181e-02
5.368006765727469792e-02
6.702755876782458266e-02
8.062713815304278775e-02
9.441515942753661572e-02
1.083302332264346468e-01
1.223220489684732626e-01
1.363550637179390679e-01
1.504080876726246740e-01
1.644711917659593403e-01
1.785413622088898311e-01
1.926180679802121654e-01
2.066995403037257817e-01
2.207802016581159599e-01
2.348493881789727733e-01
2.488913024521892392e-01
2.628860059363001267e-01
2.768111925371666837e-01
2.906444572685759620e-01
3.043657709828333502e-01
3.179598842568115424e-01
3.314184061070773457e-01
3.447413349165868723e-01
3.579378598907108633e-01
3.710263020969066794e-01
3.840331255156740897e-01
3.969910217610418957e-01
4.099361585003136188e-01
4.229047809793758383e-01
4.359294640553760258e-01
4.490354166845675898e-01
4.622373199775798303e-01
4.755372035619554461e-01
4.889238022551438689e-01
5.023736676255124989e-01
5.158540456281204278e-01
5.293272160521172998e-01
5.427556951637100280e-01
5.561075102350959698e-01
5.693607214588599641e-01
5.825065043529106257e-01
5.955503743375953896e-01
6.085114610538401303e-01
6.214200451524058977e-01
6.343137985843034787e-01
6.472332983971079701e-01
6.602174204331180407e-01
6.732991848643286037e-01
6.865025420899949493e-01
6.998404685402012104e-01
7.133145917893037868e-01
7.269163845247245126e-01
7.406297640299327467e-01
7.544347257387095107e-01
7.683114552319898483e-01
7.822442371846469733e-01
7.962244423858328979e-01
8.102519429762076175e-01
8.243344852023288816e-01
8.384848326666251017e-01
8.527158732416829645e-01
8.670343494563733655e-01
8.814343987672563774e-01
8.958926043916811688e-01
9.103666110143886492e-01
9.247993275306791716e-01
9.391300787079777113e-01
9.533126382473295912e-01
9.673379448196359753e-01
9.812567195348261828e-01
9.951943795107925927e-01
1.009347539857919474e+00
1.023948133331816113e+00
1.039179952781567273e+00
1.055041110881627553e+00
1.071179050845206815e+00
1.086788162257589008e+00
1.100709416349998859e+00
1.111799804088256183e+00
1.119414177408820876e+00
1.123680293724013346e+00
1.125397974309949811e+00
1.170258773085908421e+00
