nan
nan
1.500419215149625961e+04
1.485748203355732039e+04
nan
1.491299159510975369e+04
1.496101194831052453e+04
nan
1.467730531113533470e+04
1.467736941953735368e+04
1.500088165482332079e+04
nan
nan
nan
nan
1.505231766977430561e+04
nan
nan
nan
nan
nan
nan
nan
nan
nan
1.490110913493460612e+04
nan
1.508138739773323869e+04
nan
nan
nan
1.468142039138937071e+04
nan
1.482341963431917247e+04
nan
1.478051265981498909e+04
nan
nan
nan
1.495633104395026930e+04
nan
nan
nan
nan
1.519124790424626008e+04
1.496385941100664240e+04
nan
nan
nan
1.472633243991822019e+04
1.497711035803176128e+04
nan
nan
1.495536641244894417e+04
nan
nan
nan
nan
nan
nan
1.469765175760749298e+04
1.491094811482387013e+04
nan
nan
1.506633135522289558e+04
nan
nan
1.465425152130801689e+04
nan
nan
1.517912636809788091e+04
nan
nan
nan
1.484556907494425832e+04
nan
1.489492520652765597e+04
1.478153902750008638e+04
nan
nan
nan
nan
nan
1.499793235965116401e+04
nan
nan
1.472935251637154397e+04
nan
nan
nan
nan
nan
1.492927753557375581e+04
1.503278673582087686e+04
nan
1.488606792898312051e+04
nan
1.474439342057997601e+04
1.489491653752801722e+04
nan
