#Conditional distribution of mass given radius from initial fitting w/o bootstrap
9.119173891686267044e-09
-1.123731810325445002e+00
-1.121346266540432790e+00
-1.116436374655030983e+00
-1.108105050203274988e+00
-1.095296430888234029e+00
-1.076733027769453344e+00
-1.050810986217087795e+00
-1.015417857941401714e+00
-9.676015571491332068e-01
-9.029427163873661177e-01
-8.143374544523224179e-01
-6.898790017138657360e-01
-5.126039055048396964e-01
-2.849834292425467708e-01
-6.939967580063315100e-02
9.298068719517064984e-02
2.110281493002004183e-01
2.990831638870699027e-01
3.666984674253639942e-01
4.198545312905789806e-01
4.624238144807144013e-01
4.970245399581681434e-01
5.254950477842006418e-01
5.491664015161114021e-01
5.690265346737760632e-01
5.858236292119665123e-01
6.001338232323768507e-01
6.124070611338557901e-01
6.229990285823399088e-01
6.321939310676770729e-01
6.402210746499146232e-01
6.472671494894740585e-01
6.534854723584279101e-01
6.590030443894127066e-01
6.639259989528182304e-01
6.683438952996791915e-01
6.723331084187810225e-01
6.759595832779845548e-01
6.792810952771425326e-01
6.823491529182282855e-01
6.852106428420573492e-01
6.879092999117821794e-01
6.904870728602907626e-01
6.929854488566905557e-01
6.954467973624328669e-01
6.979157944130984781e-01
7.004409928670356500e-01
7.030766123703746651e-01
7.058846352213289377e-01
7.089373116573689515e-01
7.123202012940200722e-01
7.161359077620115254e-01
7.205087025648996280e-01
7.255902836166194803e-01
7.315669757442062604e-01
7.386687563273584001e-01
7.471805796850026216e-01
7.574565758866395049e-01
7.699378016078592957e-01
7.851742899875560067e-01
8.038520777320314892e-01
8.268255154108026250e-01
8.551537012864309784e-01
8.901360646077733918e-01
9.333315349261028793e-01
9.865188271851997870e-01
1.051491501257302952e+00
1.129459688237570258e+00
1.219743378500194986e+00
1.317959192794003975e+00
1.415721526294055677e+00
1.504164541401816324e+00
1.578331271930599078e+00
1.637705364870434055e+00
1.684107485560895734e+00
1.719937377289382230e+00
1.747410598623454492e+00
1.768359467107589733e+00
1.784241700313141665e+00
1.796202414517629853e+00
1.805138382051322932e+00
1.811751728153672136e+00
1.816592028483349885e+00
1.820088897273706152e+00
1.822577210561901140e+00
1.824316806433913918e+00
1.825508010416063920e+00
1.826303972159105005e+00
1.826820532805256470e+00
1.827144154204590754e+00
1.827338308717639359e+00
1.827448634255058213e+00
1.827507091287373431e+00
1.827535308599188779e+00
1.827547267079349114e+00
1.827551442161023054e+00
1.827552503178559329e+00
1.827552650203948525e+00
9.119173891686267044e-09
