#Lower limit for the Conditional distribution of mass given radius from initial fitting w/o bootstrap
9.119173891686267044e-09
-1.469262582644896176e+00
-1.468511470296663957e+00
-1.466973470836826277e+00
-1.464386828630848347e+00
-1.460465528253451106e+00
-1.454899846761996018e+00
-1.447356854868354414e+00
-1.437479939366254733e+00
-1.424885989916911289e+00
-1.409158387494650944e+00
-1.389833646020074420e+00
-1.366378901747289598e+00
-1.338156566526209179e+00
-1.304370486751160740e+00
-1.263984338491805692e+00
-1.215596922682174119e+00
-1.157251782825413633e+00
-1.086163251013126496e+00
-9.984373178978941388e-01
-8.894364358545068239e-01
-7.575398432785549474e-01
-6.143645062398436218e-01
-4.841489331600152268e-01
-3.799739568788200739e-01
-2.997153621483815145e-01
-2.374448715553404698e-01
-1.882385341898968611e-01
-1.486312631310283960e-01
-1.162330112651017433e-01
-8.936841667174680315e-02
-6.683420565133590951e-02
-4.774492258364571029e-02
-3.143447115896126631e-02
-1.739196093801978829e-02
-5.218827650215521717e-03
5.400566283691473832e-03
1.471958114297069325e-02
2.294411640137073230e-02
3.024350792378551270e-02
3.675862466727419786e-02
4.260808319709615682e-02
4.789305892954841964e-02
5.270111084007969571e-02
5.710929315807958956e-02
6.118676001668631875e-02
6.499702072936351660e-02
6.859997162406246407e-02
7.205381034463012591e-02
7.541692718241235771e-02
7.874986342297557451e-02
8.211742770582740325e-02
8.559106636267632684e-02
8.925160313074335938e-02
9.319243754569060678e-02
9.752340799192363296e-02
1.023753917834434313e-01
1.079058835729224258e-01
1.143057160633037528e-01
1.218071269678690088e-01
1.306933428967327615e-01
1.413098524716788207e-01
1.540773689841589134e-01
1.695064304743477412e-01
1.882132742242323409e-01
2.109363075147391575e-01
2.385519288876588595e-01
2.720874280272215229e-01
3.127264156248485971e-01
3.617966069266458362e-01
4.207156837645498748e-01
4.908376868483930178e-01
5.730753988957938416e-01
6.670918024966715487e-01
7.699657253510552302e-01
8.751119697465917779e-01
9.735688635895832777e-01
1.058076601044879883e+00
1.125939442441757032e+00
1.178214357790047240e+00
1.217535827718997821e+00
1.246689518573996791e+00
1.268071673474151284e+00
1.283592174639634154e+00
1.294728656459449789e+00
1.302611332060419569e+00
1.308100477400290451e+00
1.311848552190566952e+00
1.314348029794607298e+00
1.315967921203629931e+00
1.316981845989737998e+00
1.317589778986087312e+00
1.317935093471230168e+00
1.318118014793741910e+00
1.318206295890257396e+00
1.318243704641331782e+00
1.318256763899867900e+00
1.318260082372596953e+00
1.318260542177630112e+00
9.119173891686267044e-09
