#Upper limit for the Conditional distribution of radius given mass from initial fitting w/o bootstrap
9.721778848983394149e-09
1.324011087557601940e-01
1.324030550075535051e-01
1.324129534211045955e-01
1.324440992642143544e-01
1.325203975861683481e-01
1.326806801026390314e-01
1.329841027963327982e-01
1.335168719944269666e-01
1.344006213220186041e-01
1.358028669310759606e-01
1.379500938164899271e-01
1.411441668817754735e-01
1.457826893891798758e-01
1.523832973614982489e-01
1.616092544497345074e-01
1.742858345490078953e-01
1.913765815369514178e-01
2.138462099936674909e-01
2.422890178665084993e-01
2.762838330055255032e-01
3.138858753942311841e-01
3.520667963381028942e-01
3.880234647483658539e-01
4.200929266149018293e-01
4.477262310623873476e-01
4.710528057614810638e-01
4.905086397745870297e-01
5.066247272928598999e-01
5.199266243536404541e-01
5.308924462189759108e-01
5.399387490230579401e-01
5.474192928229002497e-01
5.536295581503142271e-01
5.588135858165415026e-01
5.631714167966819229e-01
5.668662648197161369e-01
5.700310087219411237e-01
5.727738461594951147e-01
5.751830928753047800e-01
5.773311873958502094e-01
5.792779960448375398e-01
5.810735241109025173e-01
5.827601366165237051e-01
5.843743831989053339e-01
5.859485102664847567e-01
5.875117322236560469e-01
5.890913234497163753e-01
5.907135845198684398e-01
5.924047301732147108e-01
5.941917429418620555e-01
5.961032349673653918e-01
5.981703658829498060e-01
6.004278562777652928e-01
6.029151782433377349e-01
6.056779720294284131e-01
6.087698165344769263e-01
6.122544652724114522e-01
6.162087800841633545e-01
6.207266218722591322e-01
6.259241560613987287e-01
6.319472447885605693e-01
6.389820022157741697e-01
6.472703042365383075e-01
6.571332070167076322e-01
6.690075106238085878e-01
6.835046293802061745e-01
7.015076129214006251e-01
7.243299889579181139e-01
7.539425743620433717e-01
7.930524350399915656e-01
8.436391475365536685e-01
9.014052368503100432e-01
9.551602907083374117e-01
9.990672028700227081e-01
1.033988520021840829e+00
1.062118259730743475e+00
1.085190634497834372e+00
1.104398751471223461e+00
1.120559695531514910e+00
1.134248094929088957e+00
1.145881814989673231e+00
1.155775307192578039e+00
1.164173330358755587e+00
1.171272806544565004e+00
1.177237306415591211e+00
1.182206774412744021e+00
1.186304056617113911e+00
1.189639214939298029e+00
1.192312290351074111e+00
1.194414998641227577e+00
1.196031690573252870e+00
1.197239928417705990e+00
1.198110776173516356e+00
1.198709030114252450e+00
1.199093434292568316e+00
1.199316934812904245e+00
1.199426986454582567e+00
1.199465907403767462e+00
9.721778848983394149e-09
