#Conditional distribution of radius given mass from initial fitting w/o bootstrap
9.721778848983394149e-09
-6.254305470362742092e-02
-6.254231303808960307e-02
-6.253860495083600479e-02
-6.252710766118881047e-02
-6.249929443775210230e-02
-6.244149501456693063e-02
-6.233310438004309451e-02
-6.214436612055762588e-02
-6.183364055974217843e-02
-6.134404754810433846e-02
-6.059934732998128321e-02
-5.949888852670961320e-02
-5.791140827570091798e-02
-5.566741671768533212e-02
-5.254984615713236690e-02
-4.828263254634121426e-02
-4.251704393667174453e-02
-3.481622948611509671e-02
-2.464052942443285127e-02
-1.134209156149183079e-02
5.808043038108830040e-03
2.750658054724823554e-02
5.412780050841039386e-02
8.521549043384213373e-02
1.190459361699642143e-01
1.529390296326477439e-01
1.843918713665133879e-01
2.119679397494817763e-01
2.353025601645440390e-01
2.546668390358501344e-01
2.705855656062478576e-01
2.836268098365254398e-01
2.943121952759658599e-01
3.030884376489399457e-01
3.103254040355814536e-01
3.163240918379983668e-01
3.213273183283508194e-01
3.255301628023614668e-01
3.290891744767323601e-01
3.321300811862750169e-01
3.347540881527222290e-01
3.370429535097289597e-01
3.390630486220146400e-01
3.408685960370343992e-01
3.425042510393223050e-01
3.440071643986928329e-01
3.454086380949159540e-01
3.467354638926974930e-01
3.480110167537653343e-01
3.492561608456377087e-01
3.504900148299934792e-01
3.517306146830673774e-01
3.529955060807127287e-01
3.543022940283356292e-01
3.556691746860081160e-01
3.571154730864677940e-01
3.586622106263556153e-01
3.603327279001469208e-01
3.621533918483065828e-01
3.641544216880908680e-01
3.663708763119283840e-01
3.688438577598596169e-01
3.716220025330917442e-01
3.747633573082025382e-01
3.783377718700654535e-01
3.824299960356024042e-01
3.871437493209079483e-01
3.926071598525702200e-01
3.989801738962400757e-01
4.064648766358109899e-01
4.153202471291452258e-01
4.258839102657229758e-01
4.386053887060780143e-01
4.540991534072851832e-01
4.732335699859314126e-01
4.972885680921625973e-01
5.282509379473520061e-01
5.693802931839119230e-01
6.260971486246279527e-01
7.047211620125971576e-01
7.957922236267143123e-01
8.699118475208450496e-01
9.216922560637581530e-01
9.585047467684308931e-01
9.856774089242766879e-01
1.006259369863000019e+00
1.022069001910969055e+00
1.034272298460068296e+00
1.043669429273238469e+00
1.050842252180265168e+00
1.056234661076524750e+00
1.060198642969651051e+00
1.063021989525020805e+00
1.064945634714999478e+00
1.066174938047721010e+00
1.066887291094128942e+00
1.067237412618134096e+00
1.067361135927731297e+00
9.721778848983394149e-09
