-9.141143682321000163e-01
-9.141141641324791456e-01
-9.141052615599508657e-01
-9.137341514399375253e-01
-9.083565247462400682e-01
-8.668253569948142223e-01
-6.826898057958649124e-01
-3.050068839487307670e-01
2.559673130656842273e-03
1.341850059570922349e-01
1.800034456289155704e-01
1.972071375236161273e-01
2.063059664917680502e-01
2.146909745949432680e-01
2.258684098407861829e-01
2.422509029867684627e-01
2.657373432504859245e-01
2.973864921492516689e-01
3.367522320300908034e-01
3.814905374328633747e-01
4.278010244898921011e-01
4.716665425251593269e-01
5.101342226403963176e-01
5.418893919768273948e-01
5.670452773103503707e-01
5.865734949527456887e-01
6.017803345003155391e-01
6.139853812867812621e-01
6.243808546314292274e-01
6.339950480664257038e-01
6.436923904026928822e-01
6.541668859809328662e-01
6.659087695681182861e-01
6.791471142421114937e-01
6.937953007589532373e-01
7.094429675726022788e-01
7.254299587060700771e-01
7.409979489089622007e-01
7.554671508798593837e-01
7.683688647066201360e-01
7.794938895882994601e-01
7.888643120574787559e-01
7.966653903592799679e-01
8.031745177012322712e-01
8.087087275990073598e-01
8.135967193987055923e-01
8.181727535944923746e-01
8.227873212258461910e-01
8.278301210067037230e-01
8.337618478900353791e-01
8.411506085603943639e-01
8.507045600400238161e-01
8.632825498451096591e-01
8.798482496930833952e-01
9.013162812351354081e-01
9.282440690259777805e-01
9.603951040324039123e-01
9.963636674782375691e-01
1.033605805745100525e+00
1.069107737618851584e+00
1.100449135435098924e+00
1.126626866391607251e+00
1.148204416092217794e+00
1.166911307947736010e+00
1.185106121924512479e+00
1.205392393483474267e+00
1.230436891054724091e+00
1.262902365869061905e+00
1.305377345426388391e+00
1.360203180377371757e+00
1.429135244765399104e+00
1.512841433993660445e+00
1.610352869700872214e+00
1.718712851944568021e+00
1.833120133937162111e+00
1.947709592001579004e+00
2.056771231241872666e+00
2.155914827749312312e+00
2.242708999464927633e+00
2.316647862367260835e+00
2.378642538938241735e+00
2.430364065016953568e+00
2.473683866064573689e+00
2.510308448814289939e+00
2.541593680373491537e+00
2.568474828241056773e+00
2.591437972873155360e+00
2.610455326783488683e+00
2.624786179380139028e+00
2.632489232764000153e+00
2.629430833024886560e+00
2.607841990616233119e+00
2.556573494445072203e+00
2.470873625367589366e+00
2.373223565682430536e+00
2.303598560427841058e+00
2.273035687679334504e+00
2.264806389941178111e+00
2.263677356361609938e+00
1.065468739325076575e+00
