8.452886910624383141e-04
8.452891100883554686e-04
8.452898092662705773e-04
8.452917281357095721e-04
8.453297874058078977e-04
8.460654166611435330e-04
8.547493726086040442e-04
9.251753158794987506e-04
1.335278001121959369e-03
2.821823180686588734e-03
5.186685708587713585e-03
6.661054817045857640e-03
7.200719718255129374e-03
7.400965333221133646e-03
7.518566277491174100e-03
7.634690774993240989e-03
7.777386783948700942e-03
7.958167463468883429e-03
8.180713424552866000e-03
8.442178645045135196e-03
8.733447924139851534e-03
9.040548445930487662e-03
9.347519901642993220e-03
9.639786278059274405e-03
9.906695280905023285e-03
1.014246778428719471e-02
1.034570098597427205e-02
1.051809953877708495e-02
1.066310308140816857e-02
1.078479428657789715e-02
1.088719187618914473e-02
1.097387444734073715e-02
1.104783118237975988e-02
1.111144408340501710e-02
1.116653363292017913e-02
1.121442603567543959e-02
1.125601928350437875e-02
1.129183725993527718e-02
1.132206787242851648e-02
1.134658465982281081e-02
1.136495278827648683e-02
1.137642051337115628e-02
1.137989621464950869e-02
1.137390880467313049e-02
1.135654545380880391e-02
1.132535564975742197e-02
1.127720729161591981e-02
1.120808587909037472e-02
1.111285568258869698e-02
1.098507201811260020e-02
1.081706190175122165e-02
1.060065396955714445e-02
1.032901335046685493e-02
9.999750420408546475e-03
9.618554367980824277e-03
9.201331287709932361e-03
8.772507323717562006e-03
8.359117158826458172e-03
7.983491366791002630e-03
7.658509897403321769e-03
7.387199125047761751e-03
7.165453874394947520e-03
6.985567019897786362e-03
6.839001953295740024e-03
6.717984246648944086e-03
6.616145442276339175e-03
6.528606040393849889e-03
6.451802517673302199e-03
6.383237848634212321e-03
6.321240076734647821e-03
6.264757792986867281e-03
6.213194045606021572e-03
6.166269894824812602e-03
6.123908197642184692e-03
6.086132937488680610e-03
6.052986308862272347e-03
6.024471787831677493e-03
6.000534285450629356e-03
5.981088286690587792e-03
5.966105151488956121e-03
5.955777643127185828e-03
5.950798953842512118e-03
5.952822132962182905e-03
5.965162253335255967e-03
5.993586264714306430e-03
6.046102205391474041e-03
6.128698504509721458e-03
6.234874946442730236e-03
6.339854758550068047e-03
6.417271377891829373e-03
6.460024491272952848e-03
6.476385673558149661e-03
6.475421483111449585e-03
6.459222596215759629e-03
6.418920809170185551e-03
6.328747691228718379e-03
6.158978447174458769e-03
5.976440850077859197e-03
5.906732752258996889e-03
5.901649889223893435e-03
