2.618447204688793550e-01
1.513391986553964952e-01
8.697952714205596514e-02
4.970385892719068888e-02
2.823714341273159470e-02
1.594774883968189116e-02
8.963050087314102313e-03
5.054297816025631745e-03
2.992408843019536344e-03
2.188180389316814536e-03
2.494120940576145026e-03
4.084848192962877746e-03
7.364763252931683275e-03
1.288157337777555596e-02
2.125004240138375633e-02
3.310615682102931862e-02
4.911308848877882216e-02
7.002700269062764327e-02
9.680826737915758373e-02
1.307406836720489129e-01
1.735068850338703783e-01
2.271681328778102082e-01
2.940128334517484454e-01
3.762668402013871205e-01
4.756929859207051359e-01
5.931387664671037285e-01
7.281118673955844223e-01
8.784680969312014254e-01
1.040283770973490451e+00
1.207957035156031589e+00
1.374545476502196939e+00
1.532307947151091199e+00
1.673384283908027514e+00
1.790523757682580985e+00
1.877765402035314279e+00
1.930981637060074307e+00
1.948218678239217683e+00
1.929798634413164349e+00
1.878183169159605370e+00
1.797631178597701496e+00
1.693708097080165675e+00
1.572718872790870082e+00
1.441139174064692163e+00
1.305110904587891030e+00
1.170051220650451196e+00
1.040402586121933037e+00
9.195288767860720913e-01
8.097426404122809451e-01
7.124338789795354732e-01
6.282624814092350185e-01
5.573748115242960210e-01
4.996090365795362587e-01
4.546619749006710620e-01
4.222006650229580549e-01
4.019126999049604798e-01
3.934991489912460505e-01
3.966216044829624088e-01
4.108200267914959847e-01
4.354205345003168692e-01
4.694522763655900599e-01
5.115903705771916998e-01
5.601379708046769768e-01
6.130551824605692257e-01
6.680361820233641224e-01
7.226289481034346984e-01
7.743851295186668926e-01
8.210216180698787225e-01
8.605714359141937164e-01
8.915007354730110078e-01
9.127720027282589799e-01
9.238413759101319345e-01
9.245898685582599752e-01
9.152025961779373109e-01
8.960240615377013107e-01
8.674275400076504328e-01
8.297389159251262747e-01
7.832472161506451869e-01
7.283149732902842732e-01
6.655739118142527388e-01
5.961611195141506281e-01
5.219262694897338628e-01
4.455306665335824756e-01
3.703707355489905817e-01
3.002935226345803121e-01
2.391237865814882513e-01
1.900778100217809796e-01
1.551804598216023345e-01
1.348137743932307786e-01
1.275019522955398721e-01
1.299893853478891470e-01
1.376208461272327988e-01
1.450160034174871881e-01
1.470568586774341213e-01
1.402455533439706803e-01
1.244493096037684043e-01
1.047926654182330386e-01
9.289602349698336536e-02
1.059979817254266543e-01
1.627977359830506399e-01
2.792815907914942275e-01
