#Lower limit for the Conditional distribution of mass given radius from initial fitting w/o bootstrap
9.119173891686267044e-09
-1.110015650924088160e+00
-1.073760681727721655e+00
-1.039460202537707767e+00
-1.006941526519545604e+00
-9.760791303931074525e-01
-9.467732745736648914e-01
-9.189364574149340159e-01
-8.924851448581503366e-01
-8.673351699846447715e-01
-8.433996899165220329e-01
-8.205887771189207536e-01
-7.988100324621805193e-01
-7.779696885616853574e-01
-7.579738729048730583e-01
-7.387298134457622734e-01
-7.201468694894544997e-01
-7.021373403071183850e-01
-6.846170486645544173e-01
-6.675057268693320722e-01
-6.507272116276948681e-01
-6.342095582768809692e-01
-6.178850007679963507e-01
-6.016898882659320602e-01
-5.855645684179586752e-01
-5.694532552832807237e-01
-5.533038955136659887e-01
-5.370680448752570557e-01
-5.207007642092361666e-01
-5.041605411246287138e-01
-4.874092423289823617e-01
-4.704120993670073414e-01
-4.531377294099112607e-01
-4.355581862281050487e-01
-4.176490699195020695e-01
-3.993896150674194900e-01
-3.807628601291767612e-01
-3.617558002596121813e-01
-3.423595519062371806e-01
-3.225695044984697168e-01
-3.023854365183996085e-01
-2.818115686531973418e-01
-2.608565205234372741e-01
-2.395331320662952290e-01
-2.178581064278476143e-01
-1.958514289653627838e-01
-1.735355178651897257e-01
-1.509340663850159692e-01
-1.280705455943114135e-01
-1.049663493612288806e-01
-8.163857943466658329e-02
-5.809748620613082448e-02
-3.434359807810929976e-02
-1.036458741758764478e-02
1.386806845827951232e-02
3.840256588130092769e-02
6.331030539869766938e-02
8.868944932246730639e-02
1.146683104819640336e-01
1.414085555345574452e-01
1.691079600835381780e-01
1.980024587541155123e-01
2.283670449178406836e-01
2.605148501720214727e-01
2.947933957274308514e-01
3.315765262949357806e-01
3.712498626463033302e-01
4.141867067582403750e-01
4.607103061872182548e-01
5.110376281404550580e-01
5.652005460148507021e-01
6.229452206628534050e-01
6.836233704591727633e-01
7.461121650692392748e-01
8.088235279899237407e-01
8.698604658782721488e-01
9.273169594575938479e-01
9.796204089583792074e-01
1.025770129544110398e+00
1.065389479626756675e+00
1.098620987715193786e+00
1.125953514556537804e+00
1.148057548203093914e+00
1.165663246436468237e+00
1.179484261789049304e+00
1.190176920096922331e+00
1.198322525996515342e+00
1.204423215966799354e+00
1.208905022145607688e+00
1.212124340267629607e+00
1.214375662254087107e+00
1.215899439059712650e+00
1.216889512957044284e+00
1.217499873280286637e+00
1.217850656833185718e+00
1.218033399726720978e+00
1.218115588821685691e+00
1.218144578826259927e+00
1.218150946560417891e+00
9.119173891686267044e-09
