#Variance for the Conditional distribution of radius given mass from initial fitting w/o bootstrap
nan
1.759942384038086938e-03
1.759793980693173101e-03
1.759765111188071711e-03
1.759756048621300252e-03
1.759753945606050678e-03
1.759755847168967789e-03
1.759761374388427472e-03
1.759772345931108137e-03
1.759799036786836640e-03
1.759895700484234889e-03
1.760327371682983335e-03
1.762265393309545578e-03
1.770417533194966302e-03
1.802115557490662759e-03
1.915302141923741442e-03
2.275513677887316000e-03
3.207077434920577435e-03
4.849491971930361758e-03
6.548025807977166796e-03
7.648943848074524730e-03
8.237833517071900882e-03
8.585224060696608137e-03
8.843579004742195201e-03
9.073860629544646880e-03
9.296700174062285174e-03
9.517223197164815726e-03
9.734904399966477426e-03
9.947395571452063989e-03
1.015206618432021139e-02
1.034664049432214468e-02
1.052943957108127757e-02
1.069942874755478932e-02
1.085616315947419280e-02
1.099968337864940839e-02
1.113039393049958595e-02
1.124894528257734845e-02
1.135613084879775678e-02
1.145280390374781715e-02
1.153981481721740032e-02
1.161796636359337109e-02
1.168798355952878169e-02
1.175049403663214372e-02
1.180601492273823140e-02
1.185494222941716608e-02
1.189753853728411047e-02
1.193391407904865857e-02
1.196399488139986839e-02
1.198746915247433584e-02
1.200369931327017504e-02
1.201158188473305452e-02
1.200933151450354897e-02
1.199416152280174779e-02
1.196183934127341940e-02
1.190612968241855016e-02
1.181823766986431733e-02
1.168658121316946442e-02
1.149757839127116613e-02
1.123845967808927843e-02
1.090277783594445667e-02
1.049734645990559045e-02
1.004613474273167127e-02
9.585898213542418805e-03
9.153916548597295852e-03
8.775748386436384510e-03
8.460732954026392930e-03
8.205456918266974473e-03
8.000176625829585539e-03
7.833992692486363082e-03
7.697554754458236885e-03
7.583864143200414257e-03
7.488081164412354121e-03
7.406979392907251172e-03
7.338379116276906415e-03
7.280692933623193579e-03
7.232615711988943895e-03
7.192947059926251344e-03
7.160518553169328317e-03
7.134196005529473347e-03
7.112933208037469299e-03
7.095865640185570165e-03
7.082450698535593635e-03
7.072686488050907751e-03
7.067473068325433316e-03
7.069192336719549996e-03
7.082441463201453839e-03
7.114133139445496731e-03
7.170385889968738935e-03
7.247452613526843626e-03
7.324507586196276482e-03
7.376014212656085631e-03
7.391574469742022771e-03
7.374373493858986731e-03
7.328248721437643012e-03
7.252629504579939483e-03
7.148404637352444822e-03
7.032120867695795634e-03
6.940373362371478859e-03
6.898505708032627408e-03
nan
