#Conditional distribution of mass given radius from initial fitting w/o bootstrap
nan
-1.255568395842636464e+00
-1.255548807649626397e+00
-1.255103714928527792e+00
-1.250607515512329959e+00
-1.224040918237509379e+00
-1.118778101153929949e+00
-8.478210904982800278e-01
-4.481178884833888487e-01
-1.184469930793963927e-01
6.334114793526197940e-02
1.486777275930645792e-01
1.899660346203782546e-01
2.148137480187458093e-01
2.364964076588390585e-01
2.619461962118796450e-01
2.947570306829219167e-01
3.355731919065175206e-01
3.819318065236279591e-01
4.291336895784812477e-01
4.723224686411958695e-01
5.083933164307234964e-01
5.365222581158957116e-01
5.575234966247519797e-01
5.729323993837517337e-01
5.843724435275223783e-01
5.932763862903804863e-01
6.008311823877748870e-01
6.080168263645047144e-01
6.156599362209966841e-01
6.244611447189633013e-01
6.349765140506822281e-01
6.475498022888216409e-01
6.622159677394238164e-01
6.786260258585591343e-01
6.960585360702477020e-01
7.135546325277530855e-01
7.301426018750191149e-01
7.450568450882161242e-01
7.578613013575751234e-01
7.684520885428525183e-01
7.769778061138392644e-01
7.837360380428908257e-01
7.890877425680226098e-01
7.934053247798904529e-01
7.970530442189587284e-01
8.003924295003409517e-01
8.038060620194612538e-01
8.077357929764248379e-01
8.127330406119860351e-01
8.195166640072617525e-01
8.290244518193476964e-01
8.424228645369974400e-01
8.610058405779432711e-01
8.858882851660889735e-01
9.174516480153577236e-01
9.547182127662890982e-01
9.951450038343405691e-01
1.035309954078380335e+00
1.072280067976699280e+00
1.104742752496806979e+00
1.133223824463094331e+00
1.159576859143383931e+00
1.186332449674104339e+00
1.216267219415283485e+00
1.252211702610674715e+00
1.296956530843697220e+00
1.353101044550339305e+00
1.422729453558286172e+00
1.506878082209436975e+00
1.604894557522317466e+00
1.713969302869990274e+00
1.829217583109058021e+00
1.944525021530596698e+00
2.053931458696361290e+00
2.152940457998706592e+00
2.239182895587541022e+00
2.312298667543157826e+00
2.373321219373555557e+00
2.423962689762257483e+00
2.466059056693577389e+00
2.501247276633041583e+00
2.530830964274611627e+00
2.555755545784342164e+00
2.576620263534728394e+00
2.593669039294825840e+00
2.606706317214912083e+00
2.614869837763814431e+00
2.616167794001202029e+00
2.606731525800112248e+00
2.580196918306022269e+00
2.529352925963929799e+00
2.454306119413049103e+00
2.373215137216684312e+00
2.312511681345601922e+00
2.281057267735398852e+00
2.269531166508702569e+00
2.266670676598043332e+00
2.266268358451073883e+00
nan
