#Upper limit for the Conditional distribution of radius given mass from initial fitting w/o bootstrap
5.203520404377511726e-09
-2.115501578524736359e-01
-2.116016737664615510e-01
-2.116077787326725024e-01
-2.116094719084649911e-01
-2.116101168822874523e-01
-2.116103802891509678e-01
-2.116104490224198775e-01
-2.116103393035614066e-01
-2.116097690149833788e-01
-2.116071867750594915e-01
-2.115956657940166741e-01
-2.115476841451882639e-01
-2.113633710690024370e-01
-2.107033335204214208e-01
-2.084395962896151422e-01
-2.004530264023066111e-01
-1.590969378978329130e-01
-7.316727020343073012e-03
7.063042664182994645e-02
1.308373750151445025e-01
1.810559629078710708e-01
2.215037980716052513e-01
2.557313431222214550e-01
2.870595281332345983e-01
3.172839659551475178e-01
3.469061916060213191e-01
3.753297290492230154e-01
4.014574692282131818e-01
4.245647066928791014e-01
4.446063409993284976e-01
4.619560192826553391e-01
4.771085685572622470e-01
4.905354546295118134e-01
5.026440582120748068e-01
5.137793232818151923e-01
5.242382994185627032e-01
5.342872953680436465e-01
5.441793014017387575e-01
5.541723158929986459e-01
5.645507576383020920e-01
5.756534293860896545e-01
5.879131324234380118e-01
6.019135598368121620e-01
6.184589624591936285e-01
6.385849980747491106e-01
6.631745971716640486e-01
6.915706360380878825e-01
7.206192640011682693e-01
7.473639401298070029e-01
7.712058804622438091e-01
7.928768074475722738e-01
8.134246503806945583e-01
8.339761061405656095e-01
8.558108884174296938e-01
8.805110223505021594e-01
9.099961376617372588e-01
9.457954552968472761e-01
9.864777047729343940e-01
1.026489842175703160e+00
1.061461372621481214e+00
1.090760838317553771e+00
1.115148329266506533e+00
1.135352990850328148e+00
1.151887863000661927e+00
1.165178209832988809e+00
1.175654561268608234e+00
1.183758722365992666e+00
1.189910498884516166e+00
1.194480402863073110e+00
1.197781372379588261e+00
1.200073587049290458e+00
1.201573787660418446e+00
1.202463957423631102e+00
1.202897653804827494e+00
1.203004138118975108e+00
1.202891043109613145e+00
1.202646235415863130e+00
1.202339202805484009e+00
1.202021897736459177e+00
1.201728684634161048e+00
1.201474446961838138e+00
1.201249315072775659e+00
1.201007253884612824e+00
1.200644814961233431e+00
1.199969634556440568e+00
1.198681445828468695e+00
1.196460964870852406e+00
1.193323279099142598e+00
1.190036089448030188e+00
1.187751604514552417e+00
1.187051250452308526e+00
1.187854383442460193e+00
1.189984667411923436e+00
1.193417447071920323e+00
1.198004713915881814e+00
1.202899264455243422e+00
1.206582622123705928e+00
1.208209841315491362e+00
5.203520404377511726e-09
