#Lower limit for the Conditional distribution of mass given radius from initial fitting w/o bootstrap
9.119173891686267044e-09
-1.563141512587574500e+00
-1.549755227054939732e+00
-1.527291185092201964e+00
-1.495526404199886583e+00
-1.453662138353842170e+00
-1.399823711841446050e+00
-1.330397732821808843e+00
-1.239514753737925634e+00
-1.123185715581048738e+00
-9.991902626319689729e-01
-9.002788415415131640e-01
-8.308552765307374299e-01
-7.816136320352732314e-01
-7.452081251344794266e-01
-7.171487688341035005e-01
-6.946722655418792192e-01
-6.759903146155807896e-01
-6.598791233193136430e-01
-6.454538661943233224e-01
-6.320395453287909193e-01
-6.190937224606429812e-01
-6.061584694126791462e-01
-5.928295838245496441e-01
-5.787364955970113467e-01
-5.635290959456973336e-01
-5.468692430219930234e-01
-5.284255682138337962e-01
-5.078707661184974631e-01
-4.848810153139258006e-01
-4.591377214519575811e-01
-4.303325756668567315e-01
-3.981781720639239186e-01
-3.624282870832631342e-01
-3.229142890319670611e-01
-2.796059897626823054e-01
-2.327032217211827403e-01
-1.827514110030977190e-01
-1.307426857458519887e-01
-7.812232696440328528e-02
-2.661784862791348114e-02
2.209672351221581357e-02
6.674641844155008996e-02
1.066316709119150830e-01
1.415922889574738053e-01
1.718497191765450682e-01
1.978362503287462437e-01
2.200669787028412261e-01
2.390625103299602872e-01
2.553102051479864132e-01
2.692494288718019768e-01
2.812701126584407629e-01
2.917181045376493476e-01
3.009038207278059707e-01
3.091125762571029223e-01
3.166160745803069387e-01
3.236851467584370701e-01
3.306043460241746557e-01
3.376891233210477239e-01
3.453067166053297443e-01
3.539019449373775883e-01
3.640292284952074686e-01
3.763919039245712805e-01
3.918896578437572331e-01
4.116741012781050535e-01
4.372123626353763837e-01
4.703604401614802089e-01
5.134560635432755538e-01
5.694618381316500777e-01
6.422330470181054629e-01
7.370508322355733277e-01
8.615157909542037196e-01
1.025228567065809671e+00
1.223851864409743806e+00
1.399302763427588081e+00
1.510731228051148900e+00
1.576985382887976295e+00
1.617705353197660401e+00
1.643516825471142528e+00
1.660160669473272232e+00
1.670959888398892312e+00
1.677955273051539686e+00
1.682452522372730908e+00
1.685308302616711051e+00
1.687091979069393011e+00
1.688183319143375050e+00
1.688834680090793183e+00
1.689212128140087588e+00
1.689423315076750143e+00
1.689536636506700829e+00
1.689594453630505644e+00
1.689622185101657736e+00
1.689634494911768758e+00
1.689639434683777974e+00
1.689641152862889628e+00
1.689641611149952150e+00
1.689641622570933865e+00
1.689641420522910664e+00
1.689640751953386699e+00
9.119173891686267044e-09
