#Upper limit for the Conditional distribution of radius given mass from initial fitting w/o bootstrap
9.721778848983394149e-09
-9.754172799547846523e-03
-9.748146062391129657e-03
-9.704748557251832372e-03
-9.534192437135413298e-03
-9.046577382578111642e-03
-7.899971576193109274e-03
-5.540618192411153609e-03
-1.146237846302890434e-03
6.392122160120825534e-03
1.835446265728741741e-02
3.575328178761244535e-02
5.844877426957868771e-02
8.439575122332236556e-02
1.102977212498481435e-01
1.333960672261359781e-01
1.524418037089999012e-01
1.674091195974081736e-01
1.788681281390641920e-01
1.875504666082514760e-01
1.941422509597541257e-01
1.992134997372281557e-01
2.032117007626989547e-01
2.064797118429848588e-01
2.092793799140441335e-01
2.118134432019300184e-01
2.142435203577189307e-01
2.167041619127119956e-01
2.193136724840775431e-01
2.221825425825578737e-01
2.254202213657219844e-01
2.291407848363563038e-01
2.334679666179950430e-01
2.385396499294885342e-01
2.445118214739269158e-01
2.515614447605310500e-01
2.598869885537960500e-01
2.697040677888989935e-01
2.812317587468959323e-01
2.946631474337245149e-01
3.101138002197183496e-01
3.275496014017680313e-01
3.467159071054550235e-01
3.671150027461518861e-01
3.880742834429449784e-01
4.088895097769272291e-01
4.289663420509617353e-01
4.478928627339086033e-01
4.654377163032382692e-01
4.815089611460673380e-01
4.961070127495227355e-01
5.092872926757192609e-01
5.211352584050789050e-01
5.317512756500861748e-01
5.412420639581184689e-01
5.497161293007835070e-01
5.572815364770717927e-01
5.640450537534905662e-01
5.701121669097263256e-01
5.755877444115550245e-01
5.805773135476127722e-01
5.851890312733135646e-01
5.895365436887411992e-01
5.937430604680428159e-01
5.979471671128230303e-01
6.023112229991229860e-01
6.070337650450106093e-01
6.123683971402928972e-01
6.186537300676691054e-01
6.263633333453266783e-01
6.361947650697665768e-01
6.492425893452807850e-01
6.673759445775343524e-01
6.942046057807689241e-01
7.381308689656868038e-01
8.218175811565537892e-01
9.362713992134209517e-01
1.008189478306109610e+00
1.053164042320528182e+00
1.084537445834584224e+00
1.107638475899340280e+00
1.125053170218254239e+00
1.138263126754610832e+00
1.148235918491811169e+00
1.155673184411765142e+00
1.161123119313732133e+00
1.165031905309723115e+00
1.167766850108176602e+00
1.169627701645128637e+00
1.170854246019505940e+00
1.171633549856291978e+00
1.172107565541635088e+00
1.172380912567476896e+00
1.172528255991330814e+00
1.172600934249680593e+00
1.172632651551664074e+00
1.172644211568428130e+00
1.172647361840258418e+00
1.172647859801516868e+00
9.721778848983394149e-09
