#Upper limit for the Conditional distribution of mass given radius from initial fitting w/o bootstrap
9.119173891686267044e-09
-1.022709862488693000e+00
-8.485597151296636609e-01
-3.333044717020967607e-01
-3.538204402279943733e-02
1.083314173998203428e-01
1.921620438019789046e-01
2.456033742772849582e-01
2.816030374248892909e-01
3.068897985134335649e-01
3.253218890918129214e-01
3.392722321249510564e-01
3.502916580456086337e-01
3.594585545340144850e-01
3.675769966899177787e-01
3.752962446402264840e-01
3.831876502694174791e-01
3.917977979848889514e-01
4.016883496953795873e-01
4.134683821446861196e-01
4.278219487450783398e-01
4.455306067053315111e-01
4.674860930277138227e-01
4.946799214539309153e-01
5.281410368030617919e-01
5.687699145287377078e-01
6.170051751279136409e-01
6.723245396446170252e-01
7.328180970635550517e-01
7.953320743085835476e-01
8.563931493285468211e-01
9.132914235738757158e-01
9.645439509726261296e-01
1.009709152840950308e+00
1.048982505361707007e+00
1.082865017182411682e+00
1.111964474072523190e+00
1.136894645870136999e+00
1.158230182796291086e+00
1.176489558976546723e+00
1.192131238707045071e+00
1.205555804399772057e+00
1.217110644361491634e+00
1.227095636270453705e+00
1.235769111768969974e+00
1.243353784086558722e+00
1.250042519130433405e+00
1.256003946836919738e+00
1.261387995560758535e+00
1.266331512799705461e+00
1.270964226351167348e+00
1.275415416479468211e+00
1.279821832613523114e+00
1.284337629846688866e+00
1.289147475121212860e+00
1.294484575694432094e+00
1.300656390184249389e+00
1.308082542603749898e+00
1.317352698391135446e+00
1.329318505926746274e+00
1.345247108669059388e+00
1.367094708110031753e+00
1.398038274596538733e+00
1.443634085135811373e+00
1.514704908092763924e+00
1.634558924062943008e+00
1.825500738091396791e+00
1.991087675006169233e+00
2.090012788376506059e+00
2.152476269448694524e+00
2.194483880132505060e+00
2.223629765253433810e+00
2.244092973333253749e+00
2.258472106482710018e+00
2.268521684915351777e+00
2.275483645894261997e+00
2.280255475606295601e+00
2.283488074093787734e+00
2.285650790854286907e+00
2.287078666939423410e+00
2.288008081682339157e+00
2.288603780238670282e+00
2.288979160571430693e+00
2.289211280648212554e+00
2.289351797801000732e+00
2.289434835156399561e+00
2.289482567812528124e+00
2.289509142368766348e+00
2.289523393918436955e+00
2.289530705347143424e+00
2.289534261637216517e+00
2.289535882268883604e+00
2.289536563048744533e+00
2.289536820657986915e+00
2.289536905518896770e+00
2.289536928580381492e+00
2.289536933297877219e+00
2.289536933908075778e+00
2.289536933941833219e+00
9.119173891686267044e-09
