#Lower limit for the Conditional distribution of radius given mass from initial fitting w/o bootstrap
9.721778848983394149e-09
-2.393789614457619286e-01
-2.393789062159147885e-01
-2.393782828283002595e-01
-2.393748972285324739e-01
-2.393624396065823223e-01
-2.393263630539538001e-01
-2.392374849507618861e-01
-2.390426060624654403e-01
-2.386514023395490680e-01
-2.379190224358569139e-01
-2.366244736546245231e-01
-2.344463344394928095e-01
-2.309399281802597681e-01
-2.255247642548483256e-01
-2.175036046721002259e-01
-2.061770113509484581e-01
-1.912155725409182827e-01
-1.734165202416338147e-01
-1.551230173966635373e-01
-1.389639555811498506e-01
-1.261880395097598750e-01
-1.166803654149411312e-01
-1.097841560590318705e-01
-1.048122301501362291e-01
-1.012089524992348250e-01
-9.856329927732482288e-02
-9.658104311677002951e-02
-9.505334673687927671e-02
-9.383130420568294716e-02
-9.280728052179347543e-02
-9.190174201435222234e-02
-9.105407512535530767e-02
-9.021617930948210018e-02
-8.934795189357003231e-02
-8.841405064643555189e-02
-8.738151347626342547e-02
-8.621794761946285912e-02
-8.489010380292152935e-02
-8.336265541335696749e-02
-8.159717724801475447e-02
-7.955114546515530682e-02
-7.717697956983304852e-02
-7.442104806655776283e-02
-7.122259229060841357e-02
-6.751251228147135686e-02
-6.321194458278468764e-02
-5.823054362757005414e-02
-5.246437076854702092e-02
-4.579326310350580187e-02
-3.807766209843102545e-02
-2.915498519134233912e-02
-1.883617885869991182e-02
-6.904291075203920248e-03
6.880186287913292106e-03
2.275655840356119453e-02
4.090284545994388177e-02
6.130762568412404662e-02
8.357273889226271568e-02
1.067620560078530595e-01
1.295424400313300028e-01
1.506659153259527484e-01
1.693947340300593629e-01
1.855440926691904746e-01
1.992798403331748069e-01
2.109161886814265030e-01
2.207983577251146912e-01
2.292529760001204842e-01
2.365745956695503305e-01
2.430283047014452080e-01
2.488590208464662445e-01
2.543039115844765718e-01
2.596071993719333282e-01
2.650379904949728971e-01
2.709125570904891700e-01
2.776231066597537045e-01
2.856757056242272275e-01
2.957410436780540941e-01
3.087241040191198715e-01
3.258662529766562233e-01
3.489159360496340012e-01
3.804755376164060676e-01
4.248757111385447205e-01
4.909800131728105921e-01
6.046786371436779772e-01
7.873700123187407085e-01
8.679030437999933900e-01
9.016547272230156507e-01
9.192136246227444740e-01
9.289849156032334854e-01
9.344821880028623129e-01
9.375163618971963375e-01
9.391230630662762424e-01
9.399215270790218790e-01
9.402839622531525832e-01
9.404284519723855595e-01
9.404758625582909648e-01
9.404871710384590244e-01
9.404886410782887785e-01
9.721778848983394149e-09
