#Conditional distribution of Radius given Mass from initial fitting w/o bootstrap
7.986143285826783507e-09
6.026619094925121933e-01
6.050710344731473622e-01
6.082618123567925528e-01
6.116275176978488437e-01
6.151861127129505391e-01
6.189656093226947320e-01
6.230001817221216820e-01
6.273313349992222232e-01
6.320095098621424379e-01
6.370958127915823388e-01
6.426632766413717945e-01
6.487964252944086185e-01
6.555865604531335711e-01
6.631185478917722698e-01
6.714451099601280726e-01
6.805524890732996823e-01
6.903399464234132310e-01
7.006451263206207036e-01
7.113143735496156861e-01
7.222694701036690423e-01
7.335299410838027612e-01
7.451913872576045872e-01
7.573650397770568254e-01
7.700487503320349036e-01
7.829049700893480068e-01
7.951533558801971990e-01
8.059815119051652044e-01
8.150863613022867327e-01
8.226281119184318813e-01
8.289147244382704116e-01
8.342296972280462963e-01
8.387924863713455137e-01
8.427650868463977263e-01
8.462665537920061043e-01
8.493853797690794627e-01
8.521884467239927430e-01
8.547272046436069637e-01
8.570419137485887351e-01
8.591645798027058856e-01
8.611210143013529050e-01
8.629323035632374683e-01
8.646158726928309113e-01
8.661862661009298581e-01
8.676557234055940482e-01
8.690345963043066835e-01
8.703316375957697026e-01
8.715541024399141579e-01
8.727076314306762006e-01
8.737955488924441516e-01
8.748168937902937037e-01
8.757611439960149013e-01
8.765942550367370467e-01
8.772210681956732481e-01
8.773814399368062844e-01
8.763533577390875129e-01
8.720551966856470161e-01
8.578472281333917593e-01
8.032160869947916337e-01
6.987378483885501312e-01
6.501668479227563635e-01
6.325351437982397185e-01
6.266281476419695018e-01
6.247665309058209049e-01
6.242075784899461244e-01
6.240469937959284286e-01
6.240028440334315363e-01
6.239912340816099467e-01
6.239883021235200777e-01
6.239875728317040293e-01
6.239873764718927296e-01
6.239873070179856596e-01
6.239872722142940642e-01
6.239872513645610130e-01
6.239872368483176945e-01
6.239872210799214391e-01
6.239871943776931218e-01
6.239871455803498446e-01
6.239870635344351157e-01
6.239869389444118175e-01
6.239867658940229100e-01
6.239865475981779541e-01
6.239862835182673484e-01
6.239859934761875504e-01
6.239856947036016566e-01
6.239854097125052679e-01
6.239851607066780881e-01
6.239849654674833879e-01
6.239848338292520724e-01
6.239847661325842454e-01
6.239847549191140930e-01
6.239847902668651525e-01
6.239848673066791251e-01
6.239849917431314896e-01
6.239851766467766625e-01
6.239854235901832746e-01
6.239856859522937560e-01
6.239858220675905676e-01
6.239855547748647258e-01
7.986143285826783507e-09
