#Upper limit for the Conditional distribution of Radius given Mass from initial fitting w/o bootstrap
7.986143285826783507e-09
7.453114328279291101e-01
7.565634440349577883e-01
7.713000194144570276e-01
7.882660769748655039e-01
8.079168028091247011e-01
8.283928178550867827e-01
8.457399003107907154e-01
8.587878763020176942e-01
8.685663226973643347e-01
8.761304449680492601e-01
8.821767585764255237e-01
8.871440599527848914e-01
8.913159312889764596e-01
8.948827099200705737e-01
8.979768891285967447e-01
9.006937102178034227e-01
9.031035548457823081e-01
9.052596904228454866e-01
9.072032664247647871e-01
9.089666421683126885e-01
9.105756643750183565e-01
9.120512629088318723e-01
9.134105911198420191e-01
9.146678707983787460e-01
9.158349890413283179e-01
9.169219871417932932e-01
9.179374062769821707e-01
9.188885659390040317e-01
9.197817802453318592e-01
9.206225291319057868e-01
9.214155951551241674e-01
9.221651737888433287e-01
9.228749630857672193e-01
9.235482371212376806e-01
9.241879054984459829e-01
9.247965710162535657e-01
9.253765519989249899e-01
9.259299439525406905e-01
9.264586315727968424e-01
9.269643190678878986e-01
9.274485517159254400e-01
9.279127321507086856e-01
9.283581465544669120e-01
9.287859588514033593e-01
9.291972320777118766e-01
9.295929453390094910e-01
9.299739769065545891e-01
9.303411030858658171e-01
9.306949552044525564e-01
9.310359031714111611e-01
9.313637407240226151e-01
9.316768353249540446e-01
9.319698015916220157e-01
9.322270506146805857e-01
9.324048294037312612e-01
9.323833114004498324e-01
9.318584405802424753e-01
9.302295838487028012e-01
9.270054414544359744e-01
9.230995381180731041e-01
9.203324612075802769e-01
9.190592107839546943e-01
9.186038355413386203e-01
9.184601799212197548e-01
9.184179055533695513e-01
9.184060791400915358e-01
9.184029366797167304e-01
9.184021861826211497e-01
9.184020942939605803e-01
9.184021987509803919e-01
9.184023713501682229e-01
9.184025655222032292e-01
9.184027533880830818e-01
9.184029125641777203e-01
9.184030250997792244e-01
9.184030787658118422e-01
9.184030681679066221e-01
9.184029950483010296e-01
9.184028677155801068e-01
9.184026997860006425e-01
9.184025085411785527e-01
9.184023132356931018e-01
9.184021336330916441e-01
9.184019889266072934e-01
9.184018970372229695e-01
9.184018741063920688e-01
9.184019338482454220e-01
9.184020863430196746e-01
9.184023359074622306e-01
9.184026779555044540e-01
9.184030953381649987e-01
9.184035555178732269e-01
9.184040108909283795e-01
9.184044051187942870e-01
9.184046876266860338e-01
9.184048355381240203e-01
9.184048768612792513e-01
9.184049018030210343e-01
7.986143285826783507e-09
