#Conditional distribution of Mass given Radius from initial fitting w/o bootstrap
9.313225746154785156e-09
1.081901598437547518e+00
9.446624432029386842e-01
9.651145671445771068e-01
1.049613676699690634e+00
1.146776717227876885e+00
1.232041095753653837e+00
1.296332056127133869e+00
1.338646096754418702e+00
1.357022466963797802e+00
1.322629784526901275e+00
1.225479737750415854e+00
1.175406593413031997e+00
1.163997590751457034e+00
1.161664695877594022e+00
1.161142517858435363e+00
1.161011305624294554e+00
1.160974523169189698e+00
1.160963144761006482e+00
1.160959302347816191e+00
1.160957899710240993e+00
1.160957350998981230e+00
1.160957122681940179e+00
1.160957022279597961e+00
1.160956975869446461e+00
1.160956953420823057e+00
1.160956942100501044e+00
1.160956936167272247e+00
1.160956932943305819e+00
1.160956931131030823e+00
1.160956930079150906e+00
1.160956929449957098e+00
1.160956929062924248e+00
1.160956928818817069e+00
1.160956928661806220e+00
1.160956928560121781e+00
1.160956928496496676e+00
1.160956928464468074e+00
1.160956928470155525e+00
1.160956928542397515e+00
1.160956928761057272e+00
1.160956929327713327e+00
1.160956930737909065e+00
1.160956934196715862e+00
1.160956942614645993e+00
1.160956962978971108e+00
1.160957011953765328e+00
1.160957128958090445e+00
1.160957406220148425e+00
1.160958056223786006e+00
1.160959557872421000e+00
1.160962957553874464e+00
1.160970446325914063e+00
1.160986364867480747e+00
1.161018759685120250e+00
1.161081534370680846e+00
1.161197291859881409e+00
1.161401434080643336e+00
1.161748939332806208e+00
1.162326019971263946e+00
1.163269388397920823e+00
1.164796447211252861e+00
1.167250218261996153e+00
1.171161492385379699e+00
1.177323159344258352e+00
1.186849805204123420e+00
1.201149910121541042e+00
1.221676571863891780e+00
1.249322070425746389e+00
1.283552197995585065e+00
1.321872549928903018e+00
1.360398681197263038e+00
1.395425292462810551e+00
1.424777940235970597e+00
1.448033815766176957e+00
1.465898067029957286e+00
1.479476899992656191e+00
1.489830386362691828e+00
1.497803879880150069e+00
1.504015123385124664e+00
1.508898986551141963e+00
1.512760182329736969e+00
1.515816263772901795e+00
1.518227856250479846e+00
1.520118270574733366e+00
1.521585622742515076e+00
1.522710129465175921e+00
1.523558488502090080e+00
1.524186582676514634e+00
1.524641257514902648e+00
1.524961599861337058e+00
1.525179946601817660e+00
1.525322737922072180e+00
1.525411266264687704e+00
1.525462339247664723e+00
1.525488932945118448e+00
1.525503959600185588e+00
1.525787068909885136e+00
1.808040879498714171e+00
9.313225746154785156e-09
