#Sequence of Mass points for initial fitting w/o bootstrap
-2.000000000000000000e+00
-1.777777777777777679e+00
-1.555555555555555580e+00
-1.333333333333333481e+00
-1.111111111111111160e+00
-8.888888888888888395e-01
-6.666666666666667407e-01
-4.444444444444446418e-01
-2.222222222222223209e-01
0.000000000000000000e+00
2.222222222222223209e-01
4.444444444444441977e-01
6.666666666666665186e-01
8.888888888888888395e-01
1.111111111111110716e+00
1.333333333333333037e+00
1.555555555555555358e+00
1.777777777777777679e+00
2.000000000000000000e+00
2.222222222222222321e+00
2.444444444444444642e+00
2.666666666666666075e+00
2.888888888888888395e+00
3.111111111111110716e+00
3.333333333333333037e+00
3.555555555555555358e+00
3.777777777777777679e+00
4.000000000000000000e+00
4.222222222222221433e+00
4.444444444444443754e+00
4.666666666666666075e+00
4.888888888888888395e+00
5.111111111111110716e+00
5.333333333333333037e+00
5.555555555555555358e+00
5.777777777777777679e+00
6.000000000000000000e+00
6.222222222222221433e+00
6.444444444444444642e+00
6.666666666666666075e+00
6.888888888888889284e+00
7.111111111111110716e+00
7.333333333333332149e+00
7.555555555555555358e+00
7.777777777777776791e+00
8.000000000000000000e+00
8.222222222222221433e+00
8.444444444444444642e+00
8.666666666666666075e+00
8.888888888888887507e+00
9.111111111111110716e+00
9.333333333333332149e+00
9.555555555555555358e+00
9.777777777777776791e+00
1.000000000000000000e+01
1.022222222222222143e+01
1.044444444444444287e+01
1.066666666666666607e+01
1.088888888888888751e+01
1.111111111111111072e+01
1.133333333333333215e+01
1.155555555555555536e+01
1.177777777777777679e+01
1.200000000000000000e+01
1.222222222222222143e+01
1.244444444444444287e+01
1.266666666666666607e+01
1.288888888888888751e+01
1.311111111111111072e+01
1.333333333333333215e+01
1.355555555555555536e+01
1.377777777777777679e+01
1.400000000000000000e+01
1.422222222222222143e+01
1.444444444444444287e+01
1.466666666666666430e+01
1.488888888888888928e+01
1.511111111111111072e+01
1.533333333333333215e+01
1.555555555555555358e+01
1.577777777777777857e+01
1.600000000000000000e+01
1.622222222222222143e+01
1.644444444444444287e+01
1.666666666666666430e+01
1.688888888888888928e+01
1.711111111111111072e+01
1.733333333333333215e+01
1.755555555555555358e+01
1.777777777777777501e+01
1.800000000000000000e+01
1.822222222222222143e+01
1.844444444444444287e+01
1.866666666666666430e+01
1.888888888888888928e+01
1.911111111111111072e+01
1.933333333333333215e+01
1.955555555555555358e+01
1.977777777777777501e+01
2.000000000000000000e+01
