#Upper limit for the Conditional distribution of mass given radius from initial fitting w/o bootstrap
9.347766584807280006e-09
-3.244966549730985556e-02
-3.244850635122671634e-02
-3.244032673687353985e-02
-3.240855235658254840e-02
-3.231824608110379915e-02
-3.210619702602421355e-02
-3.166810353449012183e-02
-3.084176986759738087e-02
-2.938444305506341878e-02
-2.694087804112507700e-02
-2.299568800767822635e-02
-1.679737416344293660e-02
-7.228333810181185141e-03
7.433978354838374769e-03
2.998513765804175502e-02
6.523541889789435944e-02
1.215616340333992018e-01
2.093890077313444176e-01
3.210334298033946099e-01
4.250012162792244363e-01
5.084886632071757839e-01
5.742955746110881554e-01
6.267756556951048497e-01
6.692453518760033138e-01
7.041323451857087745e-01
7.332864783774882822e-01
7.581809343022911651e-01
7.800309669565493875e-01
7.998680773731474680e-01
8.185918546656087980e-01
8.370105300203432019e-01
8.558746152827373388e-01
8.759041208241723497e-01
8.978061930114683564e-01
9.222750807864085187e-01
9.499587492074231809e-01
9.813686782836047451e-01
1.016713342564647737e+00
1.055680774641231334e+00
1.097296480740286073e+00
1.140044033480701602e+00
1.182276948032869868e+00
1.222665726697239608e+00
1.260406313964861580e+00
1.295174118531842611e+00
1.326971665699002045e+00
1.355986541525824096e+00
1.382496742336720708e+00
1.406818043436158350e+00
1.429278559672804150e+00
1.450208503039425612e+00
1.469937673769748709e+00
1.488796508966930388e+00
1.507118391615119402e+00
1.525241810544434751e+00
1.543511178244958426e+00
1.562274910249334292e+00
1.581878761646936971e+00
1.602651671397750999e+00
1.624880999466683296e+00
1.648774904497519067e+00
1.674413836950488843e+00
1.701701926886999727e+00
1.730340268067405596e+00
1.759847995950545085e+00
1.789641168317825271e+00
1.819147082258457226e+00
1.847909054762022940e+00
1.875646358573730410e+00
1.902264457494633021e+00
1.927833486115527961e+00
1.952556492619171413e+00
1.976740960882651166e+00
2.000777869837329082e+00
2.025125560180915052e+00
2.050289792111309684e+00
2.076782831272183660e+00
2.105031637380981202e+00
2.135197260837137012e+00
2.166909833531470486e+00
2.199084448960701543e+00
2.230138422981923441e+00
2.258630104354842683e+00
2.283770144834635474e+00
2.305426184541341961e+00
2.323845633004971933e+00
2.339408252248263764e+00
2.352495538780080775e+00
2.363443090452153061e+00
2.372532839824987860e+00
2.380000187945372492e+00
2.386044764374053440e+00
2.390840392776549805e+00
2.394542809422408158e+00
2.397294908249466339e+00
2.399229809390696300e+00
2.400472272084650083e+00
2.401139032687807262e+00
9.347766584807280006e-09
