#Sequence of mass points for initial fitting w/o bootstrap
-2.000000000000000000e+00
-1.944693254193776699e+00
-1.889386508387553398e+00
-1.834079762581330098e+00
-1.778773016775106797e+00
-1.723466270968883496e+00
-1.668159525162660195e+00
-1.612852779356437116e+00
-1.557546033550213815e+00
-1.502239287743990515e+00
-1.446932541937767214e+00
-1.391625796131543913e+00
-1.336319050325320612e+00
-1.281012304519097311e+00
-1.225705558712874232e+00
-1.170398812906650932e+00
-1.115092067100427631e+00
-1.059785321294204330e+00
-1.004478575487981029e+00
-9.491718296817577283e-01
-8.938650838755344274e-01
-8.385583380693111266e-01
-7.832515922630878258e-01
-7.279448464568645250e-01
-6.726381006506412241e-01
-6.173313548444179233e-01
-5.620246090381946225e-01
-5.067178632319715437e-01
-4.514111174257482428e-01
-3.961043716195249420e-01
-3.407976258133016412e-01
-2.854908800070783403e-01
-2.301841342008550395e-01
-1.748773883946317387e-01
-1.195706425884084378e-01
-6.426389678218513701e-02
-8.957150975961836181e-03
4.634959483026124261e-02
1.016563406364845434e-01
1.569630864427078443e-01
2.122698322489311451e-01
2.675765780551544459e-01
3.228833238613777468e-01
3.781900696676010476e-01
4.334968154738243484e-01
4.888035612800476493e-01
5.441103070862709501e-01
5.994170528924942509e-01
6.547237986987175518e-01
7.100305445049408526e-01
7.653372903111641534e-01
8.206440361173874543e-01
8.759507819236107551e-01
9.312575277298340559e-01
9.865642735360569127e-01
1.041871019342280213e+00
1.097177765148503514e+00
1.152484510954726815e+00
1.207791256760950116e+00
1.263098002567173417e+00
1.318404748373396718e+00
1.373711494179620018e+00
1.429018239985843319e+00
1.484324985792066620e+00
1.539631731598289921e+00
1.594938477404513222e+00
1.650245223210736523e+00
1.705551969016959823e+00
1.760858714823183124e+00
1.816165460629406425e+00
1.871472206435629726e+00
1.926778952241853027e+00
1.982085698048076328e+00
2.037392443854299628e+00
2.092699189660522485e+00
2.148005935466746230e+00
2.203312681272969087e+00
2.258619427079192832e+00
2.313926172885415689e+00
2.369232918691639433e+00
2.424539664497862290e+00
2.479846410304086035e+00
2.535153156110308892e+00
2.590459901916532637e+00
2.645766647722755494e+00
2.701073393528979238e+00
2.756380139335202095e+00
2.811686885141424952e+00
2.866993630947648697e+00
2.922300376753871554e+00
2.977607122560095299e+00
3.032913868366318155e+00
3.088220614172541900e+00
3.143527359978764757e+00
3.198834105784988502e+00
3.254140851591211359e+00
3.309447597397435104e+00
3.364754343203657960e+00
3.420061089009881705e+00
3.475367834816104562e+00
