#Lower limit for the Conditional distribution of radius given mass from initial fitting w/o bootstrap
9.308166171453745342e-09
4.282358242156466543e-01
3.668045530755034145e-01
-6.715424262978600400e-02
-1.418012765655768392e-01
-1.522729384173468203e-01
-1.538963558319437763e-01
-1.538560953462038139e-01
-1.534036390989985121e-01
-1.528217934998075678e-01
-1.521886944426513455e-01
-1.515294726938401504e-01
-1.508531779064985479e-01
-1.501633259720299429e-01
-1.494613210804070780e-01
-1.487476871007376855e-01
-1.480225500985566378e-01
-1.472858410799912365e-01
-1.465373859133259904e-01
-1.457769465222427951e-01
-1.450042395764958580e-01
-1.442189439773315929e-01
-1.434207021754733968e-01
-1.426091175736824701e-01
-1.417837489418306285e-01
-1.409441020859691640e-01
-1.400896186078418315e-01
-1.392196613044804909e-01
-1.383334955082808626e-01
-1.374302654115286404e-01
-1.365089641260334163e-01
-1.355683958738957418e-01
-1.346071282650603829e-01
-1.336234320635842909e-01
-1.326152051441833457e-01
-1.315798764525395459e-01
-1.305142846556507918e-01
-1.294145247382364750e-01
-1.282757539884895881e-01
-1.270919465241037716e-01
-1.258555826204273975e-01
-1.245572554792209186e-01
-1.231851735632140676e-01
-1.217245310523216578e-01
-1.201567121919381170e-01
-1.184582871782858260e-01
-1.165997477215339334e-01
-1.145439196620155059e-01
-1.122439783513606293e-01
-1.096409806364141565e-01
-1.066608162033517992e-01
-1.032104717968528040e-01
-9.917349460375307624e-02
-9.440453301240195327e-02
-8.872281361667451460e-02
-8.190435657349541543e-02
-7.367258190145695163e-02
-6.368661251836714443e-02
-5.152585557971048336e-02
-3.666804947749832677e-02
-1.845547856651377078e-02
3.959955484263815925e-03
3.170681428608009694e-02
6.632804029476556396e-02
1.098794164473624185e-01
1.643529297125003730e-01
2.279404089814594803e-01
2.892691867165314568e-01
3.371715002083116031e-01
3.714975065494875439e-01
3.961259453681940657e-01
4.142446972313493792e-01
4.279634267613746101e-01
4.386713327643162463e-01
4.473192698870200879e-01
4.545897342380302297e-01
4.609982250784964153e-01
4.669568331471842804e-01
4.728174484311655212e-01
4.789042374272994840e-01
4.855411997960428216e-01
4.930787573304565297e-01
5.019227068529223956e-01
5.125691521159327912e-01
5.256505643500979374e-01
5.420018408726609005e-01
5.627640818120291932e-01
5.895644905061162566e-01
6.248568385711334994e-01
6.725687416907580873e-01
7.386474198945238712e-01
8.229547335858979906e-01
8.936944817988299317e-01
9.343373798592424784e-01
9.567123520764684308e-01
9.691196265797403786e-01
9.756896344013948896e-01
9.787388337461906396e-01
9.797769317782200060e-01
9.308166171453745342e-09
