#Upper limit for the Conditional distribution of radius given mass from initial fitting w/o bootstrap
8.271624950499393696e-09
8.271624950499393696e-09
8.271624950499393696e-09
8.271624950499393696e-09
8.271624950499393696e-09
8.271624950499393696e-09
8.271624950499393696e-09
8.271624950499393696e-09
8.271624950499393696e-09
8.271624950499393696e-09
8.271624950499393696e-09
8.271624950499393696e-09
8.271624950499393696e-09
8.271624950499393696e-09
8.271624950499393696e-09
8.271624950499393696e-09
8.271624950499393696e-09
8.271624950499393696e-09
8.271624950499393696e-09
8.271624950499393696e-09
8.271624950499393696e-09
8.271624950499393696e-09
8.271624950499393696e-09
8.271624950499393696e-09
8.271624950499393696e-09
8.271624950499393696e-09
8.271624950499393696e-09
8.271624950499393696e-09
8.271624950499393696e-09
8.271624950499393696e-09
8.271624950499393696e-09
8.271624950499393696e-09
8.271624950499393696e-09
8.271624950499393696e-09
8.271624950499393696e-09
8.271624950499393696e-09
8.271624950499393696e-09
8.271624950499393696e-09
8.271624950499393696e-09
8.271624950499393696e-09
8.271624950499393696e-09
8.271624950499393696e-09
8.271624950499393696e-09
8.271624950499393696e-09
8.271624950499393696e-09
8.271624950499393696e-09
8.271624950499393696e-09
8.271624950499393696e-09
8.271624950499393696e-09
8.271624950499393696e-09
8.271624950499393696e-09
8.271624950499393696e-09
8.271624950499393696e-09
8.271624950499393696e-09
8.271624950499393696e-09
8.271624950499393696e-09
8.271624950499393696e-09
8.271624950499393696e-09
8.271624950499393696e-09
8.271624950499393696e-09
8.271624950499393696e-09
8.271624950499393696e-09
8.271624950499393696e-09
8.271624950499393696e-09
8.271624950499393696e-09
8.271624950499393696e-09
8.271624950499393696e-09
8.271624950499393696e-09
8.271624950499393696e-09
8.271624950499393696e-09
8.271624950499393696e-09
8.271624950499393696e-09
8.271624950499393696e-09
8.271624950499393696e-09
8.271624950499393696e-09
8.271624950499393696e-09
8.271624950499393696e-09
8.271624950499393696e-09
8.271624950499393696e-09
8.271624950499393696e-09
8.271624950499393696e-09
8.271624950499393696e-09
8.271624950499393696e-09
8.271624950499393696e-09
8.271624950499393696e-09
8.271624950499393696e-09
8.271624950499393696e-09
8.271624950499393696e-09
8.271624950499393696e-09
8.271624950499393696e-09
8.271624950499393696e-09
8.271624950499393696e-09
8.271624950499393696e-09
8.271624950499393696e-09
8.271624950499393696e-09
8.271624950499393696e-09
8.271624950499393696e-09
8.271624950499393696e-09
8.271624950499393696e-09
8.271624950499393696e-09
