7.485785641655783203e-03
7.744012714967539804e-03
8.220288483728167839e-03
9.110702120335788246e-03
1.097232019938360927e-02
1.580162732652879223e-02
2.834306736208993399e-02
4.870863189083651096e-02
6.464598666862339527e-02
7.185179268955600718e-02
7.451570923399508661e-02
7.553338400598873237e-02
7.602075821508585962e-02
7.638540742582242138e-02
7.680498250359453494e-02
7.738491717746530385e-02
7.820032997866589730e-02
7.929280539096088265e-02
8.065043371453203824e-02
8.219497733606809242e-02
8.379675222483860819e-02
8.531697815618487224e-02
8.665220093725493899e-02
8.775483643828818625e-02
8.862657189649543465e-02
8.929894182176606465e-02
8.981513241353659971e-02
9.021864323619949166e-02
9.054823076684698213e-02
9.083658747431905267e-02
9.111049895009430688e-02
9.139105154668983322e-02
9.169321714709163795e-02
9.202480685686939554e-02
9.238541956662343901e-02
9.276643357834551962e-02
9.315290326332831272e-02
9.352727164025571860e-02
9.387365395754286579e-02
9.418104556961193197e-02
9.444450221868722073e-02
9.466447257430585238e-02
9.484515905827679838e-02
9.499278806056646318e-02
9.511429807627079513e-02
9.521658166330743134e-02
9.530620772535038088e-02
9.538948920754475314e-02
9.547277553568854491e-02
9.556287822483755523e-02
9.566754385778061809e-02
9.579584405843696859e-02
9.595823345224405165e-02
9.616583040777669511e-02
9.642828756061422313e-02
9.674974216292009377e-02
9.712331577264038396e-02
9.752670188367294768e-02
9.792311473006325151e-02
9.827006445748440178e-02
9.853234379952134636e-02
9.869113686481828518e-02
9.874424686091465286e-02
9.869951237679454314e-02
9.856675061226473356e-02
9.835177804902978105e-02
9.805317226018116228e-02
9.766106883757799673e-02
9.715736184142195753e-02
9.651729737931705189e-02
9.571297374903225963e-02
9.471927998230394996e-02
9.352198938962238972e-02
9.212606759540954704e-02
9.056061019434592796e-02
8.887690459517967601e-02
8.713899463461020900e-02
8.541033576391196536e-02
8.374227770092416978e-02
8.216844139950932324e-02
8.070534937386124319e-02
7.935695272390994037e-02
7.812022884377309295e-02
7.699003883011035221e-02
7.596272243364342314e-02
7.503886837426336498e-02
7.422637326453651596e-02
7.354568256412251370e-02
7.304056134080150198e-02
7.280042308625714331e-02
7.300280502808399741e-02
7.397286282134911406e-02
7.616885010881678519e-02
7.977169776968522086e-02
8.383492239994923267e-02
8.671296153359950298e-02
8.795994154845616919e-02
8.824274154529214431e-02
8.798655057855815642e-02
7.479478597394954853e-02
