-9.011066642860601217e-01
-8.914031022731390141e-01
-8.740722379644136897e-01
-8.430487520328077133e-01
-7.849098043902718036e-01
-6.638648346410760404e-01
-4.162690197952680360e-01
-8.372138171151637109e-02
1.335453362171447056e-01
2.100180133455425702e-01
2.277437230516025368e-01
2.299163504933117164e-01
2.303546149255741027e-01
2.333884647833422699e-01
2.410198730349276119e-01
2.548611765280167640e-01
2.763590039501805928e-01
3.063181623651568541e-01
3.441733610967431245e-01
3.875570013160699601e-01
4.326955669519105818e-01
4.756013302384440311e-01
5.133245512251903842e-01
5.445262772157919429e-01
5.692820539534729773e-01
5.885257742831068173e-01
6.035325566854854440e-01
6.155985334118845298e-01
6.258988652643524553e-01
6.354492916633546207e-01
6.451045465702196502e-01
6.555506366974329646e-01
6.672708647243934532e-01
6.804883313050219540e-01
6.951117456534953165e-01
7.107279376273520910e-01
7.266762230923871080e-01
7.421999674394129665e-01
7.566226789914565209e-01
7.694796423309330224e-01
7.805654939860237063e-01
7.899055148220487377e-01
7.976873973903465531e-01
8.041903607505235252e-01
8.097329361160454653e-01
8.146453022604844829e-01
8.192634729234493651e-01
8.239402245859775986e-01
8.290682845159885739e-01
8.351122382974953684e-01
8.426448558835497593e-01
8.523791923971940632e-01
8.651778413632545961e-01
8.820043458012469806e-01
9.037650995158554856e-01
9.309965842255054636e-01
9.634270703641292233e-01
9.996076463725424022e-01
1.036958245418745816e+00
1.072451259111209643e+00
1.103677536524875658e+00
1.129658368014722747e+00
1.150979996844555098e+00
1.169385512700460650e+00
1.187238392470506332e+00
1.207142190152151739e+00
1.231762133646495672e+00
1.263759614968106293e+00
1.305722609356080532e+00
1.359993332327688265e+00
1.428331355765679156e+00
1.511416287537415082e+00
1.608304256512223196e+00
1.716080644575423975e+00
1.829999512533867945e+00
1.944249901255231006e+00
2.053155060955301536e+00
2.152323421074784804e+00
2.239288580497737602e+00
2.313489696859207356e+00
2.375780368711393642e+00
2.427784204331693729e+00
2.471340320685749159e+00
2.508136898089992517e+00
2.539521016121377706e+00
2.566423141689436527e+00
2.589322865150396780e+00
2.608178411386158579e+00
2.622221179192465002e+00
2.629461493635795843e+00
2.625696312821201861e+00
2.603099300625471013e+00
2.550609293227472651e+00
2.463911108368411540e+00
2.365978299244845040e+00
2.296475226372278300e+00
2.265549112648694852e+00
2.255139366700253944e+00
2.242617672113207394e+00
1.816026241541205843e+00
