#Lower limit for the Conditional distribution of mass given radius from initial fitting w/o bootstrap
9.119173891686267044e-09
-1.574788019975107423e+00
-1.566212672225107960e+00
-1.551061422616788033e+00
-1.528626223014620811e+00
-1.497951475830445300e+00
-1.457470603668427511e+00
-1.404429545300053483e+00
-1.333898865930158495e+00
-1.237688206001492652e+00
-1.110466185316185017e+00
-9.792853244294188464e-01
-8.805682750782783952e-01
-8.122052238222240428e-01
-7.631688615386735819e-01
-7.262845231728165540e-01
-6.973643263723549035e-01
-6.738579506426275456e-01
-6.541167466687509702e-01
-6.370120476678957644e-01
-6.217283801058076653e-01
-6.076450377654402102e-01
-5.942646567682767778e-01
-5.811681730553107661e-01
-5.679853720487566537e-01
-5.543751281849905732e-01
-5.400119817505255604e-01
-5.245770848595127100e-01
-5.077523235592132922e-01
-4.892168716342156776e-01
-4.686457170850266696e-01
-4.457099440976936000e-01
-4.200788699420936467e-01
-3.914246727602276876e-01
-3.594310921668135150e-01
-3.238093641496566644e-01
-2.843269148339015451e-01
-2.408571497297773145e-01
-1.934600045680118507e-01
-1.424971835621966498e-01
-8.876300704146458664e-02
-3.356579033930446460e-02
2.134609791442938428e-02
7.407666513935091956e-02
1.229968890479038873e-01
1.670572918354067127e-01
2.058528589051735191e-01
2.394865866228463869e-01
2.683682140722729592e-01
2.930450408182205813e-01
3.140934178092444906e-01
3.320617388296056016e-01
3.474469330083396201e-01
3.606898132619657527e-01
3.721800769065044534e-01
3.822659586361747408e-01
3.912661964208645204e-01
3.994835089755899293e-01
4.072196765482456460e-01
4.147928844289605066e-01
4.225583782818089773e-01
4.309337848618336464e-01
4.404306615674761227e-01
4.516938758715471902e-01
4.655501443416201202e-01
4.830664125349042881e-01
5.056179181700568570e-01
5.349660163235069321e-01
5.733505038320838576e-01
6.236175816035239849e-01
6.894445637813134686e-01
7.757990751841471466e-01
8.898381657235537867e-01
1.041708586220491117e+00
1.235575941443641357e+00
1.423698681862812343e+00
1.546096502741330037e+00
1.616831959009813913e+00
1.659066874222193455e+00
1.685199151972925913e+00
1.701684380080334735e+00
1.712151271157786203e+00
1.718778981777409065e+00
1.722935847016596744e+00
1.725503973109956624e+00
1.727059073882105666e+00
1.727977551191248518e+00
1.728503895796708489e+00
1.728794802578734080e+00
1.728948746734163988e+00
1.729026035301866271e+00
1.729062409479610984e+00
1.729078196872026130e+00
1.729084372048201201e+00
1.729086475653722532e+00
1.729087067088415974e+00
1.729087192334014311e+00
1.729087209135015346e+00
1.729087210111935891e+00
9.119173891686267044e-09
