#Upper limit for the Conditional distribution of mass given radius from initial fitting w/o bootstrap
-9.864600808973474910e-01
-8.404172486110617069e-01
-2.209907700849938483e-01
8.723155926731611387e-02
2.179556923188922801e-01
2.879077947129278781e-01
3.306487208420307855e-01
3.594162412256033390e-01
3.803593143665366383e-01
3.966720324741881409e-01
4.101789554048813069e-01
4.220263662966873830e-01
4.330141513909198103e-01
4.437689250629691107e-01
4.548418460029191590e-01
4.667685443831439684e-01
4.801087022796260984e-01
4.954732290781936332e-01
5.135413022155191909e-01
5.350647542064004281e-01
5.608514794179459972e-01
5.917115708152971276e-01
6.283410177045051226e-01
6.711168375184384249e-01
7.198084616135542735e-01
7.733025150585119967e-01
8.295572173827163720e-01
8.859718995645214923e-01
9.400517321094555845e-01
9.899657079696930762e-01
1.034724067475862874e+00
1.074040827049675517e+00
1.108089334067905662e+00
1.137289087797369813e+00
1.162162604645046171e+00
1.183252181225769251e+00
1.201076239147073066e+00
1.216108970112924403e+00
1.228772924504529573e+00
1.239438551253949639e+00
1.248427352087730924e+00
1.256016813921645880e+00
1.262446117142920654e+00
1.267922090691943282e+00
1.272625167073138330e+00
1.276715272044489646e+00
1.280337713905855379e+00
1.283629245645153905e+00
1.286724581564660852e+00
1.289763779556375001e+00
1.292901077324855930e+00
1.296316034992480937e+00
1.300228253729952987e+00
1.304917630231806847e+00
1.310753302468791848e+00
1.318236624065352025e+00
1.328067740225752802e+00
1.341254197069051024e+00
1.359300317706164440e+00
1.384568241924086118e+00
1.421057051759884171e+00
1.476415325615044516e+00
1.568817744352787980e+00
1.762278787336897468e+00
2.069798368395732613e+00
2.207588448191216912e+00
2.276763341292147302e+00
2.318127965921385147e+00
2.344862782515633626e+00
2.362856573247425818e+00
2.375244209293507325e+00
2.383879863761012796e+00
2.389937420358578368e+00
2.394194660438793587e+00
2.397182988732103226e+00
2.399272982433326984e+00
2.400726468636917410e+00
2.401729853028914619e+00
2.402416305156062304e+00
2.402880980842895919e+00
2.403191706884605594e+00
2.403396603722268488e+00
2.403529583338756659e+00
2.403614340595575438e+00
2.403667259308281068e+00
2.403699528010812436e+00
2.403718676349536842e+00
2.403729685389868642e+00
2.403735784469750669e+00
2.403739017953344881e+00
2.403740643799241017e+00
2.403741409977386834e+00
2.403741742917499646e+00
2.403741873288998132e+00
2.403741917743908107e+00
2.403741930249890579e+00
2.403741932893072697e+00
2.403741933233241479e+00
2.403741933207634851e+00
1.113180406699983770e-12
