#Conditional distribution of mass given radius from initial fitting w/o bootstrap
nan
-1.275678049424371574e+00
-1.194453398294939461e+00
-1.074024920660303417e+00
-9.364368595507989168e-01
-8.011160842623168410e-01
-6.796958525437885035e-01
-5.765303738500043851e-01
-4.914460361882923012e-01
-4.222083620134987614e-01
-3.660136404773222107e-01
-3.201926245083968059e-01
-2.824600439628581761e-01
-2.509489019239170005e-01
-2.241605004437774995e-01
-2.008917678194848400e-01
-1.801651476009831221e-01
-1.611694708558243372e-01
-1.432132407764808435e-01
-1.256893097599904863e-01
-1.080494144373889132e-01
-8.978724945435312410e-02
-7.042916918975879181e-02
-4.953196590408185523e-02
-2.668736125087439737e-02
-1.532791674894537102e-03
2.623227754969189099e-02
5.682591195814990642e-02
9.036140161046032904e-02
1.268262571153150331e-01
1.660663578457101663e-01
2.077792238387672630e-01
2.515196605019681120e-01
2.967193697482113923e-01
3.427197544690475661e-01
3.888146034440601584e-01
4.342973342353866895e-01
4.785065962381974680e-01
5.208645466611947494e-01
5.609038051316767026e-01
5.982814105216774925e-01
6.327803789534297563e-01
6.643011673321472799e-01
6.928462367944473455e-01
7.185010215594490601e-01
7.414141598184255111e-01
7.617791108878892992e-01
7.798185055771652552e-01
7.957719111087204755e-01
8.098872105631792495e-01
8.224155098520685714e-01
8.336093674581663837e-01
8.437241553039709352e-01
8.530224652949014441e-01
8.617816433224125827e-01
8.703047329684675537e-01
8.789353132769769372e-01
8.880768681837527545e-01
8.982173338155103881e-01
9.099591508243660698e-01
9.240541694987955967e-01
9.414405584707248309e-01
9.632746320934186812e-01
9.909432931708663794e-01
1.026032179902920838e+00
1.070212469610048123e+00
1.125002925790153041e+00
1.191379123818865349e+00
1.269260543843711453e+00
1.357015702710101523e+00
1.451239991777060423e+00
1.547065239471653308e+00
1.639052057854835986e+00
1.722369868409947102e+00
1.793758889271617196e+00
1.851900269509741737e+00
1.897178969496644774e+00
1.931104381458692787e+00
1.955695923375753598e+00
1.973019047610782062e+00
1.984916768440158297e+00
1.992900089278307529e+00
1.998138232738814191e+00
2.001498629962341180e+00
2.003604151459881688e+00
2.004890115756535529e+00
2.005653494943007598e+00
2.006092217051067106e+00
2.006335067207975165e+00
2.006463675216362486e+00
2.006528261944368730e+00
2.006558659367445596e+00
2.006571851464140188e+00
2.006577010699518659e+00
2.006578767891518567e+00
2.006579261826093585e+00
2.006579366395874420e+00
2.006579380415597580e+00
2.006579381228602355e+00
nan
