#Conditional distribution of radius given mass from initial fitting w/o bootstrap
nan
-1.310699099899302889e-01
-1.310671427364902275e-01
-1.310466832483274946e-01
-1.309641827701026606e-01
-1.307222870167556450e-01
-1.301396262662807002e-01
-1.289142587898215175e-01
-1.265897148574406661e-01
-1.225440494516582962e-01
-1.160389064583123159e-01
-1.063731026932723533e-01
-9.315270148317078558e-02
-7.659222386713659958e-02
-5.765117825375259270e-02
-3.783647468380888640e-02
-1.873145068982495776e-02
-1.535606389468989084e-03
1.314080287154434715e-02
2.521271584221980444e-02
3.492777439825941327e-02
4.267916373258900942e-02
4.888086285732790720e-02
5.390495545585448356e-02
5.806036365556918599e-02
6.159330689940731990e-02
6.469667347418360526e-02
6.752154694710418847e-02
7.018792186756628304e-02
7.279362685208354278e-02
7.542136859157813622e-02
7.814414208932549122e-02
8.102932398918445689e-02
8.414173184054531129e-02
8.754586415126656973e-02
9.130746401674154356e-02
9.549448379676955811e-02
1.001774728451313018e-01
1.054293655712816719e-01
1.113246144052589121e-01
1.179375943739259525e-01
1.253402077004662218e-01
1.335986443470365270e-01
1.427693142384675318e-01
1.528940634804936138e-01
1.639949191820393726e-01
1.760687649413200662e-01
1.890825081793819917e-01
2.029694242981746888e-01
2.176274051811494803e-01
2.329197572998614740e-01
2.486789632212043077e-01
2.647134513353274210e-01
2.808169689091117860e-01
2.967797179583324674e-01
3.124000999270360457e-01
3.274958093609129928e-01
3.419131504623760254e-01
3.555337893318797904e-01
3.682786114907697916e-01
3.801088205228667638e-01
3.910247957094914462e-01
4.010634702667923435e-01
4.102950891252459265e-01
4.188201842525979823e-01
4.267675126341564096e-01
4.342935836195018773e-01
4.415842916139972596e-01
4.488590786906755947e-01
4.563779634639359428e-01
4.644516345556881642e-01
4.734545129072535996e-01
4.838400503365176686e-01
4.961562518883305684e-01
5.110570601636499344e-01
5.293013549645598781e-01
5.517257626518969893e-01
5.791713705326034800e-01
6.123419384461251669e-01
6.515811937425346478e-01
6.965913295878498612e-01
7.461776141070570745e-01
7.981677697275127992e-01
8.496508786566782101e-01
8.975485118834429787e-01
9.393197456145698787e-01
9.734854519528925998e-01
9.997610743459424132e-01
1.018823280535664733e+00
1.031902179229730709e+00
1.040394806226400570e+00
1.045601730528398887e+00
1.048596652854267397e+00
1.050193071310520310e+00
1.050965400155624563e+00
1.051292759980522407e+00
1.051406946710043311e+00
1.051435925755306533e+00
1.051439935752488841e+00
nan
