#Upper limit for the Conditional distribution of radius given mass from initial fitting w/o bootstrap
9.721778848983394149e-09
-2.485289099551694220e-02
-2.484816343434581576e-02
-2.481325923772066330e-02
-2.467267290223494267e-02
-2.426062628808594440e-02
-2.326681760808688507e-02
-2.116721231341624557e-02
-1.714436274576366590e-02
-1.002092013962381338e-02
1.709903913042384567e-03
1.952932599835337582e-02
4.387758335140986427e-02
7.283580118632754230e-02
1.024329446786987619e-01
1.290624382378825485e-01
1.510681576782084423e-01
1.684000504737296344e-01
1.817478467694097488e-01
1.919756775655387659e-01
1.998732623860378921e-01
2.060804991068291847e-01
2.110872461271039169e-01
2.152589116438785311e-01
2.188663352329726641e-01
2.221120745216070835e-01
2.251511694058924984e-01
2.281068614549917328e-01
2.310822403227683619e-01
2.341689876912043389e-01
2.374541050862148395e-01
2.410253392943506323e-01
2.449758346587531110e-01
2.494083966660617657e-01
2.544396246456943622e-01
2.602040302381666836e-01
2.668580459240417202e-01
2.745834449632951202e-01
2.835889718781434143e-01
2.941076390798468831e-01
3.063850126393621309e-01
3.206507994165782582e-01
3.370646946670762811e-01
3.556332695605894934e-01
3.761175749643443922e-01
3.979871818711771536e-01
4.204845008478890200e-01
4.427956783558983367e-01
4.642320941676468249e-01
4.843259241072742638e-01
5.028274287112814989e-01
5.196513828585643813e-01
5.348176961189751166e-01
5.484060490544395705e-01
5.605267856151302519e-01
5.713040292077312676e-01
5.808665463596688339e-01
5.893431195586595894e-01
5.968604591367002721e-01
6.035425822386367711e-01
6.095111449894857758e-01
6.148865446833128301e-01
6.197898111791354525e-01
6.243454611649541519e-01
6.286856209467051038e-01
6.329559714027631623e-01
6.373243598063207394e-01
6.419935627516574206e-01
6.472207668680832748e-01
6.533485929446337659e-01
6.608570895006629087e-01
6.704571722143820578e-01
6.832742467814469922e-01
7.012558738611989195e-01
7.282432138969200386e-01
7.734961515569105384e-01
8.618700422950940077e-01
9.704771468329451700e-01
1.034960327999723262e+00
1.075607822024416960e+00
1.104016587993162934e+00
1.124845970990712374e+00
1.140406733219197388e+00
1.152053887848711655e+00
1.160694716346094335e+00
1.167001913304092087e+00
1.171507830341418144e+00
1.174645717065731620e+00
1.176768020678699678e+00
1.178156487208829706e+00
1.179030587712078360e+00
1.179556321983820544e+00
1.179855336231832696e+00
1.180013752507732994e+00
1.180090163554664340e+00
1.180122511564687393e+00
1.180133791369791130e+00
1.180136654306044974e+00
1.180137050567997337e+00
9.721778848983394149e-09
