#Lower limit for the Conditional distribution of radius given mass from initial fitting w/o bootstrap
9.721778848983394149e-09
-2.359815495075610614e-01
-2.359809179945727420e-01
-2.359762835944035908e-01
-2.359577291062577853e-01
-2.359036536911304216e-01
-2.357738640715651701e-01
-2.355005860752636682e-01
-2.349772146618513968e-01
-2.340450270925102383e-01
-2.324789218895642329e-01
-2.299746902099017720e-01
-2.261426318429028970e-01
-2.205166481863937433e-01
-2.125987413771685819e-01
-2.019842071539107442e-01
-1.886372439656590072e-01
-1.732796165281504652e-01
-1.574678771213737782e-01
-1.429086637629070899e-01
-1.306111936426745945e-01
-1.207509672027325814e-01
-1.130325434675022306e-01
-1.070228391139259466e-01
-1.023129618321483858e-01
-9.856829245940738893e-02
-9.553085469223715487e-02
-9.300663175138848549e-02
-9.085072655549741860e-02
-8.895449525508067334e-02
-8.723546152841905876e-02
-8.562973134155109356e-02
-8.408638298131783373e-02
-8.256331601584607216e-02
-8.102413631498743551e-02
-7.943583577797491690e-02
-7.776694272949973008e-02
-7.598605646432951555e-02
-7.406061795695696726e-02
-7.195583914141290283e-02
-6.963373034786668470e-02
-6.705218240617789871e-02
-6.416407112050814820e-02
-6.091635887943470246e-02
-5.724916953124690316e-02
-5.309483062870332809e-02
-4.837681672749240963e-02
-4.300864386881144558e-02
-3.689263378362744178e-02
-2.991860569582240753e-02
-2.196258719581424892e-02
-1.288587722446059118e-02
-2.535206145288063182e-03
9.254272570609758247e-03
2.264969380466918744e-02
3.779845061215019592e-02
5.478341988400241974e-02
7.354553246610595618e-02
9.377999553756392881e-02
1.148587104764371009e-01
1.358798819324716356e-01
1.558925723088769033e-01
1.741714614519733195e-01
1.903519226051954005e-01
2.043875178699944284e-01
2.164303534835340659e-01
2.267246745405214203e-01
2.355414323590544201e-01
2.431468880372346653e-01
2.497919504701335836e-01
2.557126041555400908e-01
2.611361609677123052e-01
2.662910169955889361e-01
2.714193088435822299e-01
2.767928662544600349e-01
2.827335363633416421e-01
2.896395419233131485e-01
2.980203869121774707e-01
3.085441833420931590e-01
3.221051431607295235e-01
3.399287236362941167e-01
3.637599337276030687e-01
3.962635314922617891e-01
4.420487877206289995e-01
5.109471483153886773e-01
6.302970036664538034e-01
7.837102705396817859e-01
8.518695351149183637e-01
8.835270152250001008e-01
9.006590128429001751e-01
9.103860175601877769e-01
9.159069204794141328e-01
9.189471781965307118e-01
9.205301681414579384e-01
9.212870470790498478e-01
9.216061766485542650e-01
9.217172780062238280e-01
9.217454618192465476e-01
9.217493622529192576e-01
9.721778848983394149e-09
