#Sequence of Radius points for initial fitting w/o bootstrap
7.261747654523653672e-02
8.602208507994160702e-02
9.942669361464667732e-02
1.128313021493517337e-01
1.262359106840568179e-01
1.396405192187618605e-01
1.530451277534669308e-01
1.664497362881720011e-01
1.798543448228770714e-01
1.932589533575821417e-01
2.066635618922872120e-01
2.200681704269922823e-01
2.334727789616973248e-01
2.468773874964023951e-01
2.602819960311074654e-01
2.736866045658125079e-01
2.870912131005176060e-01
3.004958216352227041e-01
3.139004301699277466e-01
3.273050387046327891e-01
3.407096472393378872e-01
3.541142557740429297e-01
3.675188643087480278e-01
3.809234728434530703e-01
3.943280813781581129e-01
4.077326899128632109e-01
4.211372984475682535e-01
4.345419069822733515e-01
4.479465155169783941e-01
4.613511240516834921e-01
4.747557325863885347e-01
4.881603411210936327e-01
5.015649496557986753e-01
5.149695581905037178e-01
5.283741667252088714e-01
5.417787752599139139e-01
5.551833837946189565e-01
5.685879923293239990e-01
5.819926008640290416e-01
5.953972093987341951e-01
6.088018179334392377e-01
6.222064264681442802e-01
6.356110350028493228e-01
6.490156435375543653e-01
6.624202520722595189e-01
6.758248606069645614e-01
6.892294691416696040e-01
7.026340776763746465e-01
7.160386862110796891e-01
7.294432947457848426e-01
7.428479032804898852e-01
7.562525118151949277e-01
7.696571203498999703e-01
7.830617288846051238e-01
7.964663374193101664e-01
8.098709459540152089e-01
8.232755544887202515e-01
8.366801630234252940e-01
8.500847715581304476e-01
8.634893800928354901e-01
8.768939886275405327e-01
8.902985971622455752e-01
9.037032056969507288e-01
9.171078142316557713e-01
9.305124227663608139e-01
9.439170313010658564e-01
9.573216398357708989e-01
9.707262483704760525e-01
9.841308569051810951e-01
9.975354654398861376e-01
1.010940073974591069e+00
1.024344682509296334e+00
1.037749291044001376e+00
1.051153899578706419e+00
1.064558508113411461e+00
1.077963116648116504e+00
1.091367725182821546e+00
1.104772333717526589e+00
1.118176942252231854e+00
1.131581550786936896e+00
1.144986159321641939e+00
1.158390767856346981e+00
1.171795376391052024e+00
1.185199984925757066e+00
1.198604593460462109e+00
1.212009201995167151e+00
1.225413810529872194e+00
1.238818419064577458e+00
1.252223027599282501e+00
1.265627636133987544e+00
1.279032244668692586e+00
1.292436853203397629e+00
1.305841461738102671e+00
1.319246070272807714e+00
1.332650678807512756e+00
1.346055287342217799e+00
1.359459895876922841e+00
1.372864504411628106e+00
1.386269112946333149e+00
1.399673721481038191e+00
