#Conditional distribution of Mass given Radius from initial fitting w/o bootstrap
6.622212624888228084e-09
5.898335848164626416e-01
6.436778284069617495e-01
6.697115346297858318e-01
6.853064570134951294e-01
6.965602973646491947e-01
7.057151062519464446e-01
7.136395040039591464e-01
7.207251052895697896e-01
7.271875164461237828e-01
7.331678721717526104e-01
7.387773339283594254e-01
7.441311249732859290e-01
7.493875137841762291e-01
7.547932772600213225e-01
7.607204240538156803e-01
7.676544796345023958e-01
7.760791477831455731e-01
7.862431670943711426e-01
7.979220686285757314e-01
8.103899125264729664e-01
8.226914228116206651e-01
8.340223911822980396e-01
8.439495041174331913e-01
8.524027365219457586e-01
8.595524796135214363e-01
8.656880125391561709e-01
8.711432098416768133e-01
8.762669579332600378e-01
8.814223599099207940e-01
8.870013565916576859e-01
8.934463927495830404e-01
9.012735506522404627e-01
9.110914023851088839e-01
9.236067651028471159e-01
9.396027281766599071e-01
9.598668093404048030e-01
9.850424962045563060e-01
1.015388887499716786e+00
1.050484815978418807e+00
1.089017715933174646e+00
1.128878701902213066e+00
1.167663338202879597e+00
1.203337639676768100e+00
1.234659308789175292e+00
1.261192517213348463e+00
1.283075359469513677e+00
1.300759301142270896e+00
1.314830209000753758e+00
1.325923515751092019e+00
1.334709841590948187e+00
1.341926524866954962e+00
1.348439761619048438e+00
1.355330494306050682e+00
1.364001587949289496e+00
1.376302017860850491e+00
1.394651552212711421e+00
1.422117777529137816e+00
1.462331840085611789e+00
1.519017355369132183e+00
1.594783490816612082e+00
1.688964495131325183e+00
1.795478352983036929e+00
1.903814083314266492e+00
2.004230096620286172e+00
2.091776343922758574e+00
2.165787867206585116e+00
2.227676584070680033e+00
2.279398792453767086e+00
2.322782519030585302e+00
2.359328863270312659e+00
2.390211541092728265e+00
2.416339237844755239e+00
2.438424131262929340e+00
2.457037451716711729e+00
2.472648823944081808e+00
2.485651895219655572e+00
2.496379883756094209e+00
2.505114198896730482e+00
2.512088332237566224e+00
2.517488358883139821e+00
2.521450835132560186e+00
2.524058758561707361e+00
2.525336711761752895e+00
2.525247502315264292e+00
2.523694442627705925e+00
2.520534933974759806e+00
2.515609635345448236e+00
2.508783180801932744e+00
2.499974880789515908e+00
2.489135863856478448e+00
2.476112844778354471e+00
2.460325481844294782e+00
2.440139954561959090e+00
2.411730206234105722e+00
2.367496006540496190e+00
2.297450898627240168e+00
2.205078502304353094e+00
2.119243961599162063e+00
6.622212624888228084e-09
