#Lower limit for the Conditional distribution of Mass given Radius from initial fitting w/o bootstrap
6.622212624888228084e-09
2.493628191385001414e-01
3.119766053150965224e-01
3.466014365196852798e-01
3.673493366246854408e-01
3.810071065963755443e-01
3.909125279410196052e-01
3.987071323626488195e-01
4.052111211091544152e-01
4.108519576633503090e-01
4.158637835110091108e-01
4.203828727232505336e-01
4.245022940115022458e-01
4.283164116239099872e-01
4.319690832080951282e-01
4.357045353498470996e-01
4.398982041448085689e-01
4.450216711291323790e-01
4.515018268639592880e-01
4.595093759868788541e-01
4.688175975431700393e-01
4.788651260187674064e-01
4.889883699657409100e-01
4.986518968203502156e-01
5.075533355736775443e-01
5.156092234630966775e-01
5.228900834593426250e-01
5.295580518635519818e-01
5.358269074713855051e-01
5.419442281664373917e-01
5.481892480100715170e-01
5.548801983156470552e-01
5.623863397981356815e-01
5.711404609614034733e-01
5.816467713247561733e-01
5.944768712464294502e-01
6.102433008032748241e-01
6.295373785081064266e-01
6.528184559521520436e-01
6.802504125277126779e-01
7.115051852277336497e-01
7.455974050621538840e-01
7.808624456146409099e-01
8.151817758426982419e-01
8.464274869002889057e-01
8.729148123025162187e-01
8.936307052995515754e-01
9.081937897665216530e-01
9.166764344770897965e-01
9.194358963542450525e-01
9.170267705291068605e-01
9.102018176842705532e-01
8.999774642950154613e-01
8.877273257470705836e-01
8.752604215587108660e-01
8.648491491776605367e-01
8.592084154774179972e-01
8.614767649072165856e-01
8.752668534673220258e-01
9.048027695376094082e-01
9.550279111238870744e-01
1.031206034421682238e+00
1.136604617997410305e+00
1.266678035194201746e+00
1.405364973471756151e+00
1.534224776186821293e+00
1.643814537670124754e+00
1.733592248457323848e+00
1.806787457019852328e+00
1.867075416680002320e+00
1.917452984248241288e+00
1.960113477407226634e+00
1.996609095894433583e+00
2.028042711356575989e+00
2.055219961429931796e+00
2.078754344913288588e+00
2.099134663196071671e+00
2.116766141029001957e+00
2.131994451850907968e+00
2.145118943882628582e+00
2.156398910409962788e+00
2.166054917502117760e+00
2.174266004412992892e+00
2.181162966167240036e+00
2.186818030776159993e+00
2.191232242773264893e+00
2.194323727857681483e+00
2.195921581037309611e+00
2.195767896947246278e+00
2.193518728320233535e+00
2.188708867581921957e+00
2.180605693055628347e+00
2.167824296909441451e+00
2.147505630359113571e+00
2.113892694744269551e+00
2.057374413903159116e+00
1.970809775695104404e+00
1.868139643620277290e+00
1.776407149247366091e+00
6.622212624888228084e-09
