#Upper limit for the Conditional distribution of Mass given Radius from initial fitting w/o bootstrap
6.622212624888228084e-09
9.286967148865413746e-01
9.710411807513442684e-01
9.901087835803621395e-01
1.002294464854190936e+00
1.012311667742159083e+00
1.021369939130552851e+00
1.029719046907515256e+00
1.037438298423705829e+00
1.044605439201471642e+00
1.051315567519910621e+00
1.057688099498075296e+00
1.063889404892103929e+00
1.070172164811089566e+00
1.076919870526787060e+00
1.084663180110253533e+00
1.094005606814031362e+00
1.105397073157322163e+00
1.118797860390314813e+00
1.133472179005568625e+00
1.148184465086584227e+00
1.161725747296465938e+00
1.173354276155889719e+00
1.182884324992149683e+00
1.190522922256947336e+00
1.196667272762257150e+00
1.201772385936018761e+00
1.206296378814646575e+00
1.210696303606586977e+00
1.215449936977502920e+00
1.221088757748418629e+00
1.228233291500965718e+00
1.237622348821143303e+00
1.250122551647144142e+00
1.266694027659095223e+00
1.288274550159455245e+00
1.315540383898710752e+00
1.348542911168599367e+00
1.386350811011813677e+00
1.426992287211351185e+00
1.467922967971132309e+00
1.506806885863759993e+00
1.542088367897299195e+00
1.573094282203634009e+00
1.599819464500468857e+00
1.622646052153253748e+00
1.642130613532657213e+00
1.658884213833786037e+00
1.673526833786738610e+00
1.686692178499594519e+00
1.699066089713603622e+00
1.711450336605684353e+00
1.724850671845294503e+00
1.740592575572286416e+00
1.760469006451129914e+00
1.786915812381521418e+00
1.823174369028596198e+00
1.873286972326956512e+00
1.941477433073904857e+00
2.030058513015415844e+00
2.135829487393838377e+00
2.248979687809079309e+00
2.358417958885113297e+00
2.457366039735870089e+00
2.543602559053468326e+00
2.617304313208975053e+00
2.679452017349803761e+00
2.731162653140166263e+00
2.773529470840370603e+00
2.807630763715263544e+00
2.834545016418984709e+00
2.855330340969175484e+00
2.870983946172859902e+00
2.882406548822226355e+00
2.890383457419207769e+00
2.895581219474523405e+00
2.898553641112509460e+00
2.899751273523365480e+00
2.899530362424364682e+00
2.898158848513525676e+00
2.895817823374168931e+00
2.892597136867876895e+00
2.888484119708940590e+00
2.883345461920058472e+00
2.876905754457548703e+00
2.868734478674831223e+00
2.858268264812944714e+00
2.844911684602835500e+00
2.828250642930953518e+00
2.808328889125418559e+00
2.785789515340430622e+00
2.761647119436838604e+00
2.736679006271781844e+00
2.710625162165420043e+00
2.681207949624538234e+00
2.642707071088622683e+00
2.585118457993066166e+00
2.502779083837824547e+00
2.417464534243424001e+00
6.622212624888228084e-09
