#Conditional distribution of mass given radius from initial fitting w/o bootstrap
-9.824298408452744047e-01
-7.541528964003496593e-01
-6.116306249023835129e-01
-5.119657800630861288e-01
-4.367796664291933584e-01
-3.768624280317306452e-01
-3.270748713636176808e-01
-2.843138939778629970e-01
-2.465890899246296619e-01
-2.125615115431696289e-01
-1.812954591685358718e-01
-1.521166847479173689e-01
-1.245273079388360266e-01
-9.815261070018334311e-02
-7.270656711485598556e-02
-4.796880630215347163e-02
-2.376877920790665399e-02
2.540994884405550454e-05
2.351508066810795161e-02
4.677696315615724465e-02
6.986774824629170266e-02
9.282763459322264377e-02
1.156831669337454599e-01
1.384495667740379965e-01
1.611326948429752381e-01
1.837307423202901580e-01
2.062357185728389553e-01
2.286347827192679039e-01
2.509114520895941447e-01
2.730467107709831920e-01
2.950200347340409812e-01
3.168103456854458044e-01
3.383969032028899537e-01
3.597601434457837755e-01
3.808824724759034552e-01
4.017490227167251349e-01
4.223483821326833865e-01
4.426733071631825944e-01
4.627214321718600143e-01
4.824959900579781080e-01
5.020065606189797469e-01
5.212698651391649562e-01
5.403106273718526475e-01
5.591625223951230961e-01
5.778692354868599779e-01
5.964856527919291107e-01
6.150792035715073602e-01
6.337313694084233395e-01
6.525393677291362327e-01
6.716180037857576446e-01
6.911016646630175897e-01
7.111463981393250089e-01
7.319319748806284442e-01
7.536637704901207879e-01
7.765742202725179899e-01
8.009234909119826717e-01
8.269988788764068843e-01
8.551122899747020112e-01
8.855949926599234745e-01
9.187886995768693721e-01
9.550319697357988469e-01
9.946410164471237714e-01
1.037884357292242488e+00
1.084951463888268686e+00
1.135916742471789087e+00
1.190701786165688114e+00
1.249040690642688523e+00
1.310454874791998181e+00
1.374244623438273694e+00
1.439503729578871072e+00
1.505160682056309263e+00
1.570045001651332539e+00
1.632971635656949250e+00
1.692831523719539044e+00
1.748674309270095373e+00
1.799770624989813550e+00
1.845646011604705539e+00
1.886084738068466882e+00
1.921107562193283158e+00
1.950931258999271334e+00
1.975918986219068474e+00
1.996529627454376232e+00
2.013272046844532426e+00
2.026667639483388239e+00
2.037222337831678942e+00
2.045407653292509398e+00
2.051649427639078649e+00
2.056322613631598184e+00
2.059750417532985711e+00
2.062206352337994097e+00
2.063918046295107889e+00
2.065071949666759110e+00
2.065818343661877776e+00
2.066276264219161884e+00
2.066538109585864369e+00
2.066673811289785334e+00
2.066734522405046182e+00
2.066755824070352965e+00
2.066760478784100741e+00
-2.956356960528845612e-02
