#Lower limit for the Conditional distribution of radius given mass from initial fitting w/o bootstrap
1.451457069081991680e-01
-1.942827776812328100e-01
-1.939272586900249729e-01
-1.933021696680863044e-01
-1.923793488721506073e-01
-1.911297735597686231e-01
-1.895244300540541438e-01
-1.875357388122261548e-01
-1.851396602420607163e-01
-1.823185262249104044e-01
-1.790644687387720757e-01
-1.753830420183050132e-01
-1.712963106571335770e-01
-1.668444450775261878e-01
-1.620849296915030657e-01
-1.570889818314303854e-01
-1.519356026066858434e-01
-1.467044710378385686e-01
-1.414692335970434700e-01
-1.362924713799298915e-01
-1.312229493617758092e-01
-1.262950459566257178e-01
-1.215298087521257953e-01
-1.169369488335497836e-01
-1.125171788542295020e-01
-1.082644867066979294e-01
-1.041681210903402932e-01
-1.002142035511181251e-01
-9.638696720380127148e-02
-9.266966583345759290e-02
-8.904521292029915491e-02
-8.549661037725041213e-02
-8.200721969993693405e-02
-7.856091869252815330e-02
-7.514217749886140107e-02
-7.173607945263103802e-02
-6.832830559343311405e-02
-6.490509652395518025e-02
-6.145320139860684094e-02
-5.795982098828922346e-02
-5.441254972851748001e-02
-5.079932023383138678e-02
-4.710835279489432315e-02
-4.332811174625860601e-02
-3.944727021194231048e-02
-3.545468453455102170e-02
-3.133937961908717096e-02
-2.709054643677344040e-02
-2.269755298110249717e-02
-1.814997006859866979e-02
-1.343761338094444542e-02
-8.550603150328014296e-03
-3.479442701506987607e-03
1.784883308928385823e-03
7.250790803701319051e-03
1.292595930115761176e-02
1.881717864536330484e-02
2.493018438889186769e-02
3.126948988440544225e-02
3.783822711348289181e-02
4.463801307687383785e-02
5.166886403999072785e-02
5.892918573415392713e-02
6.641587324676835602e-02
7.412455913689933173e-02
8.205005161159155402e-02
9.018700587237526989e-02
9.853087097848921283e-02
1.070791524361858066e-01
1.158330288842807781e-01
1.247993623496969906e-01
1.339931491008121422e-01
1.434404761988087862e-01
1.531820818665378114e-01
1.632776706046226434e-01
1.738112129691071484e-01
1.848975748789569440e-01
1.966909902923431874e-01
2.093961483978386828e-01
2.232830791514786861e-01
2.387077204512534634e-01
2.561412965474352266e-01
2.762139465661465620e-01
2.997824284398517558e-01
3.280400402640719637e-01
3.627014173205783676e-01
4.063091250927258757e-01
4.626266446926595721e-01
5.361308024008784034e-01
6.248420463139265912e-01
7.070094339206278722e-01
7.648055492680704281e-01
8.018603049756224399e-01
8.253861581530170799e-01
8.401447834914438362e-01
8.490570066375029423e-01
8.540295104875692545e-01
8.564136281471876888e-01
8.572427032209090081e-01
8.573557279940455800e-01
