8.301704715021402080e+03
7.839087957677689701e+03
8.012418243530616564e+03
7.802193879762030519e+03
8.259612605817548683e+03
8.236013451795974106e+03
8.019941956463070710e+03
8.046972777514136396e+03
7.789946387992203199e+03
7.982217429373044070e+03
7.845314272975420863e+03
7.751645738435255225e+03
8.055632214448845843e+03
7.893404008611284553e+03
8.071783994099385382e+03
7.707500091333431556e+03
7.772740616492379559e+03
8.136521323449743250e+03
7.924721225912805494e+03
7.921438234446836759e+03
8.125339462894861754e+03
7.946319672499252192e+03
8.208978666949442413e+03
7.753217126134235514e+03
7.944060698906742800e+03
8.009031085890921531e+03
7.948764535635781613e+03
8.096916208746604752e+03
8.017329125145404760e+03
8.065928091155721631e+03
8.086143663747890969e+03
7.822662805951209521e+03
7.947921354948505723e+03
8.071090073091090744e+03
7.886278270750937736e+03
7.828064135784363316e+03
7.996004537224940577e+03
7.773332307842951195e+03
7.949859708159066940e+03
7.892398600024746884e+03
