-2.947540218494215658e-01
-2.947540183459521623e-01
-2.947540121333629415e-01
-2.947540002334176901e-01
-2.947539477733763236e-01
-2.947532636475654333e-01
-2.947455277240805249e-01
-2.946823888417279824e-01
-2.942831657698455894e-01
-2.921476662911179911e-01
-2.804640817416994558e-01
-1.170804452802272078e-01
-8.392728059803880591e-02
-7.652042165732261814e-02
-7.350688862786655675e-02
-7.123108550064556621e-02
-6.861763620319567825e-02
-6.517690071037908484e-02
-6.054660019900894724e-02
-5.436494015608634572e-02
-4.622513850012592573e-02
-3.564326932137149712e-02
-2.202029349517242371e-02
-4.626808945702809948e-03
1.720576956555849163e-02
4.315937067943941691e-02
7.042807077052844200e-02
9.505183193107395734e-02
1.154116393604750768e-01
1.320267885613314596e-01
1.459084471313435161e-01
1.579203770071790636e-01
1.687050822447405396e-01
1.787331507010006815e-01
1.883564092138574619e-01
1.978464069059157615e-01
2.074196144126400909e-01
2.172526346008457065e-01
2.274897621358625555e-01
2.382445923983420311e-01
2.495978858080670493e-01
2.615957021776505464e-01
2.742539556166970760e-01
2.875754133378640720e-01
3.015805780180929041e-01
3.163473102489599564e-01
3.320524213160713778e-01
3.490157083559360385e-01
3.677602177242636494e-01
3.891206080941311263e-01
4.144666359414791446e-01
4.462004035217043696e-01
4.888658833236129708e-01
5.498192611258899687e-01
6.234256896549251747e-01
6.856023659829009187e-01
7.373307551535094317e-01
7.849057580649940746e-01
8.294477174888721382e-01
8.680857066042151349e-01
8.982521712146945836e-01
9.204463978928595358e-01
9.367034094684627554e-01
9.489350071357872674e-01
9.585258159968741420e-01
9.664127618375257800e-01
9.732220681548762187e-01
9.793721157547941036e-01
9.851398404909826878e-01
9.907013388456715752e-01
9.961559086167981469e-01
1.001540391627735005e+00
1.006839263954936170e+00
1.011994899192250941e+00
1.016920899626808650e+00
1.021518876490642658e+00
1.025696140190628158e+00
1.029379894988818211e+00
1.032523815916190690e+00
1.035104837795339128e+00
1.037109825034490784e+00
1.038511948786832617e+00
1.039235186846070969e+00
1.039106158026635640e+00
1.037809186956108354e+00
1.034925254007054818e+00
1.030245120111951351e+00
1.024385483599895341e+00
1.018878805187357628e+00
1.015016838731139570e+00
1.012956301176179741e+00
1.012181204489299491e+00
1.012227376365370857e+00
1.012997787250152104e+00
1.014948575647122153e+00
1.019495363801501409e+00
1.028765222237836285e+00
1.039774275396349035e+00
1.044244959976630804e+00
1.044576178718854553e+00
