-6.600538306017331713e-01
-6.600340911292413848e-01
-6.593869675725571033e-01
-6.546399262475289804e-01
-6.346121206046032581e-01
-5.608956364040297293e-01
-1.028887052805724789e-01
3.759360585469875282e-01
5.797122508811691777e-01
6.928707840635049964e-01
7.614797873486287560e-01
8.070650999705372142e-01
8.409355269926259702e-01
8.689967807879666051e-01
8.942015186272417315e-01
9.178973826363974187e-01
9.405798084586862728e-01
9.623220895873206837e-01
9.830241591414791147e-01
1.002551788918674802e+00
1.020805901418880612e+00
1.037747891878933570e+00
1.053399602453697126e+00
1.067831098020348257e+00
1.081144664171642233e+00
1.093459691663490441e+00
1.104900507209378269e+00
1.115587649747021404e+00
1.125632301499273735e+00
1.135133278736208506e+00
1.144175946015758782e+00
1.152832495445638816e+00
1.161163147613893498e+00
1.169217943659523140e+00
1.177038893243605999e+00
1.184662318128901104e+00
1.192121288180151062e+00
1.199448089816544050e+00
1.206676699867686775e+00
1.213845262897558452e+00
1.220998588591801770e+00
1.228190697740560777e+00
1.235487449497696621e+00
1.242969276559490632e+00
1.250734035066831451e+00
1.258899937444583950e+00
1.267608473427237703e+00
1.277027131940835503e+00
1.287351613291835006e+00
1.298807077377077235e+00
1.311647843644003109e+00
1.326154920076302757e+00
1.342630935276259985e+00
1.361392699511435156e+00
1.382762987877483640e+00
1.407065396282176639e+00
1.434629131891377307e+00
1.465813722309462497e+00
1.501065901836888372e+00
1.541021990209622716e+00
1.586670432654640361e+00
1.639593914410856224e+00
1.702315506993312688e+00
1.778729175394455631e+00
1.874219610836000083e+00
1.993372781135209104e+00
2.131123040773533983e+00
2.267418852448475963e+00
2.385609419471153902e+00
2.483149119241375491e+00
2.563433517780628446e+00
2.630167024864662473e+00
2.686178112738336843e+00
2.733498442275433593e+00
2.773603547313554074e+00
2.807605343353019478e+00
2.836382152679739921e+00
2.860661507245422897e+00
2.881070378381739516e+00
2.898163646861938947e+00
2.912438675126520327e+00
2.924341736816007842e+00
2.934270383621930822e+00
2.942574406234926165e+00
2.949556874191849865e+00
2.955475856815346969e+00
2.960546828053935542e+00
2.964945371913418448e+00
2.968809503673911721e+00
2.972240497792319136e+00
2.975300164082704146e+00
2.978000044967548110e+00
2.980271092877491146e+00
2.981881236142672975e+00
2.982195677963297875e+00
2.979389452382682713e+00
2.967448674388197816e+00
2.924359274524331642e+00
2.811358901140606825e+00
2.760308124476596792e+00
