-2.884807711003921082e-01
-2.884807658151196663e-01
-2.884804030143607867e-01
-2.884760847174810960e-01
-2.884509467071788014e-01
-2.883502685756137440e-01
-2.880280956943309656e-01
-2.871361255735431772e-01
-2.848861318156045153e-01
-2.794732058161529253e-01
-2.662261227915314610e-01
-2.271763125252810878e-01
-9.576385349761937227e-02
-2.922724979467456602e-02
3.664759918446959183e-03
2.514316007809922621e-02
4.141702995247351082e-02
5.498084043135105514e-02
6.696785056771234479e-02
7.791907362124471381e-02
8.810017877709827583e-02
9.764738140361009511e-02
1.066378469355958869e-01
1.151237205613476339e-01
1.231479095974878646e-01
1.307507198988321906e-01
1.379720908400683954e-01
1.448518967696501569e-01
1.514295519863615436e-01
1.577434955293083307e-01
1.638307909020979281e-01
1.697269114897072273e-01
1.754657122818704951e-01
1.810795658894509830e-01
1.865996407440952687e-01
1.920563090438922316e-01
1.974796858063689320e-01
2.029003161275517719e-01
2.083500453328534785e-01
2.138631268931205365e-01
2.194776471565317577e-01
2.252373758060040310e-01
2.311941884169518291e-01
2.374112545841091937e-01
2.439672437636175306e-01
2.509618729718019470e-01
2.585232075056138612e-01
2.668172311934890462e-01
2.760603369900773707e-01
2.865355863132617587e-01
2.986139446906296291e-01
3.127824737351322382e-01
3.296832287594309574e-01
3.501705994095774543e-01
3.754032255912669314e-01
4.070016136652616079e-01
4.473139497583578095e-01
4.997239020347019611e-01
5.679884341172301010e-01
6.508042076375311069e-01
7.352396469400251933e-01
8.067857537749467678e-01
8.592799070442844744e-01
8.950070442453650355e-01
9.191549818208738509e-01
9.358137077261383663e-01
9.475833076122598397e-01
9.560759977630081119e-01
9.623169256286562279e-01
9.669797518379412704e-01
9.705201893539167068e-01
9.732536140271963454e-01
9.754019995549080280e-01
9.771234690791387179e-01
9.785315863195230834e-01
9.797083393421925912e-01
9.807130994076227459e-01
9.815889255557976867e-01
9.823670686018972642e-01
9.830702231728752905e-01
9.837148880821604546e-01
9.843130718747509222e-01
9.848734913564157756e-01
9.854023366711984755e-01
9.859036046504591200e-01
9.863789344009742388e-01
9.868268588538579023e-01
9.872415564304106717e-01
9.876118148200183633e-01
9.879220608037448947e-01
9.881577172280591181e-01
9.883140089090357572e-01
9.884014111056677043e-01
9.884413310061472835e-01
9.884556546398295396e-01
9.884594206315172604e-01
9.884600442856275038e-01
9.884600874941558146e-01
9.884600877769699201e-01
9.884600892712570586e-01
