4.965999785049942147e+03
5.071194229411246852e+03
5.006798038852076388e+03
5.287163817793307317e+03
5.255128199597755156e+03
5.311883483524979056e+03
5.123460023824085511e+03
5.011290934074832876e+03
5.058433869349462839e+03
5.231539283058682486e+03
5.365320872087858334e+03
5.062848052025512516e+03
5.107633369328059416e+03
5.169227799851531927e+03
4.941316812868439229e+03
5.029594082748348228e+03
4.939811334328455814e+03
5.131803325242494793e+03
5.354642649351257205e+03
5.052019002142510544e+03
5.299046635778893688e+03
5.268224184547763798e+03
5.171234908603456461e+03
5.138789905639594508e+03
5.142452518896187030e+03
4.925297137706500507e+03
5.042638544375088713e+03
5.063152279845788144e+03
5.120791529251047905e+03
5.061581122680488988e+03
5.114511288513737782e+03
5.256566605037761292e+03
5.097235286542589165e+03
5.262723144088131448e+03
5.059611095029071294e+03
5.353574784777939385e+03
5.094559038425017206e+03
5.203373059198776900e+03
5.141496078459217642e+03
5.116509182244684780e+03
5.115593023357030688e+03
5.282949236155950530e+03
5.354413731764216209e+03
5.169369769969274785e+03
5.151565722403018299e+03
4.950216478529921005e+03
5.297536772779134481e+03
5.309899772601833320e+03
5.057159471119319278e+03
5.216657302605514815e+03
5.377122012118330531e+03
5.239869480355981068e+03
5.000833529979307059e+03
5.163790751140903012e+03
5.026143120001523130e+03
5.253248008255951390e+03
5.252832746433431566e+03
5.356772967001284997e+03
5.054746594389341226e+03
5.257082927579938769e+03
5.200417502223205702e+03
5.324463215470221257e+03
5.240467951061273197e+03
5.130341581304646752e+03
5.123163982409045275e+03
5.108955940760331941e+03
4.985843551246657626e+03
5.324757896823818555e+03
5.098973442565431469e+03
5.089422540824258249e+03
5.042322001246338004e+03
5.166143563871654806e+03
5.204509676216674961e+03
5.074890437840716004e+03
5.312696662938870759e+03
5.159924431534880569e+03
4.930706572579699241e+03
5.041726895133158905e+03
5.081741103524709615e+03
5.080559985412744027e+03
5.139294822095876953e+03
5.406603225435659624e+03
5.266467549441009396e+03
4.920021411355283817e+03
5.387003580356167731e+03
5.065172723253922413e+03
5.076789369515772705e+03
4.932932257993234089e+03
5.063595192519829652e+03
5.122668083554071927e+03
4.951422307349895163e+03
5.003741619197222462e+03
5.100523121347994675e+03
4.981565159658490302e+03
5.125515682669959460e+03
5.100487919734800016e+03
5.045858194629265199e+03
5.215649859262164682e+03
5.117619934429871137e+03
5.092459371057582757e+03
