-8.826326006851560324e-01
-8.826047107479866316e-01
-8.824565235301743416e-01
-8.804941280666717107e-01
-8.663734263479808684e-01
-8.042606355651522598e-01
-6.287363813045496741e-01
-3.339147027262026057e-01
-5.078411094379629842e-02
1.270429927914732415e-01
2.187181724324452348e-01
2.657726879361480554e-01
2.937753530269253122e-01
3.152282254292013697e-01
3.360116039558397327e-01
3.587899370551152489e-01
3.844461283644544647e-01
4.127009403643781549e-01
4.425120152651214056e-01
4.724726256612948316e-01
5.012070641051050712e-01
5.276697278715252182e-01
5.512815290857129291e-01
5.719132886970431651e-01
5.897783012988588869e-01
6.053006238268753281e-01
6.190008206459430840e-01
6.314134290609013656e-01
6.430333907563229312e-01
6.542826688562989323e-01
6.654890372996445924e-01
6.768725963177790739e-01
6.885393620810564830e-01
7.004837704033876067e-01
7.126022689486982697e-01
7.247182656799351363e-01
7.366154674722666940e-01
7.480737684634659601e-01
7.589009224939546883e-01
7.689547733652976058e-01
7.781539865050366434e-01
7.864784970855912549e-01
7.939630289615989822e-01
8.006876648837054633e-01
8.067689232475167005e-01
8.123537647553420449e-01
8.176179410705655126e-01
8.227693516118129713e-01
8.280565705669503673e-01
8.337822188405110690e-01
8.403199938550091064e-01
8.481323791161865522e-01
8.577826844970741771e-01
8.699297563092593943e-01
8.852875032356997131e-01
9.045289143530678144e-01
9.281254024603222685e-01
9.561484010986528448e-01
9.881171858115603834e-01
1.023013639675759201e+00
1.059536711062320169e+00
1.096529062087285622e+00
1.133383726010415593e+00
1.170254233686514489e+00
1.208029097080319358e+00
1.248153764692718992e+00
1.292404302423761697e+00
1.342665323391981413e+00
1.400706886649581318e+00
1.467929305380715643e+00
1.545058014983569761e+00
1.631817137685094510e+00
1.726674556131505334e+00
1.826797930802017689e+00
1.928339041843130097e+00
2.027045355338629395e+00
2.119030475447153172e+00
2.201434422879331443e+00
2.272755512389384780e+00
2.332802429897588237e+00
2.382375682289250562e+00
2.422850622901167927e+00
2.455801135678865155e+00
2.482730843072670002e+00
2.504917527940404121e+00
2.523344036042548755e+00
2.538679639467464000e+00
2.551277083809054602e+00
2.561151367582552574e+00
2.567898270369231462e+00
2.570485996352071201e+00
2.566811166621973062e+00
2.552916983320366651e+00
2.522255981420173043e+00
2.467808153930922455e+00
2.393657873310103046e+00
2.327241945772429155e+00
2.293467249204379943e+00
2.285092125457477419e+00
9.684911071831544538e-01
