6.626965250515806649e-02
4.460270948293189319e-02
2.989821104206690644e-02
1.995866458442040192e-02
1.326780607731173865e-02
8.785204473674935663e-03
5.804633623157215080e-03
3.858577000846592515e-03
2.655324154143836289e-03
2.038179359133435870e-03
1.959100537400946737e-03
2.461684436165150012e-03
3.670469164566656731e-03
5.784690269494995214e-03
9.074824015832819862e-03
1.387973844060919927e-02
2.060153602721905702e-02
2.969474283559937408e-02
4.164677488387866222e-02
5.694774375609219785e-02
7.604952738786081856e-02
9.931628612314884197e-02
1.269707882244197894e-01
1.590425639218844001e-01
1.953246790512968012e-01
2.353456292189858579e-01
2.783615239777214589e-01
3.233715613848487935e-01
3.691571238641584984e-01
4.143420597164184094e-01
4.574692486359239196e-01
4.970867141321590466e-01
5.318355587919566529e-01
5.605319441793037427e-01
5.822361675484754029e-01
5.963034417316039892e-01
6.024130231705285832e-01
6.005745784635664331e-01
5.911128565776972987e-01
5.746336037685783049e-01
5.519750456046530473e-01
5.241500662917923936e-01
4.922844197758359797e-01
4.575559611720687592e-01
4.211390980512882964e-01
3.841575718641639381e-01
3.476474474145542781e-01
3.125309640507041298e-01
2.796008150334983178e-01
2.495135664234692241e-01
2.227903591057422694e-01
1.998227722748158741e-01
1.808817427070174289e-01
1.661276817766179081e-01
1.556203429055433574e-01
1.493274891301577811e-01
1.471319186245100830e-01
1.488368606605081357e-01
1.541701078998734542e-01
1.627874763223522148e-01
1.742762768358082082e-01
1.881594585317836188e-01
2.039009748079505524e-01
2.209127722766033308e-01
2.385636525995160073e-01
2.561901465326626437e-01
2.731094899708368939e-01
2.886348045845368304e-01
3.020926367679492297e-01
3.128430503000637630e-01
3.203024353913185851e-01
3.239690198175712021e-01
3.234506892436560532e-01
3.184941187844774202e-01
3.090134134836294844e-01
2.951155447653565633e-01
2.771190151867541918e-01
2.555616037699066090e-01
2.311929831478798658e-01
2.049486782611527891e-01
1.779033889850088757e-01
1.512041105004497676e-01
1.259865408294008615e-01
1.032815361662613868e-01
8.392125813606719775e-02
6.845648055113320862e-02
5.709671566336977505e-02
4.968312285632853209e-02
4.570082997899508476e-02
4.433320229013365532e-02
4.455713954282038147e-02
4.527720529279385259e-02
4.549817030872305851e-02
4.453936071753754333e-02
4.229545629666320306e-02
3.953692376386639534e-02
3.820103074421741379e-02
4.152259739907401132e-02
5.364884605763769326e-02
7.800995756620088262e-02
