1.556555014287702146e-03
1.556600953669028294e-03
1.556668448164569025e-03
1.556785684961559026e-03
1.557287709936618688e-03
1.561051172241556019e-03
1.584793327951256351e-03
1.701280660848205478e-03
2.152077432467770866e-03
3.452981714049672621e-03
5.854097961316675515e-03
8.357252149209850114e-03
9.986768610889325271e-03
1.087217756897296966e-02
1.140000167261344746e-02
1.178765824193510510e-02
1.212323595511460850e-02
1.243696705763170166e-02
1.273653839370527882e-02
1.302164853815931424e-02
1.328983813917212348e-02
1.353876650219922213e-02
1.376698440000857088e-02
1.397405202192409518e-02
1.416038557312226942e-02
1.432701759368559639e-02
1.447535972789772661e-02
1.460700551756961667e-02
1.472358342769444772e-02
1.482665679610137809e-02
1.491766195121545582e-02
1.499787466826351529e-02
1.506839611652327666e-02
1.513015113824721543e-02
1.518389338407026556e-02
1.523021318500337486e-02
1.526954494630165630e-02
1.530217127082642709e-02
1.532822094777434516e-02
1.534765735304424207e-02
1.536025265332332558e-02
1.536554143132916501e-02
1.536274494228459693e-02
1.535065433321751611e-02
1.532745842958461654e-02
1.529050078769040796e-02
1.523595543678456926e-02
1.515842880438255866e-02
1.505054038157802553e-02
1.490262617644345748e-02
1.470286218493617979e-02
1.443829583488517171e-02
1.409736479380354485e-02
1.367415828548261027e-02
1.317357862780078881e-02
1.261490118750355389e-02
1.203048932879758129e-02
1.145849064058736613e-02
1.093257850794912035e-02
1.047419509315154242e-02
1.009062352350342633e-02
9.778025316547806281e-03
9.526353351327045138e-03
9.323611415391704418e-03
9.158506978184202327e-03
9.021649773747251674e-03
8.905816578330470745e-03
8.805749373217255579e-03
8.717785052929329787e-03
8.639470346012954188e-03
8.569225880939933607e-03
8.506077267828581270e-03
8.449451308825219054e-03
8.399029169775286408e-03
8.354648147963604152e-03
8.316245976932973641e-03
8.283845102046971318e-03
8.257578985291894741e-03
8.237768883327821826e-03
8.225068444999716205e-03
8.220704360324859045e-03
8.226847679146009201e-03
8.247126024637143477e-03
8.287152739022798573e-03
8.354531551389774227e-03
8.456943107588162090e-03
8.596370442628360059e-03
8.760497129143432829e-03
8.920677964002763152e-03
9.045980154751540048e-03
9.121387635249604553e-03
9.149417182833593717e-03
9.137975567465957474e-03
9.089113737716557340e-03
8.993353954145109214e-03
8.830384765768263186e-03
8.590914089240328511e-03
8.337523332982149996e-03
8.194710280004364328e-03
8.171445962857130235e-03
