-2.595615567651251010e-01
-2.595558629779879389e-01
-2.595474383488611259e-01
-2.595343507237196090e-01
-2.595041606892511954e-01
-2.593607326252282408e-01
-2.585531025995405074e-01
-2.546765781848261967e-01
-2.396715715098903798e-01
-1.959968183827300037e-01
-1.141098117870134321e-01
-2.624846940803766265e-02
3.444817966337292148e-02
7.143497657821715197e-02
9.730179755760272331e-02
1.192068495799230021e-01
1.399747072717021090e-01
1.604481695536597030e-01
1.806909901607757774e-01
2.005037804018202363e-01
2.196411608006574312e-01
2.379003875814726110e-01
2.551510123707793620e-01
2.713363951101278593e-01
2.864625684520140103e-01
3.005828764846291690e-01
3.137828790429553205e-01
3.261676140494615961e-01
3.378518731586346302e-01
3.489533664481607733e-01
3.595883036932726595e-01
3.698688281430806968e-01
3.799017805150819438e-01
3.897883690201839335e-01
3.996244335320053298e-01
4.095010997856313728e-01
4.195057179899955857e-01
4.297230723209813363e-01
4.402369399265640415e-01
4.511321779904202134e-01
4.624976318684642096e-01
4.744302894196012477e-01
4.870412503208770838e-01
5.004642081125123543e-01
5.148671887631788291e-01
5.304681023688057051e-01
5.475539447692586714e-01
5.665016945582317387e-01
5.877952532464880697e-01
6.120262305979163875e-01
6.398569060542437237e-01
6.719147033040210326e-01
7.085902284629445047e-01
7.497459273829825133e-01
7.944245962720912768e-01
8.407429220941410319e-01
8.861542965894080304e-01
9.280708874764865834e-01
9.645556579307861256e-01
9.947169239136737229e-01
1.018663986794876353e+00
1.037170460382290216e+00
1.051287418098138193e+00
1.062060506752700917e+00
1.070383342055282849e+00
1.076952948800541154e+00
1.082281059701405423e+00
1.086727393556173649e+00
1.090536289591093944e+00
1.093868747269079567e+00
1.096827683890197358e+00
1.099476743154353509e+00
1.101853796488105441e+00
1.103980327427517727e+00
1.105867665561238056e+00
1.107520751310441476e+00
1.108939833152993160e+00
1.110120222385291955e+00
1.111049923187238386e+00
1.111704578677545685e+00
1.112038736748586443e+00
1.111972173452277390e+00
1.111370879672993306e+00
1.110027237011946832e+00
1.107659322345731612e+00
1.103980918691729318e+00
1.098914655669243512e+00
1.092911444853490011e+00
1.087029212116402688e+00
1.082416430309977917e+00
1.079636717838192927e+00
1.078604404657176108e+00
1.079031568594136736e+00
1.080844887845326729e+00
1.084397173659782609e+00
1.090442717419545682e+00
1.099327446691495069e+00
1.108731194486037186e+00
1.114034829597216669e+00
1.114902970106999014e+00
