#Akaike Information Criterion from bootstrap run
4.720556478912718603e+02
6.206479739725715490e+02
6.210681031289726661e+02
3.616494963233252520e+02
7.252437430992662257e+02
6.083067379235897079e+02
3.692994153242630091e+02
4.850772568069468775e+02
4.438452886363425023e+02
4.676323881519109591e+02
3.992732305662551653e+02
4.048448984282909464e+02
4.369982489391999252e+02
3.860555024336305223e+02
4.233029256257324846e+02
3.866361477437312146e+02
6.329789654733043562e+02
5.344684456190681203e+02
5.025775498878509779e+02
4.916851782348360871e+02
4.029361812817093096e+02
3.969341475985944498e+02
5.123310636899196879e+02
4.474800248546093258e+02
3.870192790368042779e+02
6.856805314060962928e+02
4.960734656963518887e+02
4.179157101881678500e+02
6.890769372430206658e+02
4.344586897941526900e+02
3.932617186131595872e+02
4.999651519631935912e+02
4.526309799558426903e+02
4.386458945806695624e+02
4.246937699417741783e+02
3.649148860599196951e+02
4.813589459238102108e+02
4.000188034622208875e+02
5.117332651149937419e+02
5.009427435888588320e+02
4.549459314862468773e+02
5.444533277874179475e+02
5.829542997888930813e+02
5.688762687880093836e+02
4.624159980434360477e+02
5.634317512548907416e+02
4.742290655088742710e+02
5.903925283013927583e+02
