#Variance for the Conditional distribution of radius given mass from initial fitting w/o bootstrap
nan
2.683655536139810671e-01
2.683655536139811226e-01
2.683655536139811226e-01
2.683655536139811781e-01
2.683655536139811226e-01
2.683655536139810671e-01
2.683655536139811226e-01
2.683655536139811781e-01
2.683655536139811781e-01
2.683655536139812336e-01
2.683655536139811781e-01
2.683655536139811781e-01
2.683655536139811781e-01
2.683655536139812336e-01
2.683655536139812336e-01
2.683655536139812336e-01
2.683655536139812892e-01
2.683655536139812336e-01
2.683655536139812892e-01
2.683655536139812892e-01
2.683655536139812892e-01
2.683655536139812892e-01
2.683655536139812892e-01
2.683655536139812892e-01
2.683655536139812892e-01
2.683655536139812892e-01
2.683655536139812892e-01
2.683655536139812892e-01
2.683655536139813447e-01
2.683655536139812892e-01
2.683655536139813447e-01
2.683655536139813447e-01
2.683655536139813447e-01
2.683655536139813447e-01
2.683655536139813447e-01
2.683655536139813447e-01
2.683655536139812892e-01
2.683655536139813447e-01
2.683655536139812892e-01
2.683655536139813447e-01
2.683655536139813447e-01
2.683655536139813447e-01
2.683655536139812892e-01
2.683655536139813447e-01
2.683655536139813447e-01
2.683655536139814002e-01
2.683655536139813447e-01
2.683655536139813447e-01
2.683655536139813447e-01
2.683655536139813447e-01
2.683655536139813447e-01
2.683655536139813447e-01
2.683655536139814002e-01
2.683655536139814002e-01
2.683655536139814002e-01
2.683655536139812892e-01
2.683655536139814002e-01
2.683655536139813447e-01
2.683655536139814002e-01
2.683655536139813447e-01
2.683655536139813447e-01
2.683655536139813447e-01
2.683655536139812892e-01
2.683655536139812892e-01
2.683655536139812892e-01
2.683655536139813447e-01
2.683655536139813447e-01
2.683655536139812892e-01
2.683655536139813447e-01
2.683655536139812892e-01
2.683655536139812892e-01
2.683655536139812892e-01
2.683655536139812892e-01
2.683655536139812892e-01
2.683655536139812892e-01
2.683655536139812892e-01
2.683655536139812892e-01
2.683655536139812892e-01
2.683655536139811781e-01
2.683655536139812892e-01
2.683655536139812336e-01
2.683655536139812336e-01
2.683655536139812336e-01
2.683655536139811781e-01
2.683655536139811781e-01
2.683655536139811781e-01
2.683655536139811781e-01
2.683655536139811781e-01
2.683655536139811781e-01
2.683655536139811226e-01
2.683655536139812336e-01
2.683655536139811781e-01
2.683655536139811226e-01
2.683655536139811226e-01
2.683655536139811226e-01
2.683655536139811226e-01
2.683655536139810671e-01
2.683655536139810671e-01
nan
