-1.983926104462348516e-01
-1.055387196451896131e-01
-4.227354454421128338e-03
9.247086059907551336e-02
1.778321209953903914e-01
2.498915460578801373e-01
3.092897060485664817e-01
3.577262377456476572e-01
3.971176335486149012e-01
4.292256939643987468e-01
4.555360897598304537e-01
4.772503336467922574e-01
4.953205302846175884e-01
5.104945792834847396e-01
5.233587986727908925e-01
5.343737887524460106e-01
5.439030609168019614e-01
5.522352981514437875e-01
5.596014438099745636e-01
5.661877524674471251e-01
5.721457508380469736e-01
5.775998572557925481e-01
5.826532337009847629e-01
5.873923039466963925e-01
5.918902630100362217e-01
5.962098212218984727e-01
6.004053650811087550e-01
6.045246716225212147e-01
6.086102793117081911e-01
6.127005934309225355e-01
6.168307852624562715e-01
6.210335304233879361e-01
6.253396212247958053e-01
6.297784800141909001e-01
6.343785944492863482e-01
6.391678910574611905e-01
6.441740598994983857e-01
6.494248404126312657e-01
6.549482763585107170e-01
6.607729460978382097e-01
6.669281730425655752e-01
6.734442200126677935e-01
6.803524702808296798e-01
6.876855972724126298e-01
6.954777241575094138e-01
7.037645738920825789e-01
7.125836096068003389e-01
7.219741645798454233e-01
7.319775603411601272e-01
7.426372107198633277e-01
7.539987088453222741e-01
7.661098932286211083e-01
7.790208880700355554e-01
7.927841118473322179e-01
8.074542470307800590e-01
8.230881624406315433e-01
8.397447783161013923e-01
8.574848626167541621e-01
8.763707454573239630e-01
8.964659369341079209e-01
9.178346320084828092e-01
9.405410846752761955e-01
9.646488325030906363e-01
9.902197519776506640e-01
1.017312925146717673e+00
1.045983299150427648e+00
1.076280122674662998e+00
1.108245147587949120e+00
1.141910590450159413e+00
1.177296857656458418e+00
1.214410050106783157e+00
1.253239278770521103e+00
1.293753841458586518e+00
1.335900333333238210e+00
1.379599788572165808e+00
1.424744977005784508e+00
1.471198005665576902e+00
1.518788398515293681e+00
1.567311845017171912e+00
1.616529815938529513e+00
1.666170239075217774e+00
1.715929404818308912e+00
1.765475229145945235e+00
1.814451938808200548e+00
1.862486161705666499e+00
1.909194309139032208e+00
1.954191033108704012e+00
1.997098441108080547e+00
2.037555664351085927e+00
2.075228314557997944e+00
2.109817338885326965e+00
2.141066798260902626e+00
2.168770152215377056e+00
2.192774728700600306e+00
2.212984180701691006e+00
2.229358869372845220e+00
2.241914251066539077e+00
2.250717468819387168e+00
2.255882446226559868e+00
2.257563845994644769e+00
