#Variance for the Conditional distribution of mass given radius from initial fitting w/o bootstrap
nan
1.879764637716767883e-01
1.886196302416309201e-01
1.899116894638638031e-01
1.920276590788744520e-01
1.951181425222550669e-01
1.992873365239272998e-01
2.045717254717122069e-01
2.109250572433988835e-01
2.182149774208328730e-01
2.262341580939180030e-01
2.347245188307205965e-01
2.434090133907477194e-01
2.520234156066892828e-01
2.603414113383282769e-01
2.681893186719490618e-01
2.754502422035565723e-01
2.820599820287063575e-01
2.879980212896016134e-01
2.932766744133060155e-01
2.979305981466874309e-01
3.020078865755397857e-01
3.055631903636188973e-01
3.086528054997824677e-01
3.113314306429523781e-01
3.136502156172883415e-01
3.156557421154110310e-01
3.173896377801944668e-01
3.188885947034696411e-01
3.201846271536977762e-01
3.213054550753214889e-01
3.222749389024948674e-01
3.231135191347955238e-01
3.238386332677327673e-01
3.244650953133998428e-01
3.250054311654452244e-01
3.254701678994554870e-01
3.258680778044380499e-01
3.262063792485140334e-01
3.264908968911444109e-01
3.267261835939676007e-01
3.269156058624807515e-01
3.270613939001604797e-01
3.271646564504734345e-01
3.272253595822373629e-01
3.272422674633365114e-01
3.272128419851105807e-01
3.271330968714460385e-01
3.269974006842816805e-01
3.267982220202751420e-01
3.265258093622285251e-01
3.261677978136360290e-01
3.257087358153262224e-01
3.251295277266494366e-01
3.244067940811821704e-01
3.235121622033617084e-01
3.224115182164921656e-01
3.210642805667525690e-01
3.194227988662632911e-01
3.174320437128805295e-01
3.150298346321416254e-01
3.121479500451714850e-01
3.087145589275876456e-01
3.046584721813665464e-01
2.999156684967938524e-01
2.944383131177807367e-01
2.882059619089307745e-01
2.812377857084167321e-01
2.736035725345023484e-01
2.654303265589604832e-01
2.569010745318285327e-01
2.482435951978385069e-01
2.397093228525002395e-01
2.315459120981991636e-01
2.239694444818139951e-01
2.171426564024707406e-01
2.111635618419724636e-01
2.060654391193344759e-01
2.018259790032574941e-01
1.983816620400037922e-01
1.956433778872605778e-01
1.935103659328368531e-01
1.918809660843303344e-01
1.906598550339035358e-01
1.897621809854279917e-01
1.891153255506336506e-01
1.886590503898584459e-01
1.883446681581883719e-01
1.881337126410910499e-01
1.879964272390789448e-01
1.879102668941693421e-01
1.878585198161322745e-01
1.878290969824970291e-01
1.878135018430349690e-01
1.878059728664417116e-01
1.878027819090568873e-01
1.878016678389053118e-01
1.878013847239290157e-01
1.878013454935818782e-01
nan
