#Variance for the Conditional distribution of radius given mass from initial fitting w/o bootstrap
nan
2.751598323703052101e-02
2.751605238489465699e-02
2.751640106323660281e-02
2.751749014131103441e-02
2.752014107678385155e-02
2.752567810252740804e-02
2.753610272654899785e-02
2.755430369495573059e-02
2.758430281571430318e-02
2.763153147985951408e-02
2.770312282078937066e-02
2.780818842574019761e-02
2.795802481275478854e-02
2.816616346056907694e-02
2.844814277548372156e-02
2.882085190207031924e-02
2.930129601259682387e-02
2.990469189013402612e-02
3.064195238421128786e-02
3.151686466118611835e-02
3.252355595867678639e-02
3.364503886399344834e-02
3.485356411215516370e-02
3.611308630334139624e-02
3.738347045105688132e-02
3.862544232512155756e-02
3.980504529854895363e-02
4.089662934181147874e-02
4.188398793175397011e-02
4.275985339693006565e-02
4.352431665878478406e-02
4.418279969500234911e-02
4.474407101832302697e-02
4.521858759738565242e-02
4.561726497783560874e-02
4.595065868480199822e-02
4.622848238191092779e-02
4.645937326432118125e-02
4.665082330378302056e-02
4.680921212678865878e-02
4.693989539509766523e-02
4.704731792607787927e-02
4.713513242038199630e-02
4.720631280705130800e-02
4.726325657803676084e-02
4.730787382081607512e-02
4.734166260862264497e-02
4.736577145585399440e-02
4.738105003186667691e-02
4.738808947779281355e-02
4.738725363530990609e-02
4.737870236495757281e-02
4.736240795962549932e-02
4.733816547813130687e-02
4.730559765227836111e-02
4.726415486839605912e-02
4.721311059718716341e-02
4.715155254865684847e-02
4.707836976779098542e-02
4.699223586986749079e-02
4.689158865436732215e-02
4.677460645175468557e-02
4.663918177385231734e-02
4.648289319145364890e-02
4.630297689833482583e-02
4.609630019635990728e-02
4.585934021854282810e-02
4.558817266472859481e-02
4.527847721385512558e-02
4.492556861071342333e-02
4.452446512346672908e-02
4.407000887827210167e-02
4.355705496393523501e-02
4.298074721306268525e-02
4.233689672708902674e-02
4.162247249731267779e-02
4.083619955308246535e-02
3.997923699828609401e-02
3.905587583904548271e-02
3.807415800344433193e-02
3.704628217431685938e-02
3.598864361025962827e-02
3.492137161043648574e-02
3.386729294271714763e-02
3.285036110156629163e-02
3.189372619811566695e-02
3.101773537047594273e-02
3.023820201002038952e-02
2.956523722092920317e-02
2.900280925945307800e-02
2.854903103212198118e-02
2.819702909678495351e-02
2.793616220344605217e-02
2.775334513428680261e-02
2.763427856908657124e-02
2.756445860806059842e-02
2.752991290574754654e-02
2.751766699188267981e-02
nan
