#Lower limit for the Conditional distribution of Radius given Mass from initial fitting w/o bootstrap
9.964104086170753649e-09
-1.824018294078967317e-01
-1.844601639592003128e-01
-1.852701419569496022e-01
-1.853274641063358541e-01
-1.853218265479175397e-01
-1.853047013716608016e-01
-1.852818483063501942e-01
-1.852540166778254005e-01
-1.852210615450689546e-01
-1.851825491061429296e-01
-1.851378413959023361e-01
-1.850860640973993887e-01
-1.850260261009831764e-01
-1.849560999354596946e-01
-1.848740575816216758e-01
-1.847768502757712872e-01
-1.846603165998925988e-01
-1.845187987262660034e-01
-1.843446416450451875e-01
-1.841275444154163443e-01
-1.838537259713573513e-01
-1.835048609128377139e-01
-1.830567331342205506e-01
-1.824775467948688834e-01
-1.817258233707692294e-01
-1.807477952669202803e-01
-1.794741684191275555e-01
-1.778160429415998056e-01
-1.756596072899373473e-01
-1.728588662802630627e-01
-1.692251154267892521e-01
-1.645108000399863324e-01
-1.583845250933785809e-01
-1.503944986873785306e-01
-1.399304044685190374e-01
-1.262630303953661270e-01
-1.089822525322239888e-01
-8.925355972626242140e-02
-7.022030735806691903e-02
-5.431252604054882110e-02
-4.184278192109306543e-02
-3.217401791717099113e-02
-2.459231896459971103e-02
-1.852589383221943387e-02
-1.354745350600599328e-02
-9.338924108450221209e-03
-5.659301737702395960e-03
-2.320938066922516828e-03
8.272702821932053936e-04
3.911894259714355886e-03
7.043735694517994084e-03
1.032450721340299506e-02
1.385211718462526186e-02
1.772512695367881030e-02
2.204677378836172527e-02
2.692895836635648271e-02
3.249648284923556396e-02
3.889197628434801213e-02
4.628182596554365064e-02
5.486336737100747096e-02
6.487283980001172512e-02
7.659154272428261856e-02
9.034137919673029815e-02
1.064454773133862164e-01
1.251002362688361236e-01
1.460932535459302517e-01
1.684593149212149643e-01
1.905610076150570098e-01
2.108820232826868757e-01
2.287184671563001481e-01
2.441145499920555906e-01
2.574759125746176047e-01
2.693036056464969685e-01
2.800895411253349621e-01
2.902972744050637544e-01
3.003780067938610077e-01
3.108031781060782150e-01
3.221117660378884917e-01
3.349788736467550487e-01
3.503163958692845914e-01
3.694118455543690116e-01
3.940755974528132310e-01
4.266583597588748389e-01
4.697061208190841941e-01
5.257352559897016109e-01
6.000885750653870421e-01
7.129795407344980962e-01
8.415800697205362280e-01
8.908276890917620205e-01
9.106926177764596009e-01
9.197324030747346946e-01
9.238757783016140479e-01
9.256817016828976508e-01
9.263965948949546281e-01
9.266400652188728770e-01
9.267057429900512622e-01
9.267177914870494693e-01
9.267188576461514726e-01
9.964104086170753649e-09
