#Upper limit for the Conditional distribution of Radius given Mass from initial fitting w/o bootstrap
9.964104086170753649e-09
-4.609349983025338993e-02
-5.407624943175615151e-02
-5.755216366747358675e-02
-5.780591357633646510e-02
-5.778111090771135411e-02
-5.770528912326641779e-02
-5.760374373143190702e-02
-5.747927567684865680e-02
-5.733026852939001466e-02
-5.715311310039041665e-02
-5.694220964703113758e-02
-5.668929973459501531e-02
-5.638237842884589318e-02
-5.600415277147629406e-02
-5.552991598944641283e-02
-5.492463012721034848e-02
-5.413890700117053589e-02
-5.310341560663957294e-02
-5.172096989566905140e-02
-4.985512546284064789e-02
-4.731326896683148153e-02
-4.382101279073482430e-02
-3.898277022251463858e-02
-3.222202615715507451e-02
-2.270080136988261027e-02
-9.263763937699721202e-03
9.360020944920726879e-03
3.353926957657963476e-02
6.121319062080425588e-02
8.871621945340670001e-02
1.135372639283638158e-01
1.349196811153286768e-01
1.529914253734387664e-01
1.681570352410899083e-01
1.808710326410409575e-01
1.915708506290409729e-01
2.006592636077167147e-01
2.085008816447750657e-01
2.154233731800106744e-01
2.217213829869510988e-01
2.276626157922085336e-01
2.334957115860661903e-01
2.394595617361750806e-01
2.457936810622125823e-01
2.527493897367876219e-01
2.606009958502477630e-01
2.696549473527004026e-01
2.802514903664121149e-01
2.927462795688107189e-01
3.074488121014247177e-01
3.244920547545497302e-01
3.436515063025876726e-01
3.642462270494706833e-01
3.852965740622242841e-01
4.058777873038442174e-01
4.253758125689989789e-01
4.435101119105204215e-01
4.602307654160632255e-01
4.756125947232503481e-01
4.897872665031267059e-01
5.029083941633928356e-01
5.151362167060089536e-01
5.266320416503527113e-01
5.375568968637713940e-01
5.480715777990253779e-01
5.583366049590920976e-01
5.685113117507007985e-01
5.787515595159515858e-01
5.892057397144631059e-01
6.000092583983965833e-01
6.112785850678177368e-01
6.231076237267765272e-01
6.355717163591562135e-01
6.487470725645629877e-01
6.627556238645645470e-01
6.778484243945531729e-01
6.945522559523342743e-01
7.139452921701850974e-01
7.382729735939396187e-01
7.727298234645479935e-01
8.327531910914842683e-01
9.494252300874447270e-01
1.031998149872389581e+00
1.075596545298086681e+00
1.102272527366141119e+00
1.119212955366841511e+00
1.129824075212289669e+00
1.136239500178060302e+00
1.139949811853632200e+00
1.141992261962965216e+00
1.143055758212047746e+00
1.143573986429451184e+00
1.143806175649532575e+00
1.143899174707952104e+00
1.143930990616294663e+00
1.143939585979060869e+00
1.143941163324325272e+00
1.143941302804842186e+00
9.964104086170753649e-09
