#Conditional distribution of Mass given Radius from initial fitting w/o bootstrap
9.110903009043410299e-09
-7.234943473205439624e-01
-7.168186585198083050e-01
-7.074877056180158830e-01
-6.913097985005222101e-01
-6.611828778426311892e-01
-6.060346545969370613e-01
-5.093502416862900617e-01
-3.530755808574495003e-01
-1.635630845990980742e-01
-1.895780643295346193e-02
7.088676172189152525e-02
1.267593213661054596e-01
1.629458375317919261e-01
1.874578742053199798e-01
2.048652256702946095e-01
2.178935327861963867e-01
2.282567633702160537e-01
2.371053115374346931e-01
2.452789674667652797e-01
2.534573731310827416e-01
2.622548936892776239e-01
2.722840088118084201e-01
2.841992444098759840e-01
2.987260890344967112e-01
3.166732079496774599e-01
3.389192356774361481e-01
3.663554906859795013e-01
3.997525840812017894e-01
4.395098430359411501e-01
4.852748673953601877e-01
5.355526192150416032e-01
5.876508215273356095e-01
6.383052118939921415e-01
6.847421508349204045e-01
7.254005050607440497e-01
7.599310162151897696e-01
7.887794805929222441e-01
8.127614248829134747e-01
8.327871124985666285e-01
8.497242113607721414e-01
8.643447678996507566e-01
8.773148829897405854e-01
8.892030024453498882e-01
9.004945564166707550e-01
9.116071282406018605e-01
9.229035300604452319e-01
9.347016529589281530e-01
9.472806196170997506e-01
9.608830737800191368e-01
9.757136775096654224e-01
9.919342667360731003e-01
1.009656823997451269e+00
1.028936612288789521e+00
1.049769508807355534e+00
1.072099249141904798e+00
1.095841593658135604e+00
1.120931676975102542e+00
1.147398266749434237e+00
1.175465247098571142e+00
1.205679827928389347e+00
1.239072934896599198e+00
1.277375271611423502e+00
1.323356663748602724e+00
1.381480075299012400e+00
1.459482047527527415e+00
1.573137918023643556e+00
1.757971826174709262e+00
1.964274031949226451e+00
2.065698527755734037e+00
2.117420808303786650e+00
2.147546499797052810e+00
2.166226496759640519e+00
2.178155351710285181e+00
2.185874040467754131e+00
2.190889497456440793e+00
2.194144000556110363e+00
2.196244854063877927e+00
2.197589961793375846e+00
2.198442027352359496e+00
2.198974780328373235e+00
2.199302800612231490e+00
2.199501194204436683e+00
2.199618746364174537e+00
2.199686772258764300e+00
2.199725081443534069e+00
2.199745987112370127e+00
2.199756984925246517e+00
2.199762526521078065e+00
2.199765179239543400e+00
2.199766372606718701e+00
2.199766869455261453e+00
2.199767056055971892e+00
2.199767115360768077e+00
2.199767126342723422e+00
2.199767117527229310e+00
2.199767091177099676e+00
2.199767015811604054e+00
2.199766563194871516e+00
9.110903009043410299e-09
