-8.351771062771687903e-01
-8.137979656900161674e-01
-7.839901918221166000e-01
-7.467664594686156398e-01
-7.041335818187034468e-01
-6.589052629271447969e-01
-6.140530503019494546e-01
-5.719660162106472434e-01
-5.340693572317872784e-01
-5.008865757907657867e-01
-4.723252956267122160e-01
-4.479672930899304406e-01
-4.272718053304353503e-01
-4.096906742829248271e-01
-3.947226012259288375e-01
-3.819324636914925297e-01
-3.709530280493965604e-01
-3.614789507327977880e-01
-3.532581826355311594e-01
-3.460831957446520168e-01
-3.397830434829844370e-01
-3.342165754887994611e-01
-3.292668123251915047e-01
-3.248363583472625993e-01
-3.208436934264538576e-01
-3.172201867016150589e-01
-3.139076936209672652e-01
-3.108566198111096801e-01
-3.080243567516733338e-01
-3.053740129598554454e-01
-3.028733799584636399e-01
-3.004940848965922395e-01
-2.982108917204955301e-01
-2.960011207023576230e-01
-2.938441623404990932e-01
-2.917210664988672542e-01
-2.896141914446877519e-01
-2.875069004007955731e-01
-2.853832955338571620e-01
-2.832279810918626461e-01
-2.810258487922977499e-01
-2.787618796296201795e-01
-2.764209570806533955e-01
-2.739876872875177671e-01
-2.714462222258310908e-01
-2.687800821476517554e-01
-2.659719737427689301e-01
-2.630036005008260513e-01
-2.598554616873601231e-01
-2.565066361712264875e-01
-2.529345470575245503e-01
-2.491147026769854056e-01
-2.450204089694794085e-01
-2.406224476111738786e-01
-2.358887134284546883e-01
-2.307838036080801791e-01
-2.252685499802310198e-01
-2.192994841521616334e-01
-2.128282234682205842e-01
-2.058007636157281051e-01
-1.981566611337311767e-01
-1.898280860535162262e-01
-1.807387213949518678e-01
-1.708024822074565852e-01
-1.599220224102513577e-01
-1.479869930037762682e-01
-1.348720107847516392e-01
-1.204342934048641262e-01
-1.045109161910144635e-01
-8.691565171547752100e-02
-6.743537020227316492e-02
-4.582601712310568898e-02
-2.180826029813575512e-02
4.936959716013029562e-03
3.477248954017975180e-02
6.810771095824556809e-02
1.053983292894480894e-01
1.471404019885870496e-01
1.938541026926190736e-01
2.460504989411361754e-01
3.041724802261585037e-01
3.685007740159916834e-01
4.390217174435928071e-01
5.152706775411678430e-01
5.961955566664034478e-01
6.801150794679028389e-01
7.648418162248152852e-01
8.479721246681529712e-01
9.272463337992012944e-01
1.000838629103621980e+00
1.067489209326967226e+00
1.126485173793841499e+00
1.177553395962241733e+00
1.220729908528662255e+00
1.256244461269329982e+00
1.284433906877580966e+00
1.305683730056998781e+00
1.320391704272731781e+00
1.328947136093159731e+00
1.331720412999288561e+00
