4.166726181969986065e-02
1.138286741511459199e-01
1.815914138191412897e-01
2.451151697259991435e-01
3.045567551218401614e-01
3.600701076045915161e-01
4.118062891199887332e-01
4.599134859615738313e-01
5.045370087706966267e-01
5.458192925365143999e-01
5.838998965959906196e-01
6.189155046338979949e-01
6.509999246828144237e-01
6.802840891231264342e-01
7.068960546830275193e-01
7.309610024385192473e-01
7.526012378134088188e-01
7.719361905793117318e-01
7.890824148556513373e-01
8.041535891096569522e-01
8.172605161563666343e-01
8.285111231586247404e-01
8.380104616270831475e-01
8.458607074202019183e-01
8.521611607442469705e-01
8.570082461532924079e-01
8.604955125492186330e-01
8.627136331817162329e-01
8.637504056482792070e-01
8.636907518942114059e-01
8.626167182126234234e-01
8.606074752444331510e-01
8.577393179783647792e-01
8.540856657509515726e-01
8.497170622465330947e-01
8.447011754972565400e-01
8.391027978830760681e-01
8.329838461317534692e-01
8.264033613188569438e-01
8.194175088677638774e-01
8.120795785496570662e-01
8.044399844835277147e-01
7.965462651361743251e-01
7.884430833222019208e-01
7.801722262040233780e-01
7.717726052918586488e-01
7.632802564437357606e-01
7.547283398654889286e-01
7.461471401107605539e-01
7.375640660810000027e-01
7.290036510254637170e-01
7.204875525412158810e-01
7.120345525731277547e-01
7.036605574138778962e-01
6.953785977039521615e-01
6.871988284316438156e-01
6.791285289330536434e-01
6.711721028920891730e-01
6.633310783404654520e-01
6.556041076577053817e-01
6.479869675711387167e-01
6.404725591559023989e-01
6.330509078349405572e-01
6.257091633790052843e-01
6.184315999066553049e-01
6.111996158842574189e-01
6.039917341259846140e-01
5.967836017938185078e-01
5.895479903975469060e-01
5.822547957947655783e-01
5.748710381908771483e-01
5.673608621390922035e-01
5.596855365404279636e-01
5.518034546437090571e-01
5.436701340455682985e-01
5.352382166904443572e-01
5.264574688705844219e-01
5.172747812260422018e-01
5.076341687446795925e-01
4.974767707621649548e-01
4.867408509619740031e-01
4.753617973753904713e-01
4.632721223815046141e-01
4.504014627072145394e-01
4.366765794272254309e-01
4.220213579640497148e-01
4.063568080880074485e-01
3.896010639172257650e-01
3.716693839176389291e-01
3.524741509029883924e-01
3.319248720348240700e-01
3.099281788225018430e-01
2.863878271231855011e-01
2.612046971418458541e-01
2.342767934312617040e-01
2.054992448920183179e-01
1.747643047725080945e-01
1.419613506689325066e-01
1.069768845252985073e-01
6.969453263342056948e-02
