#Lower limit for the Conditional distribution of mass given radius from initial fitting w/o bootstrap
-1.530740787739510278e+00
-1.530740896206496782e+00
-1.530740083828168174e+00
-1.530701132045973800e+00
-1.530156233226827256e+00
-1.525991039854370568e+00
-1.504840489261552561e+00
-1.425788043313609865e+00
-8.003466705966166828e-01
-1.851627134891298543e-01
-1.315684924284870883e-01
-1.143025830311453911e-01
-1.061373063926120131e-01
-9.958861984389334732e-02
-9.155075419428833350e-02
-8.002351595124655714e-02
-6.331606406641282492e-02
-4.009656659834790610e-02
-9.898944812955232445e-03
2.621029903437225098e-02
6.537047354684591416e-02
1.036887196567243263e-01
1.378138730617569085e-01
1.660864897428697695e-01
1.885070203033399894e-01
2.060244648886348229e-01
2.198842727055799473e-01
2.312840027612112215e-01
2.412625438727543647e-01
2.507005813075257050e-01
2.603524760307623365e-01
2.708683428779753433e-01
2.827860494695131344e-01
2.964852188751070927e-01
3.121095266173130045e-01
3.294847536454793557e-01
3.480818293254476226e-01
3.670757023506290295e-01
3.855114548564921861e-01
4.025222581307099645e-01
4.175045413078400380e-01
4.301849662488455017e-01
4.405826808883944179e-01
4.489171838264889303e-01
4.555135024395207677e-01
4.607330818873802691e-01
4.649366505842489894e-01
4.684744026438553144e-01
4.716965689542881313e-01
4.749794173740771730e-01
4.787640556181359530e-01
4.836058443599017820e-01
4.902280280908520305e-01
4.995600703701325029e-01
5.127140526392613973e-01
5.308140643793199942e-01
5.545784796013981666e-01
5.836626123963863932e-01
6.161020120807582101e-01
6.485410254703931621e-01
6.775462390745460306e-01
7.011117548322336468e-01
7.191474202863666898e-01
7.329304808117637071e-01
7.443330217917925040e-01
7.553494107086177189e-01
7.679625559863634265e-01
7.842160254819415810e-01
8.063852443760534117e-01
8.372083852944928184e-01
8.802049240922853457e-01
9.402003296846019875e-01
1.024322067124157076e+00
1.143672159020760137e+00
1.311558409488979171e+00
1.510224844986772563e+00
1.673440721047533275e+00
1.788111140526924769e+00
1.872175818492952448e+00
1.937932496153793371e+00
1.991873754819785347e+00
2.037372427038723899e+00
2.076151485606411828e+00
2.109055986915302494e+00
2.136449536709780883e+00
2.158355621271693003e+00
2.174388195280230640e+00
2.183472287891609298e+00
2.183334350098339982e+00
2.169901821696286426e+00
2.137674924002578081e+00
2.084276263043739696e+00
2.019548975351502573e+00
1.963548913256874195e+00
1.928441491520786366e+00
1.911950178804805001e+00
1.906120810568791457e+00
1.904682486808121800e+00
1.904492853485982184e+00
1.949977638434818195e+00
