#Lower limit for the Conditional distribution of radius given mass from initial fitting w/o bootstrap
-2.531706019920866857e-01
-3.044005658669640124e-01
-3.044020184691901276e-01
-3.044022127174184078e-01
-3.044022673019974867e-01
-3.044022833513889692e-01
-3.044022815919474878e-01
-3.044022669273440118e-01
-3.044022378600549361e-01
-3.044021819527806261e-01
-3.044020394464793666e-01
-3.044015320907559885e-01
-3.043994562744817833e-01
-3.043910312354334846e-01
-3.043586927744525439e-01
-3.042419820125160101e-01
-3.038424444877991237e-01
-3.025182049062290490e-01
-2.980407510150327455e-01
-2.789299737172830085e-01
-1.183447373320483942e-01
-8.629316245417027742e-02
-7.404312838734061764e-02
-6.634177840987204311e-02
-5.954695517908653590e-02
-5.237583454998047394e-02
-4.425204044374861367e-02
-3.482052784443141064e-02
-2.378614833913075127e-02
-1.087615004881713372e-02
4.105728205585469116e-03
2.110649140002463647e-02
3.956805136631141862e-02
5.838305957970325172e-02
7.636708143184404995e-02
9.282882151756403910e-02
1.076471260392896645e-01
1.210203078297086426e-01
1.332474884486871125e-01
1.446257873008495176e-01
1.554180626359511208e-01
1.658493879032178486e-01
1.761123018059826129e-01
1.863731567300893899e-01
1.967768508705022013e-01
2.074489198651374711e-01
2.184945136849421599e-01
2.299942551196354212e-01
2.419980929887780574e-01
2.545204632089324015e-01
2.675429170423760383e-01
2.810315455148132968e-01
2.949730748313332818e-01
3.094261482559029774e-01
3.245801245355345310e-01
3.408193891300543288e-01
3.588064084093205985e-01
3.796204028606496861e-01
4.050438671343886687e-01
4.382875960516556257e-01
4.863533396701141820e-01
5.693887180582436480e-01
6.894711182366430879e-01
7.734501081966367320e-01
8.348396385139303932e-01
8.779155691965313535e-01
9.066644874009288646e-01
9.266004819098140333e-01
9.414506222290882631e-01
9.533417530654990646e-01
9.634513216523398205e-01
9.724072304929748389e-01
9.805129421143684576e-01
9.878855491736143746e-01
9.945484896572555078e-01
1.000494021684289248e+00
1.005720485176724521e+00
1.010248365516295710e+00
1.014121154708560013e+00
1.017397285703976806e+00
1.020137703978227339e+00
1.022390638634976812e+00
1.024171993965995897e+00
1.025437164030420734e+00
1.026040899191719147e+00
1.025697589125277531e+00
1.024014327435047944e+00
1.020765072822894304e+00
1.016421525527724024e+00
1.012230265757068537e+00
1.009273619785478138e+00
1.007755414967748342e+00
1.007369569594564807e+00
1.007921402721825510e+00
1.009742922614168537e+00
1.014178855881416874e+00
1.023477731085691733e+00
1.034939272910960106e+00
1.039731575039222200e+00
1.040089969588225971e+00
