#Bayesian Information Criterion from bootstrap run
1.102656288096511844e+03
1.154677310655901920e+03
1.120531071043589236e+03
1.213876178133592248e+03
1.147856249290878395e+03
1.093523807723997606e+03
1.128462364547595143e+03
1.131982171269788296e+03
1.124881723590899583e+03
1.153035568328926274e+03
1.139327500461386080e+03
1.092291070440457588e+03
1.103949533589059001e+03
1.128189587957826234e+03
1.116345693127108689e+03
1.140592642323748350e+03
1.173475010495142669e+03
1.146730122013636674e+03
1.097489147927068871e+03
1.105471604033231870e+03
