#Variance for the Conditional distribution of mass given radius from initial fitting w/o bootstrap
2.757686045741580272e-01
3.297534112433517239e-01
3.577640281241082354e-01
3.653354180199337442e-01
3.695537167435147818e-01
3.723552916917510780e-01
3.743707717167507054e-01
3.758958358171421987e-01
3.770924062177096192e-01
3.780575703241811358e-01
3.788533104228787307e-01
3.795211152986972536e-01
3.800898168720360792e-01
3.805800740554128314e-01
3.810070721643160629e-01
3.813822169573991006e-01
3.817142353151997125e-01
3.820099117860410454e-01
3.822745940427876854e-01
3.825125472892382805e-01
3.827272072707417760e-01
3.829213635175160446e-01
3.830972934235556404e-01
3.832568608311683334e-01
3.834015883179305306e-01
3.835327094233084155e-01
3.836512050428963483e-01
3.837578268145216409e-01
3.838531093059938115e-01
3.839373720494893560e-01
3.840107118597491653e-01
3.840729853586652975e-01
3.841237811617791431e-01
3.841623807284273995e-01
3.841877064098802586e-01
3.841982547268782411e-01
3.841920123516253671e-01
3.841663516458515004e-01
3.841179019081055190e-01
3.840423917112864016e-01
3.839344568819114678e-01
3.837874078268279643e-01
3.835929491317747742e-01
3.833408437823982440e-01
3.830185142304619039e-01
3.826105732268104687e-01
3.820982794550458750e-01
3.814589174002298022e-01
3.806651088311406306e-01
3.796840764875815122e-01
3.784769012766426299e-01
3.769978451237191996e-01
3.751938552115220982e-01
3.730044232910934565e-01
3.703620447707328678e-01
3.671935989830748537e-01
3.634230363508322847e-01
3.589757764077211033e-01
3.537851407261689562e-01
3.478009017252969293e-01
3.409995656939523445e-01
3.333953225591688718e-01
3.250497955609184531e-01
3.160780782803566669e-01
3.066484477644048634e-01
2.969739494518736644e-01
2.872958221313490212e-01
2.778610225007386858e-01
2.688980370196567549e-01
2.605958420662337072e-01
2.530899342790431938e-01
2.464572245832537534e-01
2.407192135630158158e-01
2.358511410022451071e-01
2.317941478877846018e-01
2.284677854641939398e-01
2.257810312608857506e-01
2.236408922575609803e-01
2.219584134996236968e-01
2.206523703405990355e-01
2.196511303734408060e-01
2.188932042662240229e-01
2.183269421144791722e-01
2.179097323716033263e-01
2.176069592074095227e-01
2.173908880717804193e-01
2.172395834121483849e-01
2.171359159092074442e-01
2.170666858258639420e-01
2.170218703527042881e-01
2.169939932644991409e-01
2.169776138115536990e-01
2.169689424800788913e-01
2.169656350281217450e-01
2.169669915757478917e-01
2.169756464834172727e-01
2.170075891407155511e-01
2.171813336388893068e-01
2.199730225217024493e-01
2.764890579593857201e-01
