#Variance for the Conditional distribution of radius given mass from initial fitting w/o bootstrap
6.639625051836259284e-02
7.164334999242574775e-02
7.164517909025309994e-02
7.165386449693139648e-02
7.167946909940069167e-02
7.173823624177101677e-02
7.185320258749999800e-02
7.205299858308933381e-02
7.236726898420924037e-02
7.281779577349344057e-02
7.340711032053673368e-02
7.411039398546707957e-02
7.487766092091466263e-02
7.564762426975711607e-02
7.636584842780735904e-02
7.699707876700860598e-02
7.752748219357637194e-02
7.795965186350366227e-02
7.830550657597290520e-02
7.858046171872451469e-02
7.879984844003468103e-02
7.897721656954267977e-02
7.912381812501771694e-02
7.924869206296644708e-02
7.935898908248154027e-02
7.946034748938422820e-02
7.955723647836460133e-02
7.965323862267073562e-02
7.975126897578845020e-02
7.985373815654948915e-02
7.996266936914887824e-02
8.007977882204225795e-02
8.020652753110892041e-02
8.034415093463784241e-02
8.049367145671997015e-02
8.065589821864199704e-02
8.083141749048118607e-02
8.102057712779872634e-02
8.122346806447690304e-02
8.143990584015060874e-02
8.166941503797237045e-02
8.191121931151632007e-02
8.216423932002586694e-02
8.242710032609186499e-02
8.269815043139380761e-02
8.297548946750085697e-02
8.325700749351871988e-02
8.354043078573808456e-02
8.382337225608557651e-02
8.410338251796947717e-02
8.437799741133431008e-02
8.464477773660135373e-02
8.490133720742283618e-02
8.514535514200687050e-02
8.537457106516546657e-02
8.558675907126921112e-02
8.577968040275553430e-02
8.595101317561072707e-02
8.609825854914744669e-02
8.621862300661899126e-02
8.630887702928716210e-02
8.636519172583413673e-02
8.638295756874643516e-02
8.635659423267935675e-02
8.627936890393722580e-02
8.614325386908147641e-02
8.593887410981787545e-02
8.565562233252166369e-02
8.528204947877904285e-02
8.480666384247990963e-02
8.421927119612068746e-02
8.351292869886949022e-02
8.268642804752980580e-02
8.174695009200014240e-02
8.071219395678509712e-02
7.961104010484239268e-02
7.848190430674112372e-02
7.736854857621097703e-02
7.631410213745756788e-02
7.535491015654074975e-02
7.451600296897466225e-02
7.380930557989683061e-02
7.323460278938603851e-02
7.278238201171179089e-02
7.243736893603897053e-02
7.218179035843674818e-02
7.199784492380718881e-02
7.186926727085223010e-02
7.178211571141031311e-02
7.172500398043700487e-02
7.168899074382061032e-02
7.166729208421245001e-02
7.165492734310202616e-02
7.164836341764707628e-02
7.164519082327978905e-02
7.164384494222267308e-02
7.164337466657140496e-02
7.164325506820512501e-02
7.164323848865027100e-02
7.288590095965119531e-02
