-2.246140024858918685e-02
-1.891547500460584105e-02
9.129915438483597254e-03
1.178681382288396390e-01
3.574272653260802679e-01
4.985820689164279229e-01
5.693178907347726803e-01
6.087701098772260178e-01
6.322816701533657824e-01
6.469973916267338643e-01
6.565983189956700050e-01
6.631026570709929180e-01
6.676702784520490708e-01
6.709953260547676379e-01
6.735089550540246384e-01
6.754886780949622693e-01
6.771195829792404641e-01
6.785297883927222662e-01
6.798116422608270204e-01
6.810347913716811030e-01
6.822544930591157852e-01
6.835170793659232080e-01
6.848636883121186347e-01
6.863329320266107203e-01
6.879629174149357596e-01
6.897928877320045338e-01
6.918646678307999176e-01
6.942240473239670306e-01
6.969222110411438242e-01
7.000173177077911868e-01
7.035763325005589541e-01
7.076772361572254422e-01
7.124117637352180843e-01
7.178888724034276914e-01
7.242392028775010981e-01
7.316208843702559639e-01
7.402271296253896127e-01
7.502961338625728782e-01
7.621236921923844054e-01
7.760782735873005267e-01
7.926158766582080961e-01
8.122847766329565067e-01
8.356912047290959711e-01
8.633560345433779482e-01
8.953475960811744239e-01
9.306912056063753047e-01
9.671025530538136517e-01
1.001849807973982376e+00
1.033103288405290865e+00
1.060306924500341141e+00
1.083688100218479500e+00
1.103749652685918292e+00
1.121014199872151007e+00
1.135937793799002948e+00
1.148895428110067396e+00
1.160189922417552699e+00
1.170065679242263901e+00
1.178721392209396868e+00
1.186320323429718382e+00
1.192998217890269830e+00
1.198869287361107538e+00
1.204030712325452113e+00
1.208566033925976502e+00
1.212547721986196203e+00
1.216039132748346629e+00
1.219096014262063488e+00
1.221767675936485498e+00
1.224097908283664937e+00
1.226125716435844559e+00
1.227885914418185287e+00
1.229409614822492225e+00
1.230724639337378523e+00
1.231855868749154093e+00
1.232825545957428215e+00
1.233653541820540323e+00
1.234357590932393611e+00
1.234953502482418752e+00
1.235455349968766825e+00
1.235875642569875588e+00
1.236225480314771641e+00
1.236514694739644371e+00
1.236751976411795351e+00
1.236944990494224017e+00
1.237100481381036010e+00
1.237224367332089736e+00
1.237321825959251553e+00
1.237397371356418141e+00
1.237454923615149971e+00
1.237497871424423357e+00
1.237529128415195245e+00
1.237551183876924643e+00
1.237566148437917013e+00
1.237575795240680510e+00
1.237581596977491039e+00
1.237584758651471883e+00
1.237586244588626760e+00
1.237586795621106850e+00
1.237586931366584819e+00
1.237586946666960896e+00
1.237586946910417485e+00
