-1.493206026052116275e-01
-1.464552999524156851e-01
-1.265042394328403375e-01
-7.698915600963592010e-02
4.298210724056429404e-04
8.954000910909164224e-02
1.723468446044509883e-01
2.394276194351981080e-01
2.897300976525198912e-01
3.261049415741656965e-01
3.521111513798573789e-01
3.707567811984540662e-01
3.842669902188334263e-01
3.942019772234532926e-01
4.016353862571633848e-01
4.073049601205487313e-01
4.117215701924111237e-01
4.152436199715258680e-01
4.181267185899293359e-01
4.205566923221213949e-01
4.226716201275830254e-01
4.245766815572864505e-01
4.263542859190440071e-01
4.280710819115740584e-01
4.297828857405780467e-01
4.315382057115570991e-01
4.333808097706446372e-01
4.353516324624437939e-01
4.374902195123405724e-01
4.398358429451761920e-01
4.424283754639728450e-01
4.453089821957950667e-01
4.485206660390628763e-01
4.521086866013708794e-01
4.561208600822763137e-01
4.606077371418204613e-01
4.656226470181059618e-01
4.712215885104998891e-01
4.774629418376604706e-01
4.844069700088736163e-01
4.921150746937918985e-01
5.006487704030433417e-01
5.100683431314819716e-01
5.204311667145298248e-01
5.317896633564321851e-01
5.441889153596585205e-01
5.576639638641014418e-01
5.722368674203323069e-01
5.879136371923709969e-01
6.046812134453085630e-01
6.225046945418549749e-01
6.413250676740366307e-01
6.610577111860548305e-01
6.815919325205055390e-01
7.027917661104252645e-01
7.244981784813822046e-01
7.465327160877729407e-01
7.687024950270654466e-01
7.908062877788860634e-01
8.126413321038056248e-01
8.340103932192123315e-01
8.547285697857956999e-01
8.746293555933497554e-01
8.935695493602514583e-01
9.114327312179214546e-01
9.281311751588869896e-01
9.436062182889884964e-01
9.578272389381436991e-01
9.707894917100926557e-01
9.825111017072067909e-01
9.930295335766790021e-01
1.002397830686686309e+00
1.010680875865821005e+00
1.017951868579676677e+00
1.024289153736108737e+00
1.029773481683541769e+00
1.034485731879995152e+00
1.038505096209859424e+00
1.041907692175217059e+00
1.044765560116563519e+00
1.047145990499648294e+00
1.049111125214758466e+00
1.050717778944380898e+00
1.052017431402135772e+00
1.053056347398235060e+00
1.053875788342013342e+00
1.054512285338629729e+00
1.054997950099245463e+00
1.055360805264769608e+00
1.055625120370851322e+00
1.055811743557369065e+00
1.055938422257060472e+00
1.056020108364895238e+00
1.056069244206290447e+00
1.056096023141494866e+00
1.056108608663441473e+00
1.056113274834570737e+00
1.056114423252157986e+00
1.056114551973423410e+00
1.056114554211059486e+00
