-1.408572302570971102e+00
-1.408510866628561287e+00
-1.406408032740063874e+00
-1.390694597315021763e+00
-1.329789894735084577e+00
-1.178633157646516327e+00
-9.325865731872324815e-01
-6.671066849408341382e-01
-4.605596426724694603e-01
-3.280431779824811156e-01
-2.492295027709515443e-01
-2.024621464191685705e-01
-1.736470722080029339e-01
-1.548298402741283275e-01
-1.416845394636135624e-01
-1.318456539164338248e-01
-1.239845119504586063e-01
-1.173206998492182657e-01
-1.113620011657523445e-01
-1.057605705139577912e-01
-1.002272490349745415e-01
-9.447387165950864307e-02
-8.816748482451346181e-02
-8.088772582835408731e-02
-7.208307571221427013e-02
-6.102559955451730689e-02
-4.676885170377449719e-02
-2.812128109696558284e-02
-3.658377494219856429e-03
2.819089567747776887e-02
6.894160902027682281e-02
1.197081041444328642e-01
1.807474371158275805e-01
2.510208455539420513e-01
3.279953013437234555e-01
4.078907428235453159e-01
4.863883028603211978e-01
5.595446703617921180e-01
6.245275323481076502e-01
6.799142575093936047e-01
7.255575487513172828e-01
7.622052341029258438e-01
7.910814002775981013e-01
8.135547234980723408e-01
8.309298465066948802e-01
8.443443008264561733e-01
8.547365477814977686e-01
8.628538932351812463e-01
8.692785868439565355e-01
8.744594449597565822e-01
8.787427620149074192e-01
8.824002293137196418e-01
8.856538237890895227e-01
8.886989027902919558e-01
8.917276000386716861e-01
8.949554554041641019e-01
8.986553190059508589e-01
9.032041764043968746e-01
9.091507705944803508e-01
9.173145462966056929e-01
9.289283351269477240e-01
9.458346063241064305e-01
9.707285063191440910e-01
1.007390152064658650e+00
1.060732183290840958e+00
1.136291211428698267e+00
1.238624459144730627e+00
1.368360482702085212e+00
1.518988270429506349e+00
1.676299491116594709e+00
1.822801069546534869e+00
1.944856512619681288e+00
2.037053658803649636e+00
2.101374882212905693e+00
2.143589447440638729e+00
2.170051104236796036e+00
2.186066818042057491e+00
2.195491898994947011e+00
2.200906171384729770e+00
2.203947417715328427e+00
2.205618021984666388e+00
2.206514547123661796e+00
2.206983672232929017e+00
2.207222392386691823e+00
2.207340118788802652e+00
2.207396145529914921e+00
2.207421742012497301e+00
2.207432895750611301e+00
2.207437494172632686e+00
2.207439269576537466e+00
2.207439903055511632e+00
2.207440108311354177e+00
2.207440167279025367e+00
2.207440181804686485e+00
2.207440184732002653e+00
2.207440185199939009e+00
2.207440185320518999e+00
2.207440185669143240e+00
2.207440190245443912e+00
2.287850794938273591e+00
