3.577191085656203449e-03
2.677039382562161184e-03
2.677038612940896463e-03
2.677038799036014511e-03
2.677041687275564380e-03
2.677059441202746509e-03
2.677137470028667903e-03
2.677412020719926317e-03
2.678235217046105645e-03
2.680423113013534649e-03
2.685715821524482533e-03
2.697585333961500555e-03
2.722581944638076488e-03
2.772447507008621650e-03
2.867154277851884526e-03
3.038623802723945319e-03
3.333696133496128790e-03
3.812490221943911576e-03
4.535400222811623513e-03
5.533428101109794106e-03
6.770697262568917997e-03
8.130585020866207269e-03
9.453520630962103724e-03
1.060569369812785871e-02
1.152325945330891915e-02
1.220834255178943582e-02
1.269940684247371741e-02
1.304420586615561393e-02
1.328530481784317117e-02
1.345555319850327662e-02
1.357848611503729118e-02
1.367032180471871097e-02
1.374203958118901288e-02
1.380105153712699560e-02
1.385241601793456810e-02
1.389967823917722008e-02
1.394544241524313735e-02
1.399176194758036673e-02
1.404041057116919497e-02
1.409307729396842672e-02
1.415151293868686065e-02
1.421764511307829597e-02
1.429367002883405804e-02
1.438212244144353343e-02
1.448591809948066370e-02
1.460835592635795210e-02
1.475305985814528292e-02
1.492383408990751413e-02
1.512440333906927246e-02
1.535801642796980754e-02
1.562691301515490433e-02
1.593169406372160757e-02
1.627069402477313367e-02
1.663951082174062665e-02
1.703087767851149334e-02
1.743502353497246304e-02
1.784055161020541708e-02
1.823569897574695703e-02
1.860969730562684818e-02
1.895391240292440202e-02
1.926252278425975850e-02
1.953266010080178389e-02
1.976409403937013851e-02
1.995863739067428935e-02
2.011945803782927769e-02
2.025043892626903971e-02
2.035566209895138534e-02
2.043903621698842099e-02
2.050404976119758749e-02
2.055361309928709079e-02
2.058994496466222748e-02
2.061445481754076853e-02
2.062756495386870725e-02
2.062839834267064451e-02
2.061422245464803599e-02
2.057947726780814945e-02
2.051412304114414234e-02
2.040094562503477066e-02
2.021149401440974075e-02
1.990098398267207275e-02
1.940504592500861755e-02
1.864752789096508004e-02
1.757653045952681584e-02
1.623487749492818349e-02
1.480972513489057021e-02
1.355997464353398199e-02
1.265317965032915389e-02
1.209433182820029117e-02
1.179194948348153728e-02
1.164459806468513825e-02
1.157914314014591405e-02
1.155266832827433164e-02
1.154304451942582584e-02
1.153997944220011215e-02
1.153915894561495167e-02
1.153898635849606551e-02
1.153896094361739344e-02
1.153895883877585800e-02
1.153895877850007884e-02
1.153895877824113840e-02
