-1.664061919915439114e-01
-2.017243229093064749e-01
-2.017243521138237516e-01
-2.017243485780803314e-01
-2.017242756019008154e-01
-2.017238254540497655e-01
-2.017218484231700082e-01
-2.017148985258197802e-01
-2.016940765162225924e-01
-2.016387483643467815e-01
-2.015047531174574691e-01
-2.012029994065443472e-01
-2.005608462533070846e-01
-1.992501937423142300e-01
-1.966421106527688756e-01
-1.914670137560668117e-01
-1.808258265776335194e-01
-1.563071538250592751e-01
-9.176380406789937105e-02
-1.098177996348005496e-02
4.234407286141018967e-02
7.813515270613181907e-02
1.027273709841399763e-01
1.196204734983143669e-01
1.311866461743145806e-01
1.391381263783133537e-01
1.446925400324567401e-01
1.486875782497081300e-01
1.516839903011529544e-01
1.540514794926042264e-01
1.560333676650847989e-01
1.577919774467520797e-01
1.594392837108987993e-01
1.610573743478981301e-01
1.627123071705245116e-01
1.644639391284187235e-01
1.663735320019238129e-01
1.685104461544391363e-01
1.709589918934118213e-01
1.738264983070851866e-01
1.772539136930177395e-01
1.814308932738420144e-01
1.866186595524235714e-01
1.931866132403666780e-01
2.016742188616147125e-01
2.129012162427326715e-01
2.281713618613648298e-01
2.496350407600279875e-01
2.806681562406347363e-01
3.242248698136296903e-01
3.749797362280750113e-01
4.211036562175057285e-01
4.586461870051090073e-01
4.888876480340678676e-01
5.135228092521942900e-01
5.337884360166471609e-01
5.505466109229760763e-01
5.644246008950167814e-01
5.759063418367896814e-01
5.853847171828632234e-01
5.931900276550565732e-01
5.996051240784860958e-01
6.048735951189287974e-01
6.092047416818656691e-01
6.127773759847480184e-01
6.157434428200703191e-01
6.182318842196070641e-01
6.203529217940718654e-01
6.222029148671341936e-01
6.238701122617822392e-01
6.254419547900569309e-01
6.270151911956129975e-01
6.287111732483214865e-01
6.307008255262682717e-01
6.332481971076816540e-01
6.367914511015525525e-01
6.421052591070512960e-01
6.506628497535072997e-01
6.655940098394615978e-01
6.951658201946399052e-01
7.802840448855611344e-01
9.882995727837120548e-01
1.058629887774750200e+00
1.095172596639284679e+00
1.116740740699207368e+00
1.129445571894966083e+00
1.136604337103118256e+00
1.140409561741146049e+00
1.142310776086432389e+00
1.143201102878896425e+00
1.143589350713708708e+00
1.143745134975040267e+00
1.143801580577809007e+00
1.143819535259654074e+00
1.143824339097391452e+00
1.143825349281317516e+00
1.143825498008957497e+00
1.143825510325521266e+00
1.143825510680348989e+00
1.143825510685335445e+00
