-2.266651003935189757e-01
-2.465054768002769292e-01
-2.465054937576837690e-01
-2.465054887627812497e-01
-2.465054158199175560e-01
-2.465049677895138347e-01
-2.465029980976289614e-01
-2.464960649059279862e-01
-2.464752682448584642e-01
-2.464199706893610842e-01
-2.462861400650430688e-01
-2.459858660038174161e-01
-2.453531880401477738e-01
-2.440904059134519632e-01
-2.416907726375195353e-01
-2.373436886179060012e-01
-2.298585478016529349e-01
-2.177051543239266751e-01
-1.993425706854566049e-01
-1.739721418058763902e-01
-1.424918487866424777e-01
-1.078538780385342177e-01
-7.410964735641729917e-02
-4.466482036392790261e-02
-2.115180334950700347e-02
-3.526091725906440287e-03
9.183601939618027052e-03
1.818833226626383540e-02
2.457028355550608736e-02
2.916694791619630148e-02
3.258087691315559448e-02
3.523034795711946915e-02
3.740235393006200587e-02
3.929548551796369776e-02
4.105135299946235244e-02
4.277671134301856692e-02
4.455895222544659084e-02
4.647718212300044893e-02
4.861050472675847167e-02
5.104460633740841996e-02
5.387733752482844890e-02
5.722366121079529994e-02
6.122004987929866721e-02
6.602811811828282473e-02
7.183693549164654746e-02
7.886306181576610563e-02
8.734690236912447114e-02
9.754358187174627659e-02
1.097063753056173041e-01
1.240611297724891898e-01
1.407714688222695965e-01
1.598972021876370886e-01
1.813521392475397342e-01
2.048714245611280571e-01
2.300005729863038306e-01
2.561162331779464063e-01
2.824812699977946040e-01
3.083258679190333806e-01
3.329367611092916568e-01
3.557334611697090532e-01
3.763153354967265773e-01
3.944738138030474683e-01
4.101745344851602249e-01
4.235205991661411540e-01
4.347091446135783466e-01
4.439907096693753163e-01
4.516367974600979940e-01
4.579174577592132200e-01
4.630884468333830162e-01
4.673865798184788090e-01
4.710319525858919776e-01
4.742364553213920808e-01
4.772192765976250861e-01
4.802319787000670637e-01
4.835985177084987652e-01
4.877797525514984134e-01
4.934777821205732495e-01
5.018013513568584383e-01
5.145111813571522363e-01
5.343242744403153832e-01
5.651038824127029292e-01
6.113847673290091489e-01
6.762142985415122709e-01
7.569585961704646815e-01
8.423935912928970371e-01
9.170966006906317025e-01
9.711713407639372964e-01
1.004427010942987808e+00
1.022385467011899918e+00
1.031119739606083385e+00
1.034992098938856575e+00
1.036555313197272898e+00
1.037122428628889814e+00
1.037302684398911046e+00
1.037350838343741533e+00
1.037360946130841510e+00
1.037362431439750932e+00
1.037362554188987485e+00
1.037362557694007315e+00
1.037362557704843535e+00
