-2.864833627897979129e-01
-2.903803769461132944e-01
-2.903803793744443307e-01
-2.903803793960587076e-01
-2.903803766139320119e-01
-2.903803591902169856e-01
-2.903802825981990909e-01
-2.903800133601049382e-01
-2.903792069430212730e-01
-2.903770656506411973e-01
-2.903718885136495897e-01
-2.903602738277391015e-01
-2.903357570872467930e-01
-2.902865477587054932e-01
-2.901918408285850681e-01
-2.900158700906266263e-01
-2.896983241338771387e-01
-2.891386924963597616e-01
-2.881698691684311808e-01
-2.865110617405782767e-01
-2.836761031229071417e-01
-2.787706441751608977e-01
-2.699520086303016653e-01
-2.525120438845485094e-01
-2.096753739120547910e-01
-1.497172665802667113e-01
-1.216236892561803062e-01
-1.068746145268663905e-01
-9.806235083214678849e-02
-9.240714641470804125e-02
-8.857832870480041032e-02
-8.585355303349968825e-02
-8.381197879573804022e-02
-8.219714675529642134e-02
-8.084749297170680526e-02
-7.965815397156765509e-02
-7.855875428708630759e-02
-7.749991258230916336e-02
-7.644471158336534067e-02
-7.536306384990744400e-02
-7.422777652847352414e-02
-7.301159249736208223e-02
-7.168475390215731102e-02
-7.021279133863964073e-02
-6.855433718546621868e-02
-6.665882215720302095e-02
-6.446395512530696259e-02
-6.189291460629646469e-02
-5.885119506277918661e-02
-5.522304058219285744e-02
-5.086733439647431881e-02
-4.561264174708618002e-02
-3.925073495042966099e-02
-3.152721392007694357e-02
-2.212651777371337988e-02
-1.064622013354671153e-02
3.448985556771069251e-03
2.091173093276558689e-02
4.286735716381584460e-02
7.107377271997390722e-02
1.080636958713644125e-01
1.548552956396506419e-01
2.024535881152907391e-01
2.387320977981267911e-01
2.637357675588682948e-01
2.812324102829362737e-01
2.938694392200494887e-01
3.032429649845541086e-01
3.103446858817109355e-01
3.158239367255471497e-01
3.201269923814135110e-01
3.235742431697042343e-01
3.264063583507419986e-01
3.288150017125955893e-01
3.309667417699125869e-01
3.330262039777134864e-01
3.351844630409746006e-01
3.377008009144717993e-01
3.409706874994053449e-01
3.456408731817829927e-01
3.528036079067370934e-01
3.643138201135319165e-01
3.832930937207478239e-01
4.150371543187770795e-01
4.697232066251045279e-01
5.796653641487277131e-01
8.355385371780161829e-01
8.971420814602028004e-01
9.171619152441551348e-01
9.252886817361226646e-01
9.286364857721042254e-01
9.299494004490406196e-01
9.304209753829961738e-01
9.305705219919614413e-01
9.306104961975021350e-01
9.306189001398574856e-01
9.306201373522083875e-01
9.306202397931342407e-01
9.306202427232955765e-01
9.306202427314151926e-01
