#Upper limit for the Conditional distribution of mass given radius from initial fitting w/o bootstrap
-1.101323666153982250e+00
-1.045214828388340678e+00
-8.065061515839440087e-01
-2.791261804063931429e-01
5.664107647264119555e-02
2.325242354746482332e-01
3.387200785951804960e-01
4.091128020600878212e-01
4.591154671943954990e-01
4.967892690562271674e-01
5.267492939572183674e-01
5.518139227509408773e-01
5.737930455442504796e-01
5.938981599336663475e-01
6.129692128740381607e-01
6.316059013609610640e-01
6.502462393086552161e-01
6.692146193578381030e-01
6.887515121046011712e-01
7.090317459526691568e-01
7.301755345842154687e-01
7.522549080727434223e-01
7.752973785854841982e-01
7.992882198530827376e-01
8.241724742491510769e-01
8.498575974973262559e-01
8.762174230497624672e-01
9.030978289879406651e-01
9.303241202720984315e-01
9.577097488112710222e-01
9.850656687069644368e-01
1.012209450340033401e+00
1.038973301742365019e+00
1.065210352972416841e+00
1.090798877247558307e+00
1.115644455898395782e+00
1.139680362152449389e+00
1.162866599047941429e+00
1.185188078159906011e+00
1.206652394496098513e+00
1.227287574970067796e+00
1.247140085706734292e+00
1.266273299532544527e+00
1.284766561369982796e+00
1.302714950131055094e+00
1.320229820951343447e+00
1.337440219653954099e+00
1.354495291291568648e+00
1.371567857764126375e+00
1.388859420549761525e+00
1.406606963112614572e+00
1.425092100164216058e+00
1.444653374543793278e+00
1.465702878048254831e+00
1.488748928075907640e+00
1.514427330943936001e+00
1.543544803361387663e+00
1.577139028069094673e+00
1.616558608601734948e+00
1.663554577572678772e+00
1.720321182092289458e+00
1.789218294652728636e+00
1.871321821144980246e+00
1.962602709486719110e+00
2.051358000840081797e+00
2.126134211627626058e+00
2.184157784012568104e+00
2.228161426320910188e+00
2.261655634897320688e+00
2.287424119522481369e+00
2.307460425421183903e+00
2.323174842618156877e+00
2.335578969898099988e+00
2.345413340506084854e+00
2.353231162162035872e+00
2.359453252910888033e+00
2.364404698634448465e+00
2.368339868313649621e+00
2.371459887056758475e+00
2.373925117060206258e+00
2.375864259569111070e+00
2.377381119192802927e+00
2.378559717249577155e+00
2.379468216424138305e+00
2.380161974164516803e+00
2.380685946868572156e+00
2.381076602920371599e+00
2.381363458938132727e+00
2.381570323254734944e+00
2.381716309255769382e+00
2.381816665889540996e+00
2.381883461555180492e+00
2.381926149408975402e+00
2.381952036049908461e+00
2.381966670964849708e+00
2.381974170621944165e+00
2.381977488408053123e+00
2.381978639503560924e+00
2.381978888085622081e+00
1.041471682156603240e+00
