#Conditional distribution of mass given radius from initial fitting w/o bootstrap
nan
-1.181543857593239988e+00
-1.167969552318565363e+00
-1.144760164716384088e+00
-1.111907529961188468e+00
-1.069862472231985828e+00
-1.019524339497659193e+00
-9.621818329656413038e-01
-8.994143056778662881e-01
-8.329699989272750793e-01
-7.646404664872888945e-01
-6.961483795764761284e-01
-6.290603751654790798e-01
-5.647298171393467792e-01
-5.042683203701295858e-01
-4.485408471903573613e-01
-3.981773834947515134e-01
-3.535942261066563064e-01
-3.150190743992031805e-01
-2.825157589382199519e-01
-2.560060857912728749e-01
-2.352876664529097717e-01
-2.200476458582167338e-01
-2.098729421704544074e-01
-2.042580257072377781e-01
-2.026114543590173955e-01
-2.042624048127324454e-01
-2.084683347473942350e-01
-2.144247108345961883e-01
-2.212774636028834174e-01
-2.281385037907381064e-01
-2.341042784744307992e-01
-2.382769855953404681e-01
-2.397877324603119586e-01
-2.378206481050449406e-01
-2.316367687823438215e-01
-2.205964306111293238e-01
-2.041789330288933113e-01
-1.819983776793653030e-01
-1.538148235806820197e-01
-1.195402043098958283e-01
-7.923879353609561416e-02
-3.312234690796490161e-02
1.845964062131164041e-02
7.503386754193204500e-02
1.360204706786452833e-01
2.007525997593177791e-01
2.684973119328729618e-01
3.384768180885891486e-01
4.098892102498983281e-01
4.819279372785927329e-01
5.537994590152884866e-01
6.247386823925313859e-01
6.940219547937095390e-01
7.609775505375454552e-01
8.249937292489569751e-01
8.855245661173692939e-01
9.420938520086322709e-01
9.942974361804624017e-01
1.041804437116208959e+00
1.084357779222919538e+00
1.121774525820660617e+00
1.153946471560160392e+00
1.180841427355677320e+00
1.202505571980211574e+00
1.219067146349888997e+00
1.230741614422166341e+00
1.237838189950921430e+00
1.240767311401743456e+00
1.240048223366734259e+00
1.236315292614014405e+00
1.230321082803075505e+00
1.222933617793524164e+00
1.215124833225989853e+00
1.207947178299666247e+00
1.202495960879355952e+00
1.199856575996770980e+00
1.201038304409897339e+00
1.206899676195895443e+00
1.218073797598298258e+00
1.234904497114091004e+00
1.257404539668737220e+00
1.285244774676995938e+00
1.317778087457897707e+00
1.354095594039246508e+00
1.393106498116012171e+00
1.433629180143587201e+00
1.474480367664857239e+00
1.514551465821968979e+00
1.552865220465323493e+00
1.588610420409164448e+00
1.621156136973338269e+00
1.650049421088646939e+00
1.675001367410501540e+00
1.695866320472335653e+00
1.712618187464670205e+00
1.725326746231974795e+00
1.734135784741617448e+00
1.739244036620854583e+00
nan
