#Conditional distribution of radius given mass from initial fitting w/o bootstrap
nan
2.399489635588300251e-01
2.293583465999433912e-01
2.191420405145961814e-01
2.093030438645141211e-01
1.998559996644509729e-01
1.908286486705411122e-01
1.822634660535100426e-01
1.742194094936466986e-01
1.667736432673939395e-01
1.600230118523194023e-01
1.540849142251370929e-01
1.490970785978558144e-01
1.452155714529118347e-01
1.426102302583795167e-01
1.414566525241240935e-01
1.419240057365829533e-01
1.441583665170042827e-01
1.482621569705946385e-01
1.542715257668745565e-01
1.621350220705871925e-01
1.716981621624910637e-01
1.826988151796125615e-01
1.947771243581844225e-01
2.075008069556148749e-01
2.204028160000733594e-01
2.330248721364086284e-01
2.449587251383958386e-01
2.558778851970641699e-01
2.655555265243439989e-01
2.738680068629552600e-01
2.807865665317526571e-01
2.863614417880829266e-01
2.907027914146724790e-01
2.939619663110044634e-01
2.963153683115840042e-01
2.979519276120600191e-01
2.990643243439142784e-01
2.998435376360578664e-01
3.004760615869606633e-01
3.011430819820561378e-01
3.020209683710797233e-01
3.032825365316474953e-01
3.050986356983642622e-01
3.076396926981679880e-01
3.110768941129359866e-01
3.155827087173163625e-01
3.213304517097841928e-01
3.284925795886383670e-01
3.372373939461046355e-01
3.477238428807903903e-01
3.600941644733978153e-01
3.744642465373696494e-01
3.909118096892358341e-01
4.094628773642164932e-01
4.300774749037648004e-01
4.526360578895727849e-01
4.769287083995923937e-01
5.026494975583387648e-01
5.293983972044222774e-01
5.566925575744312571e-01
5.839875847480450188e-01
6.107077760981127756e-01
6.362824493871417353e-01
6.601840268229783870e-01
6.819628868097311614e-01
7.012744326773701076e-01
7.178952624001047056e-01
7.317273446817774696e-01
7.427911449993110926e-01
7.512101944267324249e-01
7.571903780067822387e-01
7.609972344792481636e-01
7.629340050886721514e-01
7.633223282331641490e-01
7.624866056354395738e-01
7.607423360154987879e-01
7.583882000778505716e-01
7.557013881861447402e-01
7.529355493392179133e-01
7.503207524565781439e-01
7.480649375420448388e-01
7.463564561232530759e-01
7.453674326060854005e-01
7.452578085610337411e-01
7.461800583111686258e-01
7.482846925084218892e-01
7.517268102512896233e-01
7.566741424917902137e-01
7.633172868757792662e-01
7.718832282797628563e-01
7.826538776266891428e-01
7.959924408646302796e-01
8.123823275413960543e-01
8.324867826240501811e-01
8.572440816879171033e-01
8.880265731967658116e-01
9.269207514907827905e-01
9.772525336137105612e-01
nan
