#Sequence of radius points for initial fitting w/o bootstrap
-3.481945590470130747e-01
-3.321155183795663768e-01
-3.160364777121196234e-01
-2.999574370446729255e-01
-2.838783963772262275e-01
-2.677993557097794741e-01
-2.517203150423327762e-01
-2.356412743748860505e-01
-2.195622337074393249e-01
-2.034831930399925992e-01
-1.874041523725458736e-01
-1.713251117050991756e-01
-1.552460710376524500e-01
-1.391670303702057243e-01
-1.230879897027590264e-01
-1.070089490353123007e-01
-9.092990836786557507e-02
-7.485086770041887716e-02
-5.877182703297212374e-02
-4.269278636552542583e-02
-2.661374569807867241e-02
-1.053470503063197450e-02
5.544335636814723411e-03
2.162337630426147683e-02
3.770241697170817474e-02
5.378145763915487265e-02
6.986049830660162607e-02
8.593953897404832398e-02
1.020185796414950219e-01
1.180976203089417753e-01
1.341766609763884732e-01
1.502557016438352266e-01
1.663347423112819246e-01
1.824137829787286225e-01
1.984928236461753204e-01
2.145718643136221293e-01
2.306509049810688272e-01
2.467299456485155251e-01
2.628089863159622230e-01
2.788880269834089209e-01
2.949670676508557299e-01
3.110461083183024278e-01
3.271251489857491257e-01
3.432041896531958236e-01
3.592832303206425215e-01
3.753622709880892194e-01
3.914413116555360284e-01
4.075203523229827263e-01
4.235993929904294242e-01
4.396784336578761221e-01
4.557574743253228200e-01
4.718365149927696289e-01
4.879155556602163268e-01
5.039945963276630803e-01
5.200736369951097782e-01
5.361526776625564761e-01
5.522317183300031740e-01
5.683107589974498719e-01
5.843897996648965698e-01
6.004688403323432677e-01
6.165478809997899656e-01
6.326269216672366635e-01
6.487059623346835835e-01
6.647850030021302814e-01
6.808640436695769793e-01
6.969430843370236772e-01
7.130221250044703751e-01
7.291011656719170730e-01
7.451802063393637710e-01
7.612592470068104689e-01
7.773382876742573888e-01
7.934173283417040867e-01
8.094963690091507846e-01
8.255754096765974825e-01
8.416544503440441805e-01
8.577334910114908784e-01
8.738125316789375763e-01
8.898915723463842742e-01
9.059706130138309721e-01
9.220496536812776700e-01
9.381286943487245900e-01
9.542077350161712879e-01
9.702867756836179858e-01
9.863658163510646837e-01
1.002444857018511382e+00
1.018523897685958080e+00
1.034602938353404777e+00
1.050681979020851475e+00
1.066761019688298173e+00
1.082840060355744871e+00
1.098919101023191569e+00
1.114998141690638489e+00
1.131077182358085187e+00
1.147156223025531885e+00
1.163235263692978583e+00
1.179314304360425281e+00
1.195393345027871979e+00
1.211472385695318676e+00
1.227551426362765374e+00
1.243630467030212294e+00
