-2.456834616447348407e-01
-2.456834513600106851e-01
-2.456834327841150856e-01
-2.456833810647020555e-01
-2.456824678896954162e-01
-2.456650853216116870e-01
-2.454591987466652747e-01
-2.437137739013254256e-01
-2.294814796530822432e-01
-9.379446755357675330e-04
7.106297206876789618e-02
9.389945126876238224e-02
1.030471149116054114e-01
1.100073933077536509e-01
1.188352244886301257e-01
1.320211495226747411e-01
1.523782585291685032e-01
1.828969468234563078e-01
2.233193330801185039e-01
2.684161186266692534e-01
3.142859152376504817e-01
3.590242016477394604e-01
3.994903270839233467e-01
4.331727151151394395e-01
4.601561519123360533e-01
4.817645236280293508e-01
4.993343965688340491e-01
5.139160471426090782e-01
5.262980023380618988e-01
5.370797601278367583e-01
5.467337407304936336e-01
5.556522788477062935e-01
5.641845895249045784e-01
5.726689832970217608e-01
5.814652573952852066e-01
5.909925754087546057e-01
6.017790123016620862e-01
6.145272903413757648e-01
6.301816262204643637e-01
6.498808710679446765e-01
6.743880535951637389e-01
7.026606635975830573e-01
7.316310068594277238e-01
7.588935405514953825e-01
7.839533817929028592e-01
8.072674720975869800e-01
8.295059435978914264e-01
8.513661038578722584e-01
8.736039910908118822e-01
8.971170379675345030e-01
9.229859272351991217e-01
9.522917751686392762e-01
9.852951938017318056e-01
1.020012780250627138e+00
1.052656019150611577e+00
1.080743676371522133e+00
1.104043882396000598e+00
1.123256321664522606e+00
1.139136612189260989e+00
1.152282400630531667e+00
1.163144740020999102e+00
1.172075265047888948e+00
1.179361511980889121e+00
1.185245515062193444e+00
1.189931936810444624e+00
1.193592746384255276e+00
1.196372451988200636e+00
1.198394725241327397e+00
1.199769469276674272e+00
1.200598896041877195e+00
1.200981433743247395e+00
1.201012898326939027e+00
1.200785113734619269e+00
1.200382827675049668e+00
1.199880105248084972e+00
1.199337280794972704e+00
1.198799100384267513e+00
1.198294103482530737e+00
1.197834745661515710e+00
1.197417292403044176e+00
1.197020007177038270e+00
1.196597401382316184e+00
1.196067159499878407e+00
1.195285510202654056e+00
1.194011090805572772e+00
1.191884700795736940e+00
1.188536154974711323e+00
1.183998563742837851e+00
1.179186796711832130e+00
1.175421822506770964e+00
1.173265322681903644e+00
1.172425934694471428e+00
1.172475491226554478e+00
1.173305646243845590e+00
1.175336933885024804e+00
1.179697580440669080e+00
1.187186056542141266e+00
1.194201388623725490e+00
1.196615979990914402e+00
1.196786668346329296e+00
