7.891093449101249310e-03
1.413563085383740737e-10
6.620746994944603939e-11
2.323436677446774950e-11
1.382737024032147916e-11
2.287801915071109886e-11
3.886778339969014710e-11
5.058171352111189667e-11
5.254429829849762999e-11
4.999745176135042957e-11
4.820750702040670355e-11
4.255394600233897693e-11
3.636547447144352272e-11
2.913667754056782629e-11
2.589531304602606237e-11
2.498334276380593485e-11
2.076328080213578843e-11
1.788499955191100004e-11
1.359223547666841407e-11
8.142333995516760635e-12
6.047933609721666854e-12
2.979605605795219645e-12
6.594569366173811917e-15
6.802070260974664924e-15
1.312782544146679555e-14
1.307611596473521006e-14
1.477310526247765041e-14
1.773794365470890460e-14
1.852080237812194650e-14
1.822353180311730554e-14
1.879035159297630538e-14
1.207558460447152437e-14
5.680431553559123079e-15
2.686557565242676882e-12
8.229922095265656538e-12
8.279151498453607630e-12
2.061587686638470815e-11
2.118723022773697880e-11
2.654078596480986363e-11
2.329535086695730209e-11
9.191831079444509929e-12
1.064844105989642966e-12
8.288222690166340706e-15
1.228852981018156911e-14
2.669923520607033005e-14
3.221480755805156543e-14
3.250921175090632234e-14
3.132988878710816863e-14
3.475201665260517057e-14
3.238662839700460930e-14
3.227084147362634875e-14
3.407735679463180253e-14
3.404418759938542327e-14
3.028323927978497105e-14
3.785877350828463520e-14
1.326597332575766288e-10
7.697356301292382016e-11
3.623127447130402810e-11
1.078284503691050639e-11
8.683314216203790951e-12
2.384427933231133258e-11
4.098512958429704724e-11
5.608571092171243716e-11
5.561718368365299543e-11
5.430609441542989615e-11
4.944270202854148100e-11
4.403233523790185452e-11
3.585435917682042847e-11
3.304028415611775735e-11
2.483646087427752708e-11
2.620913004386932125e-11
2.452138639846493567e-11
1.464506975265570029e-11
1.006926651501750317e-11
7.850043204167348619e-12
2.099180178909648615e-12
3.624246733005335787e-12
2.453570252372959576e-15
5.761703177390060741e-15
6.683802111468234105e-15
1.429797435903615544e-14
1.617615455376286646e-14
1.656275059237659127e-14
2.012924716804514901e-14
1.542275588377860402e-14
1.655849597820369775e-14
1.388371760220589131e-14
6.421402195171551388e-15
1.799385337113822173e-12
1.292834409165056468e-11
1.471822501013674128e-11
2.553640033656160551e-11
2.215099169800884993e-11
2.908079818779707619e-11
2.112506500592159548e-11
1.173085905499891196e-11
2.282259294970111808e-12
9.781358482783915700e-15
1.614718966717079025e-14
2.112254920148542291e-14
2.786126121685975696e-14
3.276727430241928856e-14
2.785546867891361157e-14
3.281317231731173031e-14
3.416402907925870748e-14
3.331915754196245292e-14
3.556918019536098929e-14
3.341034550319739591e-14
3.632803151165510994e-14
2.951341052613248791e-14
6.302582611517215206e-11
3.613743408115333535e-11
7.817372509690453662e-12
5.879716816429238861e-16
9.411741556927954414e-12
2.462532597709818941e-11
4.607088922841074451e-11
5.473990419576567480e-11
6.076888723758135288e-11
6.086109427083433415e-11
5.462808622472503269e-11
4.766076048347785855e-11
3.821340437348724299e-11
3.554152195702171864e-11
2.753111725146063734e-11
2.657055983473850815e-11
2.427034095247784730e-11
2.428109824668916901e-11
1.753404099022917746e-11
9.262302906453109277e-12
6.253322904854407080e-12
4.300502834978817030e-12
1.413984492915999356e-12
2.959046747832609815e-15
1.014318812741789752e-14
9.923434140696895947e-15
1.709927549320572608e-14
1.517161940389062916e-14
1.764531874342967649e-14
1.448142926156459522e-14
1.809319728152834575e-14
1.201275526391371254e-14
3.729459520103751527e-15
3.252763042435817110e-12
9.407920329952931678e-12
1.515950245209252580e-11
2.457217065417053789e-11
2.348336300151509310e-11
2.911802964112930570e-11
2.028142724505448581e-11
1.865677942878480172e-11
8.581385218479341815e-12
4.267660941507443216e-15
1.446006117571458326e-14
2.369625675583368280e-14
2.545762663444937360e-14
3.611895816585625708e-14
3.836452080748391740e-14
3.179382802860588372e-14
3.600381903256344448e-14
3.826360334021829099e-14
3.493184036190562209e-14
3.641110757567285710e-14
3.684563602820910316e-14
3.086068349499977729e-14
2.187995416403285803e-11
3.115423004431199051e-12
8.215207062774512321e-15
8.329231680434348738e-15
1.171676529438026546e-11
2.663921696758226667e-11
4.736914869590702311e-11
5.929205324879449799e-11
6.256915747790449860e-11
6.186737801066322458e-11
5.376391508968579950e-11
4.607254207652451677e-11
4.448900073926657504e-11
3.748716999350829230e-11
3.122055309777261835e-11
2.571912858549023796e-11
2.223509881091766625e-11
2.280601321634152079e-11
1.769700527209254581e-11
1.537041398734602769e-11
6.762534877463051292e-12
6.099962693881706632e-12
1.983602190338722010e-15
6.729462175792792490e-15
7.329153739920665543e-15
9.124298197333611394e-15
1.500627591631734693e-14
1.167822067678037520e-14
1.563327549062986196e-14
1.733620882481159985e-14
1.682263642603874582e-14
1.022091751302101392e-14
2.380840369419648622e-15
4.361797324878466170e-12
1.899511751466220420e-11
1.667755530052108661e-11
2.546308867004563923e-11
2.358401744241106222e-11
2.975831953723290356e-11
2.648526997690444228e-11
1.875417151797294229e-11
7.292775020655442149e-12
6.964128694451011246e-15
1.287933440648424670e-14
1.956124070034804996e-14
2.394065893875896224e-14
3.271303996258463213e-14
2.778987015905843974e-14
3.106372792108535898e-14
3.625704655464312640e-14
3.395118791397313795e-14
3.303633949040090385e-14
3.506738634370441777e-14
3.440414754806052235e-14
3.804648501303314454e-14
8.305559311021135611e-15
1.722161298173619890e-14
1.970803780118772975e-14
9.384688381122626525e-15
1.021858513405930428e-11
2.980634171867093638e-11
5.372620651345661534e-11
6.269748948579891373e-11
7.040643367011062852e-11
7.024987183009200356e-11
6.101119438159889792e-11
5.131160444666521059e-11
4.296364375850139825e-11
3.675900995645958555e-11
3.158723394970720265e-11
2.351513106692215279e-11
2.942201678954253192e-11
2.724391995878477813e-11
1.948910515790716243e-11
1.504727839558588472e-11
1.172945214079651537e-11
4.334008674160920659e-12
1.463437426483341230e-12
2.122872468834342907e-15
7.020564518027667688e-15
1.114616925337103178e-14
1.277546223034872535e-14
1.720955606684968028e-14
1.506588405324071972e-14
1.681393984458666810e-14
1.577898596229124924e-14
9.393950850558261259e-15
3.091008594242417791e-15
9.830923375806193134e-12
1.701016821170139850e-11
2.400570338981233789e-11
3.460549778281732879e-11
2.995364922184388557e-11
3.667018350213645925e-11
2.839143918955003222e-11
2.290430420598171425e-11
1.222335607702244235e-11
3.208098911526545048e-13
1.238931773561836158e-14
2.231106220909538924e-14
2.909197497216433295e-14
3.165623952405224231e-14
3.611300189724509198e-14
3.147115732765155682e-14
3.154101995637949124e-14
3.364094265506170532e-14
3.201804025766723247e-14
2.920822491026450373e-14
3.216309338988024338e-14
3.125006022626518179e-14
2.159348036849860119e-14
2.306517245613143045e-14
2.312083940477617149e-14
1.020910360174918577e-14
1.242730696458233687e-11
3.652340548512165580e-11
5.583832096724354887e-11
7.252497508558940687e-11
7.895289301060586965e-11
7.337668383586378677e-11
6.436804646652020050e-11
5.778055911906220537e-11
4.723732124375258879e-11
3.944513016184585812e-11
3.402456995974123984e-11
3.424152028126468695e-11
2.712466541139769656e-11
2.510132131142877593e-11
2.105746484926510313e-11
1.940502108811457366e-11
1.767004719108841513e-11
1.275385977054742955e-11
4.826427211081006061e-12
4.028438399176366039e-13
3.659116404959859643e-15
5.338775625428695758e-15
1.149729825506950614e-14
1.228304105597268908e-14
1.472767794207679851e-14
1.691070017524328945e-14
1.429402454811449096e-14
9.084164088105745122e-15
4.652634131631099371e-16
8.376546659857554548e-12
2.068849346768761556e-11
2.404090057899918785e-11
3.459148107144629290e-11
3.279713186625280281e-11
4.089186299853783217e-11
3.182932907123826966e-11
2.497638497521983808e-11
1.955555946848391828e-11
2.396043247900244641e-12
1.362324976499705823e-14
2.068248480449672242e-14
2.010345859543444517e-14
3.007445295172138253e-14
3.091495527075385778e-14
2.965128685014429098e-14
3.621642245754126538e-14
3.432600009936238072e-14
3.584646688237225488e-14
2.825863182999853222e-14
3.616962646630539030e-14
3.244843849976507430e-14
2.799905365800553933e-14
2.840768699770377942e-14
2.675084066666567242e-14
4.945742619028720629e-15
1.851989819734681864e-11
4.164850854641469528e-11
7.169685557486001925e-11
8.536827067437752326e-11
8.703330566070742244e-11
8.351907418042693072e-11
7.346375243338266251e-11
6.408352122862685040e-11
5.563921761411464355e-11
4.793850121811819461e-11
4.276243920130301832e-11
3.867781207452737003e-11
3.272464380699139189e-11
2.687449317653486588e-11
2.689927349134947717e-11
2.372327231413375913e-11
1.921354313930710644e-11
1.664987911160723102e-11
1.304854321156142454e-11
4.984744862515799233e-12
4.654523203228935136e-12
5.946719040669721509e-15
6.541548486587951210e-15
1.462245125827925037e-14
1.299696733603381399e-14
1.144993090978300103e-14
1.099736809362755263e-14
7.220158853948363584e-15
4.423878033839783956e-12
1.505533565736870408e-11
2.849525797348778332e-11
2.772231670242398036e-11
3.969125127705759891e-11
3.933604771802211326e-11
3.899574133016140422e-11
3.855945086492669885e-11
3.107710438594413328e-11
2.210253902378681795e-11
8.221827447224382588e-12
5.007225728438426069e-15
1.885423215859928113e-14
3.108159252621371436e-14
3.268202469634495267e-14
3.490936767822404684e-14
3.345501206704952817e-14
3.928787067130981423e-14
3.391170317944383119e-14
3.460494103095746337e-14
3.315514201121342883e-14
3.832564002373413156e-14
3.180227886198638720e-14
3.125367143899346498e-14
2.987077590219852276e-14
2.123740440216486144e-14
4.302347447648612178e-15
2.329019939933863993e-11
5.032481299453779040e-11
7.518442844702069705e-11
9.558159266194934245e-11
9.836462403000773816e-11
9.593066721430896688e-11
8.797285122830774806e-11
7.639855317562298176e-11
6.395143223100127121e-11
5.618125304957454289e-11
4.702904633140889454e-11
3.928401192936772754e-11
4.270387202680026190e-11
3.756533919941566505e-11
3.382696166185372762e-11
2.770585960888067065e-11
2.208310601259293556e-11
1.599806939981472120e-11
1.678959105749049441e-11
8.572776840625102836e-12
8.729992039963591865e-12
5.690959878296193472e-15
4.874284151934919642e-15
1.039787892493252188e-14
9.233904581564408587e-15
1.498249452854109661e-14
1.060461569450009562e-14
1.601671181096320465e-15
7.958114081971675541e-12
1.660409377284776808e-11
2.893698305923519436e-11
3.312662086884210054e-11
4.517092695853066632e-11
4.858701043835504993e-11
4.764014188195008952e-11
4.648663005537917878e-11
3.730516900337422612e-11
2.098429694595649440e-11
1.343237358791288560e-11
5.149917728938394664e-15
1.789102683822069082e-14
2.627804488396815459e-14
2.696010286542847363e-14
2.639196349467289328e-14
3.688281491376429532e-14
3.238674067593849722e-14
3.849038888467928432e-14
3.203739422087318122e-14
3.650301171391341706e-14
3.624905418278531013e-14
3.753447856334124910e-14
3.205338729417941711e-14
2.705081874585827658e-14
2.289044951639796834e-14
3.125370043710565960e-15
2.906673481954769154e-11
5.309873316367632321e-11
9.170370927882419856e-11
1.120660354035324226e-10
1.181886826077439258e-10
1.130468581440229195e-10
1.052704676147557265e-10
8.955840183417822441e-11
7.939506380664905117e-11
6.992499793412339325e-11
5.909554630735665926e-11
4.752641091225324185e-11
4.391203675377653318e-11
3.926364044469960915e-11
4.074793901517906875e-11
3.333485353487871341e-11
3.047974439479390824e-11
2.710629684596358512e-11
2.104726598918937902e-11
1.620432806454836736e-11
7.185526216082237528e-12
6.569073932768766053e-13
2.103025811746038047e-15
6.611067394036000177e-15
6.286143872187535861e-15
8.419018369419119493e-15
5.036407219582070797e-15
2.181024370093179945e-15
1.527996548865326364e-11
2.126129616231734262e-11
3.267094131261642292e-11
4.435382314967683645e-11
5.171932364215812653e-11
5.592085015933121815e-11
6.539581232595952986e-11
4.953629832048394839e-11
4.301354739117391939e-11
3.047490640026754869e-11
1.710816033174638800e-11
3.214756449866100670e-16
8.474152149314865884e-15
2.426210094532676056e-14
2.774293656632288597e-14
3.111795838365813339e-14
3.301603381671855822e-14
2.929244061569373439e-14
3.374794846443500908e-14
3.180491436965904598e-14
3.662672591122666787e-14
3.367032286481611444e-14
3.310980300327735851e-14
2.938386390532243690e-14
2.828998817288843229e-14
2.132178873035102016e-14
5.047520523633010714e-13
3.128774938188903144e-11
6.866261577249114231e-11
1.018986198701460175e-10
1.252009076638312129e-10
1.349131957514493762e-10
1.349578532020326994e-10
1.247392849154849871e-10
8.553370050433973930e-13
9.747870383963101520e-11
8.379270399894661061e-11
7.203442917714792711e-11
6.218900880328663768e-11
5.396879675996017925e-11
5.499282699753991874e-11
4.630178244949890065e-11
4.255436600339006834e-11
3.794864546716183975e-11
3.177185422240794290e-11
2.948312266034577653e-11
2.634384181520588428e-11
1.798511494914711209e-11
5.340334203164126722e-12
2.029094323444819127e-12
6.074760542822536460e-15
5.819956613919810226e-15
8.703570595526544374e-15
1.793554512362488234e-15
3.435580426099745138e-12
1.430096522837513184e-11
2.888632500095586021e-11
4.232681576428656225e-11
4.952705238730502049e-11
6.131562933527069225e-11
6.512706177498611240e-11
7.116755135257975175e-11
6.204638772575248519e-11
4.805071119742917599e-11
3.363810818865693013e-11
2.333534370751439375e-11
8.779257699524473515e-12
9.987382558064333860e-15
1.849673451866697444e-14
2.405255850126772075e-14
3.522752741055802167e-14
2.997407231752757378e-14
3.184805266798356109e-14
3.731182165025833560e-14
3.694331641845368511e-14
3.785075800316468288e-14
3.889751803398465377e-14
3.547782994437388039e-14
3.237560925556787184e-14
3.247244659197708970e-14
2.062610011825826258e-14
3.704409527901055788e-12
3.609803017431687273e-11
7.819781213364215848e-11
1.172858056823981735e-10
1.483926203065884237e-10
1.606843959605398779e-10
1.592215593183396790e-10
1.451621476436263117e-10
6.985123328096536657e-11
1.166434058807512766e-10
1.033258481193975382e-10
9.052013128388230446e-11
7.633147385411008506e-11
6.567593066404538585e-11
6.540908369337069783e-11
5.401348320553768058e-11
5.044634644283615079e-11
4.174047931732699579e-11
4.202068653686520347e-11
3.441088954335853974e-11
2.794410866638887555e-11
2.364844162541101656e-11
1.630638575104218529e-11
8.157936793191089084e-12
3.492279375989950796e-12
4.052864172919687204e-15
1.045733531095856076e-15
1.875894309877729924e-15
8.588797549105843724e-12
1.987482901698251948e-11
3.342057431480741638e-11
5.245070849832271916e-11
5.430733637719834459e-11
7.076344867073922275e-11
7.823648249616254242e-11
7.965541436251112963e-11
7.520385375563032059e-11
6.404384291373957128e-11
4.387001454390231189e-11
3.242711907892881381e-11
1.490975884738036567e-11
4.441431957283564906e-17
1.785195758947926377e-14
2.805598209109205328e-14
3.232567529898693100e-14
3.725345675347652568e-14
2.908092070813802389e-14
3.196644233687818867e-14
3.380838990309324305e-14
2.866862696534625584e-14
3.466144594578988164e-14
3.457005450632880160e-14
3.221064247102473848e-14
3.142498265620046961e-14
1.819875336186900824e-14
1.015442640306459706e-11
4.467050707591425630e-11
8.892868190253922655e-11
1.302933866255041045e-10
1.626558044396216462e-10
1.795928171445520751e-10
1.770866592440281516e-10
1.686935207130533700e-10
4.162902844580627355e-13
1.370596659792460553e-10
1.227314942129821236e-10
1.046649642744731320e-10
9.112702410554646323e-11
7.937308187985974664e-11
7.175677886973598624e-11
6.612686766981407920e-11
6.093616329479464632e-11
5.561282024362133267e-11
4.721344761781931616e-11
4.057084819440272114e-11
3.798252021725303768e-11
2.919490885886670387e-11
1.975866015898004906e-11
1.385183662871599798e-11
5.454998608643962761e-12
1.324311488486724981e-12
4.562392241717049595e-16
4.969296577787751622e-12
1.472588309467553738e-11
1.980839370192389678e-11
3.925093801343009677e-11
5.802008165429051863e-11
6.627046546033696899e-11
7.962531483906616075e-11
9.066945161706422113e-11
9.451346883561400689e-11
8.724891460512819294e-11
6.910769017234091447e-11
5.563877682330485683e-11
4.210199710248090981e-11
2.197142303361308863e-11
2.853276607250914386e-12
1.201473511891415678e-14
2.210300350553807551e-14
2.899641010035198554e-14
3.388181761805860151e-14
3.208999243103334644e-14
3.033930479665831470e-14
3.593969840493565036e-14
3.533114723903252317e-14
2.787879527060328393e-14
3.166637260207356407e-14
2.697675628237190521e-14
2.878816216040876167e-14
1.590724771280614577e-14
1.043246628263639666e-11
4.841508629650329725e-11
9.843959284024746366e-11
1.448765881724005337e-10
1.780603777936661571e-10
1.952375616746106610e-10
1.979951019786559916e-10
1.530094942044818283e-12
1.708780017291686911e-10
1.557114051078353759e-10
1.385773391921294185e-10
1.218988183576823220e-10
1.045036842800788398e-10
8.728827554661941420e-11
7.820775322658300245e-11
7.151780762296757767e-11
7.022344083260773113e-11
6.215887927423135067e-11
5.983473092206628599e-11
5.067715941094134553e-11
4.197382403175959523e-11
3.221033095185891059e-11
2.723385398903944754e-11
1.741844770526929746e-11
8.064923721191523600e-12
5.734500704585801520e-12
7.473226666380400125e-12
1.360499951228057460e-11
2.338934464941231810e-11
2.839296263996241301e-11
4.764834498268127364e-11
6.092075371048996870e-11
7.652457297725141624e-11
9.361686614004641707e-11
1.063269826529312414e-10
1.088636989260387657e-10
9.918669013652384427e-11
8.963344569848505775e-11
7.045076963899774470e-11
5.174437059081466651e-11
2.752664974485904735e-11
1.065556401850060220e-11
1.752976164764882412e-15
1.689838848297828669e-14
2.452293885474638228e-14
2.260747936116536885e-14
2.885432572771581263e-14
3.466045567860475193e-14
3.622098915690103986e-14
3.448748511273481661e-14
2.766888706048242510e-14
3.072064683349999216e-14
3.093197929630445241e-14
2.935795617251904841e-14
1.642784669263089244e-14
1.073895213225133345e-11
4.991417116504192826e-11
1.024764351537357770e-10
1.437417012903575904e-10
1.878291891529308605e-10
2.092332843449909966e-10
1.557662378081022155e-02
1.532832881794579140e-02
1.843948163958476802e-10
1.651796026669257505e-10
1.453438747902750054e-10
1.242578799541627525e-10
1.123505667372444526e-10
9.642059306968920539e-11
8.200447249314907820e-11
7.801354481067467690e-11
7.491344615397345601e-11
7.207511389343721209e-11
6.384999893379335294e-11
5.736279920032874920e-11
4.769394902950289963e-11
3.842541090208325484e-11
2.932432280336846323e-11
2.339721858340814464e-11
1.927481031607203177e-11
1.363374355721163367e-11
1.572914190638017578e-11
2.186343977599523586e-11
3.028308157982280905e-11
3.815968817349922204e-11
5.036870891001759416e-11
7.165627833528019816e-11
8.727394279406276980e-11
1.041590300303889237e-10
1.176266968415945103e-10
1.184432775045753706e-10
1.095995203037976888e-10
1.006714648026905265e-10
8.034600169123489829e-11
6.266213196822968221e-11
4.460622469768690253e-11
2.615809099610215031e-11
4.118278238096878959e-12
5.850577156060586630e-15
1.893673628071509295e-14
2.493204263434832818e-14
3.105885567127276866e-14
3.251304633824223717e-14
3.281983093562249852e-14
3.461242873493154194e-14
3.986659690044638361e-14
3.161613414360572592e-14
2.831355587634222402e-14
2.892869236261293282e-14
1.773034526892461843e-14
9.430205817882099596e-12
4.697172831896603617e-11
9.495860254996935268e-11
1.444345831916265235e-10
1.823245623827571816e-10
3.709748509329488575e-12
1.842962322828530465e-08
1.970842319582006182e-10
1.791815314994489723e-10
1.615284641267208407e-10
1.397377009752278644e-10
1.218624544228089122e-10
1.062025142952419405e-10
9.496879728356049281e-11
8.276443387002509183e-11
8.114428689245346971e-11
7.865766143887532097e-11
7.549367646864164950e-11
6.334885932948462386e-11
6.037010663428916719e-11
4.958124731893767757e-11
4.204188405195565984e-11
3.319408538678491421e-11
2.847388634276940330e-11
2.129548074207698023e-11
1.772042338242416659e-11
2.483178141806401287e-11
2.810940250407910991e-11
3.887094774941927720e-11
4.760228056807812489e-11
6.296887001313898578e-11
8.055050605563984221e-11
9.710801802729602409e-11
1.140998313531778794e-10
1.241488099480604282e-10
1.324267350193009517e-10
1.307082869050587232e-10
1.172946257514291865e-10
9.843417259739009117e-11
8.445852750481622495e-11
5.678883097162317068e-11
3.342588963378787882e-11
9.757915726327166099e-12
5.688333971722836357e-13
7.480183328247542529e-15
2.019068325715592013e-14
2.381037268919480880e-14
2.772044155096238365e-14
3.210408480098290802e-14
3.740762345225808475e-14
3.107964273640566236e-14
3.264233719451060325e-14
3.290620862291667728e-14
3.266124163575355573e-14
1.723128041403006095e-14
5.725684104750095813e-12
4.264080883826473784e-11
8.620743125089798277e-11
1.324744926685938727e-10
1.714169825434249537e-10
1.218229777795421521e-11
1.923649456809375102e-10
1.813951893555674606e-10
1.704380889759497078e-10
1.498208916941619147e-10
1.340128209235720571e-10
1.152869510094509143e-10
1.044774480825817163e-10
8.786991476750714868e-11
8.595845956667233313e-11
7.655803985751728444e-11
7.741164923814675507e-11
7.476699641936914685e-11
7.066998372142127687e-11
5.884374397588386280e-11
5.292846405995201224e-11
4.497711989505322492e-11
4.101326563346751480e-11
2.931307530056270400e-11
2.645717070038686531e-11
2.670749563862834196e-11
3.388896891529820269e-11
3.484682290857887027e-11
4.599739989772923838e-11
5.627506389237378467e-11
7.098574812289694403e-11
8.580365519415326165e-11
1.042489078060331305e-10
1.211717996074278994e-10
1.368915659773150800e-10
1.454708043255541086e-10
1.380351254860358886e-10
1.293946572401860032e-10
1.159969209590836659e-10
9.159217245608936367e-11
7.550941983801057832e-11
5.141309060825489470e-11
3.137989986152348979e-11
9.360878691305275623e-12
4.678902829982644908e-15
2.412917215943293955e-14
3.193329516797190263e-14
3.277868832890313118e-14
2.979442349154502081e-14
3.124495182700920849e-14
3.993054024585973193e-14
3.577071603054032625e-14
2.766704597133188172e-14
2.951916342776151962e-14
2.197670873874436451e-14
5.580700840628465657e-13
2.841507332410708994e-11
6.938289148682092134e-11
1.153318314276210419e-10
1.449543939153686354e-10
1.647179316693913891e-10
1.650202007152808099e-10
1.586895888177615503e-10
1.435879184090449153e-10
1.291436248282847218e-10
9.666711486454678940e-12
9.922579455418698795e-11
8.440104928191077060e-11
8.138594376394867134e-11
7.881925240526081739e-11
7.679449060028766641e-11
7.793048626091041265e-11
7.336171325824403528e-11
6.733083220826269163e-11
5.923942926355926629e-11
5.411564841977941823e-11
4.432071353785489653e-11
4.030233273920108921e-11
3.307910815914795290e-11
3.550200436195468126e-11
3.109607172804989346e-11
4.102722614994707585e-11
4.450823545001645716e-11
5.245322853007899135e-11
6.769508121228186167e-11
7.798040936542838271e-11
9.714103789451493450e-11
1.111656558444862082e-10
1.299741761814416521e-10
1.443881749173096929e-10
1.520026000962995076e-10
1.495873923699393560e-10
1.453429977746323652e-10
1.296728666104646072e-10
1.046353991267221958e-10
9.015900296517308699e-11
6.804154469177656614e-11
4.379655643890809051e-11
1.739227488801493059e-11
7.832644383148192037e-12
1.171963119818214545e-14
2.884708719725523623e-14
2.436914515086514264e-14
3.468498043114318384e-14
3.418988456316401310e-14
3.695143370400635349e-14
3.206875969787792801e-14
3.224544897066349393e-14
3.191451799786290060e-14
2.169496868508627715e-14
5.164197228182561786e-15
1.684196965549221570e-11
4.615103244774082444e-11
8.331929318616331886e-11
1.084764042187037121e-10
1.278747494574836002e-10
1.292143885728919915e-10
1.247004299180931921e-10
1.130684252950263270e-10
1.001060023391944281e-10
8.694688150136728477e-11
7.255555419885178784e-11
6.874986908995932028e-11
6.970327365689275085e-11
6.174355419381966975e-11
6.673906884496664881e-11
6.704759228272032623e-11
6.588223007464531250e-11
6.462485679682311382e-11
5.945631555119530981e-11
4.859376840275886821e-11
4.117545363703489174e-11
3.494147006588184653e-11
3.736515181937271414e-11
3.728531774682522388e-11
4.158606276138639214e-11
4.509484120771190100e-11
5.614294202520143851e-11
6.891256975598212790e-11
7.473908248836294089e-11
8.950255087565309892e-11
1.002600567810558500e-10
1.190042675988063243e-10
1.358186406392970241e-10
9.828231685600874680e-12
5.978329938454120320e-13
1.532409934755863076e-10
1.549220949864722567e-10
1.411794684718953472e-10
1.225006729552012788e-10
1.061001724424022056e-10
8.014009665875269197e-11
5.855221049050180861e-11
3.179370158095618127e-11
7.284244085218688383e-12
4.011024296323457998e-15
2.126614221218252182e-14
2.909860961387077618e-14
2.858150038894342437e-14
3.258768459181235291e-14
3.420681030596511701e-14
3.399155291717487470e-14
2.783639879674843475e-14
3.380675355968533985e-14
3.001267806807032194e-14
1.363892280498061754e-14
2.317460670899957242e-15
2.073071350650001497e-11
4.935999634903454211e-11
7.078269037346416450e-11
8.303025807288131031e-11
9.074756247598539114e-11
8.677541805164984355e-11
7.634625781830158250e-11
6.950696036420913965e-11
6.442554204087930716e-11
5.638753050766728375e-11
4.900260741798387412e-11
9.590325035262554920e-02
7.358804826188954096e-02
1.854968597788909542e-10
5.778116937305069749e-11
6.207012962734989570e-11
5.529598528897203923e-11
4.662213597479222822e-11
4.347837828327710826e-11
3.718610077341647105e-11
3.503052411600245801e-11
3.340278623123980214e-11
4.086725678869378828e-11
4.829278411672093594e-11
5.648390935612065652e-11
6.644285902120133189e-11
7.478537061288541001e-11
8.753430205296904919e-11
9.497596777293109283e-11
1.024465069930814991e-10
1.221318312578515060e-10
1.340966116029719854e-10
1.503706271788074197e-10
1.549896215799493623e-10
1.588077132828323191e-10
1.554902302759511887e-10
1.506745412629578338e-10
1.376138522887628623e-10
1.209283136959713027e-10
9.327222169315600247e-11
6.808630005340706245e-11
3.528204662629745336e-11
1.664250407651861853e-11
4.465717188608219835e-15
1.825651232004278712e-14
2.603978071327080225e-14
3.562350864804685135e-14
3.350403392609709520e-14
3.082292507119653180e-14
2.969021036267434343e-14
3.174800024287704270e-14
3.347229967971390624e-14
3.350101372075246893e-14
2.155652324556366210e-14
1.714275695164993480e-14
5.604433175610531459e-15
1.306028422539447607e-11
3.227774974085737193e-11
4.228527097339814998e-11
4.552591067353429635e-11
4.913745581020288120e-11
4.902560685878270623e-11
4.524204702130708948e-11
3.677323826448895976e-11
3.410552524621821997e-11
3.184435141692516356e-11
3.421255944795918373e-11
4.237539532036056072e-11
1.109650834633127703e-09
6.207043675147109972e-10
5.258458702575024807e-11
1.468013644565657796e-13
4.557827788548503239e-11
3.404602091556015436e-11
3.070820190354191210e-11
3.284227131447422195e-11
3.583660586216825932e-11
4.149802330539392038e-11
5.028223447570132442e-11
6.448096599102290139e-11
7.817658687338419640e-11
8.817819389855148452e-11
9.875841939331594325e-11
1.056655577501065171e-10
1.095245073947669948e-10
1.275709408086894343e-10
1.346949647038475423e-10
5.300532629761878589e-12
1.387696265485910928e-02
1.637272528610613390e-10
1.629307301252592828e-10
1.543806762582704122e-10
1.452801583036639891e-10
1.210647762330744073e-10
1.012679284011360899e-10
7.018417481586475845e-11
4.390460419198630022e-11
1.780495451593783791e-11
6.174318915162772683e-15
1.913654305154253564e-14
2.628216893283112264e-14
3.438832212841091530e-14
3.253540132294280524e-14
3.328797805744982465e-14
3.811512212447269657e-14
2.992895919634911036e-14
3.701869087941801498e-14
3.476644706371656874e-14
2.992129168965242118e-14
3.532225126320238695e-14
2.933694289246767452e-14
1.954444024352640396e-14
3.453059805729201901e-15
3.090073124732251739e-12
1.121057109444642669e-11
1.453644182321825059e-11
1.658699394739265809e-11
1.612914305907948157e-11
1.362507749262191498e-11
1.534275217868471024e-11
2.027090859381122136e-11
2.234820221478579053e-11
3.141223757283073951e-11
4.103097723431880083e-11
4.378619395406880440e-11
3.707000132550551815e-11
3.821618499471524616e-11
5.298604433718906324e-12
1.725953024628596601e-08
2.490622564438878528e-01
3.818630156675895573e-11
3.500888216339365657e-11
4.714814965027027136e-11
6.046242847293142567e-11
7.135828091101777360e-11
8.441538710711109783e-11
9.727088722633255702e-11
1.069305313568976886e-10
1.133660237727964116e-10
1.151336881529034351e-10
1.295072016121952666e-10
1.396978425529106320e-10
7.443215363242922274e-03
1.705365810780586772e-02
1.566952342535217467e-10
1.575685987034030733e-10
1.548342564229280877e-10
1.350630250817146959e-10
1.263427977465174027e-10
9.805851013079594514e-11
6.702487924414298836e-11
4.770427083089324820e-11
2.202072791490144105e-11
8.065429027770844711e-15
2.825642097624176721e-14
3.353793359237884121e-14
3.864607877877250764e-14
3.890429477544366254e-14
3.518874123259481015e-14
3.777900765193865857e-14
3.019098226060096543e-14
3.532519281724649394e-14
3.587114720878759931e-14
4.430700946009155973e-14
4.716479699880098712e-14
4.718745074186203388e-14
4.042688498795959410e-14
3.780715683106133443e-14
2.677380794177561691e-14
1.815208252454350518e-14
1.257731223355847546e-14
2.980274351255490881e-15
3.012385094158178439e-13
1.257332684479240742e-15
5.415090871539645612e-12
7.107711491711621051e-12
1.119566675208270208e-11
2.244183451952225539e-11
3.137515524309819142e-11
3.365961674386015179e-11
2.944228375141319181e-11
2.999106860137454896e-11
2.402367954967398201e-11
2.341821268771181899e-11
2.477358873752862794e-11
2.372232458895019448e-09
6.289808415794123642e-02
1.600317089941481701e-09
1.504460415857949541e-11
5.016496820541037334e-12
9.528459471520916222e-11
1.101845382834609505e-10
1.156943664730485302e-10
1.222488360091451453e-10
1.271517478943759854e-10
1.304778368605343857e-10
1.362829783464918127e-10
1.495398780400962122e-10
1.540596728801154675e-10
3.399747284931941429e-12
1.494066580653559028e-10
1.509529423259732274e-10
1.382110424496819290e-10
1.126790762510877041e-10
9.495262063524355481e-11
6.616577866523690643e-11
3.900816519094080541e-11
1.362165282451434384e-11
5.151853094558335437e-15
1.675341396250315533e-14
3.713561346570491992e-14
3.577453541752480943e-14
3.268828539846143424e-14
3.297132025608503109e-14
4.407703422893764958e-14
3.182054350254987960e-14
3.123979016231383742e-14
4.360339968586243416e-14
4.297063010341361161e-14
5.389837189297691875e-14
6.035633290793761488e-14
6.148623873054673625e-14
5.679329246375114787e-14
5.470662361270952425e-14
4.070600845418246010e-14
2.677196401217424318e-14
1.482784151883214713e-14
1.430907353511615323e-14
1.516249612342945018e-14
3.846063859907158287e-15
9.599372946304296576e-13
7.524194912323432159e-12
1.550854825272287864e-11
2.085376632938106498e-11
2.168847586798401372e-11
2.102635347531034455e-11
1.971165959307792707e-11
1.637236786586172382e-11
1.808875619787461595e-11
1.938872064590235422e-11
2.482082826882782261e-11
3.626176616270391041e-11
5.131825713571492752e-11
6.824410780160652818e-11
8.635034230915363064e-11
1.008219229222595618e-10
1.181374341408354323e-10
1.288467750867338736e-10
1.296615918975171392e-10
1.333322398513224733e-10
1.408854475509287120e-10
1.431180638393978560e-10
1.492388950727314920e-10
1.505469033143211255e-10
3.913388717409606340e-12
1.501202409717877365e-10
1.422013342138695040e-10
1.295004279052136905e-10
1.051059963112166387e-10
8.072587875966319765e-11
5.749157691030479868e-11
3.194696129916122327e-11
6.887183113715702178e-12
1.342785317776485500e-14
2.212074506980528514e-14
3.024469801093344702e-14
3.213140388623768483e-14
3.397204449555775433e-14
3.988036921248908745e-14
2.829333996369195420e-14
2.957978651732813997e-14
3.572669170776154765e-14
4.121138818603442111e-14
4.964663858345080371e-14
5.782925398590109923e-14
6.537860423857104496e-14
7.034483022886914225e-14
7.446525131162138862e-14
6.062185161167197893e-14
5.358820905937513312e-14
4.196449383152308111e-14
2.522087141036090198e-14
2.221113093161540797e-14
1.899102419581918702e-14
1.295221721440198365e-14
6.586281137958644123e-15
2.814573646714489025e-15
6.790460042300029886e-12
9.739608787291165212e-12
1.393933242424290590e-11
1.119616198946346400e-11
1.202090254023296643e-11
1.453789947141429703e-11
1.342759758302993422e-11
1.659050865782680778e-11
2.585935976228701074e-11
3.871594466024295145e-11
5.522986659067532873e-11
7.244629688308766939e-11
9.365537779555081871e-11
1.097084658644765458e-10
1.955597786994657312e-11
1.299465091212283808e-10
1.438396021524877545e-10
1.465844348847537402e-10
1.550765623626760876e-10
1.574619601294353470e-10
1.578643231623246108e-10
1.540881478412223696e-10
1.547720292153651327e-10
1.433477521184390766e-10
1.385631965979701000e-10
1.134260803793924126e-10
9.294605796288178092e-11
7.379802275083382127e-11
4.974582206971816316e-11
2.825389225108078798e-11
7.876226906202336833e-12
1.755249679697152525e-14
2.222115821549841444e-14
2.892403673504715921e-14
3.259628120271576588e-14
3.225076660966429933e-14
2.782498180908439365e-14
3.264739202277691444e-14
3.534797381427794780e-14
3.640990460436489776e-14
4.052738156012805734e-14
5.334036856142134403e-14
6.015996670541143656e-14
6.789021376757129855e-14
7.436089024678739909e-14
7.569928512598565998e-14
6.803735234155883947e-14
5.247587659595969275e-14
4.356958122887818185e-14
3.508855496949361922e-14
3.264692566327943969e-14
2.367162579577138607e-14
1.998566310305468090e-14
1.319423173322958896e-14
4.040861729427763885e-15
1.528225415737433476e-12
7.746870409170665812e-12
8.840803871002158418e-12
7.732211749125191099e-12
6.258686748531327094e-12
6.963865637713479845e-12
7.530178419899776432e-12
1.286935534691857546e-11
2.405140598578995242e-11
3.535254592057311810e-11
4.974329978119408046e-11
7.467379312343227667e-11
9.402728593270361723e-11
1.086880104262931799e-10
1.285023353917140216e-10
1.338258452529808768e-10
3.365038421837576909e-12
1.183003788843197351e-10
1.595534586686338967e-10
1.581808212413836772e-10
1.629092713577606123e-10
1.547601942298778214e-10
1.543232663005918268e-10
1.402925121070835098e-10
1.269601996216780442e-10
1.131142105023539056e-10
8.280937624618934346e-11
6.910988057139757743e-11
3.869582293240774274e-11
1.240267386100469404e-11
9.701363404914082632e-13
1.430088047359778997e-14
2.753535305496872944e-14
3.694878779732511804e-14
3.135934518181384951e-14
3.744435531068106085e-14
3.196155049434587927e-14
2.981311496451682397e-14
3.034430230751665013e-14
3.531541173342771953e-14
4.037758461788521224e-14
4.809624163660946286e-14
6.106836223279131666e-14
6.563805878885190062e-14
7.011847612660859559e-14
6.842450632519419773e-14
6.388487439926731337e-14
5.720122473896629143e-14
4.565600178024562765e-14
3.965910996320598205e-14
3.495313605358666077e-14
2.615906236294715346e-14
1.682514884952981393e-14
1.806340467746167592e-14
1.506209443047408742e-14
6.558539871635508531e-15
4.337624374222773677e-15
3.183826872431228762e-15
3.772508091590807637e-13
1.124335688081070922e-12
2.002429480762044145e-15
2.385521228242428466e-12
1.141563640968129196e-11
1.750045798346923206e-11
3.679418846116274003e-11
5.593529917858752846e-11
6.929343060621919324e-11
9.312073577552211220e-11
1.090279667215344740e-10
1.215913381825787174e-10
1.419161575668365889e-10
3.532705966080374633e-13
4.742186507089168196e-02
4.396873939568962490e-03
1.663692113419200498e-10
1.653603104946639287e-10
1.622415793075955511e-10
1.557332827316296803e-10
1.463778376966887622e-10
1.292879930810450352e-10
1.039159353681388132e-10
8.436260361489054074e-11
5.048636251547897465e-11
3.531859538023608068e-11
1.274545681719593693e-11
1.190124798329632889e-14
2.202966145394118186e-14
2.633227864221135367e-14
2.918320731938651081e-14
3.163903974513262321e-14
2.990677812324263636e-14
2.978876616071391890e-14
3.406992175411690426e-14
2.995905153962892898e-14
3.345972845218337151e-14
3.405344458343405566e-14
4.840553942003853168e-14
5.240753472594334410e-14
5.731664466790000375e-14
6.284911154915237439e-14
6.124051101083428101e-14
5.802340210473434373e-14
5.418453305401723823e-14
4.255645285173618522e-14
3.965257346260080569e-14
3.515011780528067722e-14
3.517940924387032238e-14
2.645901016515812160e-14
2.056953924348558693e-14
1.564273669999701776e-14
1.354531657197763682e-14
7.010988656223233953e-15
7.478206214974507543e-15
4.086196784816408207e-15
4.719531297725214816e-15
6.935520619505430976e-15
3.342840840829482064e-15
3.707133528349854281e-12
1.917232574775531306e-11
2.978684963166594587e-11
4.789001845145818841e-11
6.731993934341060052e-11
8.296454943626430850e-11
1.066101320047096750e-10
1.167027697089000766e-10
1.357823819486516653e-10
1.449453390573922517e-10
2.828314377583370538e-09
1.070471773046861906e-03
5.077752247087810213e-09
1.658907118625478298e-11
1.132400686259458994e-12
1.608279080521908407e-10
1.492502225920177532e-10
1.306444476935231300e-10
9.966033003618982843e-11
7.489145283827399382e-11
5.182098832457935558e-11
3.134149313013535066e-11
5.496140688784567909e-12
5.207815413660023042e-15
1.838448911685371588e-14
2.740969919187443982e-14
2.266440373285277560e-14
2.822616670691882043e-14
2.952334999604201939e-14
2.371164484569491111e-14
3.013012809311557846e-14
3.048372201619853165e-14
3.301268138568141686e-14
3.344468890323465683e-14
4.311212444565344555e-14
4.924205528482964248e-14
5.577507020984916278e-14
5.780559732135314188e-14
6.007541374036946796e-14
5.728273303052599204e-14
4.965547374681821706e-14
4.216041016626498407e-14
4.321659047101503160e-14
3.641296430136221049e-14
3.290514342326680775e-14
2.934291314536242439e-14
2.200786013470898626e-14
2.219695205011015411e-14
1.842974964326555067e-14
1.618841550114872002e-14
1.416666513430497212e-14
1.247391073734679005e-14
1.199233452413292485e-14
1.176624359164071809e-14
7.093596063047781318e-15
4.537823699752511701e-12
1.258164665973468867e-11
2.946875720866307804e-11
4.192845336617338253e-11
5.563400246549148499e-11
7.202012677971071620e-11
8.977273817453116185e-11
1.043851543546675769e-10
1.211212993646974935e-10
1.401393484864526191e-10
1.516207739311377664e-10
1.642071212685219357e-10
1.717616782436109291e-10
1.750556074052674393e-10
1.707822222730660811e-02
1.720919130448306394e-10
1.515698470791042597e-10
1.373592743168987723e-10
1.106134996130962051e-10
8.004940283001780461e-11
3.963184294035166413e-11
2.209784388378958251e-11
4.938695958683863880e-13
1.101066333696373977e-14
1.350166660873530507e-14
1.738323820549705569e-14
2.388017925838585883e-14
2.887168835725503530e-14
2.603869198043717797e-14
2.473932293836602857e-14
3.071710317370722021e-14
3.180751644555225356e-14
3.290103162771597256e-14
3.696433683688191330e-14
4.230937638660474136e-14
4.357271145696465741e-14
5.195369210755101756e-14
5.160634724125444208e-14
5.348161126712174149e-14
4.884006395617224291e-14
4.777791472015721297e-14
4.282538776437761271e-14
4.254089728277614389e-14
3.423747149690156134e-14
2.931725400141207732e-14
2.965403235999133353e-14
2.771638958683222096e-14
2.401620866103121402e-14
2.534854102145865245e-14
1.726188042833153502e-14
1.622233366145428914e-14
1.806469483723433059e-14
1.996875706442155475e-14
1.451503795445594044e-14
1.163911193975159752e-14
3.331471748832268290e-15
6.093818296949936894e-12
1.676992933291655571e-11
3.135731558045925733e-11
4.136487689524264597e-11
6.047049976243795775e-11
7.557356245655504157e-11
9.171715958067218455e-11
1.081736208429347541e-10
1.245483716032824103e-10
1.380176937968789558e-10
1.518931065409084999e-10
1.642706003099021591e-10
1.701862163711497329e-10
1.792567518213592790e-10
1.964485817434962617e-02
1.631024438881023928e-10
1.392319656871114671e-10
1.125002064622226345e-10
8.524701128350130736e-11
5.570078592893065833e-11
2.470729460617131350e-11
5.965009209320982332e-12
5.862482658894427291e-15
2.222479232621936435e-14
2.201550730671518946e-14
1.857845097097479325e-14
1.405723908177042691e-14
9.289681831418505600e-15
1.472134896036045211e-14
2.112230816872401295e-14
3.317157990081065411e-14
3.280149439210996987e-14
3.375124980767886392e-14
3.793523399484615733e-14
3.838764557777092412e-14
4.389331991304341265e-14
4.172186577835799513e-14
4.282857829816817600e-14
4.469384867922902862e-14
4.148214659297155424e-14
3.859532795384508271e-14
3.741870741263441425e-14
3.357533507945946097e-14
3.418866933185220317e-14
3.080658250714851562e-14
2.805017488766547294e-14
2.824440037463689553e-14
2.681659821567344806e-14
2.676648392178119854e-14
2.710099251666193563e-14
2.721481818508130737e-14
2.526034970157632198e-14
1.919086600370222847e-14
1.721230564960545578e-14
9.323434396472253591e-15
7.199107056089797816e-16
1.061123242920404933e-11
1.700446343791247675e-11
2.542630202584862589e-11
4.423947171538458609e-11
5.449219145158969321e-11
6.552408054792143926e-11
8.884917222424999116e-11
1.027627742598633400e-10
1.206887327016342318e-10
1.399089245601690476e-10
1.569579704319364722e-10
1.665749794241784877e-10
1.815213881317787996e-10
1.761569444634559160e-10
1.670348615742187763e-10
1.419491118071327229e-10
1.184191538884536405e-10
8.880240928506074116e-11
5.593091309802051943e-11
2.696252699554886813e-11
1.145780236262637048e-11
3.422256110983457019e-12
7.203670428780247972e-15
1.066379129708253938e-14
1.083951415093020756e-14
4.254268735994247633e-12
4.322050170002155601e-12
3.669813949485191089e-12
1.290258151866996122e-14
3.688457166925564527e-14
3.109310020901656683e-14
3.357031612108180822e-14
3.646827358712454973e-14
3.820922394109546249e-14
4.225699893686073941e-14
4.117710695269068427e-14
4.738124937571074381e-14
4.381036041364216580e-14
3.834427428978889706e-14
3.687580522748387059e-14
3.691519136164995936e-14
3.586662329871933325e-14
3.379494670864791887e-14
3.078242102473063987e-14
2.888479705927145544e-14
3.058351024953850198e-14
2.494069344573609515e-14
2.369825178226603938e-14
3.019202120885693035e-14
2.750094539348381620e-14
2.898894653292176100e-14
2.406648750018802970e-14
2.016980328018937227e-14
1.662485752153923070e-14
7.503171668927036851e-15
1.583580541438767994e-15
6.296303719911861671e-12
1.679529571346359360e-11
2.288478835924036609e-11
3.181688198913453309e-11
5.108861929419180518e-11
6.620880575339288207e-11
8.523181310541322733e-11
1.025325236766528401e-10
1.246402088059234272e-10
1.506782893227044613e-10
1.631512174051705106e-10
1.673183783687052158e-10
1.769089604288278071e-10
6.429306431430245128e-04
1.544228132138001937e-10
1.246379418350614104e-10
8.920054915532006535e-11
6.600413066104893231e-11
3.704384238942637356e-11
1.236114640180099114e-11
5.587372940224280907e-12
1.025436035311520657e-15
1.697066830951931631e-15
1.069307875968614361e-11
2.569407000187140666e-11
2.576687949581153894e-11
2.273866542023284652e-11
1.100564041057583469e-12
2.976004483006449473e-14
3.024819970312425797e-14
3.067948113572004177e-14
3.277273187949196965e-14
3.665737599566805949e-14
3.964182832600363006e-14
3.871054491973904126e-14
3.941498608943606173e-14
3.786179800972197268e-14
3.642828291495113464e-14
3.043709182976295893e-14
3.508290602326410870e-14
3.414601292685476259e-14
2.959242655213883242e-14
3.211367180473290345e-14
2.832881224839661665e-14
3.334457829251134252e-14
2.839367947679791855e-14
3.038147172538103393e-14
2.961471479634047060e-14
2.920422725384609978e-14
2.671986182117795702e-14
2.722770399523153889e-14
2.469627852683201754e-14
2.178882512400073449e-14
1.328613440294311027e-14
9.191689106516354188e-15
4.106292620704587915e-15
1.538931329593637212e-12
7.647774444081713740e-12
1.750974866856177605e-11
2.873460432600091927e-11
4.504859159485685926e-11
6.204457144839576123e-11
8.218104954156075526e-11
1.056826956252914308e-10
1.266365042841125390e-10
1.397254668021144535e-10
1.621229399848803750e-10
1.704449172476389243e-10
1.662820602885195831e-10
1.682375924811829417e-10
1.300184660949713853e-10
1.033017358341360589e-10
7.395376056678618461e-11
4.492795791865347286e-11
2.291188315254409869e-11
9.137699745059772426e-12
1.034859324294329866e-11
5.654360443982500563e-12
2.703139976712112767e-11
4.382727543256552839e-11
4.720099029626872616e-11
4.557673616004296514e-11
1.442742696966962947e-11
2.968879117139936269e-14
3.177316953566980407e-14
3.124894383416239794e-14
3.607008767246595669e-14
3.319138915139232618e-14
3.504737825212633658e-14
3.401860173021458980e-14
3.386756171918515927e-14
3.368260521294568012e-14
3.257592831142479748e-14
3.608130180573564520e-14
3.128095825818105211e-14
3.396557012886933533e-14
3.157419351214586789e-14
3.071360763848200104e-14
3.160593509863811081e-14
3.146906154290274853e-14
2.822900867203270542e-14
3.173109797778998606e-14
2.981573387011486359e-14
3.140532601703982252e-14
3.008951502870223072e-14
3.048440234452661569e-14
2.813917919225485317e-14
2.223006378674293204e-14
2.131793066626172026e-14
1.826539148363217485e-14
1.815781309504064068e-14
1.067023445946636619e-14
9.788130629233040086e-15
3.546987068810918277e-12
1.119822296907959534e-11
2.968119698136994166e-11
3.920780863594006817e-11
6.307250551431654198e-11
8.681336436053822330e-11
1.066105026596480005e-10
1.273324052963991830e-10
1.429609091666784618e-10
1.584751906896889329e-10
1.642239879795580706e-10
4.103154687678600855e-13
1.357581939613004417e-10
1.086523694453719409e-10
8.472204965938766456e-11
5.583646560766279416e-11
3.561521639359517295e-11
1.699021192167545415e-11
1.527468823651954380e-11
1.638817322218543948e-11
4.440618732386027467e-11
6.724209860675713019e-11
8.022060158189497470e-11
7.201325757733503016e-11
3.413322259549620364e-11
3.536093629252558605e-14
3.092972737177738947e-14
3.296080135556665854e-14
3.474898648763676964e-14
3.085430744655605565e-14
3.241355134217286891e-14
3.217787420453469357e-14
3.414221744357955903e-14
3.553601494643102175e-14
3.382461841851794460e-14
4.055542703804791254e-14
3.455933077391117128e-14
3.419505083764077263e-14
3.520844471357666989e-14
3.245754790432723439e-14
2.756728285535192074e-14
3.364505580661130524e-14
2.951047837111669823e-14
3.506294416360148864e-14
2.728149338990130647e-14
3.143187264575467918e-14
2.815473499947106062e-14
3.068883122200443120e-14
3.144158903444488643e-14
3.175979635504140391e-14
2.739631715122378906e-14
2.169730798332826757e-14
2.833195685381943766e-14
2.114772519100717133e-14
1.803660033536085535e-14
7.551632078868937174e-15
2.495364541325257742e-12
1.551449272334063815e-11
2.600865691349236208e-11
4.694580201263010778e-11
6.619587215943555713e-11
8.859583166825793022e-11
1.139618106951491946e-10
1.275556184031816735e-10
1.505443478877546480e-10
1.547518053933089592e-10
1.488335666775370433e-10
1.223199117181164239e-02
1.189220310710502692e-10
9.091841265228067351e-11
6.942618519124273691e-11
4.569055237056258232e-11
3.422396760755391216e-11
3.116412005176191159e-11
3.927876898797725865e-11
5.799329414240696821e-11
9.085244491627704134e-11
1.067895046671122831e-10
9.723391211165544298e-11
6.384330984223068553e-11
3.237077314573667998e-14
3.450346447984923208e-14
3.116038449687154812e-14
3.309732907018538420e-14
3.636330665746374615e-14
3.130307393628937041e-14
3.342674704851254875e-14
3.309120131420384050e-14
3.442766854035365409e-14
3.557026583487849059e-14
3.625451576292840122e-14
3.228943292565879750e-14
3.441088852441931831e-14
3.071365920525084116e-14
2.900136063581568361e-14
3.024148626526974837e-14
2.946653222903300877e-14
3.359177237160759116e-14
3.265778033797899700e-14
3.421333066611716511e-14
3.065224261311219433e-14
3.043664085391533572e-14
3.282707458761440448e-14
3.187036166758299363e-14
3.326939983058408112e-14
3.322724684231048314e-14
2.851293664698162533e-14
2.851409368852542606e-14
2.986648883570450495e-14
2.281585417711681693e-14
1.923944312776355678e-14
7.787101258033509029e-15
2.079852609072619446e-15
9.928923598887613856e-12
2.589104981127344980e-11
5.006192945147563226e-11
6.775355349073324890e-11
9.873925078928808237e-11
1.132361155616979783e-10
1.308340447523006664e-10
1.472395168141816812e-10
1.521402569902135136e-10
2.452220590457049886e-13
1.490321725651821451e-02
1.031792682514352378e-10
7.962510907239121659e-11
6.501251860576445704e-11
4.568356856075221479e-11
4.610922793121962497e-11
5.718438320790453810e-11
7.873864548943426791e-11
1.156754261574537045e-10
1.357355146411955365e-10
1.226905968932743597e-10
7.942893200364734430e-11
3.170583413240388830e-14
3.134419095761890702e-14
3.195512834818780205e-14
3.020225958161281064e-14
3.220050002238086990e-14
3.266124833566908645e-14
3.230909574323225849e-14
3.250023924695369043e-14
3.211310075654963460e-14
3.014468993529906700e-14
2.975041376678590210e-14
3.389601616236015549e-14
3.096657971011487554e-14
3.108775775410543856e-14
2.930091402647316692e-14
2.991228797548226650e-14
3.565744168310226448e-14
2.804702301712306271e-14
3.043662984484854280e-14
3.336001309075028101e-14
3.259320917784965619e-14
3.282964480383022089e-14
3.531075031244814035e-14
3.002002741954339398e-14
3.206217701861016003e-14
3.404311062917989644e-14
3.437119631668428701e-14
3.398548116004597637e-14
2.907464761675410446e-14
3.485753489826431800e-14
2.438247971691725247e-14
2.143428921671614323e-14
5.582582620164713770e-15
3.878733448927091357e-12
1.949915902884637907e-11
3.697739164079277818e-11
5.263230991639136161e-11
7.797258229866037884e-11
9.670838737253681624e-11
1.227771029947190492e-10
1.380354754270076938e-10
1.461056385227866022e-10
1.420029556502315646e-10
4.018248232924570705e-09
1.100246940102869672e-10
9.359431507349525564e-11
7.314650386005269729e-11
6.228528578970387436e-11
5.893744001404366659e-11
6.284171803245526760e-11
9.187384859019021343e-11
1.309244977753167016e-10
1.475385951750145236e-10
1.428999676387778261e-10
1.117859495886982414e-10
2.965172550899045875e-14
3.450667917506609571e-14
3.074835006255223519e-14
3.252378458200373834e-14
3.433956227113383945e-14
3.308191313196660244e-14
3.082951684872114589e-14
2.839060938781658938e-14
3.281349716672285816e-14
3.262734837436613512e-14
3.244650161739578584e-14
3.126431503492959029e-14
3.027567544094268303e-14
2.975275687848154539e-14
3.397034616806106685e-14
3.166518600942464237e-14
3.068772289815739398e-14
3.558578385224200884e-14
3.096139733176775589e-14
3.369318564690086086e-14
3.032286175159097579e-14
3.220251995797160996e-14
3.293525097564882262e-14
3.035625379720609635e-14
3.426905058098612591e-14
3.816019238233432630e-14
3.436331664058925449e-14
3.455722233622622656e-14
3.447585135359942012e-14
3.600397081327492867e-14
3.039490101164427322e-14
2.552845468883389797e-14
2.433397447242543613e-14
8.791775582595980565e-15
9.588340689426188515e-12
2.036767402490603148e-11
3.996022855790702072e-11
7.078668409647256965e-11
8.645908592470784305e-11
1.103785372815660894e-10
1.279448623104681309e-10
1.436601595937347271e-10
1.433868732779052400e-10
1.384327053001250479e-10
7.078148240270099034e-02
1.065894958130316265e-10
8.249990192642379128e-11
7.655664460906305634e-11
7.631680345580833552e-11
7.777782764514128957e-11
1.053996988427767534e-10
1.342712193204854460e-10
4.807552277003546578e-14
1.567533872693876502e-10
1.300390670987284347e-10
3.376176626147152243e-14
3.175481887927065131e-14
2.965155378585201603e-14
3.349839688106777130e-14
3.180979404899907730e-14
3.020899915443976929e-14
3.143022294472479012e-14
3.594993359024496511e-14
3.328372463188420173e-14
3.587840282332347856e-14
3.202992172766651484e-14
3.731949054496498247e-14
3.081273093156876892e-14
3.449017762898968486e-14
3.425239534450629559e-14
3.126467739004611002e-14
2.943250023889010275e-14
3.048118224880690785e-14
3.173892225887723066e-14
3.381559421440339410e-14
3.077971051258518482e-14
2.975823184280723455e-14
2.915343476093452962e-14
3.203397556617443397e-14
3.501678608748400850e-14
3.391070657009176167e-14
3.249795508155791443e-14
3.546278585936718336e-14
3.515238035188959582e-14
3.837767289681164722e-14
3.858056528014687066e-14
2.749550658922555552e-14
2.498304139717545151e-14
1.137222334421834240e-14
8.842226381958086846e-15
1.390927604672603289e-11
3.305101478221340276e-11
5.455871628109245649e-11
8.392422606004018366e-11
9.917848656847960973e-11
1.303787228287193159e-10
1.342763251265431422e-10
1.400003360194391011e-10
1.435118014282239615e-10
1.351993557496390782e-10
2.746288361995153857e-08
1.054929889136855794e-10
8.441910509329552801e-11
8.121895105687852901e-11
8.182126542971856554e-11
1.055486527762333410e-10
1.362112398569699828e-10
2.627411037148003753e-02
2.419884286106857844e-12
1.395260932309925337e-10
3.114677165506654826e-14
3.194148300882189970e-14
3.372981579530360837e-14
3.340587326449536610e-14
2.986113616820165017e-14
3.342861925918599828e-14
3.112138287011125101e-14
3.356346611499435429e-14
3.069060736214086520e-14
2.965132133743107500e-14
3.023553811920554862e-14
3.048860079649840176e-14
3.102333616763606198e-14
3.303468094357548250e-14
3.382640355023666944e-14
2.965121647993898682e-14
2.857809823469665044e-14
3.136688310546934230e-14
3.231859896527849669e-14
3.107008183780056572e-14
3.244223781808483148e-14
3.277201086534204896e-14
2.973189489596724793e-14
3.337436314695863756e-14
3.757742157745031601e-14
3.739821542876402983e-14
3.627760778747241494e-14
3.336867027454389116e-14
3.123527239585181633e-14
3.858021566174990212e-14
3.927043835773198968e-14
3.254084533658277631e-14
2.854065010358705507e-14
2.194881494831469736e-14
9.786464573442984248e-15
2.296127717838235654e-12
2.980183752155188787e-11
4.648704163028699590e-11
7.019538122565950128e-11
9.782576951659081689e-11
1.156999870097929888e-10
1.253209898904637896e-10
1.403863617786894810e-10
1.449193753144380370e-10
1.412593314317534027e-10
1.279851278078076292e-10
8.006998495002684568e-02
1.000844626294227006e-10
8.947215872498931812e-11
9.430721543902946735e-11
9.891891084633064205e-11
1.379956190141963833e-10
1.511771473666549694e-10
1.575447571710730279e-10
1.464831907231577011e-10
3.391893513699218202e-14
3.379439645444893816e-14
3.351147394960074989e-14
2.863228184455555770e-14
3.316577007276149133e-14
3.076958346984485818e-14
2.918594739293052888e-14
2.968712259706144089e-14
3.318501802988442020e-14
3.037287516328318930e-14
3.056731977311590978e-14
3.101194472629335119e-14
3.358568986096391396e-14
2.876279233178161011e-14
3.557661055392684030e-14
3.095648324274191355e-14
3.018555778377982720e-14
3.262522570087719460e-14
3.027527485972410705e-14
3.350433916059108774e-14
3.500210804687895058e-14
3.471273400431068742e-14
3.199981492352404787e-14
2.996252136297559571e-14
3.262314310222922908e-14
3.460982926197694805e-14
3.390226534124307934e-14
3.677581556412596154e-14
3.102774655893743905e-14
4.061129631579317846e-14
3.509432263125481718e-14
3.185412014604804922e-14
3.256897156917101535e-14
2.242153416659735315e-14
1.510383776027773595e-14
1.424529126828788485e-15
1.943723045062677533e-11
3.174613652950863707e-11
6.073718574709555641e-11
8.789626338492508214e-11
1.045759016177909635e-10
1.197433652580101075e-10
1.302825080331099607e-10
1.382493460056101309e-10
1.366245529219403619e-10
1.269001424924843508e-10
1.355063040738744882e-08
1.524068780702182767e-12
9.792696702890404794e-11
9.881184349137900769e-11
1.065657680130693114e-10
1.127485468551761518e-10
1.273735701776076988e-10
1.445614348018712932e-10
1.418201537703846976e-10
3.087010854786385902e-14
2.876856999432295815e-14
3.067511002514832241e-14
3.069248131323077302e-14
3.225479637616902570e-14
3.268241126361451400e-14
3.247014752701666347e-14
3.133228521706380236e-14
2.964702564319873401e-14
3.257665174483819616e-14
2.898205961699249452e-14
3.111024014961573837e-14
2.934635400773005684e-14
3.126430623880666652e-14
3.300449804715685786e-14
3.090106642720232539e-14
3.058201844179502793e-14
3.445673017313724231e-14
3.660794742630956359e-14
3.335946989549971905e-14
3.077250217074406642e-14
3.055074984011403509e-14
3.102032547784217645e-14
3.412781072500469623e-14
2.980101748681441686e-14
3.709437741025360493e-14
3.381996642575398718e-14
3.426001232931647403e-14
3.223868397796352437e-14
3.995637675421418808e-14
3.620830788501987501e-14
3.856538146835777467e-14
3.791054405181795932e-14
2.531142633102719655e-14
2.036994969179783654e-14
7.644679226221761687e-16
6.204754764755607343e-12
2.752706463849122722e-11
4.794005713270791891e-11
6.931151999482682810e-11
8.762717473339396593e-11
1.103108280735753806e-10
1.257939151697415241e-10
1.226019330392923131e-10
1.305469541974384903e-10
1.319921574116004449e-10
1.283482212425360008e-10
1.680694183035425541e-11
1.084369221934190702e-10
9.943427824789942539e-11
1.051280019616453539e-10
1.055000069656149372e-10
1.151946833426033598e-10
1.195002430523454034e-10
1.252911898080424151e-10
3.243058312049694090e-14
3.053532982101494840e-14
3.643167624718020276e-14
3.179718431402006488e-14
2.889840869919047211e-14
3.065227346877046559e-14
3.267536772019808643e-14
2.816022587895753333e-14
2.871219667095113475e-14
3.327676559730715049e-14
3.269042633677210705e-14
3.422619548396877806e-14
3.461115910384451037e-14
3.288559679405632745e-14
3.158346584575683275e-14
3.127067130805623679e-14
3.464612279322884723e-14
2.885424346246086207e-14
2.866792746131395518e-14
3.180844113861361681e-14
3.223840967221267363e-14
2.874368443824829184e-14
3.102201700987070698e-14
3.248794472373117310e-14
3.538205317219667247e-14
3.615913816871077057e-14
3.667209190660640275e-14
3.298449472788860314e-14
2.981552604239441715e-14
3.730428694317072616e-14
3.270999798758555767e-14
2.570311212915064301e-14
2.654798442548482476e-14
2.344640050583424332e-14
2.214637615358165556e-14
5.735750369923749593e-15
5.263141368077667669e-12
2.161953669993265213e-11
3.924235605320931189e-11
6.059522384382557188e-11
8.061160657350346316e-11
9.705946590898197044e-11
1.070069588031893140e-10
1.177408233279223272e-10
1.236808731170755892e-10
1.241497361912311895e-10
1.261709635192654559e-10
2.060301764431608400e-11
1.142122750882570311e-10
1.041830732447698187e-10
9.726020448500045656e-11
9.534471176590591876e-11
9.244958800324254409e-11
9.703279502542807914e-11
1.071311946659239884e-10
3.225827528867861944e-14
3.434648006258750748e-14
3.049909646746655385e-14
3.223076338426996853e-14
2.918825938312804256e-14
3.444299603622672654e-14
3.489201639284960697e-14
2.985288515424798433e-14
2.966907730698623441e-14
3.229929940118624977e-14
3.370007173347914386e-14
2.824455292642333352e-14
3.413620851752538244e-14
2.866564489692248086e-14
3.080712056129659491e-14
3.279103313701911405e-14
2.892685859921996832e-14
3.072259495899547757e-14
3.005756734391543805e-14
3.234646071282899770e-14
3.306052480221403612e-14
3.002398214755281978e-14
3.328968560813728560e-14
3.411813175849395031e-14
3.815507980933242091e-14
3.043902112420627610e-14
3.226553282297103063e-14
3.551218337186152371e-14
3.661205871880550978e-14
4.374703264344938023e-14
3.569170688854901745e-14
3.634595977227289551e-14
3.266141117955046105e-14
2.777396961323180341e-14
2.623836550974641241e-14
1.552227797448727574e-14
5.166681898012764150e-15
1.114751459852109624e-11
2.988459155829090931e-11
4.376605419504520560e-11
6.170039088191893718e-11
7.824252474429002193e-11
9.017611731934665282e-11
1.045545162950684814e-10
1.167801446018290214e-10
1.212539741960537489e-10
1.259665468485459272e-10
1.174528986155263660e-01
1.170556785601047049e-10
1.109450140576156430e-10
1.013262984188823455e-10
8.344992698211820007e-11
7.399004262054517593e-11
7.151053686147193381e-11
7.465044460712230958e-11
3.031854465050880795e-14
3.167259671193284191e-14
3.006221069096977956e-14
3.173772870730292178e-14
3.378176106603121151e-14
3.153135192818656057e-14
3.022107709767777151e-14
3.269045829104814550e-14
3.430376387213657178e-14
3.208261761588121789e-14
2.543755421793820018e-14
2.901772788706791393e-14
2.994310120013934434e-14
2.845920073218645394e-14
2.651365450235820856e-14
3.181500176782001696e-14
3.157959137051974476e-14
3.220491636017199315e-14
3.377945857398624383e-14
3.187398642050569073e-14
3.633216396308982614e-14
3.171001540375742193e-14
3.285013281382321110e-14
3.127067964944184423e-14
3.252930240115218561e-14
3.365610516714706029e-14
3.485173778651721282e-14
3.634753842029727045e-14
3.510601411913765466e-14
3.872974596496737292e-14
3.829619912041556671e-14
3.493874830728864120e-14
3.672353639676142406e-14
2.048371636871835952e-14
2.404982277799250309e-14
1.719961555368805098e-14
1.049156333191772463e-14
6.295827022744168753e-15
2.254278378168859127e-11
3.159495000466692594e-11
4.846269202146614763e-11
6.260770257046968058e-11
7.625742810290565471e-11
8.310509157950044309e-11
9.813018351374878283e-11
1.038884320146557815e-10
1.206616691397677781e-10
5.787360134905018266e-12
1.175624979852267481e-10
1.094059376165045224e-10
9.151735470224867665e-11
7.217347616453400255e-11
6.435236738783425980e-11
4.877764122371119086e-11
5.570219009015703521e-11
3.082140475058643544e-14
2.708971476946100022e-14
3.290470117958486963e-14
2.988458049396187568e-14
3.091451764058506196e-14
3.223959010557110425e-14
3.561323304574628777e-14
3.090815137087782005e-14
3.330147262999269423e-14
3.440742309972528268e-14
2.669208922248239416e-14
3.250318418799204901e-14
3.156318751944998772e-14
3.530387311722968629e-14
3.123451079594963336e-14
3.310017978920321244e-14
3.329586705080755864e-14
3.225257986624487615e-14
3.103380891022264050e-14
3.171916778234757852e-14
2.981415141639199797e-14
3.146003443000576907e-14
3.535301559376269329e-14
2.858734566538625644e-14
2.994366855583927499e-14
3.690544199363629462e-14
3.490849913361532755e-14
3.363032288203313085e-14
3.342773109525906345e-14
3.661541136612352219e-14
2.992762562453988813e-14
3.922054539837548801e-14
3.773380385656319851e-14
2.989508874518919155e-14
2.781290443096341016e-14
2.076946952584267337e-14
1.728540041031324516e-14
8.593162103226257895e-15
1.749568994058496415e-15
1.965280505489896437e-11
3.034712715045975220e-11
4.771771520999331480e-11
5.726467410079758117e-11
6.468516359852504474e-11
8.792187304230856346e-11
9.569205415158158826e-11
1.131694020550582781e-10
1.074434948010184632e-14
8.216425600496069708e-13
1.107844895255729231e-10
9.151279571352233256e-11
6.594598549663888247e-11
4.133468730882293692e-11
3.014239071455512091e-11
2.076903171652333641e-11
2.667828215655795661e-14
3.060960194952949091e-14
2.997613025307377737e-14
3.479435963690798089e-14
3.530781870518541755e-14
2.792855492252959185e-14
2.902313425247386894e-14
3.373240296183595847e-14
2.959823822434312089e-14
3.106832991516512646e-14
3.327101725324903853e-14
3.380868152964923367e-14
2.847155835927388925e-14
3.543097792260489532e-14
3.108895679339539933e-14
3.359651417059566388e-14
2.821752338691826243e-14
3.264977938785870522e-14
3.416139174758086653e-14
2.969546443497280869e-14
3.182925999841364729e-14
3.059112213508818164e-14
3.096931947442422601e-14
3.357712333657894158e-14
3.157190960543766395e-14
3.607208499401764621e-14
3.241757630969055035e-14
3.040778540956803187e-14
3.360051495693996956e-14
3.096759291946971887e-14
4.235281736675473339e-14
3.513118633876571854e-14
3.553362652424673304e-14
3.284778806075051989e-14
3.402447964115433494e-14
2.504374087872919084e-14
1.559592947230967141e-14
1.360458675128971446e-14
7.821790031365633040e-15
1.813902171266284805e-15
1.146608940830692386e-11
3.115219784884669460e-11
4.680606364943546081e-11
5.818221843572127205e-11
7.710478171950972837e-11
9.380716147623589261e-11
1.003652221835919545e-10
1.161398345204766530e-10
1.123919226334349803e-10
1.001066634063086192e-10
8.280831764211826058e-11
5.005746835357982465e-11
3.144763369446787370e-11
1.164986183677166227e-11
2.097989339279643192e-12
3.028413807214958861e-14
2.997814387626047285e-14
2.980575284185188164e-14
3.090404046603986094e-14
3.217718669985210431e-14
3.145306606564669283e-14
3.081060766827125507e-14
3.207341253437359494e-14
2.916161331524702978e-14
2.921133463473362974e-14
3.097828401026254772e-14
3.096722522310810938e-14
2.969210041519050572e-14
3.173562434936953562e-14
3.302471260047364282e-14
3.071275543109029429e-14
2.763066280556791466e-14
3.150428402078027819e-14
3.267123727856997746e-14
3.256985799931208237e-14
3.306874842068575311e-14
3.367497634680615960e-14
3.437119789841114427e-14
3.280468773552572748e-14
3.039262421449786681e-14
3.285276240323043723e-14
3.359874710361714660e-14
3.191071874166567646e-14
3.162914329232042611e-14
3.395217870646670824e-14
3.599366889999392773e-14
3.892419651435759501e-14
2.928879964650831924e-14
2.987846056467747251e-14
3.596757210909143461e-14
2.322678360610968123e-14
2.618175956172214069e-14
2.339879650942585179e-14
1.783816773689092062e-14
4.548792039849956222e-15
8.707628656787916155e-12
2.535217963123186454e-11
3.550385706310400347e-11
4.901152663266093864e-11
7.026716754844930289e-11
8.764026253221096905e-11
1.011716973425798252e-10
1.093950002949930152e-10
1.050991836771867026e-10
9.261436354293087330e-11
6.866560534004276654e-11
4.646930934651694849e-11
1.606852208946427715e-11
5.427294968096907553e-15
6.523563734350464515e-15
2.964605947062103831e-14
2.737162042758780649e-14
3.183418325701266217e-14
3.308348949049910046e-14
3.234086752464655415e-14
3.217958528718832816e-14
3.292750470896346305e-14
2.880392189975351421e-14
3.107417155548924319e-14
3.370888644273455242e-14
2.787353660707030109e-14
2.778639747186942769e-14
3.019993463500384648e-14
2.840173006442718060e-14
3.106986679712477152e-14
3.300628235472449895e-14
3.267007390076354524e-14
2.770228113256897520e-14
2.896850098682718437e-14
2.733815656210041859e-14
3.086332536044507668e-14
3.028734775107022136e-14
3.189660773663447034e-14
3.008328214927801598e-14
3.529513707208055910e-14
3.328139675815470820e-14
3.432852435943738238e-14
3.117832472010922064e-14
3.460675076731336694e-14
3.453793034846009210e-14
3.304177276445421789e-14
3.355141112773845216e-14
3.687215397198360681e-14
3.650136269935912927e-14
2.712651026307304300e-14
3.582840291579968885e-14
3.022510937817762511e-14
1.672076084498373192e-14
1.603493459710395315e-14
1.534309802275130538e-14
2.330039344234621129e-15
2.072418330586763974e-11
3.324619009749877646e-11
5.741131407910496334e-11
8.415471185957805925e-11
9.397747296346919993e-11
1.110421451070877740e-10
1.115841492442468943e-10
1.030074044043145119e-10
8.839785646519815926e-11
5.635702764932497668e-11
3.846310637111249952e-11
5.595893612231570363e-13
1.265058094984202388e-14
2.572036447844501049e-14
3.262253208741434195e-14
3.027445511311571756e-14
3.188028565701257230e-14
2.985006433353143341e-14
3.155797571501313539e-14
2.956453228106060179e-14
3.146512399208035210e-14
3.058479731560534584e-14
2.726346842035325422e-14
2.742281666559239507e-14
2.958314765616569733e-14
2.895354458803975626e-14
3.071511905993547651e-14
3.077708498949788555e-14
3.231051669540731658e-14
3.335908704058772309e-14
3.201517110523934960e-14
3.110948052354585237e-14
3.441026333757941675e-14
3.411420569870002921e-14
3.082259944007694279e-14
3.003745290473830731e-14
3.001231642985547830e-14
3.261239979266751541e-14
3.254296621079514678e-14
3.095478866677378696e-14
2.987416825179271044e-14
2.710388035008756641e-14
3.553401197898211835e-14
2.870582198737170592e-14
3.575013545236133678e-14
3.603561065733393582e-14
3.633042897436080253e-14
3.619658517368465651e-14
3.551225021170360065e-14
3.077945564343473766e-14
3.420293687647103720e-14
2.103632461519109148e-14
1.551288544503725194e-14
9.006294921349459149e-15
6.480255131890450155e-12
2.852859585783638223e-11
5.628158588440758038e-11
8.258402849807699551e-11
1.078004968129322398e-10
1.258588059173384078e-10
1.415804070789682961e-10
1.336846276295862018e-10
1.164671925194122141e-10
8.134723779305809085e-11
4.646301344296263807e-11
2.543120928846772239e-11
6.992933879472250387e-15
2.365630374217140272e-14
2.564570062871341133e-14
2.978283158114377114e-14
3.042653488911359814e-14
2.964281412244123915e-14
3.234971980471952351e-14
3.041185237420894459e-14
3.401518218068863402e-14
2.965831845517448714e-14
3.068351595731085483e-14
3.149232964991142232e-14
2.886497642546833308e-14
3.123779784837602419e-14
3.036540547835041744e-14
3.181409858846948467e-14
2.874706392210434232e-14
3.278514262056643252e-14
3.291413797371701791e-14
3.250467673246809577e-14
2.828010256724029880e-14
3.361922277784431207e-14
3.081547432227734262e-14
3.177869401700668598e-14
2.977980889294399895e-14
3.321530979984024756e-14
3.228363994801032728e-14
3.226995529667410201e-14
3.199114451256636824e-14
3.003597513152160017e-14
2.987398429180710082e-14
3.977178378141149430e-14
3.232410280611003802e-14
3.473430675464801575e-14
3.491736917279751197e-14
3.448931673962717162e-14
4.044236703251969808e-14
3.633066481830267277e-14
3.276576107696227490e-14
3.646237518037676781e-14
2.924798418463385895e-14
1.401035854063641374e-14
7.941921459357002646e-15
7.302446675052439887e-12
4.121017352382671690e-11
7.521942604838590855e-11
1.110952549560134339e-10
1.505462770365144689e-10
1.657605943261317748e-10
1.826765165983688726e-10
1.633143475766931960e-10
1.312477830718962953e-10
8.636735302673257590e-11
4.805613472815892908e-11
1.276415948808353767e-11
1.903936082429591725e-14
2.732862441433110701e-14
2.647677850571669882e-14
2.969818853876190821e-14
2.995180303537162521e-14
2.831019519698215036e-14
3.104332713499116557e-14
3.153744600937724920e-14
2.905129119975375012e-14
3.043226978169922002e-14
2.920030426016859223e-14
3.059521289334403098e-14
3.001471304138612328e-14
3.161756688713509987e-14
3.209198613490622196e-14
3.145014880272143078e-14
3.047326059912081292e-14
2.983347919541063673e-14
3.017882890334751858e-14
3.320917125008385333e-14
3.174633254044276990e-14
2.967774678303711260e-14
3.575278655192963970e-14
3.104331750354956344e-14
3.614905472914943824e-14
3.129679352756539029e-14
3.080870410588456780e-14
3.507025472254625427e-14
3.713863800745345356e-14
3.342392663373721846e-14
3.471152116824889311e-14
3.179857481510675442e-14
3.055612185618807785e-14
3.294006288894534595e-14
3.528307798245593244e-14
3.143448042711073173e-14
3.559353589508070805e-14
4.012084462367092292e-14
2.676883765503352123e-14
2.929545250237381532e-14
2.701304789931799523e-14
1.741003823672654073e-14
4.389777211200357801e-12
2.270391587220533405e-11
5.428246261364739322e-11
8.542831196242483344e-11
1.355073640736458377e-10
1.749518892012404534e-10
2.062100532625004452e-10
2.099350798433978135e-02
1.890922757560076578e-10
1.490707181412024153e-10
9.974034099045541419e-11
5.002545316871002540e-11
5.096679392792765332e-12
2.527353400150057158e-14
2.818679508903076970e-14
3.832023701359000599e-14
2.993549762842000098e-14
3.043880823831319530e-14
2.879223655241947354e-14
2.991319319718403306e-14
3.122534673334078160e-14
2.813383612395998347e-14
3.002726069293695934e-14
3.109004009123325525e-14
3.281255468311370521e-14
3.180899380964325373e-14
3.158787476887557364e-14
2.847200987921968579e-14
3.047681858320413364e-14
3.066490394691079650e-14
3.086433801495250080e-14
2.663024953004448867e-14
3.148418812151125443e-14
2.910052876759786943e-14
2.875200908371273455e-14
3.158536671165535571e-14
3.190298219019126049e-14
3.192211937837164421e-14
3.228697260848228965e-14
3.758767929859706330e-14
3.085868769616261466e-14
3.378258854542023807e-14
2.962367283665820762e-14
3.266072746356604392e-14
3.099021812058127773e-14
2.979246334435713747e-14
3.366283519924346919e-14
2.784289244093082220e-14
3.803337967816882075e-14
3.581111459064056511e-14
3.505549620048051181e-14
3.468557934804202592e-14
3.082448229875518921e-14
3.065701557042944774e-14
1.346032086676453356e-14
2.621610905545124825e-15
2.609404635138779115e-11
5.702769508554890250e-11
9.703267132801432039e-11
1.379481700485420500e-10
1.829099692836973526e-10
2.035961819125379090e-10
2.082438099862279972e-10
1.817829358634665308e-10
1.365744668633719416e-10
8.557350300830885573e-11
3.647336666466961620e-11
2.647767188593586576e-15
2.080282760257046153e-14
3.469447894405372887e-14
3.665080065789739357e-14
3.126601220464143728e-14
3.121522416207894515e-14
2.814125207960525312e-14
3.042808274987464912e-14
3.238792458440046126e-14
3.399051984255148225e-14
2.709163225254239377e-14
3.275205632460267032e-14
3.264713828865164200e-14
2.970470448038599364e-14
3.250600313610482128e-14
3.079713774422090416e-14
2.966969352837244553e-14
2.764649756538390027e-14
3.243794129341187554e-14
3.189039432224678503e-14
3.086361648756541533e-14
3.542658106671649475e-14
3.224077565291767548e-14
2.986598168157042712e-14
2.913504720154904326e-14
3.222787739758827143e-14
3.260537871130228308e-14
3.175118135972261669e-14
3.712345980381494947e-14
2.653850053395480892e-14
2.876185214139288200e-14
3.499160701351066806e-14
3.582287751150097519e-14
3.451226858564984831e-14
2.880076851749748222e-14
3.732103860123040978e-14
3.561271080169674225e-14
3.741263303179790484e-14
3.279107762175218312e-14
3.373084568676272569e-14
3.435480151335714132e-14
3.062423380163293691e-14
2.766815570834181704e-14
6.131546213185498336e-15
1.437711268022831082e-11
4.193824877484193161e-11
7.865281501059905053e-11
1.033807786406173078e-10
1.373839338243968755e-10
1.573728206825114743e-10
1.595185450966859775e-10
1.339654036563473106e-10
1.022471628358797857e-10
6.131675325244503551e-11
2.066123507504821165e-11
7.017286354168410393e-15
2.349023968636107194e-14
3.602137659255392833e-14
3.331795024791366971e-14
2.929972686378585146e-14
3.085341161066948285e-14
3.269173454054262033e-14
3.164717203108420638e-14
3.382349426949656644e-14
3.044637752945294664e-14
3.031386002078934832e-14
3.264432388165873901e-14
2.866972536987372209e-14
3.029484212364743591e-14
3.305361993352271052e-14
3.012559084293022575e-14
3.289352754165235270e-14
3.135141340733169036e-14
2.767555674399439739e-14
2.894746969245213809e-14
2.716886751320584838e-14
3.071618346529688215e-14
2.768615717597728973e-14
2.825768569630535520e-14
3.332621983197456523e-14
3.060169082951277775e-14
3.224345000597180383e-14
3.253571947510939072e-14
3.222552603947877395e-14
3.174354634799691131e-14
2.935915995385459092e-14
3.222934558147888050e-14
3.341074115950620348e-14
3.792668620951198943e-14
3.486924127755543202e-14
2.964851446700222387e-14
3.456604798540658724e-14
3.450192210874992760e-14
3.311202582834865551e-14
3.461386366928672823e-14
3.217403741627327490e-14
3.063850060933941998e-14
2.496651653551207791e-14
2.236476019124309819e-14
1.042369066391998025e-14
9.596526284264970519e-12
3.858963383287676641e-11
6.143595234776391866e-11
8.709952036181795953e-11
1.085340821896179753e-10
1.129851744920242650e-10
1.023291616068761887e-10
8.226588566151561961e-11
6.088942718708866846e-11
2.887106428884801240e-11
3.616013784680072047e-12
1.783947395409172491e-14
2.609274869077951573e-14
4.129610712348472535e-14
3.236006658094408141e-14
3.228301649529612850e-14
3.088072451222967490e-14
3.059995299135947322e-14
3.383417786765157358e-14
3.011415859187052931e-14
2.990219062950445251e-14
2.729657682108436079e-14
3.163709139760124246e-14
3.263263881166665355e-14
3.192120241846717942e-14
3.298619467177790831e-14
2.762241475253305352e-14
3.040167870291778118e-14
3.113988687240984089e-14
3.073911113779925088e-14
3.101099956297754139e-14
3.098674484662500043e-14
3.089939474710584260e-14
3.216589681565311184e-14
2.709622249514354930e-14
2.692920473586499286e-14
3.141597893919178513e-14
2.920601042522862508e-14
3.530290294926278865e-14
3.417413738479514235e-14
3.111812295432644407e-14
2.788877487459856967e-14
2.715016070423314364e-14
3.174110248560044162e-14
3.210037264471454134e-14
3.131864537636095964e-14
3.405997922997896055e-14
2.962643072041196955e-14
3.149285099388203458e-14
3.799998139756654001e-14
2.844075611625198872e-14
3.159736030667281455e-14
2.827332459903036692e-14
2.368898311165015152e-14
6.629298721088444340e-15
6.919080217917388958e-12
3.672116463873720134e-11
6.757887362663601388e-11
1.041424201027117562e-10
1.487498048446405535e-10
1.815370063898394607e-10
8.416114883132460103e-03
1.953152270102821344e-10
1.542728873635817259e-10
1.054345652178872928e-10
5.750233886345126182e-11
4.109369973725742679e-12
2.419090133992755817e-14
2.877077815499340790e-14
