#Akaike Information Criterion from bootstrap run
1.191011271861508249e+03
1.153912332178852466e+03
1.201049605178895035e+03
1.192061879617790964e+03
1.204228857975828987e+03
1.174854379602240215e+03
1.169511781274623445e+03
1.150628796334553954e+03
1.143871301850405189e+03
1.180345330668343877e+03
1.224523670808123370e+03
1.155412572049009668e+03
1.109558145181571490e+03
1.205418647530209682e+03
1.208572077579300640e+03
1.168570051493327355e+03
1.213819576516897087e+03
1.163388292686209070e+03
1.151654667783549939e+03
1.145111214092120463e+03
1.195673250820895191e+03
1.167935251198076912e+03
1.112744511376463379e+03
1.158990972169049883e+03
1.144027717690833470e+03
1.243018756300759833e+03
1.155832803625187807e+03
1.159613986329410636e+03
1.148276403090596659e+03
1.140314212485336839e+03
1.186701847497964309e+03
1.120528486587518273e+03
1.159621204368281269e+03
1.172528301680710001e+03
1.146739596320893270e+03
1.161193438303308085e+03
1.145256905584156357e+03
1.186981130744715756e+03
1.204271965557602471e+03
1.161660180205851702e+03
1.121511426907555688e+03
1.188380759774229773e+03
1.169305317039407328e+03
1.169459170515973028e+03
1.142187147223261036e+03
1.158056055311030605e+03
1.137622925576708440e+03
1.132933258847467641e+03
1.202826958382961720e+03
1.178714620897861550e+03
1.193371994293799162e+03
1.156358819431560960e+03
1.157217030446900480e+03
1.121170145023851774e+03
1.149185641245325087e+03
1.143477358507422423e+03
1.165140861198086441e+03
1.136400936848958963e+03
1.195290855054342046e+03
1.220444155503716502e+03
1.187313335758474977e+03
1.135315717558223696e+03
1.205039004762586501e+03
1.159649683264970918e+03
1.135666825011047194e+03
1.140202691029709513e+03
1.138429703856451852e+03
1.159644204264528071e+03
1.172255653520945998e+03
1.138654806126796757e+03
1.188122727066406014e+03
1.166026008403954165e+03
1.151279843551370732e+03
1.117755166036182118e+03
1.163249747405238395e+03
1.143464651335140616e+03
1.139451419294004836e+03
1.259332736407655148e+03
1.153782031640371315e+03
1.165768559328343372e+03
1.165344246394267429e+03
1.078856967530512975e+03
1.160213996999148321e+03
1.166293578484427826e+03
1.117577451592370380e+03
1.128564433944767188e+03
1.169075027455041436e+03
1.153936545190589868e+03
1.175899128128643042e+03
1.173750532348135039e+03
1.138373167186995033e+03
1.151813620867993222e+03
1.166092960154761840e+03
1.120504538728044281e+03
1.144306232698988197e+03
1.135427751596589133e+03
1.166990775775252359e+03
1.167919694002979895e+03
1.124352756958287500e+03
1.224133373798013963e+03
