#Bayesian Information Criterion from bootstrap run
1.760011271919565843e+03
1.722912332236910288e+03
1.770049605236953084e+03
1.761061879675848786e+03
1.773228858033886809e+03
1.743854379660298036e+03
1.738511781332681267e+03
1.719628796392611775e+03
1.712871301908463010e+03
1.749345330726401698e+03
1.793523670866180964e+03
1.724412572107067490e+03
1.678558145239629312e+03
1.774418647588267504e+03
1.777572077637358461e+03
1.737570051551385177e+03
1.782819576574954908e+03
1.732388292744266892e+03
1.720654667841607761e+03
1.714111214150178057e+03
1.764673250878953013e+03
1.736935251256134507e+03
1.681744511434521200e+03
1.727990972227107704e+03
1.713027717748891291e+03
1.812018756358817427e+03
1.724832803683245857e+03
1.728613986387468458e+03
1.717276403148654481e+03
1.709314212543394660e+03
1.755701847556022130e+03
1.689528486645576095e+03
1.728621204426339318e+03
1.741528301738767823e+03
1.715739596378951319e+03
1.730193438361365679e+03
1.714256905642214178e+03
1.755981130802773805e+03
1.773271965615660292e+03
1.730660180263909524e+03
1.690511426965613509e+03
1.757380759832287595e+03
1.738305317097465377e+03
1.738459170574030850e+03
1.711187147281319085e+03
1.727056055369088426e+03
1.706622925634766489e+03
1.701933258905525690e+03
1.771826958441019542e+03
1.747714620955919372e+03
1.762371994351856983e+03
1.725358819489618782e+03
1.726217030504958302e+03
1.690170145081909595e+03
1.718185641303382909e+03
1.712477358565480245e+03
1.734140861256144035e+03
1.705400936907016785e+03
1.764290855112400095e+03
1.789444155561774323e+03
1.756313335816532799e+03
1.704315717616281518e+03
1.774039004820644323e+03
1.728649683323028967e+03
1.704666825069105016e+03
1.709202691087767334e+03
1.707429703914509901e+03
1.728644204322585892e+03
1.741255653579003820e+03
1.707654806184854579e+03
1.757122727124463836e+03
1.735026008462011760e+03
1.720279843609428553e+03
1.686755166094239939e+03
1.732249747463296444e+03
1.712464651393198437e+03
1.708451419352062658e+03
1.828332736465712969e+03
1.722782031698429137e+03
1.734768559386401193e+03
1.734344246452325024e+03
1.647856967588570797e+03
1.729213997057206143e+03
1.735293578542485648e+03
1.686577451650428202e+03
1.697564434002825237e+03
1.738075027513099258e+03
1.722936545248647690e+03
1.744899128186700864e+03
1.742750532406192860e+03
1.707373167245052855e+03
1.720813620926051044e+03
1.735092960212819435e+03
1.689504538786102103e+03
1.713306232757046018e+03
1.704427751654646954e+03
1.735990775833310181e+03
1.736919694061037717e+03
1.693352757016345549e+03
1.793133373856072012e+03
