#Weights for Beta densities from initial fitting w/o bootstrap
0.000000000000000000e+00
0.000000000000000000e+00
0.000000000000000000e+00
0.000000000000000000e+00
0.000000000000000000e+00
0.000000000000000000e+00
0.000000000000000000e+00
0.000000000000000000e+00
0.000000000000000000e+00
0.000000000000000000e+00
0.000000000000000000e+00
0.000000000000000000e+00
0.000000000000000000e+00
0.000000000000000000e+00
0.000000000000000000e+00
0.000000000000000000e+00
0.000000000000000000e+00
0.000000000000000000e+00
4.152900284824879301e-02
1.011777062839171854e-09
1.424302179294068272e-09
1.556051505022156655e-09
1.600409160389833513e-09
1.649689164646636528e-09
1.710490959389284375e-09
1.766183126053927319e-09
1.805819922174154833e-09
1.828397334664748073e-09
1.838774833222996408e-09
1.842532245565699120e-09
1.843680492872779136e-09
1.843853871842194162e-09
1.843163616440728749e-09
0.000000000000000000e+00
0.000000000000000000e+00
4.589742669154103202e-10
9.973844378455270845e-10
1.363537057114239980e-09
1.501492346234900785e-09
1.564229118888125217e-09
1.628388396457447968e-09
1.698722693962915083e-09
1.760209368517884197e-09
1.802853206920304695e-09
1.827106858705479281e-09
1.838098803279305965e-09
1.842432419246795227e-09
1.843632842218320980e-09
1.843472684435196024e-09
1.844543888109741424e-09
0.000000000000000000e+00
0.000000000000000000e+00
6.799101831666607538e-10
9.898203655234031573e-10
1.256192291783477551e-09
1.396011911903000188e-09
1.489541600539131405e-09
1.581666262072523220e-09
1.670874662101761006e-09
1.743604127502610674e-09
1.793275984510722292e-09
1.821794881174087751e-09
1.835545149082571128e-09
1.841131143575520811e-09
1.843285753147524430e-09
1.843829437331145820e-09
1.843079917733749147e-09
0.000000000000000000e+00
0.000000000000000000e+00
8.930454946806195928e-10
9.595251694765763266e-10
1.102355850337801358e-09
1.232682297548122344e-09
1.360244444622197352e-09
1.488998925068623933e-09
1.605289729202759378e-09
1.696619174234187116e-09
1.760624664612461813e-09
1.801264203113797894e-09
1.824440913052771344e-09
1.836143858707344239e-09
1.841225437346475540e-09
1.843324995589988867e-09
1.843935134257106697e-09
0.000000000000000000e+00
0.000000000000000000e+00
1.070305254568172280e-09
9.366193713023167791e-10
9.433080179929281264e-10
1.032614853503441293e-09
1.171086733194497129e-09
1.323192452558321376e-09
1.460493100351543018e-09
1.573121167084050701e-09
1.663427117072996489e-09
1.734173296365816551e-09
1.785199108579478974e-09
1.817319174031245184e-09
1.834313274254430946e-09
1.841302567790993405e-09
1.843066795885047912e-09
0.000000000000000000e+00
0.000000000000000000e+00
1.229951789690404277e-09
9.665031318346514508e-10
4.518041208324078961e-01
8.407201663487649096e-10
9.310910761958904447e-10
1.052447768426868958e-09
1.172475237178735871e-09
1.292419970131736413e-09
1.421202279287132684e-09
1.554120792958073153e-09
1.672753350954835541e-09
1.760258526111082879e-09
1.811524166986414901e-09
1.834560849793144652e-09
1.842029087180042419e-09
0.000000000000000000e+00
0.000000000000000000e+00
1.384634243114395258e-09
1.068358496818991090e-09
8.284595148667104545e-10
0.000000000000000000e+00
6.604587269232263768e-10
6.561227750462857806e-10
6.790664094557566672e-10
7.592279119217755536e-10
9.230703725312347049e-10
1.156992786998467172e-09
1.408926989465645921e-09
1.618699358653313822e-09
1.753051828363893353e-09
1.817251895317351947e-09
1.838798057485322900e-09
0.000000000000000000e+00
0.000000000000000000e+00
1.528118802252581886e-09
1.224585350915495764e-09
9.146796695776973803e-10
6.413962954087418033e-10
3.957889124261118849e-10
1.637083550020698738e-10
0.000000000000000000e+00
0.000000000000000000e+00
8.400407870461127312e-11
4.398666280764255374e-10
9.038005619999896838e-10
1.335286688431729031e-09
1.631901044273150732e-09
1.780054847418126288e-09
1.831455003938591804e-09
0.000000000000000000e+00
0.000000000000000000e+00
1.646805800099138349e-09
1.395679248451381462e-09
1.064162290057427262e-09
6.685628659284956156e-10
0.000000000000000000e+00
3.179166281306140962e-08
0.000000000000000000e+00
0.000000000000000000e+00
0.000000000000000000e+00
0.000000000000000000e+00
1.355926410142563156e-10
8.883237746661131501e-10
1.435524724757501952e-09
1.718260177578954632e-09
1.818507767992633195e-09
0.000000000000000000e+00
0.000000000000000000e+00
1.732211444698414791e-09
1.547276986362008059e-09
1.241315197012698978e-09
7.932170870712999773e-10
1.850656046586471987e-10
0.000000000000000000e+00
3.747496826555704041e-01
0.000000000000000000e+00
0.000000000000000000e+00
0.000000000000000000e+00
0.000000000000000000e+00
3.665395643044547220e-10
1.199485739351682314e-09
1.639831684740351802e-09
1.799656164805346768e-09
0.000000000000000000e+00
0.000000000000000000e+00
1.786165027388310633e-09
1.664476984891596466e-09
1.422641539266775313e-09
1.012718190606705749e-09
3.888899123852039379e-10
0.000000000000000000e+00
0.000000000000000000e+00
6.237070356911901883e-03
0.000000000000000000e+00
0.000000000000000000e+00
0.000000000000000000e+00
0.000000000000000000e+00
1.015589931160661892e-09
1.565446947455086684e-09
1.773024235600950117e-09
0.000000000000000000e+00
0.000000000000000000e+00
1.817013635139942701e-09
1.747431917757892937e-09
1.588548174087164522e-09
1.286485589630210738e-09
7.754300520988559241e-10
0.000000000000000000e+00
0.000000000000000000e+00
0.000000000000000000e+00
0.000000000000000000e+00
0.000000000000000000e+00
0.000000000000000000e+00
0.000000000000000000e+00
9.706016278747636893e-10
1.504668483603507894e-09
1.728038987230855745e-09
0.000000000000000000e+00
0.000000000000000000e+00
1.832927165366917760e-09
1.800372843014413546e-09
1.717255669685887125e-09
1.541995519589898482e-09
1.213023219841475269e-09
6.643577090966326442e-10
0.000000000000000000e+00
0.000000000000000000e+00
0.000000000000000000e+00
0.000000000000000000e+00
0.000000000000000000e+00
3.707079952129635597e-10
1.049165014814726670e-09
1.426584047549759399e-09
1.638565568292657829e-09
0.000000000000000000e+00
0.000000000000000000e+00
1.839175616643102738e-09
1.827450934972514918e-09
1.794804161035390212e-09
1.718598381153008773e-09
1.560825806168369147e-09
1.277215724119709576e-09
8.638167546873982522e-10
4.196927816007051232e-10
1.398222601702356062e-10
1.799982417748460952e-10
4.991752318572793582e-10
8.747959838798122868e-10
1.121772135560074524e-09
1.272770289353443156e-09
1.468967581830092147e-09
0.000000000000000000e+00
0.000000000000000000e+00
1.833075335223818575e-09
1.829297823210888168e-09
1.819195444237748888e-09
1.795031121171455023e-09
1.742124867383380146e-09
1.642826193609008439e-09
1.493331710407441272e-09
1.326238856941946829e-09
1.204876032259981072e-09
1.169626009443805031e-09
1.180702977620407248e-09
1.140023970241088885e-09
1.018601616585033601e-09
1.256799027856589646e-01
1.098652645547589245e-09
0.000000000000000000e+00
0.000000000000000000e+00
0.000000000000000000e+00
0.000000000000000000e+00
0.000000000000000000e+00
0.000000000000000000e+00
0.000000000000000000e+00
0.000000000000000000e+00
0.000000000000000000e+00
0.000000000000000000e+00
0.000000000000000000e+00
0.000000000000000000e+00
0.000000000000000000e+00
0.000000000000000000e+00
0.000000000000000000e+00
0.000000000000000000e+00
0.000000000000000000e+00
0.000000000000000000e+00
