#Conditional distribution of Radius given Mass from initial fitting w/o bootstrap
9.721778848983394149e-09
-1.446813364399585355e-01
-1.446789814330236845e-01
-1.446620402274512995e-01
-1.445954539613327483e-01
-1.444049591211877259e-01
-1.439562285131970876e-01
-1.430291954654560049e-01
-1.412880259581819065e-01
-1.382496990548387761e-01
-1.332609220959102003e-01
-1.255108110062173599e-01
-1.141473503015750651e-01
-9.862296397184108776e-02
-7.932784926738636888e-02
-5.806075449413514861e-02
-3.742662348416840590e-02
-1.944513597353285730e-02
-4.883164559151173881e-03
6.418054169546512540e-03
1.500683353297848840e-02
2.149046937903368454e-02
2.640076155698393989e-02
3.016171328136150326e-02
3.309756428313639920e-02
3.545230444826410338e-02
3.740944839066167454e-02
3.910858841054737356e-02
4.065824857327613590e-02
4.214555651471073305e-02
4.364345865961363757e-02
4.521614283933466510e-02
4.692320216800718174e-02
4.882294796509729223e-02
5.097517835448377166e-02
5.344363466195071327e-02
5.629832534059189819e-02
5.961786052597605606e-02
6.349191190690418873e-02
6.802388346283345932e-02
7.333381407163927501e-02
7.956147997053182597e-02
8.686931966051013310e-02
9.544448530976785972e-02
1.054981856147192004e-01
1.172587179369094790e-01
1.309514244542387962e-01
1.467550593007347082e-01
1.647236277745545430e-01
1.846773570444512347e-01
2.061086908973058518e-01
2.281959257992755841e-01
2.499814427024744656e-01
2.706278380809451489e-01
2.895857890476824514e-01
3.066080243720979426e-01
3.216704339981633076e-01
3.348798904602864890e-01
3.464058460114261551e-01
3.564393884667901302e-01
3.651719650945622897e-01
3.727858703120645045e-01
3.794511780703222481e-01
3.853260902786012077e-01
3.905591483561329236e-01
3.952926121736179965e-01
3.996668067857586659e-01
4.038255542951234012e-01
4.079230673100071036e-01
4.121329662343000688e-01
4.166604809624094852e-01
4.217595328022005763e-01
4.277574965215081848e-01
4.350924856264141716e-01
4.443722418262001650e-01
4.564729186051051379e-01
4.727194923517951120e-01
4.952561770296228794e-01
5.279438105135564330e-01
5.791203756188555429e-01
6.731635794459801536e-01
8.357579570752858844e-01
9.287566558543804973e-01
9.758260525557375109e-01
1.004334504583529020e+00
1.022856231662509385e+00
1.035184149069019899e+00
1.043405717832228685e+00
1.048827428687872709e+00
1.052328722742627898e+00
1.054523751498843476e+00
1.055847174141159028e+00
1.056605774184513180e+00
1.057012868713756770e+00
1.057212895754472193e+00
1.057299829457401863e+00
1.057331346081077372e+00
1.057339866887065494e+00
1.057341196142684847e+00
9.721778848983394149e-09
