#Lower limit for the Conditional distribution of Mass given Radius from initial fitting w/o bootstrap
9.119173891686267044e-09
-1.563145289540310401e+00
-1.549770426048227234e+00
-1.527325290849181449e+00
-1.495587336128077149e+00
-1.453759730701658759e+00
-1.399972269437891770e+00
-1.330620067646154592e+00
-1.239844160770949166e+00
-1.123629569780819848e+00
-9.996323062347060029e-01
-9.006210987300572457e-01
-8.311080748029641141e-01
-7.818035427409713023e-01
-7.453534119280224024e-01
-7.172606793627103183e-01
-6.947577338534199898e-01
-6.760536359660479500e-01
-6.599229029876377828e-01
-6.454795682942172652e-01
-6.320478262582941431e-01
-6.190846466735026032e-01
-6.061316603556593519e-01
-5.927843397869392295e-01
-5.786718878981699232e-01
-5.634440600149295264e-01
-5.467626690374778331e-01
-5.282963960591300356e-01
-5.077180892960541092e-01
-4.847042004393037895e-01
-4.589365546578218491e-01
-4.301074553152525737e-01
-3.979303785765264112e-01
-3.621603728838080349e-01
-3.226306348475041497e-01
-2.793135422240411447e-01
-2.324123113923948214e-01
-1.824762965260429137e-01
-1.305011407942031076e-01
-7.793356495754305557e-02
-2.649892707615868898e-02
2.213444425956433148e-02
6.669880228374633346e-02
1.065008257692250382e-01
1.413842386052620026e-01
1.715721255263163159e-01
1.974968555333379283e-01
2.196727830233548562e-01
2.386194556359693408e-01
2.548231381448307076e-01
2.687221946437423070e-01
2.807056963951432005e-01
2.911187827918282900e-01
3.002713076836846517e-01
3.084481631358064746e-01
3.159207670364719833e-01
3.229598092663041320e-01
3.298498656543131791e-01
3.369066089367684924e-01
3.444977537335207063e-01
3.530689315732181144e-01
3.631758212106445116e-01
3.755236076882237928e-01
3.910145928428327977e-01
4.108039794275650802e-01
4.363637158520378700e-01
4.695561996394560511e-01
5.127277920284935009e-01
5.688534752938647632e-01
6.418084020683407775e-01
7.369101676164747650e-01
8.618316021975969132e-01
1.026281529900314071e+00
1.225678236959905298e+00
1.400989880985675784e+00
1.511885697567306064e+00
1.577749558681173170e+00
1.618218139878423667e+00
1.643864802285724069e+00
1.660397617844895590e+00
1.671120685129634520e+00
1.678063417686187275e+00
1.682524264033333772e+00
1.685355037360438235e+00
1.687121735465442418e+00
1.688201735045365526e+00
1.688845676675879037e+00
1.689218391578915845e+00
1.689426648210745840e+00
1.689538218063083130e+00
1.689595029166445217e+00
1.689622206343979416e+00
1.689634219592274000e+00
1.689638995871491911e+00
1.689640604244625255e+00
1.689640951639563404e+00
1.689640796772339693e+00
1.689640262344945576e+00
1.689638583594965437e+00
9.119173891686267044e-09
