#Akaike Information Criterion from bootstrap run
7.052614964467495156e+03
6.966045032897738565e+03
7.078067121350534762e+03
7.006859601768952416e+03
7.001688007568995999e+03
6.972136057385404456e+03
7.036508972581053968e+03
7.022603381383640226e+03
7.029899866806604223e+03
6.933631712651262205e+03
7.021858997593846652e+03
7.063930973529896619e+03
7.033065485513368913e+03
7.056602713827860498e+03
7.054702271093252421e+03
7.067657044898297499e+03
6.973056506769617044e+03
7.093719065046017931e+03
7.065397855252964291e+03
7.007825498856257582e+03
7.050743220642483720e+03
7.117769386441024835e+03
7.051526608668545123e+03
6.993228507976070432e+03
7.167213150847699580e+03
7.090994607960280518e+03
7.081729839562121924e+03
7.158350826412251990e+03
7.041508590963650931e+03
7.058304428824009847e+03
7.052518271180639204e+03
6.956182254054506302e+03
6.959347671149461348e+03
7.019252730501435508e+03
7.047775406080084394e+03
7.066105212610018498e+03
6.954166957906841162e+03
7.069726773175275412e+03
6.992599602089994733e+03
7.006748972334313294e+03
7.035993254577789230e+03
7.087044633193503614e+03
7.081131969183511501e+03
7.018429706391533728e+03
7.019597459343270202e+03
7.033844637900767339e+03
6.981843071336147659e+03
7.023149995867227517e+03
