#Marginalized mass distribution from initial fitting w/o bootstrap
2.385133692468098809e-01
2.385133692468098809e-01
2.385133692468098809e-01
2.385133692468098809e-01
2.385133692468098809e-01
2.385133692468098809e-01
2.385133692468098809e-01
2.385133692468098809e-01
2.385133692468098809e-01
2.385133692468098809e-01
2.385133692468098809e-01
2.385133692468098809e-01
2.385133692468098809e-01
2.385133692468098809e-01
2.385133692468098809e-01
2.385133692468098809e-01
2.385133692468098809e-01
2.385133692468098809e-01
2.385133692468098809e-01
2.385133692468098809e-01
2.385133692468098809e-01
2.385133692468098809e-01
2.385133692468098809e-01
2.385133692468098809e-01
2.385133692468098809e-01
2.385133692468098809e-01
2.385133692468098809e-01
2.385133692468098809e-01
2.385133692468098809e-01
2.385133692468098809e-01
2.385133692468098809e-01
2.385133692468098809e-01
2.385133692468098809e-01
2.385133692468098809e-01
2.385133692468098809e-01
2.385133692468098809e-01
2.385133692468098809e-01
2.385133692468098809e-01
2.385133692468098809e-01
2.385133692468098809e-01
2.385133692468098809e-01
2.385133692468098809e-01
2.385133692468098809e-01
2.385133692468098809e-01
2.385133692468098809e-01
2.385133692468098809e-01
2.385133692468098809e-01
2.385133692468098809e-01
2.385133692468098809e-01
2.385133692468098809e-01
2.385133692468098809e-01
2.385133692468098809e-01
2.385133692468098809e-01
2.385133692468098809e-01
2.385133692468098809e-01
2.385133692468098809e-01
2.385133692468098809e-01
2.385133692468098809e-01
2.385133692468098809e-01
2.385133692468098809e-01
2.385133692468098809e-01
2.385133692468098809e-01
2.385133692468098809e-01
2.385133692468098809e-01
2.385133692468098809e-01
2.385133692468098809e-01
2.385133692468098809e-01
2.385133692468098809e-01
2.385133692468098809e-01
2.385133692468098809e-01
2.385133692468098809e-01
2.385133692468098809e-01
2.385133692468098809e-01
2.385133692468098809e-01
2.385133692468098809e-01
2.385133692468098809e-01
2.385133692468098809e-01
2.385133692468098809e-01
2.385133692468098809e-01
2.385133692468098809e-01
2.385133692468098809e-01
2.385133692468098809e-01
2.385133692468098809e-01
2.385133692468098809e-01
2.385133692468098809e-01
2.385133692468098809e-01
2.385133692468098809e-01
2.385133692468098809e-01
2.385133692468098809e-01
2.385133692468098809e-01
2.385133692468098809e-01
2.385133692468098809e-01
2.385133692468098809e-01
2.385133692468098809e-01
2.385133692468098809e-01
2.385133692468098809e-01
2.385133692468098809e-01
2.385133692468098809e-01
2.385133692468098809e-01
2.385133692468098809e-01
