#Variance for the Conditional distribution of radius given mass from initial fitting w/o bootstrap
2.172549221205324066e-01
2.172549221205324066e-01
2.172549221205324066e-01
2.172549221205324066e-01
2.172549221205324066e-01
2.172549221205324066e-01
2.172549221205324066e-01
2.172549221205324066e-01
2.172549221205324066e-01
2.172549221205324066e-01
2.172549221205324066e-01
2.172549221205324066e-01
2.172549221205324066e-01
2.172549221205324066e-01
2.172549221205324066e-01
2.172549221205324066e-01
2.172549221205324066e-01
2.172549221205324066e-01
2.172549221205324066e-01
2.172549221205324066e-01
2.172549221205324066e-01
2.172549221205324066e-01
2.172549221205324066e-01
2.172549221205324066e-01
2.172549221205324066e-01
2.172549221205324066e-01
2.172549221205324066e-01
2.172549221205324066e-01
2.172549221205324066e-01
2.172549221205324066e-01
2.172549221205324066e-01
2.172549221205324066e-01
2.172549221205324066e-01
2.172549221205324066e-01
2.172549221205324066e-01
2.172549221205324066e-01
2.172549221205324066e-01
2.172549221205324066e-01
2.172549221205324066e-01
2.172549221205324066e-01
2.172549221205324066e-01
2.172549221205324066e-01
2.172549221205324066e-01
2.172549221205324066e-01
2.172549221205324066e-01
2.172549221205324066e-01
2.172549221205324066e-01
2.172549221205324066e-01
2.172549221205324066e-01
2.172549221205324066e-01
2.172549221205324066e-01
2.172549221205324066e-01
2.172549221205324066e-01
2.172549221205324066e-01
2.172549221205324066e-01
2.172549221205324066e-01
2.172549221205324066e-01
2.172549221205324066e-01
2.172549221205324066e-01
2.172549221205324066e-01
2.172549221205324066e-01
2.172549221205324066e-01
2.172549221205324066e-01
2.172549221205324066e-01
2.172549221205324066e-01
2.172549221205324066e-01
2.172549221205324066e-01
2.172549221205324066e-01
2.172549221205324066e-01
2.172549221205324066e-01
2.172549221205324066e-01
2.172549221205324066e-01
2.172549221205324066e-01
2.172549221205324066e-01
2.172549221205324066e-01
2.172549221205324066e-01
2.172549221205324066e-01
2.172549221205324066e-01
2.172549221205324066e-01
2.172549221205324066e-01
2.172549221205324066e-01
2.172549221205324066e-01
2.172549221205324066e-01
2.172549221205324066e-01
2.172549221205324066e-01
2.172549221205324066e-01
2.172549221205324066e-01
2.172549221205324066e-01
2.172549221205324066e-01
2.172549221205324066e-01
2.172549221205324066e-01
2.172549221205324066e-01
2.172549221205324066e-01
2.172549221205324066e-01
2.172549221205324066e-01
2.172549221205324066e-01
2.172549221205324066e-01
2.172549221205324066e-01
2.172549221205324066e-01
2.172549221205324066e-01
