#Akaike Information Criterion from bootstrap run
4.503674995756632597e+02
5.366345451914569367e+02
4.823978180273620637e+02
5.284841675407035382e+02
4.220477046964679175e+02
5.178576815953416599e+02
5.123574446528929229e+02
5.447215959416326996e+02
4.776372469614872216e+02
4.970276393184929020e+02
4.425576639063303901e+02
5.137323667961936735e+02
5.214206252417924361e+02
4.899748202420212237e+02
4.615656076086038979e+02
4.907799903035268017e+02
5.167223300662037673e+02
4.943319956804119215e+02
5.077980341297314908e+02
5.408022167748760012e+02
4.763788561755301885e+02
4.479451411965947614e+02
4.990420076116214432e+02
5.015922802106485960e+02
5.068973700893091063e+02
4.803987335577621138e+02
5.053929800682976747e+02
4.986018291834020602e+02
4.630313285708454600e+02
4.592705231520380948e+02
4.857926246099298169e+02
5.147850224599997091e+02
4.967770075088809563e+02
5.106533119032209243e+02
5.200607090754920137e+02
4.856281528269947785e+02
5.349213612398743862e+02
4.904003474551268482e+02
5.390559655560905412e+02
4.333125476039296586e+02
4.935783708532718492e+02
4.517808786270101109e+02
4.777065765381340725e+02
4.642725222964550085e+02
4.439159208189925039e+02
4.817026923552511448e+02
4.997057036532204393e+02
4.956160579355855020e+02
5.546539073680489764e+02
4.586614117465312006e+02
