-8.423867805912914619e-01
-8.423867719424228406e-01
-8.423833417264272594e-01
-8.422356564640468557e-01
-8.400533105305487691e-01
-8.200887182963623179e-01
-1.078923764984829857e-02
3.435441916241586124e-01
4.378020998621272031e-01
4.664200507497200943e-01
4.764901852860756737e-01
4.823489968359203628e-01
4.889967421102741629e-01
4.992951743763408001e-01
5.160490378116215915e-01
5.424803678501972648e-01
5.815271267665410582e-01
6.334003369402695371e-01
6.926827933640644641e-01
7.501758671437182002e-01
7.990741592982332220e-01
8.373610524357240070e-01
8.660119835248015763e-01
8.870321320574600099e-01
9.024783310252822988e-01
9.141205008810527888e-01
9.233906478978988197e-01
9.314375839764652554e-01
9.392028305999662319e-01
9.474782349463291009e-01
9.569250764337035031e-01
9.680443201209739668e-01
9.811010050244173275e-01
9.960308635527214127e-01
1.012387911132713425e+00
1.029398254298759419e+00
1.046136497514104091e+00
1.061757854094798059e+00
1.075678153456380182e+00
1.087636768355167094e+00
1.097654847724562455e+00
1.105944281296746157e+00
1.112818000563159382e+00
1.118627038778511995e+00
1.123728825050293922e+00
1.128481499074195593e+00
1.133257551946053487e+00
1.138472197463981317e+00
1.144624464195416857e+00
1.152350224708409865e+00
1.162484185357826272e+00
1.176117936803499298e+00
1.194614455662874608e+00
1.219483265491164703e+00
1.251945586040915881e+00
1.292062340002207543e+00
1.337790702797395204e+00
1.385103364065550791e+00
1.429717572555647465e+00
1.468976496020513611e+00
1.502392774527767649e+00
1.531137576327619154e+00
1.557355759747252932e+00
1.583742824190170095e+00
1.613457552616807567e+00
1.650342599867741011e+00
1.699422959960630974e+00
1.767481564741900213e+00
1.862101844467132894e+00
1.983431074780767744e+00
2.113243240653647881e+00
2.232356442050314804e+00
2.336971815531440289e+00
2.429944465997249559e+00
2.514094078704320001e+00
2.590823464106883023e+00
2.660328100527262762e+00
2.722288538006569780e+00
2.776560662029275317e+00
2.823465258663026223e+00
2.863679844580297118e+00
2.898003132854062081e+00
2.927178937459006924e+00
2.951812278901992492e+00
2.972344785190994099e+00
2.989050494075829345e+00
3.002019424223962396e+00
3.011094584739859581e+00
3.015709963484141110e+00
3.014532844941314238e+00
3.004735765785936152e+00
2.980648343673886647e+00
2.931709438867667217e+00
2.841922478451925915e+00
2.713154244424557326e+00
2.613972478881487316e+00
2.573510568478224236e+00
2.563082846372747081e+00
2.561660072097714291e+00
2.870194159415900170e+00
