-9.141146199613153778e-01
-9.141145917204668292e-01
-9.141059550087010654e-01
-9.137350580866883121e-01
-9.083559309894428946e-01
-8.668184011740328598e-01
-6.826915824678431166e-01
-3.050619649647429155e-01
2.496230422186457992e-03
1.341490871851738764e-01
1.799885939423878645e-01
1.972054347434197552e-01
2.063153530016244297e-01
2.147139450144349149e-01
2.259108429716521760e-01
2.423209628957709860e-01
2.658433719758875324e-01
2.975333365622242487e-01
3.369370249234666104e-01
3.817008076541100192e-01
4.280176247687405011e-01
4.718702041588126450e-01
5.103113779378152248e-01
5.420341383784782474e-01
5.671579160169740730e-01
5.866578486907254586e-01
6.018414943468886058e-01
6.140283924023161033e-01
6.244101925686902366e-01
6.340145772220908693e-01
6.437055480080708936e-01
6.541769120264107062e-01
6.659188495747930814e-01
6.791603355613575754e-01
6.938143872323198069e-01
7.094698714371714399e-01
7.254655016923783339e-01
7.410417137342529825e-01
7.555176877517824074e-01
7.684240935928333682e-01
7.795514948082536977e-01
7.889219802004270310e-01
7.967208546109413314e-01
8.032254525238131659e-01
8.087525625895732873e-01
8.136304327968474359e-01
8.181926937305541436e-01
8.227891056428879857e-01
8.278086848965784394e-01
8.337117572777232866e-01
8.410668144810711233e-01
8.505838244619784438e-01
8.631257528416226288e-01
8.796635385214123248e-01
9.011223252665498951e-01
9.280714832784283663e-01
9.602831150447923569e-01
9.963502312491331336e-01
1.033714048128712149e+00
1.069336634039517619e+00
1.100774956500180757e+00
1.127013702703065112e+00
1.148616258890777564e+00
1.167320147063742430e+00
1.185495480699772175e+00
1.205758050883720900e+00
1.230786003538047568e+00
1.263250898078170481e+00
1.305745006369071426e+00
1.360605419493087442e+00
1.429573454225768758e+00
1.513295023412214668e+00
1.610778831062820382e+00
1.719057080392618175e+00
1.833338432418703645e+00
1.947788153610838346e+00
2.056734156631795596e+00
2.155813990574098060e+00
2.242603154623928230e+00
2.316583095253894609e+00
2.378642248362676348e+00
2.430429344610269826e+00
2.473800396415625880e+00
2.510455232997697461e+00
2.541750425280792758e+00
2.568626595113824518e+00
2.591577005339658957e+00
2.610580606927495051e+00
2.624901432832410286e+00
2.632599967916130268e+00
2.629540678497143791e+00
2.607948445221178968e+00
2.556664811807748627e+00
2.470934086763191928e+00
2.373250776107507232e+00
2.303606600948894911e+00
2.273037279651902942e+00
2.264806668384661492e+00
2.263677719765670560e+00
2.353018593927832303e+00
