9.033087908120430998e-02
5.220881455095901374e-02
3.000609117871507955e-02
1.714677553260116408e-02
9.741213741392213549e-03
5.501632288721993586e-03
3.092052527697157754e-03
1.743585171022347946e-03
1.032174553615345259e-03
7.544571106785488354e-04
8.593761875038616327e-04
1.406914188875479270e-03
2.536256566692214175e-03
4.435995891680440291e-03
7.317876442135734343e-03
1.140102565606639952e-02
1.691402936144646707e-02
2.411761534628258097e-02
3.334296304911233549e-02
4.503275925267721802e-02
5.976713800943630334e-02
7.825667469628899697e-02
1.012901523217436678e-01
1.296347195764707694e-01
1.638979022365168181e-01
2.043717694371334215e-01
2.508867060893308354e-01
3.027039159935399626e-01
3.584714646276774830e-01
4.162591760619975267e-01
4.736749104546873479e-01
5.280511726567650443e-01
5.766792169364184373e-01
6.170599502743607800e-01
6.471382949025005216e-01
6.654905182756251092e-01
6.714416349160008401e-01
6.651007915684090666e-01
6.473145741150017063e-01
6.195493771115406778e-01
5.837226273854052572e-01
5.420076174883068365e-01
4.966375787176821044e-01
4.497317215311475991e-01
4.031601866210099416e-01
3.584574276871261844e-01
3.167858248466407511e-01
2.789444977654415014e-01
2.454132198644258800e-01
2.164184854461476959e-01
1.920081890685882420e-01
1.721227321958251899e-01
1.566531366392813207e-01
1.454802806264264836e-01
1.384930683402502138e-01
1.355866970582123576e-01
1.366448566380320251e-01
1.415115077190403359e-01
1.499587988748986023e-01
1.616577532877479517e-01
1.761576834089213228e-01
1.928789916513903024e-01
2.111222006031881482e-01
2.300938513107441963e-01
2.489474723726736449e-01
2.668353817553246188e-01
2.829649481793169996e-01
2.966514954985798314e-01
3.073596924665392693e-01
3.147263747830642555e-01
3.185604488602657436e-01
3.188196634626980219e-01
3.155690382062719679e-01
3.089306310895133523e-01
2.990378469408052631e-01
2.860083404494718207e-01
2.699467962865196302e-01
2.509822664794263414e-01
2.293351731799882776e-01
2.053985669579175555e-01
1.798096871525906304e-01
1.534844440192911219e-01
1.275914962783131490e-01
1.034546426581235828e-01
8.239019013911033640e-02
6.550513913582141357e-02
5.349632829911159931e-02
4.649476048507576037e-02
4.399129081322106921e-02
4.486325896439160438e-02
4.750529163244897324e-02
5.006169010017649107e-02
5.076693731712719065e-02
4.841422642400034643e-02
4.295778596004048294e-02
3.616610705110798879e-02
3.204940027558279142e-02
3.655620549195060659e-02
5.613724232644287659e-02
9.630317799157513126e-02
