8.452888058402023216e-04
8.452891568560698442e-04
8.452897769512183589e-04
8.452916606034302158e-04
8.453297551398035762e-04
8.460643569385930445e-04
8.547323141991991849e-04
9.250239964981659627e-04
1.334392229529074349e-03
2.819059166510409688e-03
5.183476687862720138e-03
6.659132300476648669e-03
7.199544040158874919e-03
7.400072425443134441e-03
7.517807355090315273e-03
7.634034090141401767e-03
7.776834642723516600e-03
7.957727655796551988e-03
8.180386958225422181e-03
8.441953706726654932e-03
8.733299007449197432e-03
9.040440769776780794e-03
9.347417326793549044e-03
9.639659155125204423e-03
9.906525098056746109e-03
1.014224771438987718e-02
1.034543350695628187e-02
1.051779298604680127e-02
1.066276852687346802e-02
1.078444335118870431e-02
1.088683551063127607e-02
1.097352246279141748e-02
1.104749227362437393e-02
1.111112613538555241e-02
1.116624416262081490e-02
1.121417266217546692e-02
1.125581013228242611e-02
1.129168119506689452e-02
1.132197441787194392e-02
1.134656342797406466e-02
1.136501219741518909e-02
1.137656557607927971e-02
1.138012526655690464e-02
1.137420928629370720e-02
1.135688933255906731e-02
1.132569581451610408e-02
1.127747719902522788e-02
1.120820559638473907e-02
1.111274765016990844e-02
1.098468834688159576e-02
1.081642052004834660e-02
1.059987249854612082e-02
1.032831883219996125e-02
9.999438145886753448e-03
9.618885546466997283e-03
9.202404621221918490e-03
8.774183879533853370e-03
8.361062242734066188e-03
7.985313083282579577e-03
7.659904224127818233e-03
7.388025643554387185e-03
7.165731525868975806e-03
6.985424060760489148e-03
6.838617445446800933e-03
6.717541537588494170e-03
6.615802633172355313e-03
6.528480836436026044e-03
6.451967046440975490e-03
6.383719754526706244e-03
6.322027471358873836e-03
6.265806665758138355e-03
6.214437319655170995e-03
6.167627481424652058e-03
6.125297276669989036e-03
6.087477453968105287e-03
6.054224550749134209e-03
6.025561089422014523e-03
6.001452432589743542e-03
5.981831933618982425e-03
5.966686218147219598e-03
5.956219012021835360e-03
5.951130760592051802e-03
5.953079595669742707e-03
5.965385187966439420e-03
5.993818326298337024e-03
6.046382937863686337e-03
6.129037688760999129e-03
6.235222399241605387e-03
6.340127716340042928e-03
6.417434667138046701e-03
6.460105424787808068e-03
6.476427046731783252e-03
6.475454761993668096e-03
6.459270025114876787e-03
6.419005790565516893e-03
6.328894871210310330e-03
6.159154533134561689e-03
5.976518999163537606e-03
5.906738349075201823e-03
5.901649594228479921e-03
