-2.704022105659842357e-01
-2.704021722589492471e-01
-2.704021036273230316e-01
-2.704019443483688390e-01
-2.704001482539095669e-01
-2.703680616617926136e-01
-2.699921695712003689e-01
-2.669464455171535189e-01
-2.492034120908237782e-01
-1.847906926819825046e-01
-8.195710751662543814e-02
-1.721968264743188246e-02
7.439484892354552778e-03
1.800552449452689358e-02
2.590663815909923992e-02
3.500909553590438039e-02
4.689763417329686351e-02
6.240506962139023145e-02
8.190289198185729536e-02
1.052634463929958963e-01
1.318110211662024134e-01
1.603991705928745626e-01
1.896369268545342324e-01
2.181842894425286838e-01
2.449961938786912319e-01
2.694362546689145210e-01
2.912602001556161557e-01
3.105215097531905943e-01
3.274578195570779782e-01
3.423951579948964485e-01
3.556829053239090044e-01
3.676573662178571622e-01
3.786262279244624884e-01
3.888660455800435622e-01
3.986268067773999224e-01
4.081397133731735627e-01
4.176258989124546073e-01
4.273047847601612048e-01
4.374012847486697941e-01
4.481512507279375446e-01
4.598045509456113455e-01
4.726251235717949251e-01
4.868873957576652645e-01
5.028687715590398621e-01
5.208386222835146295e-01
5.410453868516953424e-01
5.637047053628869708e-01
5.889920959117453947e-01
6.170420258200938202e-01
6.479496210445454540e-01
6.817613107325112276e-01
7.184301916502292551e-01
7.577120589481759483e-01
7.990064749967168423e-01
8.412116293802334166e-01
8.827256690871084777e-01
9.217017842255366133e-01
9.565017314589999708e-01
9.861141346039158373e-01
1.010310924315399816e+00
1.029511693553931906e+00
1.044501585724323833e+00
1.056165969476539956e+00
1.065320729162241742e+00
1.072637872860841224e+00
1.078633557832320067e+00
1.083686200278578760e+00
1.088063849697361807e+00
1.091950545990382659e+00
1.095467955668167681e+00
1.098691895632625481e+00
1.101664710784744150e+00
1.104404816269616507e+00
1.106914545394480864e+00
1.109186995021704591e+00
1.111211984414695486e+00
1.112980711679481871e+00
1.114488373692414269e+00
1.115733967361145051e+00
1.116716553169425197e+00
1.117427080015469310e+00
1.117834072579878768e+00
1.117860144295378388e+00
1.117346472331542051e+00
1.116013091223754250e+00
1.113469027524404797e+00
1.109423172614134812e+00
1.104201815722756441e+00
1.099032912055939226e+00
1.095220057758703902e+00
1.093114405664793010e+00
1.092308799483078019e+00
1.092356882381628758e+00
1.093156097206268829e+00
1.095144349366154568e+00
1.099594033128902693e+00
1.107975823272546956e+00
1.116994379348800637e+00
1.120440153221621937e+00
1.120691436499235083e+00
