2.621180327162210277e-01
1.514971613222226010e-01
8.707030939218318721e-02
4.975573265474007856e-02
2.826661057805687424e-02
1.596438612040378124e-02
8.972377263002200010e-03
5.059456074712880350e-03
2.995117131210266008e-03
2.189249298039585082e-03
2.493698698859993235e-03
4.082519545249417396e-03
7.359593845282228104e-03
1.287217093524839831e-02
2.123468072250962735e-02
3.308297723117260836e-02
4.908036041076506428e-02
6.998339828721446276e-02
9.675309227873452045e-02
1.306740107387160121e-01
1.734295602506987222e-01
2.270816560953041463e-01
2.939191528982498802e-01
3.761681278066283940e-01
4.755914714605092852e-01
5.930366967804815426e-01
7.280116224228311284e-01
8.783724432084323297e-01
1.040196177086251783e+00
1.207881927412226553e+00
1.374488291692584685e+00
1.532274853938457415e+00
1.673381499097545744e+00
1.790556472814614164e+00
1.877836443977088488e+00
1.931090090298935857e+00
1.948358769648751432e+00
1.929959199081763721e+00
1.878347962971032237e+00
1.797780178282662567e+00
1.693819746895860234e+00
1.572773030200725008e+00
1.441120317111061588e+00
1.305011036058347340e+00
1.169871876167671854e+00
1.040155445331175654e+00
9.192346852568659132e-01
8.094284450122832819e-01
7.121289092690969991e-01
6.279933088835810695e-01
5.571606221037517237e-01
4.994579086112125310e-01
4.545689404594503991e-01
4.221480555118084510e-01
4.018728809839846594e-01
3.934393051067275326e-01
3.965098244040412001e-01
4.106316509626362077e-01
4.351436158862168613e-01
4.690911092209840705e-01
5.111663463552088560e-01
5.596874773963155247e-01
6.126247906331024895e-01
6.676758629953416513e-01
7.223844423050531649e-01
7.742907634266652517e-01
8.210948049972319751e-01
8.608098049451191613e-01
8.918823634293124858e-01
9.132586668162978594e-01
9.243842084320378349e-01
9.251363855649514800e-01
9.157038691765512217e-01
8.964408416104170385e-01
8.677344109244647941e-01
8.299259821400957193e-01
7.833193244699856450e-01
7.282889152125398002e-01
6.654743653333979880e-01
5.960162110826049409e-01
5.217635645656303334e-01
4.453741724655777556e-01
3.702391954552489151e-01
3.001999724206099174e-01
2.390761030341018445e-01
1.900798307038347734e-01
1.552332101041402623e-01
1.349163793590913429e-01
1.276519250326659805e-01
1.301821625184600151e-01
1.378486926393570622e-01
1.452667333361284396e-01
1.473131876047681366e-01
1.404861982393482978e-01
1.246529476987374152e-01
1.049451630235847116e-01
9.299949071035289172e-02
1.060771329204724944e-01
1.628964942043018560e-01
2.794481778128091731e-01
