7.899156920002753726e-03
0.000000000000000000e+00
0.000000000000000000e+00
2.205461288647334761e-12
2.857193740810116301e-12
1.726206431501353584e-12
0.000000000000000000e+00
0.000000000000000000e+00
0.000000000000000000e+00
0.000000000000000000e+00
0.000000000000000000e+00
0.000000000000000000e+00
0.000000000000000000e+00
0.000000000000000000e+00
0.000000000000000000e+00
0.000000000000000000e+00
0.000000000000000000e+00
5.644218205439263167e-12
7.770604088725369088e-12
1.330098558685973407e-11
4.928253870455892538e-12
1.044619925423250389e-11
1.109792624984890358e-13
7.095780975735135807e-12
6.725347829475238734e-12
3.005836647294473292e-12
0.000000000000000000e+00
7.261064551490341126e-12
1.358910488217403260e-15
0.000000000000000000e+00
1.634187832473538094e-13
1.351620517003344974e-15
1.297831046175572821e-11
7.656109346979691162e-12
2.333714925992186438e-11
2.686635596236260030e-11
3.712660254901661514e-11
3.248368511616510451e-11
3.481777572077161129e-11
3.291381079443373560e-11
3.474472519734393757e-11
1.547522628921619334e-11
1.470457845100064928e-11
1.560120284635926898e-11
1.449590257240891725e-11
0.000000000000000000e+00
3.530653012349528484e-12
3.650513734434404530e-12
2.149888608023715218e-14
0.000000000000000000e+00
4.230794359691117271e-12
3.367181836220953446e-12
0.000000000000000000e+00
3.331243598619735807e-15
0.000000000000000000e+00
0.000000000000000000e+00
0.000000000000000000e+00
0.000000000000000000e+00
3.069272188292409096e-12
0.000000000000000000e+00
0.000000000000000000e+00
0.000000000000000000e+00
0.000000000000000000e+00
0.000000000000000000e+00
0.000000000000000000e+00
0.000000000000000000e+00
0.000000000000000000e+00
0.000000000000000000e+00
0.000000000000000000e+00
0.000000000000000000e+00
0.000000000000000000e+00
0.000000000000000000e+00
1.896032380037147145e-12
4.578371929506417685e-12
1.104627702125440700e-11
1.350236432951109804e-11
1.398432519235891960e-11
1.278716886105624397e-11
1.706031905502072016e-11
7.268443729358985157e-12
4.708696084162001983e-12
6.109531676615318014e-12
0.000000000000000000e+00
1.109427184413567388e-15
8.414959982313922401e-12
1.050562472593473320e-11
4.751922751984636292e-12
9.146443343136307981e-12
7.265664327114654151e-12
2.415114805116074506e-11
1.640266287908305998e-11
3.072649065478814976e-11
3.688274795360794631e-11
3.934893698468031661e-11
3.542357881481590672e-11
3.178862089852128826e-11
1.035873774089018263e-11
1.311539912791029275e-11
1.194808952095446598e-11
1.548869463461258725e-15
0.000000000000000000e+00
1.390345609265095583e-11
0.000000000000000000e+00
3.419637721841901964e-15
5.196002543193085433e-12
3.276756742428059361e-12
0.000000000000000000e+00
5.007292743740143637e-12
3.750454797154506097e-15
0.000000000000000000e+00
3.938831836469920566e-12
6.771560932118831468e-13
2.460938140907705383e-12
8.057863743404270057e-14
5.273429794069582683e-12
0.000000000000000000e+00
0.000000000000000000e+00
0.000000000000000000e+00
0.000000000000000000e+00
0.000000000000000000e+00
0.000000000000000000e+00
0.000000000000000000e+00
0.000000000000000000e+00
0.000000000000000000e+00
0.000000000000000000e+00
0.000000000000000000e+00
0.000000000000000000e+00
0.000000000000000000e+00
5.950833262109812548e-12
2.484997424620311317e-12
4.699266832021607259e-12
1.031732304422376754e-11
3.185942499117571036e-12
1.433494762649599599e-11
3.166538157836941867e-12
7.339031092837606563e-12
4.915473989881588830e-12
6.056889503823980612e-12
0.000000000000000000e+00
0.000000000000000000e+00
0.000000000000000000e+00
7.512706744188751200e-12
1.481752588591299929e-12
1.774635332035349800e-11
1.152314734235989684e-11
2.613150616024044084e-11
3.267301178307839425e-11
3.014381952451931034e-11
3.764079804959171428e-11
3.421896070415082163e-11
2.980380422533519990e-11
2.162333448468417367e-11
2.288925804378468225e-11
7.115159201887159343e-12
7.906614481075366677e-12
3.841614531819555268e-12
3.314261435572926938e-13
0.000000000000000000e+00
6.078039152962487318e-12
1.054741780608979480e-12
7.643469681656214646e-15
5.221354881209982666e-12
6.836993169699572690e-15
2.254897716958006614e-12
0.000000000000000000e+00
0.000000000000000000e+00
0.000000000000000000e+00
0.000000000000000000e+00
5.354301605010528249e-12
0.000000000000000000e+00
0.000000000000000000e+00
0.000000000000000000e+00
0.000000000000000000e+00
0.000000000000000000e+00
0.000000000000000000e+00
0.000000000000000000e+00
0.000000000000000000e+00
0.000000000000000000e+00
0.000000000000000000e+00
0.000000000000000000e+00
0.000000000000000000e+00
0.000000000000000000e+00
0.000000000000000000e+00
1.231637947085206947e-11
6.160067093810232888e-12
1.458627043814995480e-11
1.261230413518518822e-11
6.692600376259326939e-12
9.014518521249740616e-12
8.735110017154985890e-12
8.970640152258177544e-12
7.663588382428113086e-14
6.692776410604240353e-15
0.000000000000000000e+00
1.024606589205572088e-11
2.736851396910125383e-12
7.721507889304918068e-12
1.007050211728505644e-11
1.067275263541123167e-11
1.943589390636261928e-11
2.459391943321400925e-11
3.218785654741606807e-11
4.055982316859696830e-11
4.624195910851828341e-11
3.715562770376654467e-11
3.021929572306326630e-11
2.456592236071836943e-11
2.321673638492017253e-11
2.084265206008085681e-11
9.979647669665589841e-12
2.483515574576271252e-12
1.245116242377848791e-11
0.000000000000000000e+00
0.000000000000000000e+00
3.084505262456704324e-15
1.879104299718026325e-12
4.104453805469985566e-13
0.000000000000000000e+00
2.724239091957653034e-15
0.000000000000000000e+00
3.358478733280838585e-12
4.397624941163180671e-12
0.000000000000000000e+00
0.000000000000000000e+00
0.000000000000000000e+00
0.000000000000000000e+00
0.000000000000000000e+00
0.000000000000000000e+00
0.000000000000000000e+00
0.000000000000000000e+00
0.000000000000000000e+00
0.000000000000000000e+00
0.000000000000000000e+00
0.000000000000000000e+00
0.000000000000000000e+00
0.000000000000000000e+00
0.000000000000000000e+00
3.748146482579273718e-12
5.740191754088140855e-12
5.682046797680221023e-12
1.347769051654183307e-11
1.763312425337813809e-11
7.495001014842122374e-12
2.079834107961507553e-12
1.211417003521520385e-11
0.000000000000000000e+00
5.598612384317107025e-12
1.167832386021010080e-11
7.755872961779650131e-13
5.295572070677223799e-12
1.025484817293835231e-11
2.762192314280930046e-12
8.016562484296930632e-12
1.410962936402662075e-11
2.258447712185454219e-11
3.677537020203992832e-11
4.493601368622590941e-11
4.300668262646872599e-11
4.683683418764718651e-11
4.364878738661330030e-11
3.409935724049469254e-11
2.534668937298039103e-11
1.411542012318500955e-11
1.166450679442747860e-11
1.415894076426773978e-11
1.240146473929122199e-14
1.937367699660745017e-12
1.531292097978615654e-14
7.592434607310104884e-12
5.640927334270039396e-12
8.252767598903242933e-12
3.936671329723329721e-12
3.260522663015241683e-12
1.602304817180866553e-12
9.591024093289250908e-12
0.000000000000000000e+00
3.330825370297616765e-12
0.000000000000000000e+00
0.000000000000000000e+00
3.789383870242109290e-14
0.000000000000000000e+00
0.000000000000000000e+00
0.000000000000000000e+00
0.000000000000000000e+00
0.000000000000000000e+00
0.000000000000000000e+00
0.000000000000000000e+00
0.000000000000000000e+00
0.000000000000000000e+00
0.000000000000000000e+00
0.000000000000000000e+00
0.000000000000000000e+00
4.287902304010645431e-12
1.170328842432987849e-11
8.071161229141076186e-12
7.055364798233680084e-12
8.140253939994710917e-12
3.014676386367134720e-12
1.143636732017218513e-11
1.203607766561350945e-11
8.823079904716991734e-12
5.069237679170909794e-12
7.389441838988682275e-12
0.000000000000000000e+00
1.858621845409184222e-12
9.768978173178875850e-12
8.595146457714217886e-12
9.439786932987201822e-12
1.063823120139281371e-11
3.093236869482286138e-11
3.609716348628032828e-11
4.855622192659379687e-11
4.942736291736801122e-11
4.125219628117400675e-11
5.477962186303890964e-11
3.779135649297607725e-11
3.172637321141341555e-11
1.548154004814109567e-11
2.332828964235886573e-11
2.222854813016294630e-11
1.056499339737109254e-14
1.261823807844233702e-11
0.000000000000000000e+00
1.356215167501555657e-11
3.593030929015653605e-15
8.073261811121290968e-13
4.887304861796611294e-12
0.000000000000000000e+00
5.940341785089827463e-12
3.698070708004575185e-15
0.000000000000000000e+00
0.000000000000000000e+00
1.878935770436631215e-12
1.596960091808988933e-12
0.000000000000000000e+00
0.000000000000000000e+00
0.000000000000000000e+00
0.000000000000000000e+00
0.000000000000000000e+00
0.000000000000000000e+00
0.000000000000000000e+00
0.000000000000000000e+00
0.000000000000000000e+00
0.000000000000000000e+00
0.000000000000000000e+00
0.000000000000000000e+00
0.000000000000000000e+00
8.718663942770449512e-13
7.423564483773871318e-12
5.576738154059344495e-12
9.345631469471660834e-12
1.526329319769045550e-11
1.354838111242912248e-11
1.402994425804563273e-11
1.549180801183081176e-11
5.937918181081259362e-12
3.972928908818260992e-12
1.343140324237933664e-11
3.915704014522007323e-12
4.834782234398468745e-15
0.000000000000000000e+00
1.195284949235440678e-11
9.015103239869143096e-12
2.001630191846622246e-11
3.023341012184491200e-11
3.647559107981100674e-11
5.224359605198339675e-11
5.549840026888633762e-11
4.865580824167559546e-11
5.832085444139050302e-11
3.816869918972213333e-11
3.214513121399061689e-11
3.017328482665501029e-11
1.575288551702706919e-11
1.545780838982059162e-11
2.556172380491730200e-12
0.000000000000000000e+00
0.000000000000000000e+00
5.834931156450469038e-12
9.123175709332288273e-12
5.083883285985168778e-12
0.000000000000000000e+00
0.000000000000000000e+00
0.000000000000000000e+00
8.361510011820845528e-12
5.912105250119228940e-13
0.000000000000000000e+00
5.514354838389187916e-16
0.000000000000000000e+00
0.000000000000000000e+00
0.000000000000000000e+00
0.000000000000000000e+00
0.000000000000000000e+00
0.000000000000000000e+00
0.000000000000000000e+00
0.000000000000000000e+00
0.000000000000000000e+00
0.000000000000000000e+00
0.000000000000000000e+00
0.000000000000000000e+00
0.000000000000000000e+00
0.000000000000000000e+00
2.691599143460973554e-12
1.171564755285149419e-11
1.220325549022533037e-11
1.830360877342026345e-11
1.135813456205828757e-11
8.904491216068593326e-12
7.299613378286578166e-12
7.027843688652572967e-12
6.519358872942449172e-12
0.000000000000000000e+00
4.913029216276953598e-12
8.095700637096624941e-12
4.977237696325825469e-12
2.473538991066310250e-12
3.011259547366250041e-12
1.260756878072960895e-11
1.806431069311189639e-11
2.833422677890633003e-11
4.094061574277022623e-11
5.923576277192997854e-11
6.456847188295280572e-11
6.794655694773179309e-11
5.879131387398578736e-11
4.921393452228158672e-11
3.397513262293411556e-11
3.434349244045968586e-11
1.764453888494792973e-11
5.194745833240269730e-12
0.000000000000000000e+00
9.415535151442810705e-12
2.816820430054209202e-12
1.697648803059538587e-12
3.387140962773769514e-12
0.000000000000000000e+00
9.777820137400837393e-15
0.000000000000000000e+00
7.000048598058949450e-12
1.691007799236379638e-12
0.000000000000000000e+00
0.000000000000000000e+00
0.000000000000000000e+00
0.000000000000000000e+00
0.000000000000000000e+00
0.000000000000000000e+00
0.000000000000000000e+00
0.000000000000000000e+00
0.000000000000000000e+00
0.000000000000000000e+00
0.000000000000000000e+00
0.000000000000000000e+00
0.000000000000000000e+00
0.000000000000000000e+00
0.000000000000000000e+00
0.000000000000000000e+00
0.000000000000000000e+00
5.374451106613351623e-12
5.500931666881632066e-12
1.082764325881243444e-11
1.923055711018204358e-11
1.639998187904772394e-11
1.890493715409511190e-11
1.004513809891445455e-11
1.397662449128328505e-11
5.053576305051802275e-12
5.480274597286072374e-12
0.000000000000000000e+00
0.000000000000000000e+00
6.402202743934452887e-12
0.000000000000000000e+00
9.467866817428928450e-12
1.589320141229306972e-11
2.470915461915044066e-11
3.969572375338606157e-11
5.392899075973755930e-11
5.599220649144526839e-11
7.112263391176530738e-11
6.394728196843265936e-11
6.766531673504943749e-11
6.528209740613213101e-11
3.877869034248416186e-11
4.252912042490732939e-11
2.298546381553746806e-11
7.142031806908766604e-12
0.000000000000000000e+00
4.175184519577654354e-12
4.087273205262827636e-12
5.893143602820792242e-12
0.000000000000000000e+00
0.000000000000000000e+00
8.860974858959528781e-12
0.000000000000000000e+00
4.558337671246957174e-12
0.000000000000000000e+00
5.652233805322860199e-12
1.481510566016429135e-12
0.000000000000000000e+00
0.000000000000000000e+00
0.000000000000000000e+00
0.000000000000000000e+00
0.000000000000000000e+00
0.000000000000000000e+00
0.000000000000000000e+00
0.000000000000000000e+00
0.000000000000000000e+00
0.000000000000000000e+00
0.000000000000000000e+00
0.000000000000000000e+00
0.000000000000000000e+00
0.000000000000000000e+00
6.343277138435116748e-12
1.489299054046218006e-11
1.867851583452988228e-11
2.104764106121276073e-11
1.821985835577845448e-11
1.911911847607530264e-11
1.707038172966752049e-11
1.835799320634478230e-11
1.795986061273496789e-11
1.872427347076169389e-12
8.621112484850488424e-12
3.752068777521612726e-12
9.524271194852736214e-12
0.000000000000000000e+00
0.000000000000000000e+00
1.716396648290739914e-11
9.280804738149241970e-12
3.536222428975662424e-11
4.419880958102618698e-11
5.203973268422575577e-11
7.493720330539718517e-11
7.734621096849434486e-11
7.517358505444300411e-11
7.590384581372899565e-11
6.934429110185613048e-11
3.758133517320660814e-11
3.432517479159588939e-11
2.312709063623378977e-11
6.054667348370945911e-12
1.171175185830579490e-14
3.777757165858593432e-12
0.000000000000000000e+00
1.652322545005235902e-12
2.451065673647194478e-12
4.855194321148015885e-12
1.026449094728031831e-15
0.000000000000000000e+00
0.000000000000000000e+00
9.647345887095534664e-12
1.408190191892955686e-12
0.000000000000000000e+00
0.000000000000000000e+00
0.000000000000000000e+00
1.712589723389060828e-13
0.000000000000000000e+00
0.000000000000000000e+00
0.000000000000000000e+00
0.000000000000000000e+00
0.000000000000000000e+00
0.000000000000000000e+00
1.049341151225731506e-09
0.000000000000000000e+00
0.000000000000000000e+00
0.000000000000000000e+00
0.000000000000000000e+00
1.678805319525107045e-11
1.326864538333508763e-11
1.851673197702215199e-11
1.360681846342013049e-11
2.150913294169879073e-11
2.462948208475510148e-11
2.779235100539056660e-11
1.480911599650330916e-11
9.175441790031314998e-12
9.384324164685439171e-12
1.326899859516313741e-12
1.164150018472533465e-12
1.268804668876347552e-11
1.895916684730619069e-12
7.199924223110391412e-12
1.670833004273407799e-11
2.321356872605592279e-11
3.181797450881225572e-11
4.725085184965855274e-11
7.121643209141451724e-11
7.467551600784888800e-11
8.974241641954526081e-11
9.303728148849688433e-11
8.264809599402162292e-11
8.073877972937774642e-11
5.111585297593549749e-11
3.683090269282731461e-11
3.422142160660234796e-11
1.143039470052124133e-11
6.956910811797570335e-12
6.148081162323099122e-13
0.000000000000000000e+00
0.000000000000000000e+00
0.000000000000000000e+00
7.823765771778635858e-12
0.000000000000000000e+00
0.000000000000000000e+00
1.167692902488516432e-12
3.881524464942140450e-12
1.257147729117340517e-15
0.000000000000000000e+00
0.000000000000000000e+00
0.000000000000000000e+00
0.000000000000000000e+00
0.000000000000000000e+00
0.000000000000000000e+00
0.000000000000000000e+00
0.000000000000000000e+00
0.000000000000000000e+00
0.000000000000000000e+00
4.246796801121442847e-10
0.000000000000000000e+00
0.000000000000000000e+00
0.000000000000000000e+00
1.011142422116505998e-11
1.433344205588198474e-11
2.171921493922749232e-11
2.590821615197333007e-11
2.437673211080099615e-11
1.939105573907938136e-11
2.416118811456763415e-11
2.273740505840470444e-11
2.190382056150341032e-11
1.828926997225574276e-11
8.368336110960147998e-12
9.744790058976765299e-12
1.039374763408450790e-11
0.000000000000000000e+00
1.039547595010205031e-11
0.000000000000000000e+00
1.433972634699721911e-11
3.165581648774864967e-11
3.976102727526518843e-11
5.319177356511014427e-11
6.335356169035664186e-11
8.572623954336204986e-11
1.022782075655768987e-10
9.486973210985523813e-11
8.178412489795571428e-11
7.735448825038096928e-11
4.884380392849879364e-11
4.392200902750589925e-11
3.787118973807064452e-11
8.302687772834792914e-12
3.639235343339146184e-12
2.488616536098482577e-12
0.000000000000000000e+00
0.000000000000000000e+00
2.067972456205065800e-15
0.000000000000000000e+00
0.000000000000000000e+00
1.264140814432421598e-14
3.232230187644378931e-15
0.000000000000000000e+00
7.793606863418810964e-15
0.000000000000000000e+00
0.000000000000000000e+00
0.000000000000000000e+00
0.000000000000000000e+00
0.000000000000000000e+00
0.000000000000000000e+00
0.000000000000000000e+00
0.000000000000000000e+00
0.000000000000000000e+00
0.000000000000000000e+00
0.000000000000000000e+00
0.000000000000000000e+00
0.000000000000000000e+00
5.853451841606728502e-12
2.881593139758325692e-12
1.127694981191487657e-11
2.135226809318540497e-11
2.227970091061021157e-11
2.827454938457736508e-11
2.533177966542165760e-11
3.153733709886939853e-11
2.900390000975616158e-11
2.630873609748339811e-11
1.816991569336963053e-11
1.152396109495998200e-11
1.873119666735628215e-11
7.357690392119341002e-12
7.405946502446169730e-12
0.000000000000000000e+00
0.000000000000000000e+00
1.630151458260397157e-11
2.748941565620400376e-11
3.459492822703563744e-11
4.675357266352378201e-11
6.509492964742466261e-11
8.747744680997328190e-11
1.034331507882227654e-10
9.157622046134464274e-11
9.145048337238954424e-11
8.241563458758907752e-11
4.757108784442434685e-11
4.731201721389366543e-11
2.935508465629811483e-11
1.750396254685876782e-11
3.987034490101356194e-12
2.896714970587707272e-15
7.915003359039763418e-15
3.502823146100508643e-12
4.892636113010041483e-12
0.000000000000000000e+00
0.000000000000000000e+00
0.000000000000000000e+00
5.383508943233176044e-12
2.866202238260381864e-12
0.000000000000000000e+00
7.119580688317346973e-13
0.000000000000000000e+00
0.000000000000000000e+00
0.000000000000000000e+00
0.000000000000000000e+00
0.000000000000000000e+00
0.000000000000000000e+00
0.000000000000000000e+00
1.562247935154487469e-02
1.526061562631189118e-02
0.000000000000000000e+00
1.292693697272428408e-12
1.268425122100732449e-12
6.869851135475875011e-12
1.280957008444029765e-11
1.744797229393977528e-11
2.232248821485418502e-11
1.743397981102439005e-11
3.530392786807208791e-11
2.435750794452117700e-11
2.166679789147673837e-11
2.850868011207015902e-11
2.601933746009662292e-11
1.724375133931314221e-11
2.592431490721180227e-11
1.951196918474812565e-11
1.176148467934627225e-12
7.412650679540384194e-12
3.102928450043886516e-12
0.000000000000000000e+00
1.564002873049816616e-11
1.805363875430539137e-11
3.084644379400505794e-11
3.784781810999456595e-11
6.725795196878140491e-11
8.142733985902650279e-11
8.593786381096467048e-11
9.541940987120479959e-11
8.495975328480454315e-11
6.958315716598946799e-11
5.402961117895714714e-11
4.474992506785739570e-11
1.265488891056837231e-11
8.706737495012022032e-12
1.202981948674727517e-12
3.703155564562003352e-12
0.000000000000000000e+00
0.000000000000000000e+00
3.688972882710530784e-12
0.000000000000000000e+00
6.705813566871690972e-15
1.056391105085212826e-14
2.094908029771150387e-12
0.000000000000000000e+00
9.928835427554595748e-15
2.636222450386254720e-15
7.823857945036358315e-12
0.000000000000000000e+00
0.000000000000000000e+00
0.000000000000000000e+00
0.000000000000000000e+00
0.000000000000000000e+00
0.000000000000000000e+00
0.000000000000000000e+00
0.000000000000000000e+00
0.000000000000000000e+00
4.019930124511884566e-12
1.266868804284485731e-12
1.539597477841313483e-11
1.310338715502761420e-11
2.408527250959345561e-11
2.463547700222985744e-11
2.988733723816142236e-11
3.272814163323610373e-11
2.834083934971537299e-11
2.561949627659751387e-11
2.821473629375128629e-11
1.894196519039576582e-11
2.000600397559810495e-11
1.171533376465310759e-11
5.264464220431943516e-12
0.000000000000000000e+00
2.385973591317204904e-12
0.000000000000000000e+00
2.810338848851873372e-12
4.622949626917630026e-12
1.376564694519244150e-11
2.069659433468505515e-11
3.478992328462889157e-11
4.984475491487601052e-11
6.677176430073973845e-11
7.856690531348661142e-11
7.289372352253567036e-11
7.874023200378498053e-11
6.216879281937642605e-11
4.584362917557267287e-11
2.851464870770117624e-11
2.268016203856470073e-11
5.543443605760409968e-12
5.948874158696060769e-13
0.000000000000000000e+00
4.334182090095572007e-12
0.000000000000000000e+00
3.432109885864619439e-12
1.123273723051326912e-12
1.045461606648307527e-11
2.591111487035369967e-12
1.273107840307884681e-11
2.855669232113718982e-12
0.000000000000000000e+00
0.000000000000000000e+00
1.900824782395163003e-12
0.000000000000000000e+00
0.000000000000000000e+00
0.000000000000000000e+00
0.000000000000000000e+00
0.000000000000000000e+00
4.314636326457917999e-10
0.000000000000000000e+00
0.000000000000000000e+00
0.000000000000000000e+00
2.799380370293856018e-12
1.392043861045090683e-11
1.154101411118980717e-11
2.546913473222535888e-11
1.780068144060772610e-11
2.615054906350675125e-11
2.976975036344498464e-11
2.163286156125222477e-11
2.534135194445428388e-11
1.903860835494763791e-11
1.564063536434425899e-11
2.841494033006160851e-11
1.511478255836454709e-11
1.821038166802858880e-11
2.513112083370367006e-12
1.810070094352770949e-12
1.100028745286542181e-11
3.668599614228889186e-12
2.354157050500463709e-12
0.000000000000000000e+00
0.000000000000000000e+00
8.763424430908036513e-12
1.855579992377548160e-11
3.181709125859443807e-11
4.595227548606002151e-11
5.868698691187231205e-11
6.363974704607422064e-11
6.104082081827303897e-11
4.992777098719934285e-11
3.719655059321018226e-11
1.868875514686202174e-11
1.203982735728106033e-11
0.000000000000000000e+00
8.289733473017455670e-14
0.000000000000000000e+00
0.000000000000000000e+00
1.006676933882947670e-11
3.455012997868157200e-12
8.557013689965933868e-13
7.188280481789600264e-12
1.642268912577232342e-12
5.514479874962375474e-12
6.100451056339977223e-12
0.000000000000000000e+00
0.000000000000000000e+00
0.000000000000000000e+00
5.063028477599095808e-13
0.000000000000000000e+00
6.936043852706014543e-12
0.000000000000000000e+00
0.000000000000000000e+00
4.469532828658030417e-12
0.000000000000000000e+00
3.716736611288560709e-12
0.000000000000000000e+00
8.125049379359189767e-12
2.389680406281571197e-09
1.116461153605808536e-11
1.192849542427073134e-11
1.803833777200563606e-11
2.193788755356993475e-11
2.072599072331895961e-11
2.525782941004752307e-11
1.700030260513853609e-11
1.588378799111166661e-11
1.795225187983227467e-11
2.379357589820491360e-11
2.106624132025567860e-11
1.131739547689765818e-11
9.410796290072505174e-12
6.008394939091564192e-12
0.000000000000000000e+00
0.000000000000000000e+00
0.000000000000000000e+00
0.000000000000000000e+00
0.000000000000000000e+00
0.000000000000000000e+00
6.595187195829671897e-12
1.127655386754930701e-11
1.323280450872211801e-11
2.573498890817602660e-11
3.481233029438192976e-11
2.613217718457072063e-11
2.428728891386348545e-11
2.754775689598095758e-11
1.126062879714521509e-11
1.138472529759515757e-11
0.000000000000000000e+00
0.000000000000000000e+00
2.306711804308377291e-12
1.165418192088255808e-12
2.708498308732859725e-11
1.821143423876614422e-11
6.509666034378632548e-12
1.050587746587981859e-11
1.717218744525394491e-12
3.117358705740850762e-12
9.493690568950646870e-12
3.423750637654859471e-12
2.177892457364647814e-12
7.725189109312477297e-12
3.682162543270670835e-13
1.665042839729066932e-12
0.000000000000000000e+00
9.766270466006580186e-13
5.140673448353273755e-12
6.051791956049561095e-12
7.375678139319491665e-12
4.355433341815991005e-12
1.533090373791170226e-11
1.083259566840251208e-11
1.840539755887462412e-10
7.963530850343438465e-12
1.483345492847627700e-11
1.417663760517492985e-11
1.667856023493437706e-11
1.406173658673492485e-11
1.412600255205521591e-11
1.269165974286163197e-11
1.347082591408653032e-11
1.307915235686314360e-11
1.474497183525894818e-11
1.219047905594847614e-11
2.835850346213821951e-12
6.553180302542200595e-12
3.334461557207510229e-12
0.000000000000000000e+00
0.000000000000000000e+00
0.000000000000000000e+00
0.000000000000000000e+00
0.000000000000000000e+00
0.000000000000000000e+00
0.000000000000000000e+00
0.000000000000000000e+00
6.138957147197519251e-12
9.042608057115603179e-12
0.000000000000000000e+00
1.410743203538661792e-11
5.871405435265090172e-12
1.424531923957674406e-11
0.000000000000000000e+00
0.000000000000000000e+00
0.000000000000000000e+00
8.319131164452272948e-14
0.000000000000000000e+00
6.193320739154846437e-12
1.171342250156175154e-11
2.433089654258984837e-11
3.368225784894382756e-12
2.848667389215238491e-12
7.591345269600455826e-12
3.067772190294874879e-12
0.000000000000000000e+00
4.441009905811955382e-12
6.986425816414781847e-13
8.889174520700068359e-12
0.000000000000000000e+00
0.000000000000000000e+00
5.639678578280996190e-12
7.644409435575598451e-12
1.124567874041366644e-11
5.074801918207862112e-12
6.501988583088778915e-12
7.819323311676874653e-12
8.594407384662561720e-12
1.275386449488757722e-11
1.211248533500195085e-12
1.084027552528821082e-11
5.418181061689857823e-12
9.621232531221515782e-02
7.329217063376800012e-02
1.040492721006553615e-11
8.871445814038256787e-12
6.010955745397876090e-12
9.101798448663373636e-12
1.627336622971292576e-11
2.037039840313795530e-11
1.514529110796640180e-11
1.155011546553971090e-11
1.752912292268232515e-12
5.456255270340785359e-12
0.000000000000000000e+00
0.000000000000000000e+00
0.000000000000000000e+00
0.000000000000000000e+00
0.000000000000000000e+00
0.000000000000000000e+00
0.000000000000000000e+00
0.000000000000000000e+00
0.000000000000000000e+00
0.000000000000000000e+00
0.000000000000000000e+00
0.000000000000000000e+00
0.000000000000000000e+00
0.000000000000000000e+00
0.000000000000000000e+00
0.000000000000000000e+00
0.000000000000000000e+00
0.000000000000000000e+00
1.285229711422068312e-11
2.097122703147244716e-12
9.187914971773055560e-12
1.751628301455282628e-12
1.106024152528560814e-11
6.433616121896247079e-12
3.088071043672597407e-12
5.460145308480478214e-12
1.440851305644830717e-11
3.215591321910738897e-12
7.073891639145127335e-12
2.026249234684045094e-12
8.492358005333539049e-13
1.276644843367737089e-11
1.094351254431873286e-11
1.269877940327713469e-11
1.479008230380978432e-11
5.126794499992236681e-12
1.791433899096352680e-11
1.287335404340565859e-11
1.819700557128637274e-11
2.878796977486002961e-12
5.096709212366834775e-12
1.284678379040584841e-12
6.655762284961475206e-12
0.000000000000000000e+00
0.000000000000000000e+00
0.000000000000000000e+00
0.000000000000000000e+00
8.203713827922635510e-11
5.422192610207116972e-12
6.788793135818285258e-12
5.092065878330976126e-12
1.121143592889510809e-11
3.206793063274065016e-12
5.201609879890319262e-12
8.703700865138392583e-12
0.000000000000000000e+00
0.000000000000000000e+00
0.000000000000000000e+00
0.000000000000000000e+00
0.000000000000000000e+00
0.000000000000000000e+00
0.000000000000000000e+00
0.000000000000000000e+00
0.000000000000000000e+00
2.021309708262596327e-10
1.400682678623119647e-02
0.000000000000000000e+00
0.000000000000000000e+00
0.000000000000000000e+00
0.000000000000000000e+00
0.000000000000000000e+00
0.000000000000000000e+00
0.000000000000000000e+00
8.279019744584922557e-12
0.000000000000000000e+00
2.780719930959774362e-12
2.160595676114545167e-11
1.019987417464963107e-11
3.512352242817403090e-12
4.394511964177851402e-12
9.581035539447657726e-12
7.885335623909785143e-12
2.935902448076688593e-12
8.165171835947733666e-12
1.221664586771806501e-12
6.346052619335241292e-12
1.702816918692610797e-11
1.407073170399658809e-11
1.274726928970149481e-11
1.271097495447273798e-11
1.886594821989356345e-11
8.450251843827462475e-12
1.695818682911846264e-11
5.119562306374588391e-12
6.776494248739694579e-12
0.000000000000000000e+00
7.571677959171603272e-13
0.000000000000000000e+00
0.000000000000000000e+00
0.000000000000000000e+00
0.000000000000000000e+00
0.000000000000000000e+00
0.000000000000000000e+00
1.938153943340418198e-12
6.549969741839127020e-12
0.000000000000000000e+00
2.488593392214268618e-01
0.000000000000000000e+00
0.000000000000000000e+00
1.726540868920472442e-12
0.000000000000000000e+00
0.000000000000000000e+00
0.000000000000000000e+00
0.000000000000000000e+00
0.000000000000000000e+00
0.000000000000000000e+00
0.000000000000000000e+00
0.000000000000000000e+00
0.000000000000000000e+00
6.596934579482465963e-03
1.763204892592021983e-02
0.000000000000000000e+00
0.000000000000000000e+00
0.000000000000000000e+00
0.000000000000000000e+00
0.000000000000000000e+00
0.000000000000000000e+00
1.010381226797598496e-11
0.000000000000000000e+00
5.270150311472592297e-12
5.439617723140287248e-12
1.542711275122324913e-12
1.988505974250922599e-12
1.116105833718967878e-11
5.001076397754145540e-12
2.247246751970992760e-11
1.279923050566843979e-11
1.063826709695439531e-12
9.479000263201985976e-15
7.221376600763874768e-12
6.296884082455342160e-12
2.083282770590211268e-11
2.322230463963596246e-11
1.015788976160519244e-11
1.915561531622824039e-11
1.565797096550587935e-11
1.384139466404429866e-11
1.237848158150837508e-11
7.477509195808003404e-12
8.064279614465683044e-16
2.796723872662291499e-12
0.000000000000000000e+00
0.000000000000000000e+00
0.000000000000000000e+00
0.000000000000000000e+00
0.000000000000000000e+00
0.000000000000000000e+00
0.000000000000000000e+00
7.529237051115318406e-12
0.000000000000000000e+00
0.000000000000000000e+00
5.270750790130187954e-12
0.000000000000000000e+00
6.325425434922327117e-02
1.083555164413306717e-11
4.992038203016806178e-09
0.000000000000000000e+00
0.000000000000000000e+00
0.000000000000000000e+00
0.000000000000000000e+00
0.000000000000000000e+00
0.000000000000000000e+00
0.000000000000000000e+00
0.000000000000000000e+00
0.000000000000000000e+00
0.000000000000000000e+00
0.000000000000000000e+00
0.000000000000000000e+00
0.000000000000000000e+00
0.000000000000000000e+00
0.000000000000000000e+00
0.000000000000000000e+00
0.000000000000000000e+00
0.000000000000000000e+00
1.465216228414074012e-12
6.586100937487907445e-12
9.013195635671090651e-12
3.923852356089236190e-12
7.426525370305029894e-12
1.226774134792219819e-11
9.783305968870247885e-12
1.276019898523525896e-11
1.142267110263012301e-12
0.000000000000000000e+00
0.000000000000000000e+00
7.082457628266108045e-12
4.012562108376821733e-12
1.396831485161132466e-11
1.619734190851698441e-11
1.400812203043661817e-11
1.490754041687003389e-11
1.311017694685610221e-11
1.008819660063371428e-11
1.078692080020489714e-11
6.243755560375588855e-12
1.440891198798816235e-12
0.000000000000000000e+00
0.000000000000000000e+00
0.000000000000000000e+00
0.000000000000000000e+00
0.000000000000000000e+00
0.000000000000000000e+00
0.000000000000000000e+00
0.000000000000000000e+00
0.000000000000000000e+00
0.000000000000000000e+00
0.000000000000000000e+00
9.511388929499999162e-12
4.109317287322257700e-12
6.767191606358222815e-12
4.428031467309165176e-12
8.410450548485532352e-12
0.000000000000000000e+00
0.000000000000000000e+00
0.000000000000000000e+00
0.000000000000000000e+00
0.000000000000000000e+00
0.000000000000000000e+00
0.000000000000000000e+00
0.000000000000000000e+00
0.000000000000000000e+00
0.000000000000000000e+00
0.000000000000000000e+00
3.608730995209292085e-12
0.000000000000000000e+00
7.392381268768299529e-12
0.000000000000000000e+00
4.258604794289984342e-12
5.721572012370643750e-12
9.834114211387832640e-12
6.031953870441443365e-12
1.113474651791052941e-11
0.000000000000000000e+00
1.829217326514146827e-11
3.551259074394391738e-12
1.567647876279950396e-12
0.000000000000000000e+00
3.936159584260947954e-12
2.185829967783612291e-12
6.266630994594511313e-12
1.102357815677937390e-11
1.280287703500415131e-11
1.781516383328195401e-11
2.376636403281671423e-11
1.610732094273287522e-11
1.898406664409921218e-11
1.438393742973752542e-11
7.976926028259115591e-12
0.000000000000000000e+00
0.000000000000000000e+00
2.044610021356683520e-12
0.000000000000000000e+00
0.000000000000000000e+00
0.000000000000000000e+00
0.000000000000000000e+00
0.000000000000000000e+00
0.000000000000000000e+00
0.000000000000000000e+00
0.000000000000000000e+00
0.000000000000000000e+00
0.000000000000000000e+00
0.000000000000000000e+00
0.000000000000000000e+00
0.000000000000000000e+00
8.023062055490421330e-12
1.609968916608815961e-12
0.000000000000000000e+00
0.000000000000000000e+00
0.000000000000000000e+00
0.000000000000000000e+00
4.624510651422191684e-13
0.000000000000000000e+00
0.000000000000000000e+00
0.000000000000000000e+00
0.000000000000000000e+00
0.000000000000000000e+00
2.701946865740911431e-12
0.000000000000000000e+00
0.000000000000000000e+00
7.865585054240813012e-12
1.107212699467910930e-11
0.000000000000000000e+00
0.000000000000000000e+00
5.748604492265544147e-13
1.142937269080301108e-11
1.787643511929803091e-11
6.852391192528632413e-12
3.964376990047311173e-12
1.830492181113369125e-11
0.000000000000000000e+00
0.000000000000000000e+00
1.052421815570678034e-11
3.829005694843409376e-12
3.343822555385214522e-13
1.240187009514431006e-12
4.455712652202221483e-12
2.006383190837000639e-11
1.896596501274764867e-11
7.937736406118675189e-12
1.935519185506106247e-11
1.666335828950580880e-11
1.034011826864013904e-11
7.053469605285680484e-12
4.974237193595738301e-12
3.887842177190265780e-12
0.000000000000000000e+00
0.000000000000000000e+00
0.000000000000000000e+00
0.000000000000000000e+00
0.000000000000000000e+00
0.000000000000000000e+00
0.000000000000000000e+00
0.000000000000000000e+00
0.000000000000000000e+00
0.000000000000000000e+00
0.000000000000000000e+00
0.000000000000000000e+00
3.868873568597566620e-12
0.000000000000000000e+00
9.002215209551879878e-12
5.145058866564013313e-13
0.000000000000000000e+00
0.000000000000000000e+00
0.000000000000000000e+00
0.000000000000000000e+00
0.000000000000000000e+00
6.581328909834480914e-10
3.240708151685687433e-12
1.103145424399492709e-12
0.000000000000000000e+00
4.264371636263957571e-12
5.665692127116323300e-12
0.000000000000000000e+00
2.186460107558563112e-11
1.817656590852853627e-11
1.339957896886247854e-11
1.760925220372361408e-11
0.000000000000000000e+00
1.159112072890599411e-11
1.292559730390752915e-11
1.329750644906363349e-11
1.939631594242937806e-11
3.801919230224489689e-13
9.548031074014156083e-12
2.045498827348097013e-12
7.815423858751672698e-12
0.000000000000000000e+00
0.000000000000000000e+00
4.334526878873915671e-15
6.676513650498463843e-12
1.196149007678877141e-11
1.263242479812269416e-11
1.342621429424133464e-11
6.155972636742893035e-12
1.976773023541868308e-11
1.145277780183784420e-11
6.877064846516114941e-12
6.009173901686651319e-12
2.228473865794770454e-15
0.000000000000000000e+00
5.173155844739006267e-12
0.000000000000000000e+00
0.000000000000000000e+00
0.000000000000000000e+00
0.000000000000000000e+00
0.000000000000000000e+00
0.000000000000000000e+00
0.000000000000000000e+00
0.000000000000000000e+00
0.000000000000000000e+00
0.000000000000000000e+00
0.000000000000000000e+00
0.000000000000000000e+00
0.000000000000000000e+00
0.000000000000000000e+00
0.000000000000000000e+00
0.000000000000000000e+00
0.000000000000000000e+00
0.000000000000000000e+00
0.000000000000000000e+00
6.166689153685945006e-10
4.378104993708988035e-02
8.523612539457761303e-03
0.000000000000000000e+00
4.824000023000437542e-12
5.127788961737506397e-12
2.254931379912134390e-11
2.329714021243524520e-11
2.575309605621387157e-11
2.270192936112039685e-11
1.970330781703526805e-11
1.825943723896400509e-11
1.683156290768419354e-11
2.367013231316755814e-11
1.955442119052443533e-11
1.203724745276792603e-11
1.669888291213054803e-11
6.526255039302552636e-12
9.774690753242674677e-12
1.729439152049408897e-11
9.321682172046175860e-16
3.175480498819472106e-13
8.202075596495790707e-12
0.000000000000000000e+00
2.638032012705576364e-12
7.648616457274005121e-12
2.523627310271205344e-12
1.170407809986655337e-11
6.664544856082819821e-12
1.429504441914012307e-11
1.208872573927787800e-11
1.063587980710758778e-11
5.053026022849749708e-12
5.849868796616161338e-12
5.959082577846831704e-12
0.000000000000000000e+00
0.000000000000000000e+00
0.000000000000000000e+00
0.000000000000000000e+00
0.000000000000000000e+00
0.000000000000000000e+00
0.000000000000000000e+00
0.000000000000000000e+00
0.000000000000000000e+00
0.000000000000000000e+00
0.000000000000000000e+00
0.000000000000000000e+00
0.000000000000000000e+00
0.000000000000000000e+00
0.000000000000000000e+00
0.000000000000000000e+00
0.000000000000000000e+00
0.000000000000000000e+00
0.000000000000000000e+00
0.000000000000000000e+00
0.000000000000000000e+00
0.000000000000000000e+00
2.518232502550640448e-03
0.000000000000000000e+00
3.924130648448306337e-09
1.013675799424725871e-11
1.485098920074877118e-11
3.077133725404543872e-11
3.060331535966550109e-11
3.437412798005616321e-11
3.379926189042113804e-11
1.754420109889885472e-11
1.728944097310264523e-11
1.941703952408961540e-11
2.598021112511191360e-11
2.211193499657774775e-11
2.198639163849160994e-12
1.600698963580659249e-11
1.265910737072934956e-11
0.000000000000000000e+00
4.419441542922055195e-13
0.000000000000000000e+00
1.455458563841420905e-12
0.000000000000000000e+00
4.181752448703022632e-12
5.646552322058567286e-12
3.835028065591920613e-13
5.356285237849417234e-12
6.531851136772702387e-12
5.141414621358609827e-12
4.562078889688253853e-12
1.156608926369362730e-11
3.775601895909380707e-12
0.000000000000000000e+00
0.000000000000000000e+00
0.000000000000000000e+00
0.000000000000000000e+00
0.000000000000000000e+00
0.000000000000000000e+00
0.000000000000000000e+00
0.000000000000000000e+00
0.000000000000000000e+00
0.000000000000000000e+00
0.000000000000000000e+00
0.000000000000000000e+00
0.000000000000000000e+00
0.000000000000000000e+00
0.000000000000000000e+00
0.000000000000000000e+00
0.000000000000000000e+00
0.000000000000000000e+00
0.000000000000000000e+00
0.000000000000000000e+00
0.000000000000000000e+00
0.000000000000000000e+00
0.000000000000000000e+00
1.528637109397130044e-09
0.000000000000000000e+00
0.000000000000000000e+00
0.000000000000000000e+00
1.115280675722699066e-02
2.089503555863072380e-11
2.782524533363283182e-11
3.277412917676035358e-11
4.084876415723390013e-11
5.132920305906791817e-11
3.100752243388119117e-11
2.757964580966837692e-11
2.753258889429016862e-11
1.602606714504241070e-11
2.993656919320777996e-11
3.630783408666024763e-11
2.346955669279168654e-11
9.837792479477817486e-12
0.000000000000000000e+00
8.407939573451494239e-13
0.000000000000000000e+00
0.000000000000000000e+00
1.122197810744422073e-11
0.000000000000000000e+00
8.389492216986189106e-13
2.398875813552738366e-12
0.000000000000000000e+00
5.078929758159082881e-12
1.452052689469613321e-11
1.012923281963449181e-11
0.000000000000000000e+00
0.000000000000000000e+00
1.355921819566783887e-12
5.361397557663460380e-12
0.000000000000000000e+00
0.000000000000000000e+00
0.000000000000000000e+00
0.000000000000000000e+00
0.000000000000000000e+00
0.000000000000000000e+00
0.000000000000000000e+00
0.000000000000000000e+00
0.000000000000000000e+00
0.000000000000000000e+00
0.000000000000000000e+00
0.000000000000000000e+00
0.000000000000000000e+00
0.000000000000000000e+00
0.000000000000000000e+00
0.000000000000000000e+00
0.000000000000000000e+00
0.000000000000000000e+00
0.000000000000000000e+00
0.000000000000000000e+00
0.000000000000000000e+00
0.000000000000000000e+00
0.000000000000000000e+00
0.000000000000000000e+00
0.000000000000000000e+00
0.000000000000000000e+00
2.433803174052070681e-02
1.001012894278346760e-11
3.425802489620070802e-11
3.245558308169750116e-11
3.197292277807490037e-11
4.002699238728583195e-11
3.725674970074822059e-11
3.031154091400755810e-11
1.561967095044671223e-11
2.071850587593673840e-11
9.012524507237045007e-12
2.788023822019408967e-11
1.747678401873419216e-11
0.000000000000000000e+00
0.000000000000000000e+00
0.000000000000000000e+00
1.076459501357532503e-14
0.000000000000000000e+00
5.996943677384011460e-12
2.170304151076394747e-12
5.192294656237590619e-12
2.134249139501056556e-12
1.268332768055589036e-12
5.764908222665042104e-12
0.000000000000000000e+00
4.208073675738011878e-12
9.933685919899658792e-13
0.000000000000000000e+00
0.000000000000000000e+00
0.000000000000000000e+00
0.000000000000000000e+00
0.000000000000000000e+00
0.000000000000000000e+00
0.000000000000000000e+00
0.000000000000000000e+00
0.000000000000000000e+00
0.000000000000000000e+00
0.000000000000000000e+00
0.000000000000000000e+00
0.000000000000000000e+00
0.000000000000000000e+00
0.000000000000000000e+00
0.000000000000000000e+00
0.000000000000000000e+00
0.000000000000000000e+00
0.000000000000000000e+00
0.000000000000000000e+00
0.000000000000000000e+00
0.000000000000000000e+00
0.000000000000000000e+00
0.000000000000000000e+00
0.000000000000000000e+00
0.000000000000000000e+00
0.000000000000000000e+00
0.000000000000000000e+00
0.000000000000000000e+00
5.253775823724419508e-12
7.254770901801554450e-12
2.884550770848999826e-11
4.183787231274464700e-11
3.909901410523322496e-11
4.723968837409265567e-11
4.632003972306084716e-11
5.145765142393668494e-11
3.457325624262264178e-11
3.111369877590437003e-11
3.422278089812980141e-11
7.641273985912727336e-12
0.000000000000000000e+00
0.000000000000000000e+00
0.000000000000000000e+00
0.000000000000000000e+00
0.000000000000000000e+00
3.859144287684660907e-12
0.000000000000000000e+00
4.875683079202383907e-12
4.813078174123236363e-15
4.781766959993743308e-12
1.124764494570804536e-13
5.141437029206684913e-16
0.000000000000000000e+00
8.333877231948092620e-12
3.039504308467356572e-12
2.437728104754629383e-12
2.402044725831186494e-12
2.523864559020575340e-12
0.000000000000000000e+00
1.275916359765617097e-14
0.000000000000000000e+00
6.613108423642034976e-13
0.000000000000000000e+00
0.000000000000000000e+00
0.000000000000000000e+00
0.000000000000000000e+00
0.000000000000000000e+00
0.000000000000000000e+00
0.000000000000000000e+00
0.000000000000000000e+00
0.000000000000000000e+00
0.000000000000000000e+00
0.000000000000000000e+00
0.000000000000000000e+00
0.000000000000000000e+00
0.000000000000000000e+00
0.000000000000000000e+00
0.000000000000000000e+00
0.000000000000000000e+00
0.000000000000000000e+00
0.000000000000000000e+00
0.000000000000000000e+00
0.000000000000000000e+00
0.000000000000000000e+00
2.828132996475820933e-11
1.938644168375848125e-11
4.722343609389875048e-11
3.954306270956813434e-11
5.553578229528053514e-11
5.160797942874192846e-11
2.992665486732339143e-11
3.567996551019084183e-11
3.103559339833902717e-11
2.253130880299836630e-11
1.230243704626334421e-11
0.000000000000000000e+00
0.000000000000000000e+00
3.545923591019247541e-12
0.000000000000000000e+00
4.634931246223684059e-12
0.000000000000000000e+00
1.310152073771943291e-14
0.000000000000000000e+00
3.559882168665819240e-12
5.530557132895165276e-12
1.903210331068339687e-14
7.627555019826859927e-13
7.486892284456055647e-12
7.053710329290550119e-13
0.000000000000000000e+00
2.590063323536837729e-12
2.388242779268004354e-15
0.000000000000000000e+00
1.452796894552641917e-12
0.000000000000000000e+00
2.716293307116299249e-12
0.000000000000000000e+00
5.112377649021089026e-12
0.000000000000000000e+00
0.000000000000000000e+00
0.000000000000000000e+00
0.000000000000000000e+00
0.000000000000000000e+00
0.000000000000000000e+00
0.000000000000000000e+00
0.000000000000000000e+00
0.000000000000000000e+00
0.000000000000000000e+00
0.000000000000000000e+00
0.000000000000000000e+00
0.000000000000000000e+00
0.000000000000000000e+00
0.000000000000000000e+00
0.000000000000000000e+00
0.000000000000000000e+00
0.000000000000000000e+00
0.000000000000000000e+00
0.000000000000000000e+00
0.000000000000000000e+00
7.271433383580715852e-12
1.884713885058038933e-11
2.168107609736534626e-11
3.603030870301607281e-11
5.440776182887553407e-11
4.680622944753810760e-11
4.472038263121638391e-11
4.847109828290282212e-11
4.719190959790730855e-11
3.066128256494388316e-11
0.000000000000000000e+00
0.000000000000000000e+00
0.000000000000000000e+00
0.000000000000000000e+00
0.000000000000000000e+00
0.000000000000000000e+00
2.256118905141179998e-12
0.000000000000000000e+00
0.000000000000000000e+00
0.000000000000000000e+00
0.000000000000000000e+00
7.849869463100796853e-15
0.000000000000000000e+00
4.955211193077926990e-12
3.477812507952789935e-15
0.000000000000000000e+00
0.000000000000000000e+00
0.000000000000000000e+00
1.183471743089271367e-15
0.000000000000000000e+00
0.000000000000000000e+00
6.957441018471680919e-15
0.000000000000000000e+00
0.000000000000000000e+00
0.000000000000000000e+00
0.000000000000000000e+00
0.000000000000000000e+00
0.000000000000000000e+00
0.000000000000000000e+00
0.000000000000000000e+00
0.000000000000000000e+00
0.000000000000000000e+00
0.000000000000000000e+00
0.000000000000000000e+00
0.000000000000000000e+00
0.000000000000000000e+00
0.000000000000000000e+00
0.000000000000000000e+00
0.000000000000000000e+00
0.000000000000000000e+00
0.000000000000000000e+00
0.000000000000000000e+00
0.000000000000000000e+00
0.000000000000000000e+00
0.000000000000000000e+00
0.000000000000000000e+00
1.267441937598841063e-11
1.230995625806503484e-11
3.332445021400594931e-11
4.046629512094712172e-11
4.511487388512283258e-11
4.475095397281739302e-11
4.372839055436798897e-11
4.991468538896474077e-11
3.298319961150986040e-11
1.031061280832864271e-12
0.000000000000000000e+00
0.000000000000000000e+00
0.000000000000000000e+00
0.000000000000000000e+00
0.000000000000000000e+00
1.086452579637941466e-12
7.315230233643681013e-12
2.706929905041198267e-15
0.000000000000000000e+00
1.610280914180960860e-12
0.000000000000000000e+00
4.311879450501961924e-15
0.000000000000000000e+00
0.000000000000000000e+00
0.000000000000000000e+00
5.346584052723239670e-12
5.372480177770717641e-12
0.000000000000000000e+00
4.937994089837780666e-15
0.000000000000000000e+00
2.127288441854694983e-12
0.000000000000000000e+00
9.892684806253094331e-17
0.000000000000000000e+00
0.000000000000000000e+00
0.000000000000000000e+00
0.000000000000000000e+00
0.000000000000000000e+00
0.000000000000000000e+00
0.000000000000000000e+00
0.000000000000000000e+00
0.000000000000000000e+00
0.000000000000000000e+00
0.000000000000000000e+00
0.000000000000000000e+00
0.000000000000000000e+00
0.000000000000000000e+00
0.000000000000000000e+00
0.000000000000000000e+00
0.000000000000000000e+00
0.000000000000000000e+00
0.000000000000000000e+00
0.000000000000000000e+00
0.000000000000000000e+00
0.000000000000000000e+00
1.315820827894642261e-02
1.578308379097131635e-11
3.636406733760153990e-11
4.707205453289755348e-11
4.634031314142655717e-11
3.861085285193323341e-11
3.729579839998854323e-11
4.334496058387864069e-11
4.178084963853361047e-11
2.213227658697518937e-11
0.000000000000000000e+00
0.000000000000000000e+00
4.476796593500067379e-12
0.000000000000000000e+00
0.000000000000000000e+00
0.000000000000000000e+00
0.000000000000000000e+00
4.726083065495841124e-12
7.796744021189914262e-16
0.000000000000000000e+00
2.099511636337270819e-13
0.000000000000000000e+00
4.941605229579511436e-12
7.616610782342873653e-12
0.000000000000000000e+00
0.000000000000000000e+00
0.000000000000000000e+00
2.354062835368664735e-12
0.000000000000000000e+00
5.158816126432387438e-12
6.361893050821966517e-12
1.908440173620335838e-12
1.232545952947842409e-12
0.000000000000000000e+00
0.000000000000000000e+00
0.000000000000000000e+00
0.000000000000000000e+00
0.000000000000000000e+00
0.000000000000000000e+00
0.000000000000000000e+00
0.000000000000000000e+00
0.000000000000000000e+00
0.000000000000000000e+00
0.000000000000000000e+00
0.000000000000000000e+00
0.000000000000000000e+00
0.000000000000000000e+00
0.000000000000000000e+00
0.000000000000000000e+00
0.000000000000000000e+00
0.000000000000000000e+00
0.000000000000000000e+00
0.000000000000000000e+00
0.000000000000000000e+00
0.000000000000000000e+00
0.000000000000000000e+00
1.278887207851942681e-02
4.150060078730343347e-11
3.172323156402195297e-11
4.373759604889011334e-11
5.643872964041483420e-11
5.233446070142037406e-11
5.887471139126606978e-11
4.305773015877084264e-11
8.863333293294249374e-12
0.000000000000000000e+00
0.000000000000000000e+00
2.729673125777475506e-11
0.000000000000000000e+00
7.183376781845650897e-16
0.000000000000000000e+00
6.854660811802220506e-13
0.000000000000000000e+00
0.000000000000000000e+00
0.000000000000000000e+00
4.901433790063000562e-15
0.000000000000000000e+00
3.138032840761817241e-12
5.757072725683941630e-12
1.020045590259136702e-11
1.178382359213323876e-12
0.000000000000000000e+00
1.386409565030651249e-15
3.800902172163012568e-12
3.604247284233339060e-15
0.000000000000000000e+00
0.000000000000000000e+00
8.518546277103777335e-13
0.000000000000000000e+00
0.000000000000000000e+00
0.000000000000000000e+00
0.000000000000000000e+00
0.000000000000000000e+00
0.000000000000000000e+00
0.000000000000000000e+00
0.000000000000000000e+00
0.000000000000000000e+00
0.000000000000000000e+00
0.000000000000000000e+00
0.000000000000000000e+00
0.000000000000000000e+00
0.000000000000000000e+00
0.000000000000000000e+00
0.000000000000000000e+00
0.000000000000000000e+00
0.000000000000000000e+00
0.000000000000000000e+00
0.000000000000000000e+00
0.000000000000000000e+00
0.000000000000000000e+00
0.000000000000000000e+00
0.000000000000000000e+00
2.275023811593730574e-11
3.621955857403307756e-11
3.885207768387521343e-11
5.035589035012259279e-11
3.775556191240286991e-11
6.030340260477669096e-11
4.852313999924312406e-11
1.760214478249354296e-11
0.000000000000000000e+00
0.000000000000000000e+00
7.781458570439371995e-11
4.691520684464289326e-15
4.032650662348497677e-12
0.000000000000000000e+00
0.000000000000000000e+00
0.000000000000000000e+00
0.000000000000000000e+00
1.885233730720261746e-15
4.122072430885156270e-15
5.472571996819345060e-12
4.312231709486577265e-12
1.005266647759512278e-14
0.000000000000000000e+00
8.227044711611502814e-15
1.931327649534796398e-12
5.237859847638023744e-15
7.813931950259452398e-15
0.000000000000000000e+00
6.168078159442556145e-16
0.000000000000000000e+00
0.000000000000000000e+00
1.291152119048503487e-15
0.000000000000000000e+00
0.000000000000000000e+00
0.000000000000000000e+00
0.000000000000000000e+00
0.000000000000000000e+00
0.000000000000000000e+00
0.000000000000000000e+00
0.000000000000000000e+00
0.000000000000000000e+00
0.000000000000000000e+00
0.000000000000000000e+00
0.000000000000000000e+00
0.000000000000000000e+00
0.000000000000000000e+00
0.000000000000000000e+00
0.000000000000000000e+00
0.000000000000000000e+00
0.000000000000000000e+00
0.000000000000000000e+00
0.000000000000000000e+00
0.000000000000000000e+00
0.000000000000000000e+00
0.000000000000000000e+00
7.208850855422768711e-02
1.684578131024974328e-11
1.237136387709123348e-11
2.466077860833760158e-11
3.126498380113912313e-11
4.683402695996957613e-11
4.848429609859465112e-11
3.908348152999267624e-11
1.387723900018747525e-10
0.000000000000000000e+00
9.491084784248827754e-11
0.000000000000000000e+00
0.000000000000000000e+00
4.364251690871137300e-12
0.000000000000000000e+00
2.814771407423587874e-12
4.528848043534059326e-12
3.694614373220681135e-15
1.469447837786522892e-12
0.000000000000000000e+00
0.000000000000000000e+00
3.461511958594223372e-12
2.219296926892251066e-12
0.000000000000000000e+00
0.000000000000000000e+00
7.048067625204322819e-13
8.143312794330184159e-12
0.000000000000000000e+00
2.459545263546032940e-12
0.000000000000000000e+00
1.624674133511845610e-14
0.000000000000000000e+00
0.000000000000000000e+00
0.000000000000000000e+00
5.093593418547564370e-13
0.000000000000000000e+00
0.000000000000000000e+00
0.000000000000000000e+00
0.000000000000000000e+00
0.000000000000000000e+00
0.000000000000000000e+00
0.000000000000000000e+00
0.000000000000000000e+00
0.000000000000000000e+00
0.000000000000000000e+00
0.000000000000000000e+00
0.000000000000000000e+00
0.000000000000000000e+00
0.000000000000000000e+00
0.000000000000000000e+00
0.000000000000000000e+00
0.000000000000000000e+00
0.000000000000000000e+00
0.000000000000000000e+00
0.000000000000000000e+00
3.819079420464813858e-12
0.000000000000000000e+00
1.147727890099328227e-11
2.293521056471056374e-11
2.711633014438651842e-11
3.348536729295058262e-11
4.405156330735172284e-11
3.857937656104516296e-11
2.626462978789912903e-02
0.000000000000000000e+00
1.413536074631724458e-10
0.000000000000000000e+00
2.093873180033328251e-12
0.000000000000000000e+00
0.000000000000000000e+00
0.000000000000000000e+00
0.000000000000000000e+00
1.447409772195206299e-12
0.000000000000000000e+00
4.309688718250344796e-12
0.000000000000000000e+00
1.107754675302637977e-14
2.223117108929171430e-12
0.000000000000000000e+00
4.148972023626882807e-12
3.455375464407770076e-12
4.387381390063325471e-15
1.852380096216824730e-12
2.316537087644490625e-15
1.335342594573617158e-12
6.466261802865501250e-13
7.007865585518726557e-15
5.635494571046219315e-12
3.414014767049985147e-12
6.053525607548842031e-12
0.000000000000000000e+00
0.000000000000000000e+00
0.000000000000000000e+00
0.000000000000000000e+00
0.000000000000000000e+00
0.000000000000000000e+00
0.000000000000000000e+00
0.000000000000000000e+00
0.000000000000000000e+00
0.000000000000000000e+00
0.000000000000000000e+00
0.000000000000000000e+00
0.000000000000000000e+00
0.000000000000000000e+00
0.000000000000000000e+00
0.000000000000000000e+00
0.000000000000000000e+00
0.000000000000000000e+00
0.000000000000000000e+00
0.000000000000000000e+00
0.000000000000000000e+00
0.000000000000000000e+00
7.991189890759989312e-02
2.084129327785314002e-10
3.354409885590908725e-12
3.160169004290216112e-11
4.487028711094298254e-11
4.053837965643098330e-11
3.252655608686262266e-11
5.496092469387307070e-11
1.832868035778856601e-10
0.000000000000000000e+00
0.000000000000000000e+00
1.333518528554938849e-15
1.318434268788020731e-12
0.000000000000000000e+00
4.318594820974941114e-15
5.220042066485417199e-12
0.000000000000000000e+00
4.085883367151662571e-12
0.000000000000000000e+00
2.095350405133183727e-15
0.000000000000000000e+00
0.000000000000000000e+00
2.472590124095822262e-12
0.000000000000000000e+00
3.826198480975556705e-12
3.106840811395960433e-15
0.000000000000000000e+00
0.000000000000000000e+00
0.000000000000000000e+00
4.963232154880621357e-12
0.000000000000000000e+00
0.000000000000000000e+00
4.570401665365480806e-15
0.000000000000000000e+00
0.000000000000000000e+00
0.000000000000000000e+00
0.000000000000000000e+00
0.000000000000000000e+00
0.000000000000000000e+00
0.000000000000000000e+00
0.000000000000000000e+00
0.000000000000000000e+00
0.000000000000000000e+00
0.000000000000000000e+00
0.000000000000000000e+00
0.000000000000000000e+00
0.000000000000000000e+00
0.000000000000000000e+00
0.000000000000000000e+00
0.000000000000000000e+00
0.000000000000000000e+00
0.000000000000000000e+00
0.000000000000000000e+00
0.000000000000000000e+00
0.000000000000000000e+00
1.272207921341547297e-09
1.206198626853093249e-11
1.403854889561045295e-11
1.596581827871663370e-11
3.675214521917728415e-11
3.296941686895170433e-11
4.197151090301155909e-11
7.788661123047034548e-11
1.974270136965182435e-10
0.000000000000000000e+00
0.000000000000000000e+00
2.548205764581222557e-15
3.381111327503989892e-12
3.551838298949425473e-15
1.456254375054220331e-15
9.212328306806526770e-13
2.538688007371968537e-12
0.000000000000000000e+00
0.000000000000000000e+00
0.000000000000000000e+00
0.000000000000000000e+00
0.000000000000000000e+00
9.450615225320356432e-13
5.055707524555098259e-12
0.000000000000000000e+00
0.000000000000000000e+00
0.000000000000000000e+00
0.000000000000000000e+00
0.000000000000000000e+00
0.000000000000000000e+00
2.788336885545320142e-12
5.210952601539473816e-16
2.312464330632520881e-12
1.296265546859531869e-14
0.000000000000000000e+00
0.000000000000000000e+00
0.000000000000000000e+00
0.000000000000000000e+00
0.000000000000000000e+00
0.000000000000000000e+00
0.000000000000000000e+00
0.000000000000000000e+00
0.000000000000000000e+00
0.000000000000000000e+00
0.000000000000000000e+00
0.000000000000000000e+00
0.000000000000000000e+00
0.000000000000000000e+00
0.000000000000000000e+00
0.000000000000000000e+00
0.000000000000000000e+00
0.000000000000000000e+00
0.000000000000000000e+00
0.000000000000000000e+00
0.000000000000000000e+00
0.000000000000000000e+00
0.000000000000000000e+00
1.236670174150207550e-11
8.567084329043928047e-12
1.914389237794237846e-11
3.719402612084360461e-11
5.115421415989648938e-11
9.939743941529181884e-11
1.950634090219756489e-10
9.359646292746842457e-13
1.874153360882079927e-12
0.000000000000000000e+00
0.000000000000000000e+00
0.000000000000000000e+00
0.000000000000000000e+00
4.566496305292138652e-12
0.000000000000000000e+00
0.000000000000000000e+00
0.000000000000000000e+00
0.000000000000000000e+00
0.000000000000000000e+00
1.282052512957277165e-15
6.495538551023073806e-15
7.480530670538672472e-13
1.158676442478585870e-12
0.000000000000000000e+00
0.000000000000000000e+00
0.000000000000000000e+00
3.169750551303265276e-12
0.000000000000000000e+00
0.000000000000000000e+00
7.156692522193893690e-12
6.134174960879467292e-13
0.000000000000000000e+00
0.000000000000000000e+00
0.000000000000000000e+00
0.000000000000000000e+00
4.332147865044665404e-13
0.000000000000000000e+00
0.000000000000000000e+00
0.000000000000000000e+00
0.000000000000000000e+00
0.000000000000000000e+00
0.000000000000000000e+00
0.000000000000000000e+00
0.000000000000000000e+00
0.000000000000000000e+00
0.000000000000000000e+00
0.000000000000000000e+00
0.000000000000000000e+00
0.000000000000000000e+00
0.000000000000000000e+00
0.000000000000000000e+00
0.000000000000000000e+00
0.000000000000000000e+00
0.000000000000000000e+00
0.000000000000000000e+00
0.000000000000000000e+00
7.973650900297274668e-12
2.654668505033126869e-11
3.487931336970932884e-11
5.073188461854164555e-11
1.069692772505682420e-10
1.650718259909372662e-10
0.000000000000000000e+00
0.000000000000000000e+00
0.000000000000000000e+00
0.000000000000000000e+00
5.867547795966941583e-15
0.000000000000000000e+00
0.000000000000000000e+00
0.000000000000000000e+00
0.000000000000000000e+00
0.000000000000000000e+00
0.000000000000000000e+00
4.295233833390658714e-14
6.971855501834650330e-15
0.000000000000000000e+00
3.141472885790933261e-15
3.040668435360979644e-15
0.000000000000000000e+00
0.000000000000000000e+00
8.116585983413175869e-15
0.000000000000000000e+00
2.095478184970700232e-12
2.392671181504217298e-12
0.000000000000000000e+00
1.007247117705886352e-12
1.110319530560496280e-12
2.446130553080027320e-12
0.000000000000000000e+00
0.000000000000000000e+00
2.580022113057602284e-12
0.000000000000000000e+00
0.000000000000000000e+00
0.000000000000000000e+00
0.000000000000000000e+00
0.000000000000000000e+00
0.000000000000000000e+00
0.000000000000000000e+00
0.000000000000000000e+00
0.000000000000000000e+00
0.000000000000000000e+00
0.000000000000000000e+00
0.000000000000000000e+00
0.000000000000000000e+00
0.000000000000000000e+00
0.000000000000000000e+00
0.000000000000000000e+00
0.000000000000000000e+00
0.000000000000000000e+00
1.173856537397367505e-01
0.000000000000000000e+00
2.157516395575460806e-11
1.367955610924833050e-11
4.130698773900265818e-11
4.441722226804228028e-11
6.973583066670955739e-11
1.288524916491378663e-10
0.000000000000000000e+00
0.000000000000000000e+00
3.125150868278603495e-15
0.000000000000000000e+00
0.000000000000000000e+00
8.152233312138060299e-16
0.000000000000000000e+00
0.000000000000000000e+00
0.000000000000000000e+00
0.000000000000000000e+00
0.000000000000000000e+00
0.000000000000000000e+00
5.772035346554026407e-12
0.000000000000000000e+00
0.000000000000000000e+00
0.000000000000000000e+00
2.040105156527156910e-12
0.000000000000000000e+00
0.000000000000000000e+00
6.932106780640348293e-13
5.461001064423057258e-12
0.000000000000000000e+00
7.651709339651923769e-16
7.257043482573087024e-15
4.192374813784308759e-12
4.142729548002501196e-12
0.000000000000000000e+00
1.841415435503280750e-12
2.082804900454467864e-12
0.000000000000000000e+00
5.982887489502280266e-12
0.000000000000000000e+00
0.000000000000000000e+00
0.000000000000000000e+00
0.000000000000000000e+00
0.000000000000000000e+00
0.000000000000000000e+00
0.000000000000000000e+00
0.000000000000000000e+00
0.000000000000000000e+00
0.000000000000000000e+00
0.000000000000000000e+00
0.000000000000000000e+00
0.000000000000000000e+00
0.000000000000000000e+00
7.944191924117940518e-12
0.000000000000000000e+00
0.000000000000000000e+00
8.126532650984634934e-10
1.113438712404767251e-11
8.198023269232861339e-12
2.111031739825686971e-11
4.202534774300031401e-11
4.790929547855669614e-11
9.069003745180938621e-11
0.000000000000000000e+00
0.000000000000000000e+00
0.000000000000000000e+00
0.000000000000000000e+00
0.000000000000000000e+00
0.000000000000000000e+00
0.000000000000000000e+00
0.000000000000000000e+00
7.005902191201133132e-14
0.000000000000000000e+00
0.000000000000000000e+00
0.000000000000000000e+00
0.000000000000000000e+00
0.000000000000000000e+00
0.000000000000000000e+00
0.000000000000000000e+00
0.000000000000000000e+00
0.000000000000000000e+00
1.235297443611897004e-14
0.000000000000000000e+00
1.659638465826442720e-12
4.098662883271886369e-12
0.000000000000000000e+00
0.000000000000000000e+00
0.000000000000000000e+00
4.079723870881531670e-12
0.000000000000000000e+00
1.559030767041822064e-12
1.668358160683732227e-12
3.305865048166998760e-12
4.861703110985200819e-13
0.000000000000000000e+00
0.000000000000000000e+00
0.000000000000000000e+00
0.000000000000000000e+00
0.000000000000000000e+00
0.000000000000000000e+00
0.000000000000000000e+00
0.000000000000000000e+00
0.000000000000000000e+00
0.000000000000000000e+00
0.000000000000000000e+00
0.000000000000000000e+00
2.425941992176497094e-12
8.439466313550473008e-12
1.457598690645849031e-11
1.458158924502593461e-11
1.808946247167923472e-11
1.197974152703225077e-11
2.083563438711129767e-11
1.992792515994310064e-11
2.359363177536963313e-11
3.635974757612831783e-11
3.414455296289270606e-11
4.958162380566126157e-11
0.000000000000000000e+00
2.842181762428277342e-12
0.000000000000000000e+00
8.702491266372532484e-16
6.195132708803983976e-15
0.000000000000000000e+00
0.000000000000000000e+00
0.000000000000000000e+00
0.000000000000000000e+00
0.000000000000000000e+00
0.000000000000000000e+00
0.000000000000000000e+00
0.000000000000000000e+00
0.000000000000000000e+00
0.000000000000000000e+00
0.000000000000000000e+00
0.000000000000000000e+00
0.000000000000000000e+00
0.000000000000000000e+00
0.000000000000000000e+00
0.000000000000000000e+00
1.466997379672400583e-12
0.000000000000000000e+00
0.000000000000000000e+00
1.034225714192554939e-15
2.561144207574430398e-12
3.527717838341585693e-13
0.000000000000000000e+00
2.123199073059390613e-12
5.304178283569910798e-15
0.000000000000000000e+00
0.000000000000000000e+00
0.000000000000000000e+00
0.000000000000000000e+00
4.137284323381366666e-12
0.000000000000000000e+00
0.000000000000000000e+00
0.000000000000000000e+00
0.000000000000000000e+00
0.000000000000000000e+00
0.000000000000000000e+00
0.000000000000000000e+00
1.014680991896906292e-11
1.104591321983827542e-11
1.733882374440553798e-11
2.964216243293921891e-11
3.342953917204727306e-11
2.822179977695402663e-11
2.088136505494869958e-11
2.703266872352204578e-11
2.738679978930933629e-11
1.255506712857942023e-11
2.668160782380382757e-11
2.474919831724754722e-11
4.986289135700022896e-11
1.669978455494024811e-12
0.000000000000000000e+00
4.418173096362530324e-12
8.050951375936653354e-15
0.000000000000000000e+00
0.000000000000000000e+00
0.000000000000000000e+00
0.000000000000000000e+00
4.546544549814401428e-15
0.000000000000000000e+00
3.672182085768096452e-12
0.000000000000000000e+00
0.000000000000000000e+00
0.000000000000000000e+00
0.000000000000000000e+00
4.390380303618188743e-15
0.000000000000000000e+00
0.000000000000000000e+00
0.000000000000000000e+00
4.167140350607061640e-15
0.000000000000000000e+00
0.000000000000000000e+00
0.000000000000000000e+00
0.000000000000000000e+00
0.000000000000000000e+00
2.755986524169605446e-15
0.000000000000000000e+00
0.000000000000000000e+00
7.882206195389708878e-12
1.619653046425882440e-12
1.284771356683384840e-14
2.098702049515288222e-12
0.000000000000000000e+00
0.000000000000000000e+00
5.071176518723371909e-12
0.000000000000000000e+00
4.106492536771546249e-15
0.000000000000000000e+00
0.000000000000000000e+00
6.108018525539840782e-12
0.000000000000000000e+00
4.092320206857226899e-12
2.674928879270932977e-12
9.004431827789638824e-12
3.408855109170946842e-11
4.017952042257199294e-11
5.062596267911438387e-11
5.446471397470975325e-11
4.048936955616594011e-11
3.231605997548617774e-11
4.084232428979499731e-12
1.844543652976832124e-11
2.125667665916770608e-11
3.069658709862589034e-11
1.981368251391045107e-11
2.939695546724114709e-15
0.000000000000000000e+00
8.577836876750351732e-15
0.000000000000000000e+00
0.000000000000000000e+00
0.000000000000000000e+00
0.000000000000000000e+00
0.000000000000000000e+00
0.000000000000000000e+00
0.000000000000000000e+00
0.000000000000000000e+00
0.000000000000000000e+00
0.000000000000000000e+00
4.263822312294941626e-12
7.488049564063497915e-13
5.014048137250622172e-12
0.000000000000000000e+00
0.000000000000000000e+00
0.000000000000000000e+00
0.000000000000000000e+00
0.000000000000000000e+00
3.907771363011820425e-12
0.000000000000000000e+00
0.000000000000000000e+00
0.000000000000000000e+00
5.584300097237569762e-13
2.448327421198472237e-12
0.000000000000000000e+00
5.623953898777116369e-12
0.000000000000000000e+00
0.000000000000000000e+00
0.000000000000000000e+00
0.000000000000000000e+00
2.130402039072127289e-12
2.705659387864804072e-12
2.351661763521565134e-12
1.969290585150284740e-12
0.000000000000000000e+00
0.000000000000000000e+00
0.000000000000000000e+00
0.000000000000000000e+00
0.000000000000000000e+00
4.656374152556400726e-12
1.940797149513718553e-11
1.768202045467460007e-11
5.551733364368526097e-11
4.777918133538021876e-11
3.831555033387326905e-11
4.656699613708250844e-11
4.524403046360519740e-11
2.700869153331810781e-11
1.246963576462406990e-11
1.612047220687557001e-11
7.771478862649955234e-12
2.174459481254244298e-11
3.785997105060619564e-13
1.444143823110542100e-13
0.000000000000000000e+00
0.000000000000000000e+00
0.000000000000000000e+00
0.000000000000000000e+00
4.780151324040800300e-15
0.000000000000000000e+00
0.000000000000000000e+00
0.000000000000000000e+00
0.000000000000000000e+00
0.000000000000000000e+00
0.000000000000000000e+00
4.266019087469336873e-12
0.000000000000000000e+00
0.000000000000000000e+00
0.000000000000000000e+00
0.000000000000000000e+00
0.000000000000000000e+00
0.000000000000000000e+00
3.239543758500085247e-12
0.000000000000000000e+00
0.000000000000000000e+00
4.853991699485423554e-12
5.458984425158211775e-15
0.000000000000000000e+00
5.229013486901353876e-15
0.000000000000000000e+00
0.000000000000000000e+00
2.227713352630729921e-12
0.000000000000000000e+00
0.000000000000000000e+00
0.000000000000000000e+00
2.201883417245027128e-13
0.000000000000000000e+00
0.000000000000000000e+00
1.426816517149646969e-15
0.000000000000000000e+00
0.000000000000000000e+00
0.000000000000000000e+00
0.000000000000000000e+00
0.000000000000000000e+00
0.000000000000000000e+00
0.000000000000000000e+00
1.869233491985229530e-11
1.381209351410783875e-11
2.489274875423695745e-11
3.349445808675370774e-11
3.739002038568009973e-11
2.424130997225287444e-11
2.310355049879970027e-11
1.396787541806043796e-11
2.846790017239992738e-12
0.000000000000000000e+00
0.000000000000000000e+00
0.000000000000000000e+00
7.422532683018718098e-15
0.000000000000000000e+00
5.554191132508073622e-16
3.210603281444164847e-15
0.000000000000000000e+00
8.729116814611258602e-13
8.729623016997666836e-14
0.000000000000000000e+00
4.980239181706150853e-13
0.000000000000000000e+00
4.748923228287337295e-14
0.000000000000000000e+00
0.000000000000000000e+00
0.000000000000000000e+00
3.493697203063613396e-17
8.552710218304292654e-16
0.000000000000000000e+00
2.365979286464024443e-15
1.374239871024224581e-12
0.000000000000000000e+00
0.000000000000000000e+00
0.000000000000000000e+00
0.000000000000000000e+00
4.762619022618378590e-13
0.000000000000000000e+00
1.227211657958424552e-12
1.414802328676019641e-12
0.000000000000000000e+00
0.000000000000000000e+00
4.311456598877108440e-15
0.000000000000000000e+00
0.000000000000000000e+00
0.000000000000000000e+00
0.000000000000000000e+00
8.437341714694027359e-12
0.000000000000000000e+00
0.000000000000000000e+00
3.707131675765992204e-12
0.000000000000000000e+00
0.000000000000000000e+00
0.000000000000000000e+00
0.000000000000000000e+00
0.000000000000000000e+00
0.000000000000000000e+00
0.000000000000000000e+00
0.000000000000000000e+00
0.000000000000000000e+00
3.125752767505691619e-12
1.843474646990988469e-11
6.200927827000731262e-12
2.287389710818366458e-11
2.057718534643444810e-11
1.442762804964180461e-11
8.914614495554383523e-12
1.008855389442678084e-14
3.490697079059500319e-12
0.000000000000000000e+00
0.000000000000000000e+00
0.000000000000000000e+00
0.000000000000000000e+00
1.158523197028182840e-15
0.000000000000000000e+00
0.000000000000000000e+00
0.000000000000000000e+00
0.000000000000000000e+00
0.000000000000000000e+00
0.000000000000000000e+00
0.000000000000000000e+00
0.000000000000000000e+00
0.000000000000000000e+00
0.000000000000000000e+00
0.000000000000000000e+00
1.856337479853599678e-12
0.000000000000000000e+00
0.000000000000000000e+00
1.382213365841010741e-15
0.000000000000000000e+00
0.000000000000000000e+00
0.000000000000000000e+00
0.000000000000000000e+00
0.000000000000000000e+00
0.000000000000000000e+00
0.000000000000000000e+00
0.000000000000000000e+00
1.412920346580309302e-14
0.000000000000000000e+00
0.000000000000000000e+00
0.000000000000000000e+00
9.878785860688386197e-13
5.159290697198979097e-15
1.958510555764928869e-12
0.000000000000000000e+00
0.000000000000000000e+00
0.000000000000000000e+00
0.000000000000000000e+00
0.000000000000000000e+00
0.000000000000000000e+00
0.000000000000000000e+00
0.000000000000000000e+00
0.000000000000000000e+00
2.103125251646483299e-02
0.000000000000000000e+00
0.000000000000000000e+00
0.000000000000000000e+00
0.000000000000000000e+00
1.113206327807569905e-11
0.000000000000000000e+00
8.849831870495009127e-12
6.211892686040825567e-12
2.418473025528998960e-15
1.560985336842379630e-12
1.083617376020232748e-15
0.000000000000000000e+00
0.000000000000000000e+00
0.000000000000000000e+00
0.000000000000000000e+00
0.000000000000000000e+00
0.000000000000000000e+00
8.249697569894736934e-16
0.000000000000000000e+00
0.000000000000000000e+00
0.000000000000000000e+00
0.000000000000000000e+00
0.000000000000000000e+00
0.000000000000000000e+00
0.000000000000000000e+00
1.282011028353537921e-12
0.000000000000000000e+00
0.000000000000000000e+00
0.000000000000000000e+00
0.000000000000000000e+00
0.000000000000000000e+00
0.000000000000000000e+00
5.279307966181630540e-13
5.706831782529420329e-15
7.335748461582630513e-15
0.000000000000000000e+00
0.000000000000000000e+00
0.000000000000000000e+00
0.000000000000000000e+00
5.311411865861614499e-12
0.000000000000000000e+00
2.769849971046076339e-15
7.533219076647776855e-13
0.000000000000000000e+00
0.000000000000000000e+00
0.000000000000000000e+00
0.000000000000000000e+00
0.000000000000000000e+00
0.000000000000000000e+00
0.000000000000000000e+00
0.000000000000000000e+00
0.000000000000000000e+00
0.000000000000000000e+00
0.000000000000000000e+00
0.000000000000000000e+00
0.000000000000000000e+00
0.000000000000000000e+00
0.000000000000000000e+00
0.000000000000000000e+00
0.000000000000000000e+00
1.854577362532013315e-12
3.776640714158392477e-12
0.000000000000000000e+00
0.000000000000000000e+00
0.000000000000000000e+00
0.000000000000000000e+00
0.000000000000000000e+00
0.000000000000000000e+00
0.000000000000000000e+00
0.000000000000000000e+00
5.966767500522181920e-15
0.000000000000000000e+00
0.000000000000000000e+00
0.000000000000000000e+00
0.000000000000000000e+00
0.000000000000000000e+00
0.000000000000000000e+00
0.000000000000000000e+00
0.000000000000000000e+00
1.641694608558868974e-12
0.000000000000000000e+00
0.000000000000000000e+00
1.013553758992331130e-12
0.000000000000000000e+00
0.000000000000000000e+00
0.000000000000000000e+00
0.000000000000000000e+00
5.429707549919682991e-15
2.390536934337278037e-13
2.616000501182097688e-12
8.029404226655726648e-15
0.000000000000000000e+00
9.222700813909015270e-13
0.000000000000000000e+00
0.000000000000000000e+00
0.000000000000000000e+00
5.060807597025298541e-15
0.000000000000000000e+00
7.680066895964040035e-16
0.000000000000000000e+00
0.000000000000000000e+00
0.000000000000000000e+00
0.000000000000000000e+00
0.000000000000000000e+00
0.000000000000000000e+00
0.000000000000000000e+00
0.000000000000000000e+00
0.000000000000000000e+00
0.000000000000000000e+00
0.000000000000000000e+00
0.000000000000000000e+00
0.000000000000000000e+00
0.000000000000000000e+00
0.000000000000000000e+00
0.000000000000000000e+00
1.361381178348339103e-11
1.592692298646856057e-11
7.091874488147367839e-15
0.000000000000000000e+00
0.000000000000000000e+00
0.000000000000000000e+00
0.000000000000000000e+00
0.000000000000000000e+00
0.000000000000000000e+00
0.000000000000000000e+00
0.000000000000000000e+00
0.000000000000000000e+00
0.000000000000000000e+00
0.000000000000000000e+00
0.000000000000000000e+00
0.000000000000000000e+00
0.000000000000000000e+00
0.000000000000000000e+00
0.000000000000000000e+00
0.000000000000000000e+00
3.287388706943514438e-15
5.934995418250357826e-16
0.000000000000000000e+00
0.000000000000000000e+00
0.000000000000000000e+00
9.583056486172824810e-13
0.000000000000000000e+00
0.000000000000000000e+00
0.000000000000000000e+00
3.171583684932718762e-12
0.000000000000000000e+00
0.000000000000000000e+00
0.000000000000000000e+00
0.000000000000000000e+00
0.000000000000000000e+00
0.000000000000000000e+00
1.031860055111602832e-14
0.000000000000000000e+00
1.627433732745285464e-12
0.000000000000000000e+00
0.000000000000000000e+00
9.216320826805023887e-15
1.536475270534883124e-12
0.000000000000000000e+00
0.000000000000000000e+00
0.000000000000000000e+00
0.000000000000000000e+00
0.000000000000000000e+00
0.000000000000000000e+00
0.000000000000000000e+00
0.000000000000000000e+00
0.000000000000000000e+00
0.000000000000000000e+00
0.000000000000000000e+00
0.000000000000000000e+00
0.000000000000000000e+00
0.000000000000000000e+00
3.330483779516084562e-12
0.000000000000000000e+00
0.000000000000000000e+00
0.000000000000000000e+00
0.000000000000000000e+00
2.085450453577132484e-12
1.917279801731689254e-12
0.000000000000000000e+00
1.630192972359227601e-16
0.000000000000000000e+00
1.133842303483120496e-16
0.000000000000000000e+00
0.000000000000000000e+00
0.000000000000000000e+00
0.000000000000000000e+00
0.000000000000000000e+00
1.768659581139639376e-17
0.000000000000000000e+00
0.000000000000000000e+00
0.000000000000000000e+00
0.000000000000000000e+00
0.000000000000000000e+00
0.000000000000000000e+00
0.000000000000000000e+00
0.000000000000000000e+00
0.000000000000000000e+00
0.000000000000000000e+00
0.000000000000000000e+00
0.000000000000000000e+00
0.000000000000000000e+00
3.172200251139809452e-15
6.988772331955219990e-13
0.000000000000000000e+00
1.017910072933510064e-14
0.000000000000000000e+00
2.886566246514805497e-12
0.000000000000000000e+00
7.343076407406259550e-12
0.000000000000000000e+00
0.000000000000000000e+00
0.000000000000000000e+00
0.000000000000000000e+00
0.000000000000000000e+00
0.000000000000000000e+00
0.000000000000000000e+00
0.000000000000000000e+00
0.000000000000000000e+00
0.000000000000000000e+00
8.421416446053554480e-03
0.000000000000000000e+00
0.000000000000000000e+00
0.000000000000000000e+00
0.000000000000000000e+00
0.000000000000000000e+00
0.000000000000000000e+00
5.513944198709600093e-12
