#Akaike Information Criterion from bootstrap run
2.270661618255882672e+02
2.308022114199342525e+02
2.533420257548383177e+02
1.882508086307340704e+02
2.494260667338350572e+02
2.055708030158938300e+02
2.403464892764228580e+02
2.353891695485589253e+02
2.441163491248532011e+02
2.103317657153679079e+02
2.420528541715663096e+02
1.842632955745031609e+02
2.440629197114384965e+02
2.380102941716998828e+02
2.673948432083798252e+02
2.619177433921253169e+02
2.427974232273376742e+02
1.978056341861452552e+02
2.375710151481636103e+02
2.153960364355475292e+02
2.846672647127548430e+02
2.179339584791492541e+02
2.448694872481067648e+02
2.353901847255094140e+02
2.397064458962777849e+02
2.684721823052395280e+02
2.598808195370759222e+02
2.046199016398268782e+02
2.527317285997120280e+02
2.573041438303651489e+02
