#Variance for the Conditional distribution of mass given radius from initial fitting w/o bootstrap
9.707926385429566096e-02
9.773751168937741540e-02
9.905904697542401716e-02
1.010513175506125710e-01
1.036998621421990480e-01
1.069682588295883391e-01
1.107998786144347853e-01
1.151212724634685797e-01
1.198467780946912004e-01
1.248837745437349905e-01
1.301379694121806430e-01
1.355181733828459967e-01
1.409401679534454943e-01
1.463294595199815529e-01
1.516228915710155500e-01
1.567692257154931490e-01
1.617288879747269814e-01
1.664731109293421107e-01
1.709826962024424968e-01
1.752465901453844899e-01
1.792604222108667711e-01
1.830251107005716193e-01
1.865456007673865491e-01
1.898297677401135919e-01
1.928874956119014661e-01
1.957299250577993477e-01
1.983688561409240048e-01
2.008162863189042746e-01
2.030840630162582261e-01
2.051836307054311082e-01
2.071258542589338447e-01
2.089209026832078708e-01
2.105781798212347788e-01
2.121062909745756175e-01
2.135130365172327738e-01
2.148054253982313866e-01
2.159897029479888042e-01
2.170713886329330711e-01
2.180553203747762347e-01
2.189457028023314711e-01
2.197461573725656980e-01
2.204597727196244972e-01
2.210891538985411409e-01
2.216364694131388591e-01
2.221034950801450691e-01
2.224916539046687680e-01
2.228020512429113031e-01
2.230355046194414381e-01
2.231925676579961659e-01
2.232735476825368215e-01
2.232785166519707654e-01
2.232073152075969569e-01
2.230595497348985545e-01
2.228345824673254594e-01
2.225315147851907038e-01
2.221491639840468546e-01
2.216860339014083969e-01
2.211402798978809869e-01
2.205096687907189545e-01
2.197915344397814164e-01
2.189827297965424302e-01
2.180795763587896063e-01
2.170778121434386032e-01
2.159725395181026075e-01
2.147581745434315736e-01
2.134283999016053646e-01
2.119761240544273118e-01
2.103934500231046389e-01
2.086716581486560695e-01
2.068012084135753548e-01
2.047717694125396337e-01
2.025722828690854627e-01
2.001910746956943599e-01
1.976160259297257416e-01
1.948348193163973452e-01
1.918352796112125780e-01
1.886058274398492995e-01
1.851360671768702559e-01
1.814175279216525272e-01
1.774445721121497010e-01
1.732154772174180624e-01
1.687336807480844525e-01
1.640091561311428359e-01
1.590598560752084500e-01
1.539131215654413465e-01
1.486069115615503144e-01
1.431906670453025610e-01
1.377255931799868105e-01
1.322841379936677553e-01
1.269484789706786521e-01
1.218079105731893069e-01
1.169551572910971365e-01
1.124818053713528554e-01
1.084732228198848486e-01
1.050034804825948076e-01
1.021308546485817648e-01
9.989445485920879497e-02
9.831237691600142048e-02
9.738155844856653809e-02
9.707926385429642424e-02
