#Akaike Information Criterion from bootstrap run
7.699381459761477799e+02
7.395205031266438027e+02
7.527628035616559146e+02
8.232357244268441718e+02
8.704297813459104418e+02
7.872444172724268583e+02
7.615370482419889413e+02
7.804583987033358881e+02
8.333752668908855412e+02
7.838638656606240147e+02
7.984773691066766332e+02
7.472294671043747485e+02
7.903294542337239363e+02
7.195487232449091834e+02
7.671978739661933560e+02
7.436341719212593944e+02
7.631631128201357797e+02
7.894894583562692105e+02
8.053697224507905048e+02
7.857964195652558601e+02
