#Variance for the Conditional distribution of radius given mass from initial fitting w/o bootstrap
nan
1.338789741779438519e-02
1.338809555719888168e-02
1.338952424618803337e-02
1.339513817777156050e-02
1.341117148647662932e-02
1.344877346845302531e-02
1.352572319638509733e-02
1.366765513190142979e-02
1.390761131362010586e-02
1.428210067897803248e-02
1.482201390826639979e-02
1.553905824297893180e-02
1.641311482372491415e-02
1.738955407266348785e-02
1.839195159515874187e-02
1.934481583346639097e-02
2.019330395033073350e-02
2.091075996071885268e-02
2.149478253484355533e-02
2.195820595047905804e-02
2.232057053711372294e-02
2.260240362057755470e-02
2.282227272096652368e-02
2.299572355889800343e-02
2.313523893299831297e-02
2.325063903043785365e-02
2.334960543707143357e-02
2.343818172561477203e-02
2.352119665481005109e-02
2.360260033140364547e-02
2.368572156098785325e-02
2.377345967411047950e-02
2.386842365270537558e-02
2.397302896344519554e-02
2.408955973449808385e-02
2.422020144993924234e-02
2.436704742524348904e-02
2.453208105369975023e-02
2.471713521971272143e-02
2.492383039768987160e-02
2.515349381992956074e-02
2.540706368376183938e-02
2.568498456159890031e-02
2.598710271316611795e-02
2.631257242942822497e-02
2.665978624411421971e-02
2.702634212739737918e-02
2.740905900623809982e-02
2.780404782502021027e-02
2.820683907985531771e-02
2.861256016986413880e-02
2.901614838257704845e-02
2.941257946081308333e-02
2.979708883826289248e-02
3.016536345930772786e-02
3.051368638737080377e-02
3.083902309350329898e-02
3.113904585337697734e-02
3.141209949948268326e-02
3.165711670124515820e-02
3.187349341260353047e-02
3.206093517048434066e-02
3.221928301999834460e-02
3.234832466546740809e-02
3.244759270640205917e-02
3.251614815171830625e-02
3.255234440854493094e-02
3.255356531371077916e-02
3.251593159644218523e-02
3.243397530576567350e-02
3.230029442675640822e-02
3.210522527383633667e-02
3.183661541785570703e-02
3.147985234293203954e-02
3.101840432492969021e-02
3.043524074545600477e-02
2.971555184971320582e-02
2.885103939572845194e-02
2.784549797742405866e-02
2.672034837963931098e-02
2.551755336135570068e-02
2.429697120453377587e-02
2.312689382052962248e-02
2.207014043276371920e-02
2.117120641817211990e-02
2.044972097052491500e-02
1.990181179564150249e-02
1.950697422618664911e-02
1.923648129189453257e-02
1.906033757497742689e-02
1.895162604609125154e-02
1.888846393162520870e-02
1.885432907993860388e-02
1.883750807558651555e-02
1.883019590415655614e-02
1.882754962781615568e-02
1.882683693515204912e-02
1.882672662687875573e-02
nan
