#Lower limit for the Conditional distribution of mass given radius from initial fitting w/o bootstrap
9.678442302873345279e-09
-5.545157155443355412e-01
-5.544664703359148961e-01
-5.542412185199298014e-01
-5.536047947880354814e-01
-5.521995661304933689e-01
-5.495311709763531782e-01
-5.449461348324655674e-01
-5.375628718649011484e-01
-5.260751732548584192e-01
-5.083793390741607743e-01
-4.819530954658114430e-01
-4.495057594556901570e-01
-4.206224519239994408e-01
-3.975964608973751591e-01
-3.776297019728437898e-01
-3.580029007387371953e-01
-3.365628728262705649e-01
-3.113678080567106043e-01
-2.805162044000455990e-01
-2.429748176641675361e-01
-2.016124112213244779e-01
-1.635360333648233355e-01
-1.324935062934808339e-01
-1.072252085084815232e-01
-8.522319454416021900e-02
-6.428867936113315251e-02
-4.263958936574390596e-02
-1.876743946288994200e-02
8.649897991078969034e-03
4.065086152578665374e-02
7.749054828478789403e-02
1.176698122234889898e-01
1.576769789036328862e-01
1.940880390008832834e-01
2.257664249257394506e-01
2.535242409383400841e-01
2.788782513438876620e-01
3.033777401472498303e-01
3.284220750814627054e-01
3.552506063751030285e-01
3.849378638317945134e-01
4.182966927362874454e-01
4.556046166285974697e-01
4.961814813193342055e-01
5.382310503241392041e-01
5.795349404730828491e-01
6.185989082305283215e-01
6.550909848993079487e-01
6.894600127251419019e-01
7.224126811271781579e-01
7.545903674800348293e-01
7.864349972877314743e-01
8.181764439413174994e-01
8.499004113071966238e-01
8.816582752688226776e-01
9.135671986392833732e-01
9.458551360600192526e-01
9.788332863228964564e-01
1.012800096982389597e+00
1.047885639243994582e+00
1.083863522361937726e+00
1.120033268016531691e+00
1.155361450023703274e+00
1.188945013827234165e+00
1.220504755648458728e+00
1.250553866341856279e+00
1.280258847949625078e+00
1.311235199027923404e+00
1.345424156549594796e+00
1.385053343528090064e+00
1.432553466865220893e+00
1.489860741104521269e+00
1.555320799600042214e+00
1.618989947820073327e+00
1.669716821738255641e+00
1.706487090607184731e+00
1.733649564922121966e+00
1.755355842784105391e+00
1.774648464366314293e+00
1.793786446697508863e+00
1.814588860116510105e+00
1.838644951810441075e+00
1.867367166512682086e+00
1.901769180011571914e+00
1.941756097282717253e+00
1.985277865468013436e+00
2.029344265346709530e+00
2.073360047114556792e+00
2.120721928666850609e+00
2.177422323336667631e+00
2.246016149946121754e+00
2.307303279272143293e+00
2.341495890633633170e+00
2.357414061895309221e+00
2.365100909224359338e+00
2.369999023344914413e+00
2.375458544540672623e+00
2.385220861344129251e+00
9.678442302873345279e-09
