#Lower limit for the Conditional distribution of radius given mass from initial fitting w/o bootstrap
9.444768097746270385e-09
-2.398189416783229611e-01
-2.394552672929948223e-01
-2.378285015314776096e-01
-2.334345041047976299e-01
-2.245210367822650099e-01
-2.097615970771933847e-01
-1.907265185314081235e-01
-1.740673078217895853e-01
-1.628844877689281934e-01
-1.552369018372757592e-01
-1.488951631600372583e-01
-1.422345446799315183e-01
-1.339977480820785660e-01
-1.231463923945074757e-01
-1.089488498252049326e-01
-9.155502596085690614e-02
-7.303396264851304276e-02
-5.664753373526509178e-02
-4.392811163126333907e-02
-3.432848028893662612e-02
-2.669748891876131541e-02
-1.999933020349346779e-02
-1.341194675218943672e-02
-6.270506739563893109e-03
1.993576985635117302e-03
1.188941318888555101e-02
2.386753224613413424e-02
3.824760772122399316e-02
5.499255122767466447e-02
7.332407456053140204e-02
9.164113645221891313e-02
1.083582031041720739e-01
1.228545656978691919e-01
1.354247885873746116e-01
1.467516933374428956e-01
1.575678824364681041e-01
1.685366928752087823e-01
1.802211029105994788e-01
1.930603407994358478e-01
2.073158626996349507e-01
2.229745667575388779e-01
2.396516136199884073e-01
2.566216077174139354e-01
2.730794914189090816e-01
2.884807257443471329e-01
3.026830490815481944e-01
3.158537709980653307e-01
3.283061822942886510e-01
3.403775028877564779e-01
3.523630118867056571e-01
3.644868966210700334e-01
3.768943584687800552e-01
3.896596439831443992e-01
4.028089639875812589e-01
4.163536166955313367e-01
4.303208128453286929e-01
4.447660108221072051e-01
4.597547709967618190e-01
4.753106470417165497e-01
4.913365991053366688e-01
5.075395523879365767e-01
5.234230508666961601e-01
5.384131856285265805e-01
5.520812480981478476e-01
5.643118294909424959e-01
5.753196337249909531e-01
5.855668829095319605e-01
5.956763073421320609e-01
6.063830717487489474e-01
6.185231057101354679e-01
6.330409212796636043e-01
6.509918240904561948e-01
6.734503506773530379e-01
7.009474166496455494e-01
7.316236227754608912e-01
7.599538589607471861e-01
7.816525132344512850e-01
7.971014438212293829e-01
8.084199758030886640e-01
8.175108541897331271e-01
8.258331350860412812e-01
8.345503993782460439e-01
8.446417876147993553e-01
8.568865952619483251e-01
8.716531584091985474e-01
8.884764963539211191e-01
9.058171396187606472e-01
9.218466579938348060e-01
9.359241071963881886e-01
9.491643400202411929e-01
9.641834361724034297e-01
9.851388904079363407e-01
1.017985167539521063e+00
1.062724153470780530e+00
1.093604891013254532e+00
1.106055480685720127e+00
1.110712312229715115e+00
1.113322927787249172e+00
9.444768097746270385e-09
