7.881791092711515375e+03
8.129724019423229947e+03
7.832686700575395662e+03
8.106423349866785429e+03
8.058423540702669925e+03
7.904946998569717834e+03
8.182655843644697597e+03
8.180048732240407844e+03
7.858309204703831711e+03
7.959242913425909137e+03
7.976082281501762736e+03
8.025958765429040795e+03
7.809532168856428143e+03
7.796745798716279751e+03
8.120405033889840524e+03
8.185988147499764636e+03
8.070999732928097728e+03
8.425339850183829185e+03
7.761885891593579800e+03
8.137163974796793809e+03
7.951154606705879814e+03
8.077210595113681848e+03
8.176387174022529507e+03
8.049498478229571447e+03
7.850174812010693131e+03
7.943467525967776965e+03
8.000598597854359468e+03
8.015847941545573121e+03
7.967676441463430820e+03
7.750771220494918452e+03
7.875243264079052096e+03
8.202322518764378401e+03
7.936745462429491454e+03
8.105723105637805020e+03
7.871644835253575366e+03
8.109617370935007784e+03
7.857325915564794741e+03
7.995903112487039834e+03
7.934134226587322701e+03
7.996904484271218280e+03
7.882468583195374777e+03
7.993523220414665957e+03
8.052439488379643080e+03
7.889075080474665810e+03
8.124357286265347284e+03
7.906601370287287864e+03
7.988053096871588423e+03
7.827380279166359287e+03
7.786389194986162693e+03
7.787174849191816065e+03
7.952105940181445476e+03
7.981704919688779228e+03
8.086134966063381398e+03
7.734082887240634591e+03
7.839951703844521035e+03
7.745290473026747350e+03
7.847473848235749756e+03
8.034031378428360767e+03
7.923235906747386252e+03
8.302794665737867035e+03
7.959806418132123326e+03
7.904138024531180235e+03
7.982712618253652181e+03
7.983388823450753989e+03
7.975144709689187039e+03
8.097758723158769499e+03
7.894925878818128695e+03
7.813669664777255093e+03
7.873290878673621592e+03
8.111866287376855325e+03
8.131689990081884389e+03
7.787901144697330892e+03
8.094853844359657160e+03
7.849446504598590764e+03
7.998463526233234916e+03
7.961984111732052042e+03
8.333591311488036808e+03
7.921988567222971142e+03
8.134948015762081923e+03
7.913563071826146370e+03
