-9.847774599967411557e-01
-9.847774555324131374e-01
-9.847773219367212949e-01
-9.847717859466851298e-01
-9.846911615126026085e-01
-9.840388735386408348e-01
-9.803214101102570854e-01
-9.621897797493470517e-01
-8.086431146279208226e-01
-1.360938552873579288e-01
-9.214035410899149015e-02
-7.887857532207410982e-02
-7.324277373690790682e-02
-6.925227787511745170e-02
-6.459355013157214165e-02
-5.782531161123441454e-02
-4.759786994430686285e-02
-3.244726724074368379e-02
-1.085553808068159473e-02
1.845840232615895277e-02
5.594871750580622527e-02
1.002921105794703643e-01
1.475630782495571391e-01
1.921380100064731256e-01
2.296769488609711196e-01
2.589590561955669168e-01
2.810272794749677505e-01
2.976860558641601373e-01
3.106858489134028400e-01
3.214873222040009471e-01
3.312617867927635240e-01
3.409426283911589639e-01
3.512569306529914059e-01
3.627165169639546272e-01
3.755731831574777857e-01
3.897654265747310109e-01
4.049031057889727614e-01
4.203345291157650210e-01
4.353013313925453431e-01
4.491273392386109786e-01
4.613599227501852806e-01
4.718152784885727979e-01
4.805390600808248647e-01
4.877281474702818698e-01
4.936551099401919052e-01
4.986156320328324343e-01
5.029016277275613067e-01
5.067948996176840915e-01
5.105751413402240813e-01
5.145377579544534452e-01
5.190188002812762269e-01
5.244248855728689263e-01
5.312641355283060918e-01
5.401681745440914950e-01
5.518827858487108662e-01
5.671852223649868074e-01
5.866680250128883944e-01
6.103462615145558434e-01
6.371655998594253356e-01
6.647457936603231587e-01
6.898540898286853462e-01
7.096476457851573771e-01
7.228390073436461449e-01
7.299237822958873911e-01
7.325951676831198300e-01
7.330146706831376369e-01
7.333477174661361397e-01
7.356076967094258290e-01
7.417117984222588722e-01
7.536589697389627363e-01
7.737919167186236846e-01
8.051650700990323761e-01
8.521086033390351533e-01
9.211297289959783363e-01
1.021986073754574731e+00
1.166348506236899896e+00
1.355839237657713969e+00
1.558164683321607402e+00
1.718333606687085569e+00
1.827841701614542069e+00
1.905145930890960404e+00
1.963682008435613913e+00
2.010962187704861126e+00
2.051238304544214852e+00
2.086938360705925977e+00
2.119336893786596843e+00
2.148849283303314817e+00
2.175089649384284840e+00
2.196679877774958101e+00
2.210687944493173962e+00
2.211607065144705953e+00
2.190783613912327343e+00
2.141338237122333510e+00
2.073553452147061993e+00
2.015262411128691866e+00
1.982268600577688611e+00
1.969447973299693899e+00
1.966136308000527189e+00
1.965684431374807639e+00
1.913339483619654446e+00
