2.618406972754150908e-01
1.513373618656905506e-01
8.697895900024643634e-02
4.970403002478316484e-02
2.823775227390598261e-02
1.594862282881115076e-02
8.964069240674700512e-03
5.055297554716748493e-03
2.993012609247847674e-03
2.187528337867072643e-03
2.490505416282495083e-03
4.075329488847241263e-03
7.344891868719273693e-03
1.284535855562513387e-02
2.119026755711708038e-02
3.301505995075650762e-02
4.898332735884281669e-02
6.985274410246671006e-02
9.658620285182605014e-02
1.304707898574968272e-01
1.731928075058591365e-01
2.268171551901161931e-01
2.936354738886882698e-01
3.758761751970191023e-01
4.753038207321310105e-01
5.927667614142297925e-01
7.277726927520959954e-01
8.781766473883757529e-01
1.040053437054218488e+00
1.207799014503308621e+00
1.374468115480216523e+00
1.532316127943749384e+00
1.673478904081260765e+00
1.790701375773903203e+00
1.878018133561518921e+00
1.931297374328132754e+00
1.948581674419523901e+00
1.930190443195152428e+00
1.878583875848713225e+00
1.798020808306736829e+00
1.694068051269032260e+00
1.573033234059738383e+00
1.441395733351787278e+00
1.305301802317243132e+00
1.170173147226555299e+00
1.040456548061446718e+00
9.195195924711857538e-01
8.096776747552438813e-01
7.123226525670316445e-01
6.281152937874289188e-01
5.572020007612100700e-01
4.994203620504333863e-01
4.544662638875560656e-01
4.220057141435159531e-01
4.017253777479163346e-01
3.933256138331476248e-01
3.964675358232174762e-01
4.106907741642000786e-01
4.353211109289304992e-01
4.693871630204464740e-01
5.115631469336434645e-01
5.601508321451700301e-01
6.131084444786745191e-01
6.681278920546851463e-01
7.227547182686414606e-01
7.745382771504133457e-01
8.211936466859055539e-01
8.607528243413380409e-01
8.916819362156864770e-01
9.129444977951024498e-01
9.239986122638864652e-01
9.247279047655657669e-01
9.153203380734771244e-01
8.961230406028637407e-01
8.675112786981540314e-01
8.298120094133761837e-01
7.833143195401199854e-01
7.283799018284043969e-01
6.656390328623887909e-01
5.962271446642725126e-01
5.219924599141999577e-01
4.455953681543086131e-01
3.704320873753767507e-01
3.003501498457289420e-01
2.391753061006214598e-01
1.901250332127195908e-01
1.552252560005062676e-01
1.348586366991776642e-01
1.275493643525210108e-01
1.300411145948797975e-01
1.376772939029338727e-01
1.450757402790444628e-01
1.471164828884721776e-01
1.403000282220669137e-01
1.244929170835423204e-01
1.048205593295320481e-01
9.290594381777884936e-02
1.059909512561190426e-01
1.627758862079189961e-01
2.792423439757160675e-01
