#Bayesian Information Criterion from bootstrap run
9.787457625391147303e+03
9.280147893434390426e+03
9.274354503498494523e+03
9.638040091563470924e+03
9.766102430402312166e+03
1.029175836799245008e+04
1.021402920250818715e+04
9.244695403812109362e+03
9.376916453853737039e+03
9.265688888644694089e+03
9.530216174283672444e+03
9.423712843767640152e+03
9.387283513137164846e+03
9.571479907703453136e+03
1.033732481464717966e+04
9.521918144990435394e+03
9.736590210052559996e+03
9.509077313935224083e+03
9.209199764741902982e+03
9.786485429853337337e+03
9.041274782177073575e+03
9.425354320473683401e+03
9.734126247085250725e+03
9.460140214162347547e+03
1.073305261096666072e+04
9.758067100876216500e+03
9.315431420839748171e+03
9.706765892174764303e+03
9.054639168328076266e+03
9.359377202239436883e+03
