-2.325948394225953453e-01
-2.321872980827687227e-01
-2.318352261797734237e-01
-2.315443741656059984e-01
-2.313128269462128017e-01
-2.311344859029725585e-01
-2.310013286058685278e-01
-2.309048110733981640e-01
-2.308366856672497969e-01
-2.307894348253436978e-01
-2.307564637953852804e-01
-2.307321514481754654e-01
-2.307118247845540149e-01
-2.306916979565493131e-01
-2.306687989042091325e-01
-2.306408947051681591e-01
-2.306064192502101651e-01
-2.305644028241917165e-01
-2.305144016263557527e-01
-2.304564253604093893e-01
-2.303908620445170863e-01
-2.303184005586894623e-01
-2.302399527364382970e-01
-2.301565777415934544e-01
-2.300694119084523703e-01
-2.299796071368372941e-01
-2.298882803942860209e-01
-2.297964759705245774e-01
-2.297051410915819381e-01
-2.296151143568830322e-01
-2.295271254859427290e-01
-2.294418040693129435e-01
-2.293596945177980295e-01
-2.292812742155581895e-01
-2.292069719943556905e-01
-2.291371844162574667e-01
-2.290722879155133451e-01
-2.290126455300222075e-01
-2.289586076694800909e-01
-2.289105070482213289e-01
-2.288686484961005851e-01
-2.288332948081746310e-01
-2.288046500799821026e-01
-2.287828420952494335e-01
-2.287679052985193418e-01
-2.287597657211035973e-01
-2.287582289680811232e-01
-2.287629720542040390e-01
-2.287735395349941026e-01
-2.287893440499991493e-01
-2.288096711060605415e-01
-2.288336876996466540e-01
-2.288604542205442682e-01
-2.288889389978175370e-01
-2.289180348389923958e-01
-2.289465769648841575e-01
-2.289733618409724170e-01
-2.289971665363216002e-01
-2.290167683826929423e-01
-2.290309648413544341e-01
-2.290385936282492707e-01
-2.290385532085714160e-01
-2.290298238682736964e-01
-2.290114895722091259e-01
-2.289827608108524204e-01
-2.289429985859442462e-01
-2.288917396032081886e-01
-2.288287226293631571e-01
-2.287539158348262658e-01
-2.286675447827406782e-01
-2.285701205370929967e-01
-2.284624671425244113e-01
-2.283457474683505128e-01
-2.282214861010998519e-01
-2.280915876063289438e-01
-2.279583480700931863e-01
-2.278244573481992274e-01
-2.276929890046253957e-01
-2.275673744296696499e-01
-2.274513572964955155e-01
-2.273489243444984653e-01
-2.272642086433764586e-01
-2.272013621273260842e-01
-2.271643954616927863e-01
-2.271569853772303083e-01
-2.271822526176199009e-01
-2.272425176738483710e-01
-2.273390465032641417e-01
-2.274718042750260849e-01
-2.276392414497351024e-01
-2.278381424945445100e-01
-2.280635721809987915e-01
-2.283089561729656214e-01
-2.285663294164229087e-01
-2.288267750608505569e-01
-2.290810551387829075e-01
-2.293203985405622980e-01
-2.295373586934149335e-01
-2.297265803625071490e-01
-2.298852223938120110e-01
