2.076124008483172800e-01
2.075925555737424266e-01
2.075766646677277283e-01
2.075644107007836026e-01
2.075554491189443296e-01
2.075494569501696862e-01
2.075461658429358092e-01
2.075453829199973566e-01
2.075470020252524472e-01
2.075510071642741039e-01
2.075574693414701799e-01
2.075665376007538032e-01
2.075784248789270536e-01
2.075933892589952312e-01
2.076117113264888681e-01
2.076336685381273139e-01
2.076595077567137682e-01
2.076894173378162345e-01
2.077235003271352964e-01
2.077617504068775822e-01
2.078040321920267830e-01
2.078500673146213562e-01
2.078994274515616192e-01
2.079515350677476893e-01
2.080056721902951433e-01
2.080609970371073425e-01
2.081165678331059476e-01
2.081713726981478940e-01
2.082243641158970648e-01
2.082744962195288430e-01
2.083207629754233459e-01
2.083622353175605402e-01
2.083980953801058134e-01
2.084276661817206777e-01
2.084504354125497338e-01
2.084660723385318160e-01
2.084744372392419443e-01
2.084755832063173442e-01
2.084697505223950809e-01
2.084573541922795370e-01
2.084389654903744116e-01
2.084152886090876178e-01
2.083871336359912063e-01
2.083553871528488755e-01
2.083209817427151833e-01
2.082848656214894567e-01
2.082479734901279689e-01
2.082111995472746002e-01
2.081753734236178599e-01
2.081412396124202036e-01
2.081094407869095719e-01
2.080805052238355324e-01
2.080548383997025685e-01
2.080327186955065466e-01
2.080142970378123235e-01
2.079996002173747915e-01
2.079885375580013129e-01
2.079809105540263436e-01
2.079764250505813372e-01
2.079747055031878067e-01
2.079753108199359768e-01
2.079777512599342570e-01
2.079815058371753678e-01
2.079860396626915797e-01
2.079908206544635596e-01
2.079953350599565709e-01
2.079991012761563673e-01
2.080016815217149151e-01
2.080026910184010203e-01
2.080018044744176287e-01
2.079987598262206527e-01
2.079933593792096247e-01
2.079854686770341021e-01
2.079750136055169840e-01
2.079619763779030905e-01
2.079463911294005263e-01
2.079283398479511158e-01
2.079079492667131324e-01
2.078853891328034942e-01
2.078608719501058300e-01
2.078346538925158749e-01
2.078070361390654541e-01
2.077783654569143323e-01
2.077490325364644563e-01
2.077194664666973389e-01
2.076901239410387512e-01
2.076614724179690896e-01
2.076339676263559975e-01
2.076080275735011915e-01
2.075840076061472583e-01
2.075621840460787626e-01
2.075427573425806527e-01
2.075258893254639803e-01
2.075117926698817339e-01
2.075008936572486917e-01
2.074940912007730009e-01
2.074931352966183640e-01
2.075011459340670161e-01
2.075232884606416084e-01
2.075676129919887536e-01
