1.091988693815887146e+00
1.092014120929280185e+00
1.092034500429707844e+00
1.092050240046861020e+00
1.092061782910457524e+00
1.092069545685936172e+00
1.092073876869396720e+00
1.092075030751301412e+00
1.092073153687767695e+00
1.092068280290394267e+00
1.092060337898278055e+00
1.092049158204166481e+00
1.092034495175277176e+00
1.092016048466087019e+00
1.091993491410472306e+00
1.091966502460537614e+00
1.091934798670882723e+00
1.091898169570571842e+00
1.091856509574684830e+00
1.091809847005555278e+00
1.091758367848244760e+00
1.091702432566199699e+00
1.091642584645163172e+00
1.091579549994539544e+00
1.091514226881256988e+00
1.091447666658913684e+00
1.091381046137970712e+00
1.091315632974891203e+00
1.091252745898609433e+00
1.091193711909129282e+00
1.091139822754024324e+00
1.091092293004987335e+00
1.091052221921272603e+00
1.091020561014089507e+00
1.090998088839019831e+00
1.090985394072440551e+00
1.090982867406835588e+00
1.090990702264171830e+00
1.091008903809650876e+00
1.091037305287218429e+00
1.091075590293857367e+00
1.091123319344502463e+00
1.091179958864007649e+00
1.091244910700886139e+00
1.091317540295745792e+00
1.091397201801758587e+00
1.091483258714476046e+00
1.091575098911985897e+00
1.091672143413300100e+00
1.091773848609723263e+00
1.091879702185275969e+00
1.091989213391137525e+00
1.092101898748881750e+00
1.092217264597042936e+00
1.092334788160713055e+00
1.092453898945456858e+00
1.092573962299188794e+00
1.092694266861871988e+00
1.092814017365930868e+00
1.092932333907709719e+00
1.093048258319779364e+00
1.093160767743975637e+00
1.093268794925942533e+00
1.093371254185863783e+00
1.093467071509063970e+00
1.093555216798982377e+00
1.093634736069801772e+00
1.093704781294144501e+00
1.093764635748958103e+00
1.093813733059053606e+00
1.093851668692818357e+00
1.093878203390844073e+00
1.093893258846605487e+00
1.093896906829256999e+00
1.093889353743951132e+00
1.093870923255173322e+00
1.093842039943274447e+00
1.093803216926433564e+00
1.093755049892542575e+00
1.093698219028115926e+00
1.093633498949270200e+00
1.093561775056440810e+00
1.093484062960283998e+00
1.093401526058457529e+00
1.093315485355095040e+00
1.093227415631873534e+00
1.093138923538770291e+00
1.093051706467790485e+00
1.092967496486792589e+00
1.092888001240799545e+00
1.092814863422036931e+00
1.092749671722339277e+00
1.092694068372314309e+00
1.092650010438835029e+00
1.092620252781031809e+00
1.092609128498891247e+00
1.092623705898391195e+00
1.092675396594166237e+00
1.092782072233173585e+00
1.092970709045491873e+00
