3.341411127114479610e-04
3.324924158543058391e-04
3.311078951690124561e-04
3.303381369387579751e-04
3.300185651413427507e-04
3.299310182670918282e-04
3.299367684251048173e-04
3.299706683645356594e-04
3.300097599220192229e-04
3.300488308642087008e-04
3.300863044062756282e-04
3.301189633516641870e-04
3.301428220435333530e-04
3.301561466010911991e-04
3.301610169756502545e-04
3.301621361548765995e-04
3.301640415145930653e-04
3.301687905062055664e-04
3.301754238738587987e-04
3.301810921279825723e-04
3.301827785445051139e-04
3.301785237814849091e-04
3.301676850722658142e-04
3.301504697419047995e-04
3.301273273072082384e-04
3.300986774352639413e-04
3.300650834442620169e-04
3.300276405246997842e-04
3.299882260743582617e-04
3.299493757368429062e-04
3.299137947640499655e-04
3.298837192562508033e-04
3.298604017150643872e-04
3.298438981052039952e-04
3.298331724531972011e-04
3.298264207419129585e-04
3.298215028639577212e-04
3.298164171486049124e-04
3.298097666287385992e-04
3.298011198846575488e-04
3.297910985980892344e-04
3.297810598587060647e-04
3.297724169797197277e-04
3.297658897784148317e-04
3.297611081600347236e-04
3.297568550008215041e-04
3.297518468800262649e-04
3.297455578178435601e-04
3.297385156198211383e-04
3.297318827064215111e-04
3.297266804021332562e-04
3.297232574938571562e-04
3.297213144121026863e-04
3.297202858520913811e-04
3.297196835680686502e-04
3.323558555048428554e-04
3.313760891837794816e-04
3.305563289388416303e-04
3.301089254349153499e-04
3.299365721639455832e-04
3.299067420748629659e-04
3.299331273695503184e-04
3.299745955438440257e-04
3.300173173243875187e-04
3.300590129405594911e-04
3.300987688660178597e-04
3.301332811831786070e-04
3.301583345414016261e-04
3.301720929629160068e-04
3.301767379640398702e-04
3.301772170574047310e-04
3.301783342289563421e-04
3.301823334011162758e-04
3.301883266977488000e-04
3.301934436274239684e-04
3.301946027264194097e-04
3.301897776788733307e-04
3.301782773531794675e-04
3.301602839573038206e-04
3.301362440611442040e-04
3.301065938647373748e-04
3.300719325258283442e-04
3.300334070060284650e-04
3.299929572146799504e-04
3.299531847285815155e-04
3.299168551407357058e-04
3.298862511104622228e-04
3.298626493658174050e-04
3.298460996425863498e-04
3.298355227805035679e-04
3.298290354250442077e-04
3.298243920623456340e-04
3.298194816444210910e-04
3.298128240562583089e-04
3.298039551664849007e-04
3.297935246992472042e-04
3.297829656746777897e-04
3.297737866054622461e-04
3.297667887486525461e-04
3.297616482170255504e-04
3.297571546648380867e-04
3.297520041088617391e-04
3.297456392638778845e-04
3.297385595055709359e-04
3.297319082437574289e-04
3.297266960910574286e-04
3.297232673052867655e-04
3.297213205116762778e-04
3.297202896968294398e-04
3.297196860874332500e-04
3.311246911100209603e-04
3.306050834429703983e-04
3.301750267000440201e-04
3.299507243666730590e-04
3.298807111120792752e-04
3.298914841324825467e-04
3.299329502307878385e-04
3.299805815727407661e-04
3.300268649348518505e-04
3.300715174598351583e-04
3.301139833210789561e-04
3.301507452162018188e-04
3.301772889562846472e-04
3.301916495396248013e-04
3.301961244453506116e-04
3.301959469820269530e-04
3.301962311165645200e-04
3.301994360131826857e-04
3.302047512218735646e-04
3.302092755841625144e-04
3.302098460494963398e-04
3.302043531340832934e-04
3.301920461162978862e-04
3.301730775616938413e-04
3.301478920666314288e-04
3.301169511418477185e-04
3.300809034317565534e-04
3.300409664285952767e-04
3.299991642079584653e-04
3.299581851193710458e-04
3.299208737531593829e-04
3.298895738779852112e-04
3.298655939279250570e-04
3.298489756212806935e-04
3.298385845738826226e-04
3.298324341068991456e-04
3.298281420383543860e-04
3.298234558417029020e-04
3.298167870785637568e-04
3.298076290076881615e-04
3.297966672830738330e-04
3.297854333898359285e-04
3.297755591167585132e-04
3.297679512188644879e-04
3.297623454761656244e-04
3.297575405162919563e-04
3.297522056582601665e-04
3.297457428018523568e-04
3.297386149379427905e-04
3.297319402085508171e-04
3.297267157044357871e-04
3.297232795085160780e-04
3.297213280342958493e-04
3.297202943709655180e-04
3.297196893098673968e-04
3.303948104113462879e-04
3.301475988684865752e-04
3.299487991233797661e-04
3.298573692836357036e-04
3.298488448073872846e-04
3.298846859793842052e-04
3.299362504864807532e-04
3.299888428877138617e-04
3.300386959063438355e-04
3.300866743290358039e-04
3.301323099509712099e-04
3.301717615145719213e-04
3.302001544004813899e-04
3.302153686008727201e-04
3.302198284836976925e-04
3.302190870835406593e-04
3.302186036888334216e-04
3.302210716246430739e-04
3.302257570639696911e-04
3.302297126449152192e-04
3.302296730179516164e-04
3.302234274765519177e-04
3.302101535020853895e-04
3.301899686520194275e-04
3.301633194071357941e-04
3.301307039142561874e-04
3.300928409977291764e-04
3.300510455946020294e-04
3.300074549540068678e-04
3.299648740400156844e-04
3.299262532574524158e-04
3.298940172725053758e-04
3.298695174217509485e-04
3.298527861360652067e-04
3.298426175378738686e-04
3.298368908643557187e-04
3.298330454662262950e-04
3.298286439152352603e-04
3.298219553871310056e-04
3.298124174525591396e-04
3.298007616130077340e-04
3.297886472632353808e-04
3.297778663592611432e-04
3.297694632275262089e-04
3.297632511706395241e-04
3.297580406479419177e-04
3.297524658406718605e-04
3.297458756912551264e-04
3.297386853856014563e-04
3.297319804156955054e-04
3.297267401604060222e-04
3.297232947616900189e-04
3.297213374504912118e-04
3.297203002227038285e-04
3.297196932218119498e-04
3.300138401831718819e-04
3.299087553228621035e-04
3.298309360198815898e-04
3.298094904177151449e-04
3.298340496476369539e-04
3.298842855864561369e-04
3.299426703385742064e-04
3.299995828527526980e-04
3.300531961998373750e-04
3.301049355625284990e-04
3.301542407795156125e-04
3.301968749506958194e-04
3.302275591857824709e-04
3.302439985074764927e-04
3.302487494883776646e-04
3.302477057559770812e-04
3.302466905997937909e-04
3.302486352824155944e-04
3.302528706197494792e-04
3.302563802706182344e-04
3.302557731501880246e-04
3.302487173072642048e-04
3.302343043707536407e-04
3.302126119113678510e-04
3.301840922832157592e-04
3.301492967078173456e-04
3.301090414780355042e-04
3.300647749204414306e-04
3.300187890932011108e-04
3.299740469134803387e-04
3.299336422862513929e-04
3.299001108357776718e-04
3.298748642554302627e-04
3.298579264729545844e-04
3.298479997334877005e-04
3.298427891287587072e-04
3.298394998699245438e-04
3.298354513436803142e-04
3.298287252093878765e-04
3.298186837565221107e-04
3.298061171603934539e-04
3.297928504327424866e-04
3.297808839765281022e-04
3.297714411242321647e-04
3.297644361886927183e-04
3.297586949067310988e-04
3.297528058673941881e-04
3.297460488313862649e-04
3.297387766840024787e-04
3.297320321335467526e-04
3.297267713635605030e-04
3.297233140542654229e-04
3.297213492056570087e-04
3.297203074951178363e-04
3.297196981267102147e-04
3.298359991550668994e-04
3.297973419928784070e-04
3.297763561103390201e-04
3.297883709133369581e-04
3.298296770597521381e-04
3.298883925430900707e-04
3.299520389033502150e-04
3.300132543214899061e-04
3.300710801070026604e-04
3.301271602301138913e-04
3.301807480953392699e-04
3.302271770101697541e-04
3.302607407695121091e-04
3.302789562280644881e-04
3.302845118407186508e-04
3.302836462421276909e-04
3.302825454531819636e-04
3.302843659196089826e-04
3.302884795488646814e-04
3.302917748752680349e-04
3.302907102619352686e-04
3.302828112495711480e-04
3.302670691170541220e-04
3.302435128588779539e-04
3.302126042571381162e-04
3.301749651185583410e-04
3.301315417565889722e-04
3.300839618421956838e-04
3.300347270877978384e-04
3.299870165895912562e-04
3.299441227277980686e-04
3.299087375880848608e-04
3.298823629145645944e-04
3.298650197427023599e-04
3.298552961847430105e-04
3.298506710128942506e-04
3.298480436231217608e-04
3.298444123845787777e-04
3.298376103258599261e-04
3.298268971871291919e-04
3.298131353067259284e-04
3.297983622877651249e-04
3.297848476702907976e-04
3.297740465151950337e-04
3.297660043411987331e-04
3.297595667932506241e-04
3.297532631248393663e-04
3.297462839502651125e-04
3.297389011943159423e-04
3.297321022087746538e-04
3.297268129032063038e-04
3.297233391483212709e-04
3.297213642861565206e-04
3.297203166924137017e-04
3.297197041370153155e-04
3.297609294532265829e-04
3.297504579361222555e-04
3.297539390595358730e-04
3.297811254024274482e-04
3.298312509203530111e-04
3.298959322750355701e-04
3.299646247421089847e-04
3.300307494446354565e-04
3.300936382443609525e-04
3.301549695921265687e-04
3.302137622972793813e-04
3.302649034727664162e-04
3.303022452362641670e-04
3.303231017060911825e-04
3.303302800247988574e-04
3.303303498287864801e-04
3.303298404076724097e-04
3.303321093418081444e-04
3.303365461463578776e-04
3.303399238326528158e-04
3.303385329776891170e-04
3.303297414162397914e-04
3.303124235366222553e-04
3.302865467725144195e-04
3.302525784824350856e-04
3.302112226189490049e-04
3.301635876361798047e-04
3.301115328366254734e-04
3.300578381024535683e-04
3.300059775381104852e-04
3.299595224153559865e-04
3.299213935913811679e-04
3.298932326304674007e-04
3.298750761464732772e-04
3.298653756896501119e-04
3.298613218713734451e-04
3.298594149526891807e-04
3.298562323090268407e-04
3.298492762075941830e-04
3.298376636950410166e-04
3.298223413608726887e-04
3.298056131633400525e-04
3.297900906244605711e-04
3.297775243884305298e-04
3.297681279990098604e-04
3.297607732915510325e-04
3.297539149515856449e-04
3.297466304289332429e-04
3.297390890493898867e-04
3.297322078931841740e-04
3.297268738121697236e-04
3.297233741939252765e-04
3.297213843527233099e-04
3.297203283325903173e-04
3.297197117415031015e-04
3.297320480866858445e-04
3.297326179835037866e-04
3.297461370562994798e-04
3.297805407755211547e-04
3.298363930729942563e-04
3.299065933868925013e-04
3.299810948843288254e-04
3.300533846412622742e-04
3.301227832543814056e-04
3.301908946855387707e-04
3.302564645921755664e-04
3.303139053176134578e-04
3.303565892954425957e-04
3.303815798062469935e-04
3.303917489709132043e-04
3.303939448577020133e-04
3.303949983379253171e-04
3.303984451480705621e-04
3.304036904184724484e-04
3.304074047984358834e-04
3.304057260565912923e-04
3.303958691463414156e-04
3.303765817899891326e-04
3.303477500344257755e-04
3.303098263295663347e-04
3.302635908063280331e-04
3.302103320463205586e-04
3.301521900299639930e-04
3.300923031187591341e-04
3.300345455675178031e-04
3.299828852684281565e-04
3.299405828828640207e-04
3.299095060036961124e-04
3.298897476013794424e-04
3.298796076253555118e-04
3.298759161911014284e-04
3.298746615016061160e-04
3.298718717399449596e-04
3.298646105313453401e-04
3.298517941936727777e-04
3.298344566708472829e-04
3.298152237411064382e-04
3.297971280057000612e-04
3.297822874946764837e-04
3.297711267454747088e-04
3.297625529194814047e-04
3.297549315548984066e-04
3.297472032559414551e-04
3.297394125654610239e-04
3.297323906798167920e-04
3.297269753225602032e-04
3.297234289031976536e-04
3.297214129448633045e-04
3.297203437087226508e-04
3.297197211323668934e-04
3.297218749772045645e-04
3.297265866323023263e-04
3.297444382244191338e-04
3.297831549809076071e-04
3.298440514911332787e-04
3.299204450338344224e-04
3.300021942156470124e-04
3.300825353293899631e-04
3.301606351409317884e-04
3.302379690020245512e-04
3.303129746804549759e-04
3.303795288820699774e-04
3.304304146203726413e-04
3.304622896395468926e-04
3.304779173233698530e-04
3.304842702414378182e-04
3.304883859888099089e-04
3.304939634739677713e-04
3.305004805085432840e-04
3.305046017879350955e-04
3.305024074643427988e-04
3.304910204107927704e-04
3.304690754384602847e-04
3.304363496419765911e-04
3.303932329616494890e-04
3.303405389462449847e-04
3.302797231196457056e-04
3.302132395893717163e-04
3.301446736581828824e-04
3.300784380872954235e-04
3.300190664092710123e-04
3.299703298000720313e-04
3.299344601162778039e-04
3.299116842085222565e-04
3.299001503952054539e-04
3.298962516039840535e-04
3.298953293036579896e-04
3.298927051465000339e-04
3.298848662499004390e-04
3.298704434027976713e-04
3.298505429802591382e-04
3.298281568658152597e-04
3.298068135643834843e-04
3.297890698068500076e-04
3.297756070380845460e-04
3.297653827612340421e-04
3.297566668673248755e-04
3.297482468012548763e-04
3.297400266708255660e-04
3.297327395019521937e-04
3.297271628409342414e-04
3.297235228716384296e-04
3.297214573898624721e-04
3.297203649345834008e-04
3.297197330918362783e-04
3.297186048404037850e-04
3.297249581287877243e-04
3.297451775651384772e-04
3.297874541760415618e-04
3.298537188035480564e-04
3.299374404915748926e-04
3.300281990898861839e-04
3.301189041666148559e-04
3.302085844205525540e-04
3.302986442080497261e-04
3.303872395178487171e-04
3.304676279298218331e-04
3.305317653235035290e-04
3.305755249778988790e-04
3.306011202488678036e-04
3.306152632842017098e-04
3.306249753278237783e-04
3.306341052025036698e-04
3.306423687569455213e-04
3.306466820339601029e-04
3.306433172944969225e-04
3.306294742271356237e-04
3.306037349973179511e-04
3.305657324986734286e-04
3.305157025695139349e-04
3.304543910597630674e-04
3.303833565222176840e-04
3.303053761567123080e-04
3.302245820525021719e-04
3.301461101405649828e-04
3.300752999336825319e-04
3.300166830072017734e-04
3.299730641682302522e-04
3.299449304724537901e-04
3.299303010125369251e-04
3.299250534503631775e-04
3.299237293004972501e-04
3.299207584921267310e-04
3.299118800601694938e-04
3.298953224197183906e-04
3.298722173976800873e-04
3.298459380300301129e-04
3.298205597446017805e-04
3.297991362214279954e-04
3.297826495209686746e-04
3.297701335922463778e-04
3.297597749848420320e-04
3.297502148576048173e-04
3.297412191900212083e-04
3.297334183063564813e-04
3.297275185846198359e-04
3.297236917603990993e-04
3.297215302045423762e-04
3.297203956716370367e-04
3.297197484040059420e-04
3.297176768960805157e-04
3.297248623898655631e-04
3.297468931107952906e-04
3.297927105144723200e-04
3.298648719621216727e-04
3.299569683087047131e-04
3.300583297437879285e-04
3.301616763321830062e-04
3.302661469056519892e-04
3.303733686698914524e-04
3.304814168880506470e-04
3.305828758626800181e-04
3.306684595667425705e-04
3.307325102341665806e-04
3.307757896853841988e-04
3.308039555093052610e-04
3.308235550401945782e-04
3.308385581528169536e-04
3.308492492136464944e-04
3.308533043072750014e-04
3.308476750448471676e-04
3.308299658938929034e-04
3.307988257983931948e-04
3.307536846919403341e-04
3.306944600686217376e-04
3.306216470818754052e-04
3.305367837618750429e-04
3.304429614388685330e-04
3.303449888450362294e-04
3.302489814827302126e-04
3.301614210815806676e-04
3.300879473271755931e-04
3.300322279986778943e-04
3.299951891481325687e-04
3.299747664477405292e-04
3.299662434831656006e-04
3.299631935773286034e-04
3.299589459964260381e-04
3.299482929543283774e-04
3.299289072516333062e-04
3.299018546575272154e-04
3.298708544639464410e-04
3.298405325997985464e-04
3.298144632534217853e-04
3.297939647823013498e-04
3.297781915692190105e-04
3.297652975430807073e-04
3.297538264675525018e-04
3.297434411808622596e-04
3.297346814297151020e-04
3.297281688716136852e-04
3.297239891028461503e-04
3.297216504795119933e-04
3.297204409975051497e-04
3.297197684318311519e-04
3.297174881425577212e-04
3.297252716185742629e-04
3.297489783273341714e-04
3.297983848891816315e-04
3.298766782724861339e-04
3.299776073046036483e-04
3.300904197997148529e-04
3.302080135366540774e-04
3.303302090243069133e-04
3.304595165709557853e-04
3.305944333822700932e-04
3.307269172585315989e-04
3.308458308566969951e-04
3.309427631862661137e-04
3.310155061795535007e-04
3.310673142698619719e-04
3.311034823639763622e-04
3.311280503046916510e-04
3.311424173228038454e-04
3.311458478363541033e-04
3.311367467775253926e-04
3.311136166857986309e-04
3.310753209516325234e-04
3.310209529532910514e-04
3.309498311714657252e-04
3.308619151751267099e-04
3.307585481174278087e-04
3.306431420182792832e-04
3.305213868621139739e-04
3.304007465087943499e-04
3.302893041555777804e-04
3.301942639716832334e-04
3.301205233125654721e-04
3.300696680331079440e-04
3.300396072461459613e-04
3.300249460889249724e-04
3.300181107986779145e-04
3.300111113862459929e-04
3.299975800373927421e-04
3.299744526219181039e-04
3.299425885944516678e-04
3.299059485999972924e-04
3.298696383143612698e-04
3.298377209342900560e-04
3.298118688485399391e-04
3.297914280238992157e-04
3.297746284838677221e-04
3.297600305218764899e-04
3.297472781217179565e-04
3.297368526561779921e-04
3.297292716525665034e-04
3.297244814804740779e-04
3.297218408493402387e-04
3.297205071995681328e-04
3.297197946116039113e-04
3.297175197955490387e-04
3.297258250267836037e-04
3.297511032794634670e-04
3.298039029398978049e-04
3.298879590487102469e-04
3.299972078290397902e-04
3.301210832358032927e-04
3.302532590688469116e-04
3.303951595012897093e-04
3.305512493352986644e-04
3.307213084401973945e-04
3.308968693554851809e-04
3.310641788326183104e-04
3.312103942028170583e-04
3.313282082272391450e-04
3.314165767200040144e-04
3.314784620480003513e-04
3.315179254944031510e-04
3.315382601053945078e-04
3.315414569228240424e-04
3.315283852190794960e-04
3.314990203148443352e-04
3.314525132256716344e-04
3.313873206462989449e-04
3.313017066468718682e-04
3.311946982240894272e-04
3.310672546592101080e-04
3.309231939291550724e-04
3.307694322358962894e-04
3.306153119844913875e-04
3.304711202433009806e-04
3.303461843957805166e-04
3.302470513062359366e-04
3.301761983541777056e-04
3.301315532666014791e-04
3.301069433991320754e-04
3.300934670172740813e-04
3.300816078808109814e-04
3.300636393037421749e-04
3.300355745909211284e-04
3.299978842682864204e-04
3.299545874651073547e-04
3.299111032117583737e-04
3.298718760176688595e-04
3.298389245204158939e-04
3.298118904270832532e-04
3.297892642471343563e-04
3.297698190989979314e-04
3.297533223360057724e-04
3.297402479060792071e-04
3.297309759323941727e-04
3.297252296665290723e-04
3.297221224029163737e-04
3.297206002436355921e-04
3.297198284854068709e-04
3.297176129244095105e-04
3.297263783025475119e-04
3.297530137503745492e-04
3.298086427781953185e-04
3.298973614913136110e-04
3.300132900803705175e-04
3.301463868605569014e-04
3.302918681859119687e-04
3.304539308549863828e-04
3.306403600190164897e-04
3.308533505771591929e-04
3.310843689289259188e-04
3.313162447903758058e-04
3.315297959103297252e-04
3.317101580145939027e-04
3.318498093409115099e-04
3.319481775723507992e-04
3.320093596754911851e-04
3.320394961943801907e-04
3.320446055927030269e-04
3.320290765420337944e-04
3.319948164258455011e-04
3.319410961702927432e-04
3.318651572875589892e-04
3.317635335323810370e-04
3.316338260778463874e-04
3.314764653628653039e-04
3.312959129603436142e-04
3.311008595064097006e-04
3.309032478696926662e-04
3.307163117658706028e-04
3.305521298653915142e-04
3.304193272126018308e-04
3.303214737756026364e-04
3.302565215096062417e-04
3.302174002050408189e-04
3.301937121999861616e-04
3.301742540766566055e-04
3.301497963922703943e-04
3.301152766034065947e-04
3.300705768842495335e-04
3.300195184014044578e-04
3.299675670450201719e-04
3.299193537046761948e-04
3.298772025249586764e-04
3.298411897625450756e-04
3.298103297241411535e-04
3.297838897080886122e-04
3.297619536882704749e-04
3.297450479066279866e-04
3.297333567341608970e-04
3.297262613981808452e-04
3.297225051494493005e-04
3.297207238884573496e-04
3.297198716779259310e-04
3.297177169269044405e-04
3.297268532131045183e-04
3.297544903126370906e-04
3.298120231922841588e-04
3.299036367932197062e-04
3.300236042422245958e-04
3.301627666633931446e-04
3.303186746503812055e-04
3.304994707549740595e-04
3.307176236858669609e-04
3.309789123468764882e-04
3.312751966048776303e-04
3.315852586754766186e-04
3.318818877324148839e-04
3.321404481965034312e-04
3.323450017443882205e-04
3.324904417939543487e-04
3.325810400724067434e-04
3.326267429159839224e-04
3.326387541790605203e-04
3.326257510284935399e-04
3.325916462105808422e-04
3.325352540631119794e-04
3.324516757506995840e-04
3.323348298615328919e-04
3.321803576926517102e-04
3.319881256718303303e-04
3.317636769927280460e-04
3.315182402951062884e-04
3.312672475337635042e-04
3.310277071660363548e-04
3.308150832124639204e-04
3.306404558535588315e-04
3.305086186339343634e-04
3.304174978697209863e-04
3.303589929624738521e-04
3.303210839765587906e-04
3.302908055044826243e-04
3.302573829312470746e-04
3.302146001904369618e-04
3.301615691196622439e-04
3.301016115814509174e-04
3.300398880778032066e-04
3.299809427688161481e-04
3.299273323758365305e-04
3.298797314442861520e-04
3.298380039876477182e-04
3.298022518613418657e-04
3.297730973219217907e-04
3.297511647754673941e-04
3.297363519964209588e-04
3.297275461611597373e-04
3.297229793099677123e-04
3.297208773576264717e-04
3.297199254928811357e-04
3.297178105981421990e-04
3.297271945460192506e-04
3.297553602975857555e-04
3.298136075443764965e-04
3.299059007793606817e-04
3.300266231976548589e-04
3.301678082027192387e-04
3.303299596829101540e-04
3.305260120694711681e-04
3.307740848239361657e-04
3.310844219352844444e-04
3.314497542298695224e-04
3.318446136717319501e-04
3.322328694425558874e-04
3.325788733766060486e-04
3.328572183100523695e-04
3.330578319323100893e-04
3.331854334058721744e-04
3.332544575490613606e-04
3.332818971251692874e-04
3.332808227364014481e-04
3.332566029864714456e-04
3.332065380524175152e-04
3.331223752474183025e-04
3.329944366668654036e-04
3.328159321055007796e-04
3.325862852189998974e-04
3.323127357333596245e-04
3.320099437756127538e-04
3.316977683837803149e-04
3.313977834907369546e-04
3.311293775841161482e-04
3.309063489708112386e-04
3.307347502364064279e-04
3.306123863846312520e-04
3.305300113158705986e-04
3.304739371993238085e-04
3.304294863711260220e-04
3.303844326764139301e-04
3.303314386377569274e-04
3.302687204111343284e-04
3.301987985725838995e-04
3.301261373521781643e-04
3.300548794668641699e-04
3.299877206244471693e-04
3.299261052043016220e-04
3.298710912184489455e-04
3.298239614815985242e-04
3.297860780719990507e-04
3.297581744757959897e-04
3.297397350037446708e-04
3.297289863228295608e-04
3.297235142102406045e-04
3.297210558855004337e-04
3.297199914713126755e-04
3.297178796184940786e-04
3.297273624675499891e-04
3.297555147160841972e-04
3.298131689038235801e-04
3.299037780881254947e-04
3.300217922026247382e-04
3.301606209576817279e-04
3.303239737007644824e-04
3.305297907908908111e-04
3.308020572902050727e-04
3.311557904288174202e-04
3.315850120491249534e-04
3.320604615191126018e-04
3.325375031625583760e-04
3.329698428687467111e-04
3.333229728054111409e-04
3.335822422356707773e-04
3.337531426919175277e-04
3.338546820786870073e-04
3.339093068795451224e-04
3.339336472529428820e-04
3.339332812203008060e-04
3.339025756458866056e-04
3.338286481347579296e-04
3.336973744021432811e-04
3.334992589002241351e-04
3.332335646858239245e-04
3.329098988972440136e-04
3.325471803471602059e-04
3.321704622350346581e-04
3.318064520418683209e-04
3.314787774859312810e-04
3.312040450432634261e-04
3.309895047741534231e-04
3.308327337614535950e-04
3.307232911426257935e-04
3.306458966766047283e-04
3.305843575141756852e-04
3.305252339874033165e-04
3.304602196723261504e-04
3.303865964766441229e-04
3.303058386081488820e-04
3.302213644584764277e-04
3.301366261486971530e-04
3.300543756972629944e-04
3.299769828167255724e-04
3.299069948779608115e-04
3.298471507447075981e-04
3.297996777605684575e-04
3.297653721599851052e-04
3.297431553801931045e-04
3.297304397022765175e-04
3.297240681861917082e-04
3.297212538214655238e-04
3.297200713941381405e-04
3.297179131693309920e-04
3.297273308107467253e-04
3.297549126950994301e-04
3.298106967328875722e-04
3.298973979706022221e-04
3.300094940590409432e-04
3.301417702594194479e-04
3.303009081883798116e-04
3.305092744575646832e-04
3.307960072069078225e-04
3.311804930610777898e-04
3.316583674299318323e-04
3.321977950063545893e-04
3.327475836117940278e-04
3.332530316819822219e-04
3.336725001153377328e-04
3.339879798611137965e-04
3.342059530348851838e-04
3.343492507986360975e-04
3.344443154796461351e-04
3.345095427836968188e-04
3.345489524620407656e-04
3.345525218261870292e-04
3.345017680207280843e-04
3.343776913827871356e-04
3.341681488159025022e-04
3.338726360109922219e-04
3.335036599655551008e-04
3.330848866183303870e-04
3.326468886723498732e-04
3.322216328699937726e-04
3.318369458520032864e-04
3.315121043606607991e-04
3.312554102653732409e-04
3.310641400108495940e-04
3.309267220969456017e-04
3.308265057177845370e-04
3.307461214598684022e-04
3.306712717690689926e-04
3.305929316509428027e-04
3.305075112957948859e-04
3.304153165379232872e-04
3.303185069726591837e-04
3.302196775297138419e-04
3.301216115597221403e-04
3.300277224785391696e-04
3.299422246323482650e-04
3.298694311619517318e-04
3.298124291411463037e-04
3.297719637481011509e-04
3.297462464331508058e-04
3.297317714113653323e-04
3.297246082025218636e-04
3.297214708964530121e-04
3.297201696175476896e-04
3.297179035805393715e-04
3.297270870353413729e-04
3.297535703896378235e-04
3.298063523290606001e-04
3.298872750387111608e-04
3.299908083864213368e-04
3.301129172859172266e-04
3.302625461546405592e-04
3.304651673535330511e-04
3.307535095839904925e-04
3.311502711585681460e-04
3.316529153467854445e-04
3.322289040971230720e-04
3.328237699412082235e-04
3.333782471114184100e-04
3.338468498464555799e-04
3.342100106154139165e-04
3.344751548027094274e-04
3.346673312518563207e-04
3.348145424345980625e-04
3.349344933641007689e-04
3.350277653482997670e-04
3.350788926181758184e-04
3.350635102443748283e-04
3.349579901124620550e-04
3.347480106276112593e-04
3.344337192983700812e-04
3.340307131568110289e-04
3.335673021666560626e-04
3.330792241259290928e-04
3.326032096337387537e-04
3.321707770934906431e-04
3.318034701896194249e-04
3.315104174152326165e-04
3.312885846082207230e-04
3.311254707559321050e-04
3.310034185298329308e-04
3.309043240340417066e-04
3.308134459677090564e-04
3.307213422635921630e-04
3.306237074672140931e-04
3.305197304389304622e-04
3.304103329325933352e-04
3.302973049443124354e-04
3.301835502252727398e-04
3.300736046742657457e-04
3.299733526600200084e-04
3.298885835158001014e-04
3.298230736423517955e-04
3.297773409022825963e-04
3.297487730398134648e-04
3.297329229999787547e-04
3.297251391531398623e-04
3.297217224366033746e-04
3.297202954585474197e-04
3.297178475709860394e-04
3.297266302420309475e-04
3.297515438297572493e-04
3.298004030429263381e-04
3.298741412730488891e-04
3.299671982466215593e-04
3.300763735528690866e-04
3.302118338311282354e-04
3.304003499452732879e-04
3.306761349692844635e-04
3.310637109273297397e-04
3.315624723581927428e-04
3.321413857110313010e-04
3.327467146787731677e-04
3.333193255936576648e-04
3.338138019196312551e-04
3.342109712840901441e-04
3.345188177578209431e-04
3.347624066420430136e-04
3.349683622144534133e-04
3.351511330327236753e-04
3.353063751274100424e-04
3.354129191100001239e-04
3.354411706586722143e-04
3.353638993037219118e-04
3.351654734354123544e-04
3.348470485095790994e-04
3.344270333332615948e-04
3.339375620375977481e-04
3.334183996023594334e-04
3.329098491985613443e-04
3.324461046977128151e-04
3.320502827917820371e-04
3.317320268152267439e-04
3.314880402003011583e-04
3.313052149970487558e-04
3.311653590561906141e-04
3.310501191698530729e-04
3.309447114435356565e-04
3.308395625414860307e-04
3.307298721940048290e-04
3.306139514181523245e-04
3.304917908740875507e-04
3.303647118568406012e-04
3.302359914226194685e-04
3.301113416671604497e-04
3.299981408119238282e-04
3.299033296724794085e-04
3.298310426160977644e-04
3.297813553904506488e-04
3.297507746945630216e-04
3.297339828824659771e-04
3.297257377190004218e-04
3.297220559540009390e-04
3.297204691586109754e-04
3.297177466106278017e-04
3.297259700802243252e-04
3.297489142100807269e-04
3.297931620454898653e-04
3.298587971229090601e-04
3.299402347657358521e-04
3.300347125022450750e-04
3.301524770918963774e-04
3.303196771843423807e-04
3.305697855090681224e-04
3.309275336782120940e-04
3.313942244729164294e-04
3.319424255667478580e-04
3.325230312094621938e-04
3.330815948992721961e-04
3.335764674182331666e-04
3.339905420148867954e-04
3.343317098513390534e-04
3.346227351956438615e-04
3.348860928197170870e-04
3.351309197153358433e-04
3.353472729654813811e-04
3.355089908290303548e-04
3.355828240061750471e-04
3.355396336840734631e-04
3.353636301235874036e-04
3.350572068168773589e-04
3.346408491467773964e-04
3.341490454144100276e-04
3.336237569895415399e-04
3.331070523926943166e-04
3.326343234197061101e-04
3.322292908820699163e-04
3.319017008339953897e-04
3.316480690749173152e-04
3.314550826736525142e-04
3.313045404351327191e-04
3.311783096119193335e-04
3.310618827071430095e-04
3.309457610249204600e-04
3.308248725788063725e-04
3.306970315913601382e-04
3.305618617293677622e-04
3.304208299954183121e-04
3.302780188496788551e-04
3.301403841660774559e-04
3.300164975307719314e-04
3.299139605296389920e-04
3.298368303427081836e-04
3.297845217397121559e-04
3.297526748120282471e-04
3.297352516262388880e-04
3.297265966683976535e-04
3.297225788674776727e-04
3.297207333382685089e-04
3.297176063285249190e-04
3.297251269262415491e-04
3.297457806657780560e-04
3.297849544692642168e-04
3.298420182176529220e-04
3.299114167363431942e-04
3.299904841605795784e-04
3.300885467649623817e-04
3.302294649665084639e-04
3.304440362142563618e-04
3.307557434172117019e-04
3.311676255290967779e-04
3.316574033613397848e-04
3.321836108260117879e-04
3.326999929814746003e-04
3.331714235675222011e-04
3.335839489022057063e-04
3.339446379983523634e-04
3.342720598809489820e-04
3.345825648837628561e-04
3.348789106368238021e-04
3.351458800472122590e-04
3.353538961305237761e-04
3.354682673797298553e-04
3.354600034716343198e-04
3.353143953749379439e-04
3.350351540706470485e-04
3.346437920957914380e-04
3.341752787918102533e-04
3.336715186694417168e-04
3.331741531617907507e-04
3.327179863194987372e-04
3.323261731080336340e-04
3.320080611377485198e-04
3.317600524032036382e-04
3.315690665538486778e-04
3.314174304891851809e-04
3.312876429389503851e-04
3.311656687604950253e-04
3.310421471002850027e-04
3.309118711813626487e-04
3.307725612268893538e-04
3.306241669206612236e-04
3.304690926664184398e-04
3.303128019748810670e-04
3.301636217803340513e-04
3.300309997319383838e-04
3.299226730143833895e-04
3.298421882427719060e-04
3.297881333707641609e-04
3.297553653235504802e-04
3.297373217463220535e-04
3.297281008721912945e-04
3.297235169165686590e-04
3.297211804582192191e-04
3.297174355748386633e-04
3.297241327073636963e-04
3.297422619254707890e-04
3.297761100162868741e-04
3.298245231054106508e-04
3.298820857486251977e-04
3.299460245859285774e-04
3.300240621396405435e-04
3.301366202508327621e-04
3.303104566172461302e-04
3.305666965766478906e-04
3.309097807177131334e-04
3.313233102978012466e-04
3.317750815305466104e-04
3.322289363274204418e-04
3.326576910204255425e-04
3.330509597579404306e-04
3.334144048228734956e-04
3.337613332802909704e-04
3.341011764320349483e-04
3.344304149048919457e-04
3.347297817011852541e-04
3.349683872498784810e-04
3.351124982176802050e-04
3.351352896291290252e-04
3.350242308280165955e-04
3.347842868320777547e-04
3.344368429752350475e-04
3.340154116020553426e-04
3.335595357319877255e-04
3.331081779944571552e-04
3.326937024490178520e-04
3.323374708555145579e-04
3.320479048646886311e-04
3.318213743303474197e-04
3.316454884499528345e-04
3.315036314247860744e-04
3.313792776374317349e-04
3.312589212262069907e-04
3.311332147804394214e-04
3.309967608516691711e-04
3.308474350671854018e-04
3.306861243280206550e-04
3.305169506010485520e-04
3.303473815174222416e-04
3.301873272354917030e-04
3.300469092203400399e-04
3.299336121157071073e-04
3.298501817408833778e-04
3.297943387381203515e-04
3.297603147265005716e-04
3.297412147307055875e-04
3.297309742226640504e-04
3.297253290229614419e-04
3.297220058678939107e-04
3.297172456290076267e-04
3.297230325783035809e-04
3.297385015338227658e-04
3.297669725135664223e-04
3.298069813550120978e-04
3.298534081059922114e-04
3.299033330201780459e-04
3.299625787120670332e-04
3.300475925250462056e-04
3.301804042850494617e-04
3.303791028799111899e-04
3.306490553445820242e-04
3.309795983089569202e-04
3.313479325867711646e-04
3.317282244554357299e-04
3.321013137033666796e-04
3.324602190617685334e-04
3.328089145130453991e-04
3.331553478356389449e-04
3.335024502303758826e-04
3.338415590026351195e-04
3.341511632493286937e-04
3.344012492951042663e-04
3.345611667589097247e-04
3.346078630228429174e-04
3.345317505748631121e-04
3.343388549547748325e-04
3.340493740313097760e-04
3.336936763776722731e-04
3.333069477884972724e-04
3.329235019173290935e-04
3.325716213840873982e-04
3.322697877741485396e-04
3.320250587749485108e-04
3.318339128106342819e-04
3.316851408854946427e-04
3.315637155099295137e-04
3.314543784514408821e-04
3.313440864679661601e-04
3.312231741887886201e-04
3.310857122181391798e-04
3.309296498370356793e-04
3.307570969427370863e-04
3.305744290362965985e-04
3.303916363433910953e-04
3.302204931294682420e-04
3.300718102490714820e-04
3.299527314358773077e-04
3.298652078505589082e-04
3.298062681604628900e-04
3.297697722363612219e-04
3.297486383121580548e-04
3.297365466315125312e-04
3.297289183285429816e-04
3.297236105976831199e-04
3.297170489080832999e-04
3.297218828231881387e-04
3.297346674907164379e-04
3.297579051728066844e-04
3.297900273403636955e-04
3.298263814590833109e-04
3.298639997088833936e-04
3.299068584552673571e-04
3.299674550994400875e-04
3.300630273654131183e-04
3.302083636230743798e-04
3.304092067319757634e-04
3.306597808491762457e-04
3.309456243816971395e-04
3.312501034033309838e-04
3.315611249337992194e-04
3.318745681648020587e-04
3.321927769047312287e-04
3.325190747775460588e-04
3.328512450801115888e-04
3.331772731525184383e-04
3.334753802416931816e-04
3.337183063289343786e-04
3.338800006561728107e-04
3.339421478231970920e-04
3.338984252238080493e-04
3.337556133396477119e-04
3.335318841217302290e-04
3.332532383347881462e-04
3.329490786522973215e-04
3.326476540118705272e-04
3.323719863868602456e-04
3.321369288701664585e-04
3.319479594096893605e-04
3.318019334597721018e-04
3.316893779683338520e-04
3.315974009110236615e-04
3.315122798781309317e-04
3.314212822448715551e-04
3.313139092521361117e-04
3.311830398576728570e-04
3.310261632738372112e-04
3.308463786768720146e-04
3.306523820296325563e-04
3.304569232086660585e-04
3.302739106306962972e-04
3.301151100637677444e-04
3.299876421305506739e-04
3.298930921269358483e-04
3.298282910743134157e-04
3.297871276358797896e-04
3.297624124305738422e-04
3.297471884105239708e-04
3.297359733495296651e-04
3.297267748117228858e-04
3.297168586467848846e-04
3.297207473174059095e-04
3.297309427418377496e-04
3.297492789488755578e-04
3.297742540590912195e-04
3.298018325106288570e-04
3.298291705578565371e-04
3.298586923938719856e-04
3.298993773807326006e-04
3.299640745125924672e-04
3.300643469661523454e-04
3.302057795216213794e-04
3.303862388200436064e-04
3.305978081176827086e-04
3.308311227718540616e-04
3.310796128874419347e-04
3.313413058184510457e-04
3.316172328126982985e-04
3.319073357806177123e-04
3.322060772601480782e-04
3.325000750363109911e-04
3.327690503950662244e-04
3.329898080080293064e-04
3.331416669098831809e-04
3.332113157026777369e-04
3.331955736267031552e-04
3.331015839909090516e-04
3.329449273846705787e-04
3.327465591058994111e-04
3.325293627318900709e-04
3.323148135915518259e-04
3.321201159200057296e-04
3.319562239067104514e-04
3.318271328651745166e-04
3.317305101671507903e-04
3.316592357158152922e-04
3.316031147306452618e-04
3.315502268920718170e-04
3.314879748248155886e-04
3.314044053908624674e-04
3.312902871915501986e-04
3.311416590852313984e-04
3.309617672444876741e-04
3.307610735107527149e-04
3.305548706575802049e-04
3.303593256647672474e-04
3.301876116918753355e-04
3.300475653641029520e-04
3.299413246123706115e-04
3.298664349081588593e-04
3.298174418161637224e-04
3.297870629657809237e-04
3.297668990368527223e-04
3.297494360356127306e-04
3.297329143489553891e-04
3.297166870768618481e-04
3.297196891679377972e-04
3.297275048276244558e-04
3.297414391427812611e-04
3.297601764056223828e-04
3.297803911939110356e-04
3.297995392167094551e-04
3.298188964289623160e-04
3.298445746038157901e-04
3.298857136554041712e-04
3.299509652338772250e-04
3.300453280378450992e-04
3.301689932689245077e-04
3.303185869782306874e-04
3.304898449857380095e-04
3.306800263160414939e-04
3.308885944448792193e-04
3.311157054367809744e-04
3.313592917412661650e-04
3.316123274018849634e-04
3.318618264488510587e-04
3.320903059288005761e-04
3.322792906196386461e-04
3.324135329442554489e-04
3.324843974213928565e-04
3.324913663131954600e-04
3.324415123752024305e-04
3.323475315340445159e-04
3.322251811955141709e-04
3.320907697783659959e-04
3.319590116203652579e-04
3.318413927239608104e-04
3.317452062774056275e-04
3.316733794470121078e-04
3.316249634385504911e-04
3.315958240098694108e-04
3.315790034732838125e-04
3.315646603940700077e-04
3.315402087770301289e-04
3.314916517017609172e-04
3.314066260381351957e-04
3.312784005484632212e-04
3.311089675652927945e-04
3.309093296683796709e-04
3.306965238080575363e-04
3.304887895963717773e-04
3.303011962299876839e-04
3.301433631280706088e-04
3.300193779360093374e-04
3.299288869446250069e-04
3.298680464820735411e-04
3.298294610874496504e-04
3.298019251253246089e-04
3.297740036142805505e-04
3.297444030766948845e-04
3.297165451196978881e-04
3.297187619011399465e-04
3.297245008326597305e-04
3.297346605326871246e-04
3.297481744107008217e-04
3.297624483911106908e-04
3.297753621138424171e-04
3.297874442206852525e-04
3.298026421232972132e-04
3.298271668326223545e-04
3.298672100167926577e-04
3.299269172462543451e-04
3.300076670745987926e-04
3.301088213746646450e-04
3.302292467060018448e-04
3.303685144955454973e-04
3.305269171021272992e-04
3.307041563184803736e-04
3.308973504545201943e-04
3.310994715121431411e-04
3.312992009384471562e-04
3.314825598891412025e-04
3.316358399414195230e-04
3.317487447103556475e-04
3.318165797908710440e-04
3.318408056037705088e-04
3.318280135882949265e-04
3.317879697103193670e-04
3.317315221187604841e-04
3.316689220423901623e-04
3.316087544836738882e-04
3.315574522020419356e-04
3.315193077731968022e-04
3.314968214917288886e-04
3.314910392293794034e-04
3.315013681719294631e-04
3.315245434436256368e-04
3.315530894296947711e-04
3.315744426208816855e-04
3.315721728488830230e-04
3.315298886877956108e-04
3.314366733643145054e-04
3.312914801277782434e-04
3.311040240822684397e-04
3.308916497585607987e-04
3.306740168254774116e-04
3.304684144580294141e-04
3.302874453322559526e-04
3.301388952165550225e-04
3.300263594383618607e-04
3.299489608570522819e-04
3.298992078812220362e-04
3.298610928123346729e-04
3.298164326153731323e-04
3.297648818240266912e-04
3.297164415116308838e-04
3.297180026164646112e-04
3.297220257351019955e-04
3.297291078886697459e-04
3.297384436718564082e-04
3.297481218102085005e-04
3.297564961366163333e-04
3.297636768052515524e-04
3.297720856506045962e-04
3.297857567622417669e-04
3.298089229624594004e-04
3.298447831881888711e-04
3.298950795541737125e-04
3.299605238306093876e-04
3.300415904708912506e-04
3.301389978429318745e-04
3.302534142260025898e-04
3.303844030323499796e-04
3.305291170726990077e-04
3.306814941709228109e-04
3.308325626004367573e-04
3.309719884699061868e-04
3.310904020971696640e-04
3.311816349213142540e-04
3.312440053237386442e-04
3.312802181507804120e-04
3.312960591666893641e-04
3.312985351291135457e-04
3.312942027502051778e-04
3.312881857769993106e-04
3.312840101636153325e-04
3.312841068560223434e-04
3.312906811530752765e-04
3.313065208368007873e-04
3.313351813916547194e-04
3.313799819765960927e-04
3.314416570989858735e-04
3.315153840740542985e-04
3.315888411068536107e-04
3.316431370192475742e-04
3.316573217828308628e-04
3.316150623963225945e-04
3.315103630809722725e-04
3.313493932833846338e-04
3.311477716080854289e-04
3.309253632908988087e-04
3.307016204831067117e-04
3.304931867756014498e-04
3.303133887735519190e-04
3.301719313057768345e-04
3.300726885365834820e-04
3.300082723713185489e-04
3.299553580937712098e-04
3.298852654439633357e-04
3.297993963566967900e-04
3.297163826553586516e-04
3.297174288908335887e-04
3.297201137789283168e-04
3.297248186149353763e-04
3.297309750563666778e-04
3.297372555251103796e-04
3.297424683423813173e-04
3.297465338720038529e-04
3.297508652286820687e-04
3.297579658541140483e-04
3.297705948913891966e-04
3.297910553617785438e-04
3.298209603238238630e-04
3.298614638233839211e-04
3.299136336442686033e-04
3.299785651121068804e-04
3.300570046718248043e-04
3.301485632690783498e-04
3.302508980197778202e-04
3.303593575838166822e-04
3.304674582175544276e-04
3.305681999875129291e-04
3.306558208993823898e-04
3.307273120774457606e-04
3.307830629820626743e-04
3.308263654884260841e-04
3.308620090306637132e-04
3.308945829880827021e-04
3.309271769791118241e-04
3.309609485371980487e-04
3.309956618623254151e-04
3.310309687759206568e-04
3.310679581197795802e-04
3.311103303148195702e-04
3.311644468749238950e-04
3.312376416168472852e-04
3.313347544302861695e-04
3.314538941319645398e-04
3.315834445101115396e-04
3.317024941329154829e-04
3.317855615980680396e-04
3.318101140247511579e-04
3.317634669451813073e-04
3.316458166171241690e-04
3.314685873804912699e-04
3.312500741488355648e-04
3.310112740629770440e-04
3.307734477914515687e-04
3.305569890884947799e-04
3.303798701497522765e-04
3.302528634279509444e-04
3.301693216548878948e-04
3.300960400313018872e-04
3.299895681521671192e-04
3.298541426792405231e-04
3.297163734232270993e-04
3.297170398471567575e-04
3.297187417408172622e-04
3.297217123269919844e-04
3.297255761882989552e-04
3.297294650194964477e-04
3.297325738561053825e-04
3.297347688194267800e-04
3.297368347036926822e-04
3.297402543179365261e-04
3.297467390421709500e-04
3.297578376357335282e-04
3.297748158508270180e-04
3.297987757758685280e-04
3.298308099451202819e-04
3.298719633658142320e-04
3.299228969430359742e-04
3.299833441718241799e-04
3.300516234049773678e-04
3.301245293241065722e-04
3.301978130064291161e-04
3.302672139964847858e-04
3.303297150046256305e-04
3.303845101961978164e-04
3.304332276781543642e-04
3.304792386640372686e-04
3.305262885319302135e-04
3.305770060267017914e-04
3.306319224688547337e-04
3.306894494268580384e-04
3.307469151783306140e-04
3.308023860862542706e-04
3.308566939983045483e-04
3.309148659869972503e-04
3.309860790951059178e-04
3.310814812049986964e-04
3.312099064946863957e-04
3.313726419301314717e-04
3.315594684964218207e-04
3.317483779745904107e-04
3.319100273981693302e-04
3.320155393179403621e-04
3.320442574940267325e-04
3.319881431782050439e-04
3.318518080750592096e-04
3.316497703960900705e-04
3.314032843410561510e-04
3.311379509537201856e-04
3.308819054063374065e-04
3.306630436963793346e-04
3.305013710511315239e-04
3.303924399052637364e-04
3.302914968576531915e-04
3.301364708197027488e-04
3.299355997229220443e-04
3.297164185133630971e-04
3.297168222085006370e-04
3.297178457346478832e-04
3.297196250076665715e-04
3.297219275389804056e-04
3.297242195931854216e-04
3.297259932496537536e-04
3.297271262553291447e-04
3.297280332690476169e-04
3.297295514504604503e-04
3.297326883986019096e-04
3.297384176723135033e-04
3.297476218141753173e-04
3.297611511282447141e-04
3.297798776614873110e-04
3.298046174926790074e-04
3.298358815724573433e-04
3.298735274401968826e-04
3.299164905160544004e-04
3.299627932375616781e-04
3.300099543567098473e-04
3.300557453042514172e-04
3.300990425326397215e-04
3.301404034706122603e-04
3.301820353074289005e-04
3.302270504995786344e-04
3.302782221205058377e-04
3.303367219464267159e-04
3.304014071406728703e-04
3.304690805647978445e-04
3.305358277256873270e-04
3.305991494443182997e-04
3.306602585309170879e-04
3.307256582555362628e-04
3.308070581827379439e-04
3.309189408137083298e-04
3.310738138499735037e-04
3.312763223253246112e-04
3.315184763934891574e-04
3.317784775228231706e-04
3.320243884747719272e-04
3.322215642398116688e-04
3.323407982351117237e-04
3.323640931477045337e-04
3.322868705966745004e-04
3.321174941039000935e-04
3.318755083962436994e-04
3.315894070016751731e-04
3.312943301103555443e-04
3.310286634324036072e-04
3.308238827497903662e-04
3.306804599827231606e-04
3.305426511172331766e-04
3.303277915988427874e-04
3.300489403427395423e-04
3.297165228731607019e-04
3.297167570129912726e-04
3.297173417733889828e-04
3.297183524581764717e-04
3.297196542765753200e-04
3.297209390906006188e-04
3.297219076547182001e-04
3.297224709568350115e-04
3.297228375672103698e-04
3.297234570155798674e-04
3.297248908419121629e-04
3.297277114739667462e-04
3.297324770563857753e-04
3.297397597701878531e-04
3.297501597888114876e-04
3.297642367901470833e-04
3.297823479531840959e-04
3.298044442438412055e-04
3.298299367720352844e-04
3.298577552331347345e-04
3.298866627907174839e-04
3.299157819211398848e-04
3.299451453214858015e-04
3.299760081171549514e-04
3.300106847600451005e-04
3.300518426617348659e-04
3.301014304018810895e-04
3.301596480757456372e-04
3.302244524835429859e-04
3.302919899931695542e-04
3.303580641270640618e-04
3.304203718693461320e-04
3.304808832231616203e-04
3.305474741915895775e-04
3.306338683948311318e-04
3.307571887297027012e-04
3.309331131600229078e-04
3.311697027215617945e-04
3.314620219512893974e-04
3.317899660237373259e-04
3.321206997588978379e-04
3.324150750700964824e-04
3.326356364052976715e-04
3.327536079409535775e-04
3.327535221139117064e-04
3.326353768934515770e-04
3.324144714999668969e-04
3.321194009704460512e-04
3.317897572479643975e-04
3.314733760417810904e-04
3.312150035934287155e-04
3.310243378451399056e-04
3.308388136435435104e-04
3.305567266240070278e-04
3.301958489892165265e-04
3.297166919798347326e-04
3.297168246865211927e-04
3.297171446086622176e-04
3.297176913018338529e-04
3.297183918242847724e-04
3.297190790202451189e-04
3.297195885432542442e-04
3.297198644724850429e-04
3.297200063789623345e-04
3.297202433039775858e-04
3.297208709132293724e-04
3.297222038600432247e-04
3.297245656737949585e-04
3.297283026377667331e-04
3.297337840255121244e-04
3.297413567858025482e-04
3.297512513850615651e-04
3.297634742455747840e-04
3.297777537395744007e-04
3.297936092455007744e-04
3.298105807034608914e-04
3.298285771435932254e-04
3.298482174605291747e-04
3.298709784086429069e-04
3.298989828054456602e-04
3.299343827246535533e-04
3.299784811582836576e-04
3.300309225463104860e-04
3.300893726046019478e-04
3.301500352042482369e-04
3.302091134270385771e-04
3.302649830407937675e-04
3.303205014220274294e-04
3.303846226758372969e-04
3.304724216135471377e-04
3.306028412775239254e-04
3.307940787490640504e-04
3.310574838141988802e-04
3.313918110658371579e-04
3.317800501927030193e-04
3.321903319166904242e-04
3.325808223845038835e-04
3.329070649996308568e-04
3.331298536539410889e-04
3.332221720523961903e-04
3.331739421422728648e-04
3.329933378348478397e-04
3.327050446348325395e-04
3.323487416582471287e-04
3.319788927361225737e-04
3.316545496890310751e-04
3.314004614639492791e-04
3.311557848610833209e-04
3.308060512722521269e-04
3.303721879784412988e-04
3.297169301401632136e-04
3.297170074541150579e-04
3.297171794103640483e-04
3.297174654744191961e-04
3.297178287962448376e-04
3.297181848907666541e-04
3.297184493560737840e-04
3.297185907118220711e-04
3.297186544412129762e-04
3.297187508755199678e-04
3.297190268281848208e-04
3.297196438896740742e-04
3.297207750871739484e-04
3.297226115325019497e-04
3.297253603421852947e-04
3.297292186190671449e-04
3.297343256527347430e-04
3.297407131258055560e-04
3.297482920952910846e-04
3.297569179173673922e-04
3.297665482779927226e-04
3.297774680315519475e-04
3.297904912887316461e-04
3.298070166266369114e-04
3.298288178055540712e-04
3.298575407927480628e-04
3.298940164939071070e-04
3.299376531665826513e-04
3.299862502511584405e-04
3.300365331239862236e-04
3.300855093632316961e-04
3.301324599560938452e-04
3.301810687768234583e-04
3.302409654972556408e-04
3.303278718271472018e-04
3.304616951960403213e-04
3.306623952323521761e-04
3.309442440788535451e-04
3.313099733352379379e-04
3.317467282698283453e-04
3.322253634704278665e-04
3.327035180593827216e-04
3.331318538120122677e-04
3.334623133020449249e-04
3.336568652471998890e-04
3.336943507272389117e-04
3.335729118075755396e-04
3.333085912261896837e-04
3.329355839731621683e-04
3.325107430035949014e-04
3.321074720077214250e-04
3.317722029243013121e-04
3.314581920481807675e-04
3.310492332917937958e-04
3.305662623780521929e-04
3.297172364764416603e-04
3.297172874255122521e-04
3.297173840027417015e-04
3.297175355362639768e-04
3.297177245072298595e-04
3.297179110822944480e-04
3.297180550738035938e-04
3.297181406542360914e-04
3.297181874061325536e-04
3.297182458999770331e-04
3.297183845981167577e-04
3.297186811872342810e-04
3.297192214414347610e-04
3.297201024599476248e-04
3.297214312140565916e-04
3.297233117252523012e-04
3.297258238786468965e-04
3.297290049089117241e-04
3.297328550283000676e-04
3.297373898368745641e-04
3.297427465101048188e-04
3.297493240273829994e-04
3.297579001979888719e-04
3.297696399192738136e-04
3.297859167773275839e-04
3.298079267911366687e-04
3.298361784677414170e-04
3.298700593970757024e-04
3.299077517486303027e-04
3.299467386887849603e-04
3.299849970644911550e-04
3.300227352301557480e-04
3.300642802501135105e-04
3.301195109966476395e-04
3.302041396838574288e-04
3.303382288297229729e-04
3.305426826967700136e-04
3.308340852221730252e-04
3.312189942159257184e-04
3.316892720887025634e-04
3.322199279910394523e-04
3.327703348124599024e-04
3.332890330923137336e-04
3.337217188039155171e-04
3.340209153845713421e-04
3.341540876142518718e-04
3.341067575266179609e-04
3.338817061941956881e-04
3.335020347314347484e-04
3.330222579342751593e-04
3.325291142237137400e-04
3.320967632532376168e-04
3.317066252858108391e-04
3.312549841897963481e-04
3.307585890093545349e-04
3.297176000476538050e-04
3.297176415128521589e-04
3.297177048041865718e-04
3.297177939293622359e-04
3.297179015168223357e-04
3.297180100782006471e-04
3.297181019967110479e-04
3.297181701374534454e-04
3.297182227832993529e-04
3.297182818041561312e-04
3.297183774948828495e-04
3.297185448995567942e-04
3.297188237065923041e-04
3.297192599115670057e-04
3.297199046496725747e-04
3.297208099046302666e-04
3.297220198971380942e-04
3.297235675192436498e-04
3.297254858452692942e-04
3.297278464676499702e-04
3.297308288257474844e-04
3.297348060512610406e-04
3.297404103797316318e-04
3.297485230772654089e-04
3.297601372426910214e-04
3.297760795239054678e-04
3.297966524363770986e-04
3.298213465544553788e-04
3.298488277877921872e-04
3.298773904557066256e-04
3.299059607098627032e-04
3.299355570787635490e-04
3.299709087831300346e-04
3.300217576546401479e-04
3.301032598227391637e-04
3.302349287029911337e-04
3.304377961495390302e-04
3.307299526050201861e-04
3.311212279278808097e-04
3.316082443383412269e-04
3.321711645276781313e-04
3.327732344381272977e-04
3.333639160100435733e-04
3.338858311788018575e-04
3.342842299137511368e-04
3.345154131989167782e-04
3.345503142439244207e-04
3.343748881949790120e-04
3.339968893614351153e-04
3.334644731899430166e-04
3.328757129264849914e-04
3.323362125235984621e-04
3.318679853798371464e-04
3.313943743891631637e-04
3.309239639354041016e-04
3.297179942640788251e-04
3.297180353490011275e-04
3.297180874901380217e-04
3.297181525379856096e-04
3.297182277034548903e-04
3.297183061474762427e-04
3.297183808157469411e-04
3.297184491176471553e-04
3.297185144318428305e-04
3.297185860895425697e-04
3.297186769712899556e-04
3.297188021222988694e-04
3.297189790162780433e-04
3.297192281623602264e-04
3.297195730403573721e-04
3.297200385687948398e-04
3.297206490790559460e-04
3.297214297453078579e-04
3.297224179303083198e-04
3.297236893163760880e-04
3.297254013894609535e-04
3.297278444133303651e-04
3.297314780030608980e-04
3.297369165563462977e-04
3.297448329845520821e-04
3.297557710558174913e-04
3.297699121339795056e-04
3.297869003229859670e-04
3.298058784104212961e-04
3.298258769657691622e-04
3.298466314314389409e-04
3.298697734975823866e-04
3.299001870297475335e-04
3.299471665273188753e-04
3.300249018784174302e-04
3.301517950617830562e-04
3.303482580093116718e-04
3.306330033295611722e-04
3.310183201480924788e-04
3.315052390558145367e-04
3.320796619028770617e-04
3.327105449867606940e-04
3.333511862340605221e-04
3.339443008557978752e-04
3.344300909096132061e-04
3.347541418192257292e-04
3.348716331408463777e-04
3.347498778898004763e-04
3.343794082545664291e-04
3.337996505052438214e-04
3.331172097181939445e-04
3.324691001063248726e-04
3.319254334700560776e-04
3.314483270774469157e-04
3.310360747349811632e-04
3.297183750306376246e-04
3.297184195047890912e-04
3.297184708787467508e-04
3.297185299233924426e-04
3.297185960488963324e-04
3.297186668250061316e-04
3.297187401158651904e-04
3.297188150954037732e-04
3.297188936262993183e-04
3.297189797892938635e-04
3.297190789321944042e-04
3.297191977849176945e-04
3.297193438003740936e-04
3.297195262184059996e-04
3.297197557607001888e-04
3.297200444300607937e-04
3.297204059532180161e-04
3.297208581771072654e-04
3.297214316914067389e-04
3.297221863526635642e-04
3.297232375600237637e-04
3.297247855528072542e-04
3.297271355497835110e-04
3.297306854963898788e-04
3.297358638558173911e-04
3.297430131474337342e-04
3.297522496211623870e-04
3.297633724719302591e-04
3.297759282887097144e-04
3.297895362822807729e-04
3.298045400023685066e-04
3.298229602578272614e-04
3.298496120580243318e-04
3.298931152974085503e-04
3.299664186677295045e-04
3.300864078455934491e-04
3.302722625948521654e-04
3.305424988912437673e-04
3.309110018744661620e-04
3.313826675699517573e-04
3.319493988106606052e-04
3.325872687390015576e-04
3.332558319919696425e-04
3.339005720156561804e-04
3.344585217300718397e-04
3.348650701575418853e-04
3.350593491155360866e-04
3.349900897905508249e-04
3.346312231086180080e-04
3.340129219377534209e-04
3.332469451914617069e-04
3.324975451096590833e-04
3.318836821653214030e-04
3.314128021617172631e-04
3.310739371267214714e-04
3.297186832228465197e-04
3.297187318838915482e-04
3.297187857516528198e-04
3.297188457939968006e-04
3.297189118511951946e-04
3.297189834535485813e-04
3.297190604651146508e-04
3.297191429048588096e-04
3.297192321198535764e-04
3.297193301041157192e-04
3.297194394812847165e-04
3.297195634107209826e-04
3.297197056724357608e-04
3.297198707173854730e-04
3.297200637984651892e-04
3.297202915060088195e-04
3.297205619278568197e-04
3.297208873728689591e-04
3.297212895049739180e-04
3.297218092265407534e-04
3.297225221086936392e-04
3.297235542323850572e-04
3.297250932459262307e-04
3.297273801088443932e-04
3.297306729835709728e-04
3.297351811882057691e-04
3.297409902384423755e-04
3.297480278685577639e-04
3.297561422100474542e-04
3.297653698319968256e-04
3.297764491324996867e-04
3.297915750415425008e-04
3.298153083132386674e-04
3.298554422026031400e-04
3.299235232829790467e-04
3.300346707523859713e-04
3.302064064661964105e-04
3.304564177668476137e-04
3.307994522738637072e-04
3.312437159406652048e-04
3.317871269189296302e-04
3.324137587762386083e-04
3.330911106215430533e-04
3.337693838940066263e-04
3.343839083422369849e-04
3.348605753807720829e-04
3.351230398402947966e-04
3.351029224868383731e-04
3.347597817231382725e-04
3.341151972322727861e-04
3.332823939023680376e-04
3.324455100993846672e-04
3.317667375250449909e-04
3.312995984134916249e-04
3.310282855742590399e-04
3.297188563465804014e-04
3.297189074341581459e-04
3.297189636058844332e-04
3.297190250593256731e-04
3.297190925168357370e-04
3.297191659802944691e-04
3.297192459897310452e-04
3.297193331038942047e-04
3.297194282572357910e-04
3.297195328604213879e-04
3.297196485936792175e-04
3.297197773570430127e-04
3.297199214518808539e-04
3.297200836715245506e-04
3.297202671766112192e-04
3.297204760605877412e-04
3.297207158956575682e-04
3.297209949134297254e-04
3.297213275327072783e-04
3.297217396668290302e-04
3.297222770538942157e-04
3.297230137989651992e-04
3.297240580710133736e-04
3.297255480017930373e-04
3.297276328772238085e-04
3.297304403514016396e-04
3.297340439157111125e-04
3.297384627519758370e-04
3.297437435479591149e-04
3.297501794825196319e-04
3.297587125533823289e-04
3.297715292282967360e-04
3.297927945649644179e-04
3.298293828272083183e-04
3.298913676980561559e-04
3.299919907889375123e-04
3.301468868098605914e-04
3.303725217312354179e-04
3.306839823464255770e-04
3.310922820256942552e-04
3.316011206177471799e-04
3.322028528776070004e-04
3.328737926117678004e-04
3.335701295377382219e-04
3.342268221190103144e-04
3.347615051369078770e-04
3.350838134454611804e-04
3.351104075646170466e-04
3.347889490028878637e-04
3.341332045080237637e-04
3.332542158814912362e-04
3.323473681589958375e-04
3.316082724507559126e-04
3.311322695841627597e-04
3.309053575607162688e-04
3.297188449502183572e-04
3.297188958052063297e-04
3.297189513172727902e-04
3.297190119802211419e-04
3.297190782625469070e-04
3.297191507631714430e-04
3.297192299773561881e-04
3.297193165437765612e-04
3.297194116586152010e-04
3.297195161960315762e-04
3.297196314862001557e-04
3.297197591068896168e-04
3.297199007709091076e-04
3.297200586469594481e-04
3.297202350661767906e-04
3.297204332058000431e-04
3.297206570411535614e-04
3.297209126202924685e-04
3.297212092374079951e-04
3.297215629210317246e-04
3.297220001905007847e-04
3.297225627992275351e-04
3.297233107364109139e-04
3.297243206222729155e-04
3.297256780659392310e-04
3.297274644786197736e-04
3.297297490892535854e-04
3.297326070990191753e-04
3.297361970263048463e-04
3.297409381894455356e-04
3.297478259696479553e-04
3.297588997948606190e-04
3.297778318681198091e-04
3.298105342268447702e-04
3.298656048970708961e-04
3.299544055862518996e-04
3.300906221287461489e-04
3.302893097339808627e-04
3.305655354120038531e-04
3.309326054501755994e-04
3.313994430720626711e-04
3.319662997757148845e-04
3.326183846496618053e-04
3.333186721152453860e-04
3.340033312754718780e-04
3.345839280456287942e-04
3.349585236612657177e-04
3.350311685116640526e-04
3.347394349071934508e-04
3.340895220405624500e-04
3.331871503871869497e-04
3.322309071116035873e-04
3.314383120611185166e-04
3.309385474152803366e-04
3.307259838298165261e-04
3.297186315200903483e-04
3.297186786395409422e-04
3.297187300602787813e-04
3.297187861658362642e-04
3.297188475591783345e-04
3.297189146188002416e-04
3.297189879588278147e-04
3.297190684023264110e-04
3.297191567346922469e-04
3.297192539325069310e-04
3.297193610177983031e-04
3.297194794266464050e-04
3.297196106282751765e-04
3.297197563555344293e-04
3.297199186703672819e-04
3.297201001003238438e-04
3.297203039526937782e-04
3.297205346158003946e-04
3.297207983801373724e-04
3.297211055449846950e-04
3.297214714294595395e-04
3.297219196474190863e-04
3.297224833904276869e-04
3.297232059382801828e-04
3.297241384160321518e-04
3.297253378183227996e-04
3.297268713103850826e-04
3.297288409820934240e-04
3.297314533090737001e-04
3.297351607829611636e-04
3.297409075028699676e-04
3.297504942528410392e-04
3.297670466021772112e-04
3.297955116788964876e-04
3.298430594009229481e-04
3.299192422697502379e-04
3.300358368758834864e-04
3.302064077768203289e-04
3.304456876249408856e-04
3.307686308567688439e-04
3.311884198696336910e-04
3.317121525341996924e-04
3.323333123663455490e-04
3.330221262244109528e-04
3.337179583272789456e-04
3.343295491397824375e-04
3.347469045755194390e-04
3.348641447584975450e-04
3.346101229654189308e-04
3.339835546307438289e-04
3.330827870437516841e-04
3.321031227224030286e-04
3.312722020054052101e-04
3.307421884299672934e-04
3.305197484843260978e-04
3.297182411865021427e-04
3.297182816175288334e-04
3.297183257120609497e-04
3.297183738368035305e-04
3.297184264218742142e-04
3.297184839432893626e-04
3.297185468687690224e-04
3.297186158531213241e-04
3.297186918020866483e-04
3.297187753166447646e-04
3.297188674193593256e-04
3.297189691141387676e-04
3.297190817609595669e-04
3.297192069043168323e-04
3.297193463172449742e-04
3.297195019545468486e-04
3.297196764626416721e-04
3.297198734769193939e-04
3.297200974457114198e-04
3.297203550338944082e-04
3.297206559596327835e-04
3.297210142844857542e-04
3.297214494929749011e-04
3.297219878902640550e-04
3.297226632225370145e-04
3.297235197039195213e-04
3.297246210887493762e-04
3.297260762663392934e-04
3.297280972377254109e-04
3.297311106996136379e-04
3.297359459590918198e-04
3.297441166259454793e-04
3.297581858224650909e-04
3.297821682556356421e-04
3.298218861467828501e-04
3.298851913970515044e-04
3.299820277097657828e-04
3.301244033321124993e-04
3.303263498603981746e-04
3.306036406427043648e-04
3.309723819860595521e-04
3.314449256196460550e-04
3.320218238288384248e-04
3.326806481631424273e-04
3.333660204720862450e-04
3.339877054283482759e-04
3.344320860946899295e-04
3.345869291127123832e-04
3.343745774628778837e-04
3.337874733789117474e-04
3.329161602784253471e-04
3.319475730717065423e-04
3.311074729527394987e-04
3.305575812086476565e-04
3.303164024216907919e-04
3.297177390353133483e-04
3.297177709072070359e-04
3.297178055518986111e-04
3.297178434266734336e-04
3.297178847764935402e-04
3.297179299566420623e-04
3.297179795647906518e-04
3.297180338766810318e-04
3.297180936872768525e-04
3.297181594712019805e-04
3.297182321020490094e-04
3.297183123466140712e-04
3.297184012334973850e-04
3.297185000244705084e-04
3.297186101720684737e-04
3.297187333149533602e-04
3.297188715368717547e-04
3.297190274498570765e-04
3.297192045703339447e-04
3.297194076127190959e-04
3.297196431165443043e-04
3.297199201618164987e-04
3.297202515802799181e-04
3.297206552053934476e-04
3.297211559175849916e-04
3.297217899855074534e-04
3.297226155609457609e-04
3.297237345703749869e-04
3.297253397997472642e-04
3.297277986720395103e-04
3.297317949574793926e-04
3.297385397008226540e-04
3.297500498052422522e-04
3.297694669205708854e-04
3.298013692925856155e-04
3.298520310931208612e-04
3.299296431390780909e-04
3.300445785882548757e-04
3.302097598134724841e-04
3.304408682551521160e-04
3.307554511203418340e-04
3.311692591418071612e-04
3.316882813551953941e-04
3.322969247435173207e-04
3.329464773991407068e-04
3.335511788842225036e-04
3.339985120735833616e-04
3.341747565061655074e-04
3.340001328367586154e-04
3.334644703253045856e-04
3.326519673784907320e-04
3.317368856892920995e-04
3.309306731685829469e-04
3.303893110320372541e-04
3.301382050052108891e-04
3.297172117864885618e-04
3.297172344932076081e-04
3.297172593170478029e-04
3.297172863448933678e-04
3.297173158260983884e-04
3.297173482389649957e-04
3.297173836603585701e-04
3.297174225859473423e-04
3.297174653084583638e-04
3.297175125025580121e-04
3.297175644880738932e-04
3.297176220757897934e-04
3.297176859816973232e-04
3.297177570979825472e-04
3.297178362745186429e-04
3.297179251188244700e-04
3.297180250179360225e-04
3.297181380570021400e-04
3.297182666759331296e-04
3.297184143014149555e-04
3.297185857174513772e-04
3.297187872509673269e-04
3.297190279998208511e-04
3.297193211586542144e-04
3.297196858714663572e-04
3.297201522952716976e-04
3.297207698892145895e-04
3.297216259268940792e-04
3.297228798618010511e-04
3.297248252013732601e-04
3.297279914215700395e-04
3.297332961694098203e-04
3.297422509829545816e-04
3.297572071288137419e-04
3.297816220651684930e-04
3.298203342917276374e-04
3.298798859137354821e-04
3.299689805119634879e-04
3.300991207796931978e-04
3.302851564230689825e-04
3.305448095008746965e-04
3.308955010040369178e-04
3.313468032210342760e-04
3.318886111928484660e-04
3.324788226885481827e-04
3.330380107658104626e-04
3.334587208550033113e-04
3.336315023085330701e-04
3.334812487915067656e-04
3.330015409844801189e-04
3.322733942004734331e-04
3.314547156765354648e-04
3.307306817511916869e-04
3.302363562249046366e-04
3.299962806011380720e-04
3.297167405105535100e-04
3.297167551903486499e-04
3.297167710833059017e-04
3.297167883883727864e-04
3.297168073845808760e-04
3.297168281519891769e-04
3.297168509970166417e-04
3.297168760326761139e-04
3.297169035737865651e-04
3.297169339477767263e-04
3.297169674887377505e-04
3.297170046526724948e-04
3.297170459824390353e-04
3.297170920243361640e-04
3.297171435117799212e-04
3.297172012904820457e-04
3.297172665521331636e-04
3.297173406232875928e-04
3.297174252669536924e-04
3.297175230456845510e-04
3.297176371489373846e-04
3.297177722918453167e-04
3.297179348314988197e-04
3.297181346585690751e-04
3.297183864705033351e-04
3.297187137817636244e-04
3.297191556225782111e-04
3.297197798175122868e-04
3.297207076202891677e-04
3.297221555870984470e-04
3.297245058243859469e-04
3.297284100474311749e-04
3.297349356233555766e-04
3.297457489993359096e-04
3.297633397074262586e-04
3.297912984312884304e-04
3.298347059345851343e-04
3.299007239712709494e-04
3.299994160347560529e-04
3.301445162501658146e-04
3.303532254985954092e-04
3.306433799400478328e-04
3.310262648413093631e-04
3.314949980230329717e-04
3.320121030472538543e-04
3.325039387418626162e-04
3.328702563471524112e-04
3.330113197453719713e-04
3.328645940894560049e-04
3.324352155596574290e-04
3.318051863304913589e-04
3.311136893604900910e-04
3.305105082794516274e-04
3.300979175745711821e-04
3.298916974947529979e-04
3.297163777299762298e-04
3.297163861046570072e-04
3.297163952019856376e-04
3.297164050145776201e-04
3.297164158339588183e-04
3.297164277354417642e-04
3.297164407072482274e-04
3.297164550478641075e-04
3.297164707428470727e-04
3.297164881943762268e-04
3.297165074224829096e-04
3.297165287168540696e-04
3.297165525260513049e-04
3.297165790259190890e-04
3.297166088355886330e-04
3.297166423424771945e-04
3.297166803940628941e-04
3.297167237890278159e-04
3.297167736151683168e-04
3.297168317422686720e-04
3.297169002302123954e-04
3.297169821458002066e-04
3.297170820832101166e-04
3.297172068876257794e-04
3.297173668383711364e-04
3.297175789543682124e-04
3.297178708497405060e-04
3.297182903623587262e-04
3.297189208369930859e-04
3.297199082106855501e-04
3.297215056399285782e-04
3.297241416279648248e-04
3.297285181147672334e-04
3.297357483423817687e-04
3.297475483189714709e-04
3.297665228516640911e-04
3.297966185207266998e-04
3.298438353459507430e-04
3.299171953357409016e-04
3.300296364720352532e-04
3.301978595262605059e-04
3.304394609289443979e-04
3.307656784319668096e-04
3.311698258815135411e-04
3.316153333319172463e-04
3.320314545999228026e-04
3.323250690954682391e-04
3.324100278655770305e-04
3.322432590520229666e-04
3.318484707141997536e-04
3.313127246629372978e-04
3.307562744587647183e-04
3.302897204349017801e-04
3.299769160748848942e-04
3.298194369380703277e-04
3.297161372857235597e-04
3.297161413954078323e-04
3.297161458793504548e-04
3.297161507889471098e-04
3.297161562762679398e-04
3.297161621088855318e-04
3.297161685919017498e-04
3.297161757348519352e-04
3.297161836300802431e-04
3.297161923319777898e-04
3.297162020095752177e-04
3.297162126817880599e-04
3.297162246886311708e-04
3.297162380585827468e-04
3.297162531411633305e-04
3.297162702605419449e-04
3.297162896555181841e-04
3.297163121160057555e-04
3.297163380559637279e-04
3.297163686001219679e-04
3.297164049945418350e-04
3.297164491816624316e-04
3.297165039925365870e-04
3.297165737112575093e-04
3.297166648748502430e-04
3.297167881903841882e-04
3.297169612635930560e-04
3.297172136119174216e-04
3.297175962284106519e-04
3.297181973669614276e-04
3.297191688505595841e-04
3.297207683362123423e-04
3.297234261636826044e-04
3.297278542204392119e-04
3.297352259518084787e-04
3.297474921016311177e-04
3.297679217109214154e-04
3.298019545668360122e-04
3.298583104730369131e-04
3.299499068308643147e-04
3.300934718492969924e-04
3.303061220668259855e-04
3.305974226910202260e-04
3.309575710650234444e-04
3.313464599783355808e-04
3.316922842003065938e-04
3.319075725597696617e-04
3.319216787226121797e-04
3.317151359773857144e-04
3.313341913336345060e-04
3.308734223460303020e-04
3.304359475987127845e-04
3.300954445952869400e-04
3.298789783413659028e-04
3.297724541127330803e-04
3.297160011810661216e-04
3.297160029091008833e-04
3.297160048365790257e-04
3.297160069360799916e-04
3.297160092425012673e-04
3.297160117273343531e-04
3.297160144995953980e-04
3.297160175619885648e-04
3.297160209821820552e-04
3.297160246893820210e-04
3.297160287924973837e-04
3.297160334722015447e-04
3.297160386196569233e-04
3.297160444719412923e-04
3.297160510157037317e-04
3.297160585004002423e-04
3.297160671043492843e-04
3.297160770761064282e-04
3.297160887618676194e-04
3.297161026266702088e-04
3.297161194541516202e-04
3.297161402196065682e-04
3.297161664296183767e-04
3.297162004216786283e-04
3.297162457630297447e-04
3.297163083489467708e-04
3.297163975527868320e-04
3.297165295148293622e-04
3.297167311494002728e-04
3.297170496339889637e-04
3.297175663568153829e-04
3.297184242874895313e-04
3.297198777560221279e-04
3.297223893819658646e-04
3.297268213298147816e-04
3.297348033330925227e-04
3.297493845090589820e-04
3.297760414840983779e-04
3.298239018940890099e-04
3.299065684500059612e-04
3.300412238989174660e-04
3.302442259466171473e-04
3.305220614912887634e-04
3.308592211533336268e-04
3.312089320665781520e-04
3.314958982493051336e-04
3.316375584147822657e-04
3.315794002491138860e-04
3.313259128586552469e-04
3.309447577574152000e-04
3.305368055691288538e-04
3.301900580040223292e-04
3.299478944761034599e-04
3.298082188407607906e-04
3.297440312903761935e-04
3.297159364470061580e-04
3.297159370638352827e-04
3.297159377353183884e-04
3.297159384758820318e-04
3.297159394028872492e-04
3.297159402459119010e-04
3.297159412280103096e-04
3.297159423042432167e-04
3.297159435112590950e-04
3.297159448099301724e-04
3.297159463626762226e-04
3.297159479359590135e-04
3.297159498182954227e-04
3.297159519522484847e-04
3.297159543324982363e-04
3.297159571096819385e-04
3.297159603322102482e-04
3.297159640412422447e-04
3.297159684538669699e-04
3.297159737715591658e-04
3.297159803859213813e-04
3.297159886026371006e-04
3.297159991686200850e-04
3.297160132121325859e-04
3.297160322695733784e-04
3.297160590009984489e-04
3.297160976869306192e-04
3.297161557035282759e-04
3.297162452452798392e-04
3.297163880242139143e-04
3.297166242208692476e-04
3.297170306725930879e-04
3.297177641084829088e-04
3.297191568062035117e-04
3.297219251358198900e-04
3.297275869562852073e-04
3.297392015139885557e-04
3.297624788118787005e-04
3.298070301534281436e-04
3.298869830348332148e-04
3.300194861893916156e-04
3.302193531898808560e-04
3.304892021466247429e-04
3.308076204536595523e-04
3.311222275526531987e-04
3.313566314533080890e-04
3.314356650110771171e-04
3.313210049038439135e-04
3.310365874741522715e-04
3.306632883704299403e-04
3.303012273079330768e-04
3.300232333357084832e-04
3.298507054192623047e-04
3.297636355885979814e-04
3.297284320217850435e-04
3.297159113053508531e-04
3.297159114255935903e-04
3.297159116439199781e-04
3.297159118831761841e-04
3.297159120833164357e-04
3.297159123502835481e-04
3.297159126787562572e-04
3.297159128893517956e-04
3.297159132216405169e-04
3.297159137155580323e-04
3.297159140729344871e-04
3.297159145521284828e-04
3.297159151361014028e-04
3.297159157109070681e-04
3.297159164550671727e-04
3.297159172234614185e-04
3.297159182020614862e-04
3.297159193604349593e-04
3.297159206147378275e-04
3.297159222982446770e-04
3.297159243851616878e-04
3.297159270075562310e-04
3.297159305389784560e-04
3.297159351842884716e-04
3.297159416483013360e-04
3.297159508471914665e-04
3.297159644051040716e-04
3.297159849020954913e-04
3.297160171089154931e-04
3.297160701384312218e-04
3.297161628868489460e-04
3.297163390192838091e-04
3.297167039286860919e-04
3.297175162387614160e-04
3.297193923075444877e-04
3.297237198688143800e-04
3.297333839172761393e-04
3.297538223027395845e-04
3.297941397984865963e-04
3.298674630575837235e-04
3.299891133045517637e-04
3.301710916863338525e-04
3.304127085164823888e-04
3.306903597593040733e-04
3.309532070830946372e-04
3.311324505513491999e-04
3.311663071222942646e-04
3.310312033945891170e-04
3.307599530472463958e-04
3.304309283152604836e-04
3.301310196550116685e-04
3.299158862890123564e-04
3.297937874279119287e-04
3.297394931309660291e-04
3.297209513506334515e-04
3.297159035332339187e-04
3.297159035537037099e-04
3.297159036404185249e-04
3.297159037086049211e-04
3.297159037483209272e-04
3.297159037692922704e-04
3.297159038163425789e-04
3.297159038888422566e-04
3.297159040094517794e-04
3.297159040458096319e-04
3.297159041668166232e-04
3.297159042461997921e-04
3.297159043803234613e-04
3.297159045197252435e-04
3.297159046815946221e-04
3.297159048331041778e-04
3.297159050774191628e-04
3.297159053391609087e-04
3.297159056389300700e-04
3.297159059791193183e-04
3.297159065450718765e-04
3.297159071484265366e-04
3.297159080119879291e-04
3.297159091788593246e-04
3.297159108346563519e-04
3.297159132279442310e-04
3.297159168277397144e-04
3.297159223309330473e-04
3.297159313033400118e-04
3.297159474512792259e-04
3.297159799347576981e-04
3.297160540178727204e-04
3.297162394952117743e-04
3.297167221321443097e-04
3.297179648172477839e-04
3.297210339138141903e-04
3.297281677460808043e-04
3.297435901871463505e-04
3.297743396426064833e-04
3.298304606946384485e-04
3.299234665399053195e-04
3.300619954079099441e-04
3.302447017306443409e-04
3.304528594163713066e-04
3.306477915455630838e-04
3.307785115985804989e-04
3.308004264212731469e-04
3.306976082375757248e-04
3.304949434280697942e-04
3.302496912348249825e-04
3.300252059402807372e-04
3.298630155970987089e-04
3.297707632862649854e-04
3.297307206632455259e-04
3.297183312319835764e-04
3.297159017485613570e-04
3.297159018519880643e-04
3.297159018316226818e-04
3.297159018315446192e-04
3.297159018782317200e-04
3.297159018527167024e-04
3.297159018768033921e-04
3.297159018438378456e-04
3.297159018557049262e-04
3.297159018549508636e-04
3.297159018801723877e-04
3.297159019028537887e-04
3.297159019200564993e-04
3.297159019110775164e-04
3.297159020176335564e-04
3.297159019747701657e-04
3.297159019766734826e-04
3.297159020808811949e-04
3.297159021315205921e-04
3.297159021925388398e-04
3.297159022168743539e-04
3.297159023316920145e-04
3.297159025051898409e-04
3.297159027089928526e-04
3.297159029873766682e-04
3.297159033770746535e-04
3.297159040058839411e-04
3.297159050736567102e-04
3.297159070253852567e-04
3.297159112339510443e-04
3.297159221122257251e-04
3.297159532455304809e-04
3.297160444038091062e-04
3.297163053048989554e-04
3.297170166980316168e-04
3.297188380048051998e-04
3.297231809401854428e-04
3.297327769288757875e-04
3.297523387367736532e-04
3.297889728374724387e-04
3.298516837620855632e-04
3.299491812568024359e-04
3.300855980367556233e-04
3.302549164340103701e-04
3.304365617745584367e-04
3.305956973746131773e-04
3.306909096803772700e-04
3.306886538864086582e-04
3.305792159949001415e-04
3.303857093412262622e-04
3.301586930142703653e-04
3.299557801903015724e-04
3.298158997141626141e-04
3.297444885479465428e-04
3.297201435399442883e-04
3.297159015201312350e-04
3.297159015201312350e-04
3.297159015201312350e-04
3.297159015179048258e-04
3.297159015179048258e-04
3.297159015102790356e-04
3.297159015102790356e-04
3.297159014978814548e-04
3.297159014978814548e-04
3.297159014978814548e-04
3.297159014935008986e-04
3.297159014935008986e-04
3.297159014934928213e-04
3.297159014934928213e-04
3.297159015463013818e-04
3.297159015210821887e-04
3.297159015210821887e-04
3.297159016267353594e-04
3.297159016267353594e-04
3.297159016170835206e-04
3.297159015834451724e-04
3.297159015556876994e-04
3.297159015547663987e-04
3.297159015935722170e-04
3.297159016787397129e-04
3.297159016903363936e-04
3.297159017406703168e-04
3.297159019383630904e-04
3.297159024800942469e-04
3.297159043419715984e-04
3.297159108319234035e-04
3.297159323561492730e-04
3.297160012234261715e-04
3.297162100333725018e-04
3.297168066799788634e-04
3.297184094951222761e-04
3.297224486004923772e-04
3.297319768095798823e-04
3.297529648279826954e-04
3.297960005563594678e-04
3.298778134870312766e-04
3.300212106058831598e-04
3.302511224950173234e-04
3.305844025655407760e-04
3.310131825269348204e-04
3.314869668034853365e-04
3.319058198350330465e-04
3.321401181707823785e-04
3.320826899759455556e-04
3.317139817326634522e-04
3.311354747533313539e-04
3.305317509433077102e-04
3.300719694343276587e-04
3.298209491967545991e-04
3.297316387586185808e-04
