#Lower limit for the Conditional distribution of radius given mass from initial fitting w/o bootstrap
-3.471483150687367791e-01
-3.348647846542613382e-01
-3.348521706811166121e-01
-3.347946588719495908e-01
-3.346314527349378287e-01
-3.342687206457100046e-01
-3.335742842076044323e-01
-3.323732939180600310e-01
-3.304465024857775601e-01
-3.275334905211076397e-01
-3.233438300197798432e-01
-3.175797036093823689e-01
-3.099734910668894283e-01
-3.003437160057630395e-01
-2.886699375514980015e-01
-2.751756994989968397e-01
-2.603824140795776843e-01
-2.450713521579407084e-01
-2.301192714209080170e-01
-2.162731261401832916e-01
-2.039956861023616008e-01
-1.934490346999454269e-01
-1.845738376954513815e-01
-1.771889636973671689e-01
-1.710679575073724701e-01
-1.659841724998607770e-01
-1.617321793084304238e-01
-1.581349022553312222e-01
-1.550435348289126714e-01
-1.523342774232891994e-01
-1.499040989668334878e-01
-1.476665245336904742e-01
-1.455478621894899793e-01
-1.434839845030506100e-01
-1.414176479955681631e-01
-1.392962839439466916e-01
-1.370701833420984450e-01
-1.346910006671616367e-01
-1.321105498808631262e-01
-1.292797755196578302e-01
-1.261479806770759438e-01
-1.226622221318613148e-01
-1.187669152677502254e-01
-1.144036777562608270e-01
-1.095114636980276807e-01
-1.040270744830806143e-01
-9.788617156676636399e-02
-9.102496660930366190e-02
-8.338282324686129010e-02
-7.490606129519809808e-02
-6.555327940658363384e-02
-5.530244611839284230e-02
-4.415975129112285902e-02
-3.216963339646910364e-02
-1.942442794014183696e-02
-6.070876496566096625e-03
7.690161729332201448e-03
2.161390096120449286e-02
3.543236415188967536e-02
4.888212048559360812e-02
6.173218633888405416e-02
7.380494380054104797e-02
8.498616106803162651e-02
9.522439897221471328e-02
1.045232294291688069e-01
1.129304096228809368e-01
1.205273363855028645e-01
1.274207529064819988e-01
1.337376144206070816e-01
1.396232882735875536e-01
1.452431806635523792e-01
1.507878295802365931e-01
1.564817894014287336e-01
1.625969391102624062e-01
1.694712594376199533e-01
1.775346382418430957e-01
1.873440241558809449e-01
1.996318314292783724e-01
2.153747261169492166e-01
2.358986225633726008e-01
2.630575296521497353e-01
2.995811121490125073e-01
3.498370791281523173e-01
4.215899353459230947e-01
5.280025547962691190e-01
6.598943619141935946e-01
7.510257652796499261e-01
8.005059574409150169e-01
8.286205286768143496e-01
8.451887171294033552e-01
8.549971406985963363e-01
8.606918534106111629e-01
8.638689496543300317e-01
8.655361856801686571e-01
8.663373046418327839e-01
8.666762361446316287e-01
8.667945365859428541e-01
8.668246118221339946e-01
8.668287815905962868e-01
7.751830154434545816e-01
