#Conditional distribution of radius given mass from initial fitting w/o bootstrap
-1.253151129367082173e-01
-1.658583302789696512e-01
-1.658194393194048211e-01
-1.656419595603268735e-01
-1.651388202027870844e-01
-1.640250375643299285e-01
-1.619121990804281430e-01
-1.583205883330731645e-01
-1.527223335327519138e-01
-1.446267094540243936e-01
-1.337052000612337921e-01
-1.199275812840087801e-01
-1.036529324856015483e-01
-8.561699976029814307e-02
-6.679807009048974176e-02
-4.820854202230952235e-02
-3.069867087038422385e-02
-1.484170385715852247e-02
-9.165349649147062861e-04
1.104063594443214363e-02
2.115754712999247042e-02
2.965143548417942601e-02
3.677334442903676393e-02
4.277304003335238858e-02
4.788045472177801520e-02
5.229826051441145013e-02
5.620099887846919523e-02
5.973757038691174248e-02
6.303510596926165110e-02
6.620311120986599462e-02
6.933732397588750207e-02
7.252304149486164808e-02
7.583783892282615346e-02
7.935367841425157442e-02
8.313843551101225693e-02
8.725687265841675089e-02
9.177108230519807897e-02
9.674041303686040094e-02
1.022208870516284063e-01
1.082641198678546413e-01
1.149157662880178760e-01
1.222135421901372893e-01
1.301849100992758523e-01
1.388445659572309088e-01
1.481919202999230356e-01
1.582088208704713617e-01
1.688578039172272671e-01
1.800811745160598165e-01
1.918011895932926758e-01
2.039215431283659119e-01
2.163302323950602735e-01
2.289037296974781865e-01
2.415122196701955382e-01
2.540255185836344243e-01
2.663191994843462362e-01
2.782804267458036107e-01
2.898130617364237938e-01
3.008417267227462832e-01
3.113146820959085126e-01
3.212055516564273905e-01
3.305140934964627686e-01
3.392663404547514583e-01
3.475145165687895110e-01
3.553371776896732115e-01
3.628400357396719955e-01
3.701579189301530959e-01
3.774583024415609223e-01
3.849468130782860986e-01
3.928750466742939595e-01
4.015508887316678321e-01
4.113512010457133772e-01
4.227360649852443530e-01
4.362624989732107883e-01
4.525933480223088834e-01
4.724935386998629916e-01
4.968011023154428885e-01
5.263553992433832596e-01
5.618633502358066911e-01
6.036933307468959065e-01
6.516150422039673762e-01
7.045551988067627613e-01
7.604935896740632195e-01
8.166305689924525657e-01
8.698632710869073081e-01
9.174349665175983715e-01
9.574941159446439531e-01
9.893389594710780832e-01
1.013305376831931559e+00
1.030428748033129560e+00
1.042061586552409214e+00
1.049572175118255846e+00
1.054164751680618961e+00
1.056804800931778976e+00
1.058213144347193380e+00
1.058895559606005898e+00
1.059185390968887308e+00
1.059286710568003498e+00
1.059312481768852843e+00
1.059316055361256392e+00
1.035848614243347177e+00
