#Upper limit for the Conditional distribution of Radius given Mass from initial fitting w/o bootstrap
9.964104086170753649e-09
2.728089744577469333e-02
2.729124406379745266e-02
2.738547331624999887e-02
2.783740321555900829e-02
2.937236408266007473e-02
3.357714147827888657e-02
4.345882404958491263e-02
6.335018588769124326e-02
9.408897561449769409e-02
1.262876789685587475e-01
1.511814608653609393e-01
1.679403394437769537e-01
1.786937871158674196e-01
1.855606855060968063e-01
1.900507245072218243e-01
1.931359430642353991e-01
1.954277668316519445e-01
1.973218607075871989e-01
1.990953513791512974e-01
2.009691325738807710e-01
2.031493183395805813e-01
2.058583925787050295e-01
2.093632033353737265e-01
2.140051940861875390e-01
2.202365954742189491e-01
2.286618483615756037e-01
2.400658318073823627e-01
2.553512386943756485e-01
2.751776361181378916e-01
2.991128325318390679e-01
3.250225941173966460e-01
3.501320402684106048e-01
3.726694887983229010e-01
3.921022348214119324e-01
4.085644750614141896e-01
4.224248688593985612e-01
4.341015603633430753e-01
4.440003889577349705e-01
4.524982570236899537e-01
4.599413071347496218e-01
4.666481392349232649e-01
4.729152846749165029e-01
4.790240686197506093e-01
4.852483696935345203e-01
4.918624390223783061e-01
4.991473215646526351e-01
5.073929384595183834e-01
5.168902464855803514e-01
5.279040831663873723e-01
5.406149437318484852e-01
5.550267681167498912e-01
5.708715209061913098e-01
5.875885185736403615e-01
6.044432514551186797e-01
6.207341633402426728e-01
6.359494809130090687e-01
6.498038602515772144e-01
6.621932837439369335e-01
6.731313171898790637e-01
6.826991748031937535e-01
6.910148886802405244e-01
6.982169517322038832e-01
7.044572576697406552e-01
7.099002325739913744e-01
7.147271246781695675e-01
7.191464573347919886e-01
7.234135691238753330e-01
7.278658245883268263e-01
7.329872448047725086e-01
7.395342127296783419e-01
7.488058866157404347e-01
7.633288856179836213e-01
7.891419367250319672e-01
8.484263911588123541e-01
9.817993439083145812e-01
1.051973607696444990e+00
1.089878221304190431e+00
1.113951766839551327e+00
1.129806628744843611e+00
1.140146905869215077e+00
1.146694119140552859e+00
1.150688331379188911e+00
1.153031175037018574e+00
1.154351562891036354e+00
1.155065510918449334e+00
1.155434682505944277e+00
1.155616253040060437e+00
1.155700536685893676e+00
1.155737075204164244e+00
1.155751663446327848e+00
1.155756928834887232e+00
1.155758604203037887e+00
1.155759057965903391e+00
1.155759157407044935e+00
1.155759173722294086e+00
1.155759175446795517e+00
1.155759175426336549e+00
1.155759175210394618e+00
9.964104086170753649e-09
