#Akaike Information Criterion from bootstrap run
6.009537784574418765e+03
5.899493876646181889e+03
5.916631644916667028e+03
5.933612307230713668e+03
6.001812217160135333e+03
5.954904854729675208e+03
5.963555345027966723e+03
5.946528991037872402e+03
5.955176305211275576e+03
5.966506190561239237e+03
5.950069277695045457e+03
5.885187398877095802e+03
6.010778400403167325e+03
6.002642735654972057e+03
5.898703844813410797e+03
6.045174773545970311e+03
5.993255135770305060e+03
6.027340728961260538e+03
5.896837001726480594e+03
6.090559894245398027e+03
5.935619053327158326e+03
6.018332982752318458e+03
6.017829146376937388e+03
5.979368151759923421e+03
5.938775955594561310e+03
5.939496058567858199e+03
5.983738720119871687e+03
6.012359190931485500e+03
6.058020684392216936e+03
5.916213676513179962e+03
