#Bayesian Information Criterion from bootstrap run
1.251985807935866069e+04
1.240981417143042381e+04
1.242695193970090986e+04
1.244393260201495650e+04
1.251213251194437726e+04
1.246522514951391713e+04
1.247387563981220956e+04
1.245684928582211433e+04
1.246549659999551841e+04
1.247682648534548207e+04
1.246038957247928738e+04
1.239550769366133682e+04
1.252109869518740925e+04
1.251296303043921398e+04
1.240902413959765363e+04
1.255549506833021223e+04
1.250357543055454698e+04
1.253766102374550246e+04
1.240715729651072252e+04
1.260088018902963995e+04
1.244593934811140025e+04
1.252865327753656129e+04
1.252814944116117840e+04
1.248968844654416534e+04
1.244909625037880323e+04
1.244981635335210012e+04
1.249405901490411452e+04
1.252267948571572742e+04
1.256834097917645886e+04
1.242653397129742189e+04
