#Weights for Beta densities from initial fitting w/o bootstrap
0.000000000000000000e+00
0.000000000000000000e+00
0.000000000000000000e+00
0.000000000000000000e+00
0.000000000000000000e+00
0.000000000000000000e+00
0.000000000000000000e+00
0.000000000000000000e+00
0.000000000000000000e+00
0.000000000000000000e+00
0.000000000000000000e+00
0.000000000000000000e+00
0.000000000000000000e+00
0.000000000000000000e+00
0.000000000000000000e+00
0.000000000000000000e+00
0.000000000000000000e+00
0.000000000000000000e+00
0.000000000000000000e+00
0.000000000000000000e+00
0.000000000000000000e+00
0.000000000000000000e+00
0.000000000000000000e+00
0.000000000000000000e+00
0.000000000000000000e+00
0.000000000000000000e+00
0.000000000000000000e+00
0.000000000000000000e+00
0.000000000000000000e+00
0.000000000000000000e+00
0.000000000000000000e+00
0.000000000000000000e+00
5.053124354031318188e-06
2.338324360992607924e-07
3.321008049038650786e-09
4.252589452330948359e-11
3.050218492693166141e-12
4.043632015411493758e-12
2.636811845649733856e-11
1.696269794893777129e-10
6.204349985149396283e-10
1.235711132053951432e-09
1.491491463854299841e-09
1.279891148242720515e-09
9.509450883167810855e-10
7.662300611125275338e-10
8.163440657448931079e-10
1.226634816409926021e-09
2.276570393162373942e-09
3.986137335145724685e-09
4.922908532453936110e-09
3.367304757766584896e-09
1.067463042853066133e-09
1.380721174739384265e-10
6.620287489389104844e-12
1.087337263215823972e-13
6.071191021102639171e-16
2.512204514854635381e-18
1.141242657567083175e-18
1.112522952454007084e-15
2.689803811962314314e-12
0.000000000000000000e+00
0.000000000000000000e+00
1.504902063505310879e-05
6.863349904609554106e-07
9.283886692821861540e-09
1.028986803151882951e-10
5.502637959795703535e-12
5.418399836362282459e-12
3.079413601096023440e-11
1.896248091619290487e-10
6.829369107083504395e-10
1.348862304868553002e-09
1.616829709341878602e-09
1.377739669348003439e-09
1.016387255229823154e-09
8.141165069051521707e-10
8.650690092955234905e-10
1.302386307447129334e-09
2.431155849173953896e-09
4.288849357499060130e-09
5.335764663505217410e-09
3.671951616451205439e-09
1.169093400980502872e-09
1.515785384253540595e-10
7.270279268885247441e-12
1.191824092809692498e-13
6.619313959660584262e-16
2.691768280753761162e-18
1.169393870351928528e-18
1.117307021453379533e-15
2.696168389644731996e-12
0.000000000000000000e+00
0.000000000000000000e+00
5.550806453838949583e-05
2.495971511902973548e-06
3.218730935117312158e-08
3.080590019960961206e-10
1.199538914230948996e-11
8.302045505143067734e-12
3.943095388776020641e-11
2.280740635289695102e-10
8.015683803242057633e-10
1.561210100221409842e-09
1.849925757007601522e-09
1.558153716799561973e-09
1.135821146116762013e-09
9.003720368388763009e-10
9.515426913778841635e-10
1.435240547366757858e-09
2.701021825316660877e-09
4.818320366057431957e-09
6.061588183075715300e-09
4.210529226833362797e-09
1.349586528492262473e-09
1.756359369508509968e-10
8.429292937601072344e-12
1.378009945172357631e-13
7.593076542590867850e-16
3.006496592891793892e-18
1.216813119955629225e-18
1.125140415303042594e-15
2.706274052376613749e-12
0.000000000000000000e+00
0.000000000000000000e+00
2.026653420301591983e-04
9.027421596106594172e-06
1.128109083499369191e-07
9.738600135543407346e-10
2.958793842529622067e-11
1.490165346120318033e-11
5.842781996834716538e-11
3.114598737081533556e-10
1.052939328682692126e-09
2.001597441761895083e-09
2.325303334992252515e-09
1.920767223880848744e-09
1.372088897543655351e-09
1.067657523099218619e-09
1.115369413812561371e-09
1.681698159034085241e-09
3.196097204265633203e-09
5.789164710219071326e-09
7.400147611322430017e-09
5.211416617300627199e-09
1.687398861333126744e-09
2.209068358265048364e-10
1.061822908082608262e-11
1.730513011342130246e-13
9.439604613361143985e-16
3.597324060364266581e-18
1.301778592908537018e-18
1.138643058964084564e-15
2.722436731270850556e-12
0.000000000000000000e+00
0.000000000000000000e+00
5.607001738809285580e-04
2.497261652062615744e-05
3.127357142254570328e-07
2.681496492509487072e-09
7.617905879743139907e-11
3.279464586717231055e-11
1.102465626614005249e-10
5.311625757801381769e-10
1.684319513571756083e-09
3.063984701802464036e-09
3.437873862448351701e-09
2.748810341455491297e-09
1.898585285602285241e-09
1.429880502933844799e-09
1.458256563001158156e-09
2.180817732134752924e-09
4.177681186051006377e-09
7.703054099092952052e-09
1.005257644919209326e-08
7.214641238370084815e-09
2.370974620520684178e-09
3.134667117539232994e-10
1.513815548633549369e-11
2.466722324870819010e-13
1.335457500428553092e-15
4.854183231366707172e-18
1.472237925727648656e-18
1.164163880392904460e-15
2.748854691007540061e-12
0.000000000000000000e+00
0.000000000000000000e+00
9.389619598937906306e-04
4.247215090701553756e-05
5.642581657591740435e-07
5.641183489086156284e-09
2.018524222355084488e-10
9.825668530209733053e-11
3.078413367212970375e-10
1.307130617560638464e-09
3.726077426388181975e-09
6.266429241597345492e-09
6.623502962969445721e-09
5.026993632538813411e-09
3.294192064353756639e-09
2.351001771311331569e-09
2.289366518158273404e-09
3.333643049969316789e-09
6.365726040082110330e-09
1.190471286470852200e-08
1.588663782451731797e-08
1.167340949937548977e-08
3.917975814308581459e-09
5.270044935011206118e-10
2.580457745989767974e-11
4.257050165188873581e-13
2.328300885041750686e-15
8.127797856424919599e-18
1.870949103719265954e-18
1.217350391858564457e-15
2.793506190861339396e-12
0.000000000000000000e+00
0.000000000000000000e+00
8.185153436756483977e-04
3.864820309895526299e-05
6.006992022872135094e-07
8.986553834906720470e-09
6.081199799331942869e-10
4.656467106316395262e-10
1.491610825769032334e-09
5.410724680024394247e-09
1.311411427213609106e-08
1.944986351979658930e-08
1.873372318050697136e-08
1.318825723431876207e-08
8.035306335634547564e-09
5.302265084287567182e-09
4.777091553899270440e-09
6.550437267157924062e-09
1.213401492120292819e-08
2.263614200700576047e-08
3.069125513005986283e-08
2.312225405892604902e-08
7.986239477640012436e-09
1.107674251756056332e-09
5.613800570573962710e-11
9.675918400564814228e-13
5.603757361995715390e-15
1.960007743308169555e-17
2.990510914564472719e-18
1.334686592090755748e-15
2.871335829083760164e-12
0.000000000000000000e+00
0.000000000000000000e+00
3.413456383625613306e-04
1.771589206423482388e-05
3.817467782913037882e-07
1.227599127921147626e-08
2.459031895590944241e-09
3.776318323474566793e-09
1.307658843488611706e-08
3.974591463951756107e-08
7.847098262424842191e-08
9.852037402592969505e-08
8.402874695408120538e-08
5.398747552827168668e-08
3.025350177949155635e-08
1.815035125405952521e-08
1.465577922481367114e-08
1.809697657709063638e-08
3.108335858473369983e-08
5.589365472426852447e-08
7.552843393690255612e-08
5.805074316465101788e-08
2.079490669230175459e-08
3.035684790343335419e-09
1.649660119253064422e-10
3.137599601186456142e-12
2.083451124834676366e-14
7.929438282671713707e-17
6.980298826881135796e-18
1.597516368055502080e-15
3.008575162431479036e-12
0.000000000000000000e+00
0.000000000000000000e+00
6.581979811281767089e-05
4.143586057646388787e-06
1.634851175263174333e-07
1.784694382924646896e-08
1.460260831005482306e-08
4.650600425905137607e-08
1.750523308623689063e-07
4.517863859939551133e-07
7.263080937411814246e-07
7.653125153980067856e-07
5.748680003903520199e-07
3.382756346604528444e-07
1.760325066552021996e-07
9.643255087773451287e-08
6.871788078689061206e-08
7.341767571117372138e-08
1.109310595056893416e-07
1.833145206114745701e-07
2.390842578479401505e-07
1.849649597264923229e-07
6.906810259258200615e-08
1.086695534743736349e-08
6.614692572078847266e-10
1.482113784518174035e-11
1.229689054944209771e-13
5.558696911530723198e-16
2.628050493480453846e-17
2.190136173856908230e-15
3.247932853357806718e-12
0.000000000000000000e+00
0.000000000000000000e+00
5.914337339345719344e-06
5.407588272839210098e-07
5.861181677034389769e-08
3.368452322767887985e-08
1.141752255231136091e-07
6.500165868998719711e-07
2.612973620654062993e-06
5.978162587612256291e-06
8.166425532272556716e-06
7.445423866456971598e-06
5.048441714849982460e-06
2.794063594476715153e-06
1.392205964382015057e-06
7.165145020262892830e-07
4.562587612952717044e-07
4.153117113051951202e-07
5.306238360487004915e-07
7.692099299528034313e-07
9.325110168719630425e-07
7.112066077941376464e-07
2.763981713072639506e-07
4.770976298939085505e-08
3.371218465317054972e-09
9.343820843065915440e-11
1.018375895929156030e-12
5.706188242531817579e-15
1.506494792732631853e-16
3.554062201002177186e-15
3.656235453365779311e-12
0.000000000000000000e+00
0.000000000000000000e+00
2.614856728547481115e-07
4.685028204947904236e-08
2.295627195757329219e-08
8.491444692343758734e-08
8.952350962219966018e-07
7.503830777929461316e-06
3.178481477950825926e-05
6.796938838129866489e-05
8.391182061788770566e-05
6.982051003417402615e-05
4.468143079308841824e-05
2.422374507604753917e-05
1.204622787507739718e-05
6.079059516448929215e-06
3.588852275222782635e-06
2.831112362326408000e-06
3.027616642903910412e-06
3.739587667920531265e-06
4.078866697728167786e-06
2.993385764353430458e-06
1.197946296021644670e-06
2.275842297996675979e-07
1.890913084931307974e-08
6.563909789468799320e-10
9.364897484309818807e-12
6.430825004193843838e-14
1.067823343373744956e-15
6.795824307902272192e-15
4.343757099101842206e-12
0.000000000000000000e+00
0.000000000000000000e+00
6.406197755229529895e-09
3.476078056357223034e-09
1.196694737715998521e-08
2.352748978227365129e-07
5.263949551352631227e-06
5.611665548329044471e-05
2.499278499101690383e-04
5.239624168359229787e-04
6.205044487581336471e-04
4.988371125189864459e-04
3.166399954860197501e-04
1.756214101919414397e-04
9.087198611143727583e-05
4.704270780132569608e-05
2.704234096451290661e-05
1.929581059553220899e-05
1.765136115809546572e-05
1.851873765730304631e-05
1.783641483716881065e-05
1.232291030907145424e-05
4.990418267011103743e-06
1.031193796291420538e-06
9.966384414453640660e-08
4.250352155567652379e-09
7.649448006480114846e-11
6.225514089855197201e-13
7.505204449513815306e-15
1.484818932261365919e-14
5.529931875679450030e-12
0.000000000000000000e+00
0.000000000000000000e+00
1.069332876986505264e-10
2.961849334363318047e-10
8.111813344627654824e-09
5.339922244619370941e-07
1.871739145059231896e-05
2.330849511797242516e-04
1.097242174617614864e-03
2.342415777364612386e-03
2.795924581722231128e-03
2.284605079204379482e-03
1.506205154933517015e-03
8.894938689500607671e-04
4.971442061294026457e-04
2.753213177371593122e-04
1.622922167855342097e-04
1.108655073376822579e-04
9.085127377572106201e-05
8.282469699720553511e-05
7.041287178562296916e-05
4.515811425122939835e-05
1.815693138143143875e-05
3.997776168763384233e-06
4.389344144839470842e-07
2.230572368546450860e-08
4.882582297380413109e-10
4.641567064420634120e-12
4.746474617830583710e-14
3.734439001858043866e-14
7.811859692704408386e-12
0.000000000000000000e+00
0.000000000000000000e+00
1.648555841847764713e-12
3.540647210287106584e-11
5.592326232846781596e-09
7.731837336165039651e-07
3.526690179458398495e-05
4.915603182785682583e-04
2.466615609135054590e-03
5.522317234014260771e-03
6.910111274069079094e-03
5.987112139404717967e-03
4.266337123453406606e-03
2.778663877139749081e-03
1.734500310368641308e-03
1.068193019871938997e-03
6.793506941456307381e-04
4.727999788491292314e-04
3.689579316619201357e-04
3.055930718599251823e-04
2.340367402471100219e-04
1.394504851966283190e-04
5.508463534469253641e-05
1.271883583505382615e-05
1.557453095989947645e-06
9.263363259859186682e-08
2.444252053538312989e-09
2.788205604884694030e-11
2.869383415235645106e-13
1.181855565221232453e-13
1.314790143026193555e-11
0.000000000000000000e+00
0.000000000000000000e+00
3.343131431450141162e-14
5.622402733788717987e-12
2.895476221197138101e-09
6.073020203648641145e-07
3.264849482956107106e-05
4.997539497219946484e-04
2.699077740336555328e-03
6.488814026605706220e-03
8.786997735635791382e-03
8.361646391324318792e-03
6.663910647670991810e-03
4.939451913210122190e-03
3.553419748277318515e-03
2.526457891985303510e-03
1.821752959812671449e-03
1.375433693902497869e-03
1.094200945655667305e-03
8.749057478672690215e-04
6.292940964929367650e-04
3.563440440208476517e-04
1.396065047527786818e-04
3.393221277189766179e-05
4.658268551291978921e-06
3.292222767547247560e-07
1.088602884049143224e-08
1.626232012814308675e-10
2.069428330541007305e-12
5.729240275751526391e-13
3.003845520907666627e-11
0.000000000000000000e+00
0.000000000000000000e+00
1.115442355963519450e-15
8.945118828318715144e-13
8.921923978576075252e-10
2.355255574059820134e-07
1.420618119738036513e-05
2.372537204021297281e-04
1.393517375726533586e-03
3.670976446497016283e-03
5.525770245889577957e-03
5.950421726485410033e-03
5.464872115960687192e-03
4.746640332665448027e-03
4.059948088682852584e-03
3.460727659563700345e-03
2.969639744075545148e-03
2.583717629411297952e-03
2.244355987864064816e-03
1.858872473336766395e-03
1.334328944611188825e-03
7.539196245094080843e-04
3.047809256750372655e-04
8.093182837685533929e-05
1.300939856751785890e-05
1.161447536988094925e-06
5.289194823714853716e-08
1.197750967899777779e-09
2.354320182197982094e-11
5.193213594211280113e-12
1.079857092042140569e-10
0.000000000000000000e+00
0.000000000000000000e+00
5.550891521569707186e-17
1.039933109115447844e-13
1.417858046465291136e-10
4.268121769101773348e-08
2.821494624261250359e-06
5.141958624735691044e-05
3.320997957872989922e-04
9.763937623881578003e-04
1.672499860023203078e-03
2.092165402182556352e-03
2.275039720127772051e-03
2.382138966844785447e-03
2.501419017833962123e-03
2.656320585618666182e-03
2.841018214453461775e-03
3.009498577797014435e-03
3.041955229330160597e-03
2.807843311181237433e-03
2.164653784824710752e-03
1.311809072425175818e-03
5.874989283257971932e-04
1.834469707768997086e-04
3.752153487183958392e-05
4.687148729818323224e-06
3.350586240521499346e-07
1.348090790129810827e-08
4.822600702723814239e-10
9.250902863473874277e-11
6.568296344180867345e-10
0.000000000000000000e+00
0.000000000000000000e+00
2.967279730616655897e-18
7.073770003340805981e-15
1.071334845979719998e-11
3.486011244473618348e-09
2.498340469414678238e-07
4.987212383200905207e-06
3.583141909389485835e-05
1.196079558397692544e-04
2.381299546547464320e-04
3.542782315848778192e-04
4.678739081796136497e-04
6.076287489874452295e-04
8.097706599582789105e-04
1.112947011686064858e-03
1.547619225718802885e-03
2.091811342080329185e-03
2.598219085632780950e-03
2.867379073925005201e-03
2.568231437701488148e-03
1.823303230450261814e-03
9.957720335075439817e-04
4.054780246915792624e-04
1.180079217825135562e-04
2.322971908987299516e-05
2.928693327760134196e-06
2.287118816363716531e-07
1.533176585439987646e-08
2.699471813246487432e-09
6.386740372809452782e-09
0.000000000000000000e+00
0.000000000000000000e+00
1.287212605440715228e-19
2.520632409972104162e-16
3.686888408496048347e-13
1.249721564666091842e-10
9.645753646089924726e-09
2.119567717185692436e-07
1.713462241881080834e-06
6.598516774848846953e-06
1.556519657994994750e-05
2.814361688988017984e-05
4.626368877503050101e-05
7.672275191362092723e-05
1.342338410088202974e-04
2.475904995370861272e-04
4.640704538164199021e-04
8.307485144242561991e-04
1.325611123834070579e-03
1.867038616363529777e-03
2.100368779662066705e-03
1.919438759126630787e-03
1.421769787343283046e-03
8.448031714985102534e-04
3.900638502912889393e-04
1.323434928951445566e-04
3.086627020656393687e-05
4.602777385542180518e-06
5.383887546303265280e-07
9.305251336019968857e-08
8.380438192908679527e-08
0.000000000000000000e+00
0.000000000000000000e+00
4.299193741746521515e-21
4.731365407512620893e-18
5.750497376803746573e-15
1.937299002512162932e-12
1.591569074851862530e-10
3.858473275155437602e-09
3.542957592168936628e-08
1.596215503886787302e-07
4.538522761656846755e-07
1.017647620874606787e-06
2.133773791679334945e-06
4.655395517226303566e-06
1.105612492837954500e-05
2.826775921787575115e-05
7.350094987871399913e-05
1.793561412917159660e-04
3.817267071402626706e-04
7.306348898570832811e-04
1.114827889277970798e-03
1.441102518099651383e-03
1.605991734203556431e-03
1.537951583476954544e-03
1.215483344642643909e-03
7.339836030005014288e-04
3.080837190635793074e-04
8.052501517054551675e-05
1.473785121328698822e-05
2.631279506050028832e-06
1.120017618282857793e-06
0.000000000000000000e+00
0.000000000000000000e+00
1.412571121264928204e-22
5.638023188252941744e-20
4.390020371497660586e-17
1.326200318913814497e-14
1.117816222793986066e-12
2.960368961778607996e-11
3.095896994836975092e-10
1.647511544161506025e-09
5.726723538709098112e-09
1.622229486807168629e-08
4.445081650222740701e-08
1.314290339637623120e-07
4.370016484315143223e-07
1.590889901464591839e-06
5.868093305199727348e-06
2.001410865125954411e-05
5.904322796024744346e-05
1.643303778817853183e-04
3.690813913795943681e-04
7.429694070106061072e-04
1.371155517937431645e-03
2.280434813722919795e-03
3.188410939546649711e-03
3.360046083239531800e-03
2.367705413032968834e-03
9.819061717779890234e-04
2.555410879089679995e-04
4.860128022271068145e-05
1.196015119338268922e-05
0.000000000000000000e+00
0.000000000000000000e+00
7.699099605896488150e-24
6.930432717161079168e-22
2.166854590962226730e-19
4.588561851738164380e-17
3.553558370944837244e-15
9.806777305076742349e-14
1.147780904285565094e-12
7.198826021104798478e-12
3.080497209712653990e-11
1.118402454694111853e-10
4.092036659502364293e-10
1.683046933128942879e-09
8.032017457106164873e-09
4.246590753314468363e-08
2.264252327032392697e-07
1.110774619357542520e-06
4.770901826907408594e-06
2.088724384037716545e-05
7.559814857083730418e-05
2.603882066942888695e-04
8.583041989022478085e-04
2.568443608271330121e-03
6.265310714420283845e-03
1.089108489184724762e-02
1.185818102650819557e-02
7.135695579475583028e-03
2.446247496135864948e-03
4.988639138112569132e-04
8.221434108359924019e-05
0.000000000000000000e+00
0.000000000000000000e+00
1.178364537797096605e-24
1.884155200819059500e-23
1.297219473918682095e-21
1.204548103109623022e-19
6.567022900007470011e-18
1.643193138701883834e-16
2.005078713723253147e-15
1.431959477258015375e-14
7.439881034553434522e-14
3.460320349140495368e-13
1.705152419237260718e-12
9.874245247608099359e-12
6.832541909335893539e-11
5.296610703535171611e-10
4.160864992788996744e-09
3.060239948131330005e-08
2.055175319484216731e-07
1.557193061001534423e-06
1.007514873830609471e-05
6.486971856498494429e-05
4.003827878802683135e-04
2.144082161870896740e-03
8.682240292156270453e-03
2.307775589830112634e-02
3.564425682572586879e-02
2.863928204672124000e-02
1.202519055933039607e-02
2.568764825270046168e-03
3.072731733521078933e-04
0.000000000000000000e+00
0.000000000000000000e+00
4.386570360637648741e-25
1.826196413135148638e-24
2.181510869929502698e-23
5.206992152463921706e-22
1.286503252083528211e-20
2.192045694966161813e-19
2.342462927762856372e-18
1.713334569853197353e-17
1.011395878451989900e-16
5.767388592642023049e-16
3.705885771523676878e-15
2.937895614108864574e-14
2.877556758007249240e-13
3.238514665270884170e-12
3.823773421462243285e-11
4.480109743220712429e-10
5.199851482194082063e-09
7.588599741132007045e-08
9.735622058837498092e-07
1.243740810999701729e-05
1.437809783945671958e-04
1.311373425467591289e-03
8.157085159353023515e-03
3.033198347503228767e-02
6.041119578743031626e-02
5.818006225243482071e-02
2.630705138250373498e-02
5.192371394751522581e-03
4.377666336539170664e-04
0.000000000000000000e+00
0.000000000000000000e+00
2.117401264084844014e-25
4.513394701901790308e-25
1.570419514662247853e-24
9.200844658797703485e-24
7.297967936325921227e-23
5.916686498419592120e-22
4.178577037024493723e-21
2.543698057713250479e-20
1.456298359075233638e-19
8.921073948505683297e-19
6.620506584902655071e-18
6.411652765776586142e-17
8.086492011515191779e-16
1.252657488227214290e-14
2.238656939327661192e-13
4.482998536776879098e-12
1.007740904846868034e-10
3.078766112455167959e-09
8.338804131987359680e-08
2.108502274357679360e-06
4.317040452746489241e-05
6.176936555816058168e-04
5.417590170037303587e-03
2.611542150559847258e-02
6.331569327348733622e-02
7.115285343574527521e-02
3.542556634923417491e-02
6.959921290535775983e-03
4.432425213723131569e-04
0.000000000000000000e+00
0.000000000000000000e+00
3.914332359945969904e-26
6.658076157182184093e-26
1.382879690227014694e-25
3.696122538186786309e-25
1.240306393085502846e-24
4.797414122896620535e-24
1.976745638249637976e-23
8.479181472378612894e-23
3.934248179924565842e-22
2.141015285848692284e-21
1.502107385073083170e-20
1.460510854574512936e-19
2.020165538195524270e-18
3.941100044238517845e-17
1.068535342981885007e-15
3.959190969297827189e-14
1.914740841690746245e-12
1.262692439104811412e-10
7.198287725009780237e-09
3.387953969726517627e-07
1.122900602958670514e-05
2.290044880216003632e-04
2.578470753386587731e-03
1.466775815128840317e-02
3.905655947252485022e-02
4.507292028032635484e-02
2.095682556566393073e-02
3.370053305686621006e-03
1.396479787180741276e-04
0.000000000000000000e+00
0.000000000000000000e+00
1.697576622271637264e-27
2.734196760824574304e-27
4.865247831018617018e-27
9.813601787672714334e-27
2.261640267885776744e-26
5.889024898075890312e-26
1.708020085168209790e-25
5.527089276464421666e-25
2.051994851288903227e-24
9.242731858818563415e-24
5.468767941689218344e-23
4.665983882486384654e-22
6.325921743129917011e-21
1.494922020984666831e-19
6.515453159403080423e-18
5.017166329928462844e-16
5.719519419396965620e-14
8.041219886006285365e-12
9.080119761444370091e-10
7.164750897105068999e-08
3.409904044561005180e-06
8.772214148481238935e-05
1.123067957087164892e-03
6.682300379371630857e-03
1.732018015274450901e-02
1.811912669834838188e-02
6.901926591674556639e-03
7.850931831615715756e-04
1.812629281447935794e-05
0.000000000000000000e+00
0.000000000000000000e+00
9.896249960181677109e-30
1.604432974585415331e-29
2.800796455984679965e-29
5.339167925077309739e-29
1.123805972620729485e-28
2.631289501064122104e-28
6.908400132642486910e-28
2.064266262121571842e-27
7.217803911495978979e-27
3.099067820156005591e-26
1.772583683460119889e-25
1.547351999417120919e-24
2.533194806458899687e-23
9.788868824069744320e-22
9.755613928040702587e-20
2.046864198254442500e-17
5.987951278004768399e-15
1.668186551569939336e-12
3.138943524754143213e-10
3.383602853523437049e-08
1.881863369066426371e-06
5.027886170539683848e-05
6.132432845319710875e-04
3.274184859506657115e-03
7.315429523623048595e-03
6.369572329367169383e-03
1.883135004025669962e-03
1.425282799623476312e-04
1.602633459191803887e-06
0.000000000000000000e+00
0.000000000000000000e+00
4.374638475481669517e-33
7.540302588485322285e-33
1.408221859120333833e-32
2.890401523124109440e-32
6.625345606734377270e-32
1.727484790013803482e-31
5.240759641274132778e-31
1.905927646250962055e-30
8.660140044015019199e-30
5.240089775799718193e-29
4.717313726021342624e-28
7.696974184732634843e-27
3.017307841181861108e-25
3.509648645859388343e-23
1.078938036950343503e-20
5.607421702925604942e-18
2.976628761049071644e-15
1.123791955671805517e-12
2.415192340297947037e-10
2.614732956554927247e-08
1.341462861294655285e-06
3.154228364936914017e-05
3.362244495871965578e-04
1.635004588523303673e-03
3.644980314503025107e-03
3.541602431556753038e-03
1.227850927268141126e-03
9.608843041873410713e-05
7.275774860341219747e-07
0.000000000000000000e+00
0.000000000000000000e+00
0.000000000000000000e+00
0.000000000000000000e+00
0.000000000000000000e+00
0.000000000000000000e+00
0.000000000000000000e+00
0.000000000000000000e+00
0.000000000000000000e+00
0.000000000000000000e+00
0.000000000000000000e+00
0.000000000000000000e+00
0.000000000000000000e+00
0.000000000000000000e+00
0.000000000000000000e+00
0.000000000000000000e+00
0.000000000000000000e+00
0.000000000000000000e+00
0.000000000000000000e+00
0.000000000000000000e+00
0.000000000000000000e+00
0.000000000000000000e+00
0.000000000000000000e+00
0.000000000000000000e+00
0.000000000000000000e+00
0.000000000000000000e+00
0.000000000000000000e+00
0.000000000000000000e+00
0.000000000000000000e+00
0.000000000000000000e+00
0.000000000000000000e+00
0.000000000000000000e+00
