#Conditional distribution of Mass given Radius from initial fitting w/o bootstrap
6.621654067809208751e-09
-7.890259380428406022e-01
-7.888808362121797479e-01
-7.884293012103272824e-01
-7.868245749225141195e-01
-7.818506281481212294e-01
-7.684567336104993762e-01
-7.360213511978986878e-01
-6.625995055940905321e-01
-4.971472423629087478e-01
-9.581468100037103530e-02
3.351619720008106595e-01
5.231498223424201344e-01
6.141957123875463331e-01
6.626897547666156241e-01
6.901709198423471303e-01
7.066734906514618997e-01
7.172414790287728881e-01
7.245272965716277325e-01
7.299739266986228214e-01
7.343902359878495822e-01
7.382431449794595313e-01
7.418108910118259569e-01
7.452656631562397660e-01
7.487192725879064925e-01
7.522489879877155561e-01
7.559124889987449691e-01
7.597567269305067761e-01
7.638233220973471571e-01
7.681519126536836550e-01
7.727823491725279714e-01
7.777561133170071139e-01
7.831172811408400047e-01
7.889131489582297263e-01
7.951945948927147123e-01
8.020161859833558893e-01
8.094360882227485954e-01
8.175156868035385882e-01
8.263190054200849621e-01
8.359119063614106615e-01
8.463611676345801360e-01
8.577335901516529582e-01
8.700953923964602765e-01
8.835122759348784660e-01
8.980506844189578564e-01
9.137809121926555589e-01
9.307828192683038626e-01
9.491549423581177036e-01
9.690277758453533785e-01
9.905817544022434973e-01
1.014070434409175769e+00
1.039848925480286068e+00
1.068407567219279652e+00
1.100410638202847347e+00
1.136739786196556246e+00
1.178541462841768972e+00
1.227275886576242092e+00
1.284758515628634523e+00
1.353163387183287325e+00
1.434891771656200410e+00
1.532037317967580359e+00
1.644881660901297282e+00
1.769083048490183163e+00
1.894019609930227999e+00
2.007359586525176542e+00
2.102357961661855512e+00
2.178761961010946990e+00
2.239341239726507560e+00
2.287342430401956506e+00
2.325575557492312484e+00
2.356261279063577962e+00
2.381104645813616916e+00
2.401405984920228942e+00
2.418158154178757790e+00
2.432122130518857173e+00
2.443883698891045508e+00
2.453895629825654012e+00
2.462509119590604367e+00
2.469997343108505383e+00
2.476573191311195465e+00
2.482402685983849278e+00
2.487615151479641185e+00
2.492310911397861872e+00
2.496567109955289965e+00
2.500442000170414847e+00
2.503978033269647074e+00
2.507203878337051162e+00
2.510135440442009980e+00
2.512775801590233282e+00
2.515113821481012035e+00
2.517120813929477396e+00
2.518744102466740742e+00
2.519894977509449685e+00
2.520425643070906663e+00
2.520082344774297489e+00
2.518400695322224436e+00
2.514438304016630266e+00
2.505941219896653749e+00
2.485741276286025148e+00
6.621654067809208751e-09
