#Lower limit for the Conditional distribution of Mass given Radius from initial fitting w/o bootstrap
6.621654067809208751e-09
-1.216530668025492590e+00
-1.216444990942175730e+00
-1.216224318641072388e+00
-1.215497748444530624e+00
-1.213301607285135697e+00
-1.207488959609513079e+00
-1.193821371152121502e+00
-1.164863397170543990e+00
-1.109081504746924240e+00
-1.009884985720353789e+00
-8.399515289416854547e-01
-5.385404068840612402e-01
-1.651208046681560959e-01
1.605657859160264031e-02
9.857699767750070785e-02
1.416969184815207727e-01
1.663089110512890323e-01
1.813670874762959018e-01
1.912192286767522842e-01
1.981419996270696593e-01
2.033897244562157258e-01
2.076806624085064945e-01
2.114400325247692003e-01
2.149279972715573417e-01
2.183097385905584387e-01
2.216950281646151710e-01
2.251611593305908599e-01
2.287665495890331135e-01
2.325589896753449126e-01
2.365807565487910435e-01
2.408718506058893372e-01
2.454720824356846076e-01
2.504224279396376485e-01
2.557658909354040833e-01
2.615480032047705627e-01
2.678170419726457752e-01
2.746239499468967615e-01
2.820220525433326242e-01
2.900664845633376121e-01
2.988134191466820244e-01
3.083191276715169238e-01
3.186389841885260421e-01
3.298265959932106806e-01
3.419333272094941534e-01
3.550085854193574808e-01
3.691013019482592972e-01
3.842631609170503171e-01
4.005540208924232015e-01
4.180500094646936171e-01
4.368544948929457550e-01
4.571118782653842416e-01
4.790237380991212990e-01
5.028663897071581346e-01
5.290084351824080322e-01
5.579264036084885525e-01
5.902163945212288709e-01
6.265994397499483615e-01
6.679188264520987683e-01
7.151280648017915853e-01
7.692683125066458460e-01
8.314312825836263077e-01
9.026939540843084142e-01
9.839855304689647530e-01
1.075795666915639437e+00
1.177569296315845726e+00
1.286702205205030314e+00
1.397659113928927166e+00
1.502788819558640299e+00
1.595492439346067659e+00
1.672901557121454053e+00
1.735588293914368974e+00
1.785761753619673708e+00
1.825909263431701568e+00
1.858220842762424496e+00
1.884457051505277647e+00
1.905983401068306549e+00
1.923845757442699034e+00
1.938843245316789865e+00
1.951587613649679698e+00
1.962548723133759276e+00
1.972088673899665690e+00
1.980487155292741219e+00
1.987960328864029069e+00
1.994674830816789202e+00
2.000758113434969232e+00
2.006305941842418061e+00
2.011387569076228399e+00
2.016048844662174044e+00
2.020313218868794891e+00
2.024180194923306697e+00
2.027620070212477810e+00
2.030562379696236430e+00
2.032872160961650021e+00
2.034300006865164878e+00
2.034368140662678126e+00
2.032075829098078046e+00
2.024977734353776260e+00
2.005263081352530286e+00
6.621654067809208751e-09
