#Upper limit for the Conditional distribution of Mass given Radius from initial fitting w/o bootstrap
6.621654067809208751e-09
-2.938127279350101206e-01
-2.935309621210868136e-01
-2.923345629441466142e-01
-2.876623389135977149e-01
-2.725984090664253512e-01
-2.297451184086474751e-01
-1.110908587297577410e-01
2.399281013898990345e-01
7.041745810271592410e-01
9.502181152003054132e-01
1.083066302786172219e+00
1.157340461380509833e+00
1.199527491994730966e+00
1.224110620582274267e+00
1.239066709600768368e+00
1.248741936572249189e+00
1.255501434068996502e+00
1.260645144415827978e+00
1.264900639996978216e+00
1.268685328345400931e+00
1.272246431872197769e+00
1.275736627030338743e+00
1.279255614156709964e+00
1.282873422308423050e+00
1.286643770580516710e+00
1.290611926420592193e+00
1.294819471366589925e+00
1.299307267090473728e+00
1.304117428198533934e+00
1.309294606571510533e+00
1.314886900412333581e+00
1.320946458684424840e+00
1.327529849474918811e+00
1.334698211204379703e+00
1.342517193442244627e+00
1.351056699370808190e+00
1.360390468852666013e+00
1.370595594617106450e+00
1.381752149110728745e+00
1.393943231710705444e+00
1.407255884222669673e+00
1.421783585292371477e+00
1.437631137237809886e+00
1.454923147597656063e+00
1.473817360108294672e+00
1.494524377588346109e+00
1.517335478020493955e+00
1.542660530050956824e+00
1.571078544631231644e+00
1.603404288156665913e+00
1.640775451705786203e+00
1.684764646867267457e+00
1.737512706783397531e+00
1.801841234364619737e+00
1.881158114501473522e+00
1.978546156727049921e+00
2.093819860350830897e+00
2.219093077734970887e+00
2.340151019365210860e+00
2.446163619426933167e+00
2.534182000138201829e+00
2.605786558945608178e+00
2.663727675030447273e+00
2.710613305833535769e+00
2.748617063706229935e+00
2.779492393924489768e+00
2.804646201604637845e+00
2.825208380336783787e+00
2.842087074336533625e+00
2.856011610348475838e+00
2.867566500698386367e+00
2.877218916741400179e+00
2.885341174004017351e+00
2.892229190096949676e+00
2.898117585947539876e+00
2.903191961403062127e+00
2.907598790170268899e+00
2.911453340633499476e+00
2.914845932400589312e+00
2.917846898919917109e+00
2.920510399615583008e+00
2.922877348207297832e+00
2.924977586641138050e+00
2.926831404009881066e+00
2.928450465399255354e+00
2.929838157150198352e+00
2.930989289386486174e+00
2.931888998531106516e+00
2.932510531134029375e+00
2.932811299768111279e+00
2.932726036858600782e+00
2.932154689310275231e+00
2.930940009538578472e+00
2.928823075058387460e+00
2.925345956373764711e+00
2.919607551273318169e+00
2.909512919605165671e+00
2.888529017231165952e+00
6.621654067809208751e-09
