4.758446431062537951e-01
6.470931582223952150e-01
8.258546831100815888e-01
9.798795195001256397e-01
1.099948378370623425e+00
1.190055666814546109e+00
1.257288197800420892e+00
1.307886052693109091e+00
1.346518029919325343e+00
1.376504074713720494e+00
1.400177606039499256e+00
1.419185721197505856e+00
1.434704064355913689e+00
1.447583593031332105e+00
1.458449593668806887e+00
1.467768620409406255e+00
1.475894141474707100e+00
1.483098031291833152e+00
1.489592580716101899e+00
1.495546087462828799e+00
1.501094047989258273e+00
1.506347298607073171e+00
1.511398014955747771e+00
1.516324190543056227e+00
1.521193023343681006e+00
1.526063510550930369e+00
1.530988463911100883e+00
1.536016097765141142e+00
1.541191299976985896e+00
1.546556666438327232e+00
1.552153358889501567e+00
1.558021830758312687e+00
1.564202454808928389e+00
1.570736078384670886e+00
1.577664526065018835e+00
1.585031065029274711e+00
1.592880844882498703e+00
1.601261320816826927e+00
1.610222666483926091e+00
1.619818180610858249e+00
1.630104688984978623e+00
1.641142940740866640e+00
1.652997994657134928e+00
1.665739587126132903e+00
1.679442468250978093e+00
1.694186685725981523e+00
1.710057787321247913e+00
1.727146901263203027e+00
1.745550639131729698e+00
1.765370747426283193e+00
1.786713411505973514e+00
1.809688089469919658e+00
1.834405725201839976e+00
1.860976162750618723e+00
1.889504565160858185e+00
1.920086641135218652e+00
1.952802519666883008e+00
1.987709208991485399e+00
2.024831757520130004e+00
2.064153520387281837e+00
2.105606322836094169e+00
2.149061752349810117e+00
2.194325191090355620e+00
2.241134341907510485e+00
2.289163713923649368e+00
2.338035714094824691e+00
2.387337737061784537e+00
2.436643296821761062e+00
2.485534274619859207e+00
2.533621146094514831e+00
2.580558667879818469e+00
2.626055677439897984e+00
2.669878938908816668e+00
2.711851958584845068e+00
2.751850210835733446e+00
2.789794285680837760e+00
2.825642242422199857e+00
2.859382098227762015e+00
2.891025023039370812e+00
2.920599520241692559e+00
2.948146666734655863e+00
2.973716359179317426e+00
2.997364446819141826e+00
3.019150605830945633e+00
3.039136809478596213e+00
3.057386260842652526e+00
3.073962673143693092e+00
3.088929802259921864e+00
3.102351154682693402e+00
3.114289810825878746e+00
3.124808317975680705e+00
3.133968619298090008e+00
3.141831995373988384e+00
3.148459002935422468e+00
3.153909402031697340e+00
3.158242067942605313e+00
3.161514887940271468e+00
3.163784645634968751e+00
3.165106897278473053e+00
3.165535845201783882e+00
