1.436305704141497587e-02
3.923094612959107663e-02
6.258298299081602178e-02
8.447419907584798049e-02
1.049586348368112820e-01
1.240893397271965043e-01
1.419183722018603488e-01
1.584967997170257936e-01
1.738746987302819125e-01
1.881011547005841111e-01
2.012242620882536692e-01
2.132911243549787117e-01
2.243478539638127378e-01
2.344395723791761199e-01
2.436104100668551042e-01
2.519035064940021162e-01
2.593610101291355940e-01
2.660240784421409321e-01
2.719328779042687882e-01
2.771265839881367210e-01
2.816433811677277466e-01
2.855204629183920595e-01
2.887940317168449789e-01
2.914992990411689466e-01
2.936704853708119733e-01
2.953408201865888039e-01
2.965425419706793631e-01
2.973068982066311428e-01
2.976641453793568703e-01
2.976435489751356744e-01
2.972733834816132514e-01
2.965809323878006998e-01
2.955924881840761853e-01
2.943333523621836645e-01
2.928278354152331064e-01
2.910992568377010481e-01
2.891699451254300390e-01
2.870612377756286415e-01
2.847934812868718746e-01
2.823860311591012140e-01
2.798572518936233711e-01
2.772245169931122910e-01
2.745042089616077097e-01
2.717117193045153201e-01
2.688614485286074385e-01
2.659668061420221163e-01
2.630402106542640284e-01
2.600930895762038064e-01
2.571358794200784281e-01
2.541780256994907727e-01
2.512279829294102318e-01
2.482932146261723483e-01
2.453801933074786223e-01
2.424944004923969276e-01
2.396403267013615113e-01
2.368214714561722722e-01
2.340403432799958716e-01
2.312984596973648443e-01
2.285963472341780156e-01
2.259335414177004453e-01
2.233085867765633448e-01
2.207190368407640213e-01
2.181614541416662667e-01
2.156314102119996357e-01
2.131234855858601673e-01
2.106312697987101079e-01
2.081473613873777717e-01
2.056633678900578188e-01
2.031699058463108387e-01
2.006566007970639887e-01
1.981120872846101333e-01
1.955240088526088715e-01
1.928790180460855375e-01
1.901627764114320052e-01
1.873599544964062169e-01
1.844542318501321276e-01
1.814282970231000380e-01
1.782638475671666500e-01
1.749415900355545672e-01
1.714412399828526556e-01
1.677415219650159051e-01
1.638201695393657897e-01
1.596539252645895468e-01
1.552185407007410367e-01
1.504887764092399938e-01
1.454384019528724981e-01
1.400401958957908644e-01
1.342659458035135034e-01
1.280864482429249773e-01
1.214715087822760414e-01
1.143899419911840049e-01
1.068095714406318703e-01
9.869722970296913866e-02
9.001875835191119890e-02
8.073900796254010470e-02
7.082183811130372819e-02
6.023011737601630111e-02
4.892572333585816502e-02
3.686954257137560476e-02
2.402147066448193438e-02
