#Lower limit for the Conditional distribution of radius given mass from initial fitting w/o bootstrap
-2.452379298597730586e-02
-3.041092537360709502e-02
3.556789327471056028e-01
4.179789759316089315e-01
4.185890235707357410e-01
4.186173799951213303e-01
4.186211316726354825e-01
4.186240381932347931e-01
4.186295564943174341e-01
4.186404906139170046e-01
4.186610020155625000e-01
4.186975089743429912e-01
4.187596818747180150e-01
4.188617246646774706e-01
4.190240345215658357e-01
4.192753212524526485e-01
4.196552599831062658e-01
4.202177257769951213e-01
4.210346023959564143e-01
4.222000544566391067e-01
4.238349935503339383e-01
4.260912682655990102e-01
4.291549329136849500e-01
4.332479593856812250e-01
4.386282217172314812e-01
4.455888431949213691e-01
4.544603508030247152e-01
4.656227924194472068e-01
4.795409203557745026e-01
4.968478344196434193e-01
5.185374174067441944e-01
5.464523615987444405e-01
5.848650065552323252e-01
6.492931985970252784e-01
1.043675920232167043e+00
1.092827215750860947e+00
1.111524797502277284e+00
1.122205605095560221e+00
1.129056218474326467e+00
1.133618261997011656e+00
1.136570692869104393e+00
1.138176790591187704e+00
1.138439242243554084e+00
1.137213305834716026e+00
1.134411604711689892e+00
1.130314092861808062e+00
1.125705448447271273e+00
1.121521634477476326e+00
1.118320006776142517e+00
1.116150512412541485e+00
1.114785432371479645e+00
1.113951849481883416e+00
1.113432457282038879e+00
1.113078071252915802e+00
1.112789569926456501e+00
1.112496495942493002e+00
1.112139433918981402e+00
1.111655597592648093e+00
1.110964857119923321e+00
1.109952491896821103e+00
1.108443160788827875e+00
1.106155813125584420e+00
1.102616222696071402e+00
1.096963950994167769e+00
1.087441912800118260e+00
1.069602000025916544e+00
1.026377129391210952e+00
9.349152848026640594e-01
8.769118172266082700e-01
8.401460868373886726e-01
8.140563667410324333e-01
7.950585058090662294e-01
7.813475025298733945e-01
7.716840228899453091e-01
7.650662590652768102e-01
7.606623773192586757e-01
7.578082179580862832e-01
7.560021399076835014e-01
7.548843190204432840e-01
7.542075178588907303e-01
7.538079927386521772e-01
7.535815721146335022e-01
7.534670936854203083e-01
7.534393239512560125e-01
7.535183592834863164e-01
7.538207389248654522e-01
7.547415014328207050e-01
7.575849176406741492e-01
7.667156275631644702e-01
7.959769674443952781e-01
8.902943184902715190e-01
1.088280420969583773e+00
1.109330459855722761e+00
1.112593407875330342e+00
1.113052559359918092e+00
1.113099602239954633e+00
1.113102547455466995e+00
1.113102631665309872e+00
1.113102632329167951e+00
1.113102632379949330e+00
