#Variance for the Conditional distribution of mass given radius from initial fitting w/o bootstrap
nan
1.602641736677476100e-02
1.604807116756423735e-02
1.611356026855879919e-02
1.625519203789184755e-02
1.651238369156172656e-02
1.692977130049304335e-02
1.755294818038885887e-02
1.842157510455979738e-02
1.956061706133423866e-02
2.097185362790382479e-02
2.262883515903537854e-02
2.447809420840131242e-02
2.644727191833695645e-02
2.845786493426977551e-02
3.043841303191021502e-02
3.233430602591319536e-02
3.411246820164497151e-02
3.576142953914759892e-02
3.728853453811541152e-02
3.871609898547048040e-02
4.007768685726890295e-02
4.141488331455077387e-02
4.277428856532800028e-02
4.420405289618228872e-02
4.574916814463656639e-02
4.744503462066114452e-02
4.930966817936104779e-02
5.133624045986836387e-02
5.348889790707447855e-02
5.570490733296875469e-02
5.790426317759209823e-02
6.000449389792178456e-02
6.193566616654835183e-02
6.365057880267295520e-02
6.512781700899861193e-02
6.636862654813373286e-02
6.739043838432275113e-02
6.821987055764001939e-02
6.888696784179536292e-02
6.942128465835804840e-02
6.984966764333724876e-02
7.019528776132007153e-02
7.047744923445370402e-02
7.071180231836809993e-02
7.091071053488544329e-02
7.108362898619820236e-02
7.123743009655421343e-02
7.137666994636299167e-02
7.150382573460126179e-02
7.161955170255200620e-02
7.172299317636364469e-02
7.181216634266955612e-02
7.188436599148578798e-02
7.193652618818816014e-02
7.196545021586189805e-02
7.196785126376002706e-02
7.194018966897580691e-02
7.187833279250331608e-02
7.177708409974170589e-02
7.162962854810428492e-02
7.142693386974310887e-02
7.115714757554642000e-02
7.080505151130739305e-02
7.035168991030889274e-02
6.977437777472578206e-02
6.904741521833934748e-02
6.814393973134844074e-02
6.703934542267038499e-02
6.571642524812862374e-02
6.417168996873028053e-02
6.242122805277543901e-02
6.050350262737298063e-02
5.847659690119214049e-02
5.640932363183716325e-02
5.436866706368281843e-02
5.240816682712294561e-02
5.056133517241457459e-02
4.884142297642628250e-02
4.724594465876016947e-02
4.576306498776080284e-02
4.437734355263131536e-02
4.307348687551072058e-02
4.183779866794044844e-02
4.065760388433686812e-02
3.951910134880051023e-02
3.840403947102805082e-02
3.728545412133103115e-02
3.612258925955923877e-02
3.485527870002567280e-02
3.339908658274447911e-02
3.164567206252216769e-02
2.948004462596015562e-02
2.683640404095727003e-02
2.380852366515565435e-02
2.076023276850486043e-02
1.825643827475817438e-02
1.671747374121971413e-02
1.611023765880501696e-02
nan
