#Variance for the Conditional distribution of radius given mass from initial fitting w/o bootstrap
nan
4.605379117967597219e-03
4.983582151195793154e-03
5.607629489340019285e-03
6.380820071488384378e-03
7.178847618872869971e-03
7.907849283061508042e-03
8.525266107379966124e-03
9.028708045513108779e-03
9.436833948345532685e-03
9.775548641581722001e-03
1.007102861787556591e-02
1.034698986675202173e-02
1.062373396012218814e-02
1.091754319592260457e-02
1.123985986244979696e-02
1.159629197861110697e-02
1.198589183258964332e-02
1.240129644788516040e-02
1.283010202385034826e-02
1.325732285090782531e-02
1.366825632118843885e-02
1.405089344794074706e-02
1.439728366213463041e-02
1.470375925476690056e-02
1.497032483708599614e-02
1.519965703655013455e-02
1.539608290435015917e-02
1.556474332938508412e-02
1.571100260507178256e-02
1.584007599578173692e-02
1.595680908756758054e-02
1.606553718913136808e-02
1.616996457081794347e-02
1.627302445239971196e-02
1.637670982510972678e-02
1.648190123332806886e-02
1.658825321280450737e-02
1.669421933530761126e-02
1.679727647012785319e-02
1.689434563632947334e-02
1.698232371389441289e-02
1.705858505962886545e-02
1.712132187528618218e-02
1.716966124857021575e-02
1.720358124596454985e-02
1.722370316450310551e-02
1.723104612954802495e-02
1.722680684197152451e-02
1.721219425906707345e-02
1.718832245095002972e-02
1.715615008112812354e-02
1.711645011971490646e-02
1.706979451578821000e-02
1.701654224692506628e-02
1.695682342067588930e-02
1.689051604466367679e-02
1.681721548803405755e-02
1.673619961415135152e-02
1.664639528544287900e-02
1.654635468262758563e-02
1.643425286724254850e-02
1.630792129058500003e-02
1.616493509304976414e-02
1.600277375940395430e-02
1.581907245366409240e-02
1.561197132094530385e-02
1.538054807505080321e-02
1.512528356414186322e-02
1.484846587359084716e-02
1.455440197708550779e-02
1.424930262795762702e-02
1.394075919393253545e-02
1.363684023071244297e-02
1.334496275938713838e-02
1.307077462861390947e-02
1.281726997858724515e-02
1.258425141931947266e-02
1.236810461159316109e-02
1.216173370996483961e-02
1.195446672034409900e-02
1.173179700830457445e-02
1.147500225709945434e-02
1.116103901906105936e-02
1.076375010363641270e-02
1.025829707518577209e-02
9.631065234339913211e-03
8.894816682500259267e-03
8.101276908232351442e-03
7.335558878669421780e-03
6.684884697871652272e-03
6.200692597408079439e-03
5.884409597213522726e-03
5.702445822930705781e-03
5.610649674894024885e-03
5.570911911268187217e-03
5.556912250511726603e-03
5.553342245725503487e-03
5.552846831475249934e-03
nan
