#Upper limit for the Conditional distribution of radius given mass from initial fitting w/o bootstrap
9.418493395285745963e-09
4.228100467300461851e-01
4.307965303996580397e-01
4.388787897466381871e-01
4.470528257877222633e-01
4.553140735531892025e-01
4.636573853293576297e-01
4.720770198979002963e-01
4.805666388295680158e-01
4.891193108715315985e-01
4.977275253687874490e-01
5.063832134835187793e-01
5.150777935944006458e-01
5.238021878696559330e-01
5.325469100804913758e-01
5.413021107600417547e-01
5.500576566059041106e-01
5.588032130147371213e-01
5.675283331408389476e-01
5.762225515400982712e-01
5.848754802052082979e-01
5.934769046378541857e-01
6.020168775531361538e-01
6.104858078769093144e-01
6.188745428752322475e-01
6.271744426305437825e-01
6.353774376773517751e-01
6.434760924356093259e-01
6.514636287441064599e-01
6.593339733851765194e-01
6.670817522049747872e-01
6.747023086571857231e-01
6.821916927507912787e-01
6.895466453119364347e-01
6.967645740248110675e-01
7.038435226930322974e-01
7.107821351406162780e-01
7.175796151186828453e-01
7.242356834958069145e-01
7.307505338922312133e-01
7.371247877802701298e-01
7.433594499247070386e-01
7.494558648862428285e-01
7.554156751649010459e-01
7.612407814237677206e-01
7.669333051099614940e-01
7.724955536812306844e-01
7.779299885538040193e-01
7.832391958099912399e-01
7.884258596080783166e-01
7.934927370956965653e-01
7.984426412254768124e-01
8.032784221243386424e-01
8.080029322488456733e-01
8.126190418185276210e-01
8.171296061812283185e-01
8.215374599470629535e-01
8.258454077234121948e-01
8.300562162927566101e-01
8.341726080831051160e-01
8.381972558415636820e-01
8.421327780638588889e-01
8.459817358724605052e-01
8.497466301176769266e-01
8.534298994639432090e-01
8.570339190147605590e-01
8.605609994564585863e-01
8.640133866480506075e-01
8.673932615923568568e-01
8.707027407308618461e-01
8.739438765114332375e-01
8.771186581840614283e-01
8.802290127852552271e-01
8.832768062766414019e-01
8.862638448077152509e-01
8.891918760766217567e-01
8.920625907663520815e-01
8.948776240368270241e-01
8.976385570560987404e-01
9.003469185563084398e-01
9.030041864021759457e-01
9.056117891616587423e-01
9.081711076700604846e-01
9.106834765802873655e-01
9.131501858932148386e-01
9.155724824631784609e-01
9.179515714745800636e-01
9.202886178863713962e-01
9.225847478419165748e-01
9.248410500422978853e-01
9.270585770816817117e-01
9.292383471376731707e-01
9.313813445627587839e-01
9.334885205763648885e-01
9.355607909368560682e-01
9.375990563799229127e-01
9.396041737148901341e-01
9.415769768870779766e-01
9.435182729998973228e-01
9.418493395285745963e-09
