#Lower limit for the Conditional distribution of radius given mass from initial fitting w/o bootstrap
9.265769027398618268e-09
-9.412476807688407998e-02
-1.180519641677949677e-01
-1.366527217395959171e-01
-1.513516151545213906e-01
-1.632173166786654028e-01
-1.729827864758697042e-01
-1.811457326299632520e-01
-1.880475714961029332e-01
-1.939250583983429810e-01
-1.989428291691657524e-01
-2.032139114407841840e-01
-2.068127935228964431e-01
-2.097838309295328441e-01
-2.121466853287710952e-01
-2.138998565348104175e-01
-2.150230056181643423e-01
-2.154785861049339224e-01
-2.152132087916168446e-01
-2.141591968301728710e-01
-2.122368962295010097e-01
-2.093585446054923582e-01
-2.054348838885898809e-01
-2.003861089280223051e-01
-1.941590058319200562e-01
-1.867512459787677159e-01
-1.782406292531763803e-01
-1.688106438001056309e-01
-1.587567332083022198e-01
-1.484584102890962876e-01
-1.383180776603294693e-01
-1.286897942964689290e-01
-1.198285493983963779e-01
-1.118750873663865025e-01
-1.048699746508916508e-01
-9.878106143110734760e-02
-9.353131156685028091e-02
-8.902074175751314988e-02
-8.514130090900409731e-02
-8.178578263930498526e-02
-7.885249789182742497e-02
-7.624716394361358285e-02
-7.388309280339434848e-02
-7.168041803914712573e-02
-6.956474252985782314e-02
-6.746553628935655911e-02
-6.531436290094966290e-02
-6.304301788019536779e-02
-6.058158178200245825e-02
-5.785636478877186767e-02
-5.478769361664570514e-02
-5.128746736268989526e-02
-4.725637943670138452e-02
-4.258066042488998365e-02
-3.712813095024413562e-02
-3.074324783277029155e-02
-2.324065451466330798e-02
-1.439646404995067151e-02
-3.936037631435852259e-03
8.483743380093536693e-03
2.330094920593855576e-02
4.108890724523031612e-02
6.261748401600826519e-02
8.894086062298134365e-02
1.214907230074155492e-01
1.620038149071525435e-01
2.115318795348042902e-01
2.671341211655890446e-01
3.198163931166602136e-01
3.620903285837301366e-01
3.932247276777325884e-01
4.154846257320394254e-01
4.311955677641457485e-01
4.421307000623424521e-01
4.495769273147907641e-01
4.544746834392984214e-01
4.575242899455411183e-01
4.592572556075187884e-01
4.600837215876771302e-01
4.603248528063427214e-01
4.602357529002721881e-01
4.600223206738579540e-01
4.598541909479882395e-01
4.598751784907968987e-01
4.602122493841887541e-01
4.609838624021934672e-01
4.623085077818744892e-01
4.643144329265591064e-01
4.671519617218658493e-01
4.710106792685646027e-01
4.761455089565973520e-01
4.829193799227535222e-01
4.918783830547873714e-01
5.038951421362383165e-01
5.204695813352111511e-01
5.444413489886360535e-01
5.819730293056294412e-01
6.492040318248228914e-01
7.832919252259953335e-01
9.265769027398618268e-09
