#Sequence of radius points for initial fitting w/o bootstrap
-1.657515773784154378e+00
-1.624535336747150005e+00
-1.591554899710145410e+00
-1.558574462673140815e+00
-1.525594025636136442e+00
-1.492613588599132068e+00
-1.459633151562127473e+00
-1.426652714525122878e+00
-1.393672277488118505e+00
-1.360691840451114132e+00
-1.327711403414109537e+00
-1.294730966377104942e+00
-1.261750529340100568e+00
-1.228770092303096195e+00
-1.195789655266091600e+00
-1.162809218229087005e+00
-1.129828781192082632e+00
-1.096848344155078259e+00
-1.063867907118073663e+00
-1.030887470081069068e+00
-9.979070330440646952e-01
-9.649265960070602111e-01
-9.319461589700557269e-01
-8.989657219330512428e-01
-8.659852848960467586e-01
-8.330048478590422745e-01
-8.000244108220377903e-01
-7.670439737850333062e-01
-7.340635367480288220e-01
-7.010830997110243379e-01
-6.681026626740198537e-01
-6.351222256370154806e-01
-6.021417886000108854e-01
-5.691613515630062903e-01
-5.361809145260019172e-01
-5.032004774889975440e-01
-4.702200404519929489e-01
-4.372396034149883537e-01
-4.042591663779839806e-01
-3.712787293409796074e-01
-3.382982923039750123e-01
-3.053178552669704171e-01
-2.723374182299660440e-01
-2.393569811929616709e-01
-2.063765441559570757e-01
-1.733961071189524805e-01
-1.404156700819481074e-01
-1.074352330449437343e-01
-7.445479600793913910e-02
-4.147435897093454393e-02
-8.493921933930170809e-03
2.448651510307420232e-02
5.746695214007879748e-02
9.044738917708339265e-02
1.234278262140877658e-01
1.564082632510921389e-01
1.893887002880967341e-01
2.223691373251013292e-01
2.553495743621057024e-01
2.883300113991100755e-01
3.213104484361146707e-01
3.542908854731192658e-01
3.872713225101234169e-01
4.202517595471280121e-01
4.532321965841326072e-01
4.862126336211372024e-01
5.191930706581417976e-01
5.521735076951459487e-01
5.851539447321505438e-01
6.181343817691551390e-01
6.511148188061592901e-01
6.840952558431638852e-01
7.170756928801684804e-01
7.500561299171730756e-01
7.830365669541776708e-01
8.160170039911818218e-01
8.489974410281864170e-01
8.819778780651910122e-01
9.149583151021951632e-01
9.479387521391997584e-01
9.809191891762043536e-01
1.013899626213208949e+00
1.046880063250213544e+00
1.079860500287217695e+00
1.112840937324222290e+00
1.145821374361226885e+00
1.178801811398231036e+00
1.211782248435235632e+00
1.244762685472240227e+00
1.277743122509244822e+00
1.310723559546249417e+00
1.343703996583253568e+00
1.376684433620258163e+00
1.409664870657262759e+00
1.442645307694266910e+00
1.475625744731271505e+00
1.508606181768276100e+00
1.541586618805280695e+00
1.574567055842285290e+00
1.607547492879289663e+00
