#Weights for Beta densities from initial fitting w/o bootstrap
0.000000000000000000e+00
0.000000000000000000e+00
0.000000000000000000e+00
0.000000000000000000e+00
0.000000000000000000e+00
0.000000000000000000e+00
0.000000000000000000e+00
0.000000000000000000e+00
0.000000000000000000e+00
0.000000000000000000e+00
0.000000000000000000e+00
0.000000000000000000e+00
0.000000000000000000e+00
0.000000000000000000e+00
0.000000000000000000e+00
0.000000000000000000e+00
3.676844199218276543e-02
0.000000000000000000e+00
0.000000000000000000e+00
6.128428496069111624e-12
0.000000000000000000e+00
1.511951994971018343e-01
1.293733650673262322e-11
8.191626309992133175e-12
6.967597551006983058e-12
1.149690665378176173e-11
1.762596072730461744e-11
1.745559247879648735e-11
1.423234309457029365e-11
0.000000000000000000e+00
0.000000000000000000e+00
7.990309262515404853e-02
0.000000000000000000e+00
0.000000000000000000e+00
5.648089663149562787e-12
1.318581761292304057e-11
2.803978127244706681e-11
1.245827277741247586e-11
9.246399431703173136e-12
8.623621793485469810e-12
1.292898068616191187e-11
1.851385148402794327e-11
1.791955565963978994e-11
1.452651221148216853e-11
0.000000000000000000e+00
0.000000000000000000e+00
0.000000000000000000e+00
0.000000000000000000e+00
3.545198022163358119e-13
7.260188338912196260e-12
1.085720034128814310e-11
1.181217480893250138e-11
1.153450629077395519e-11
1.071015583880852309e-11
1.119133772023234234e-11
1.515574190411168550e-11
1.987777475562587824e-11
1.863623288985411896e-11
1.503345480809852741e-11
0.000000000000000000e+00
0.000000000000000000e+00
0.000000000000000000e+00
0.000000000000000000e+00
8.069322667613866942e-12
1.058411867605144751e-11
9.342026758412806968e-12
9.108807909453260599e-12
1.083576058129338821e-11
1.267673983079395698e-11
1.442683073394170675e-11
1.791112863197381823e-11
0.000000000000000000e+00
1.946178403008052535e-11
1.578467749461993805e-11
0.000000000000000000e+00
0.000000000000000000e+00
0.000000000000000000e+00
1.690722529046120577e-12
1.308107531744591640e-11
1.391362403465409050e-11
9.258248540768083588e-12
7.812251047081295388e-12
1.074426171360334169e-11
1.460976243855075923e-11
1.740525280696831890e-11
0.000000000000000000e+00
6.214184823496298610e-02
1.997157549432475727e-11
1.673000071046811969e-11
0.000000000000000000e+00
0.000000000000000000e+00
0.000000000000000000e+00
2.524939153018534988e-12
1.420466179535087303e-01
1.771104107249964974e-11
1.074322163962394665e-11
8.021951320364243689e-12
1.072444241202234164e-11
1.544466280308242771e-11
1.894625156265529394e-11
2.214669269517524283e-02
2.240064366175962272e-11
1.967861484281274102e-11
1.547202873104858368e-11
0.000000000000000000e+00
0.000000000000000000e+00
0.000000000000000000e+00
1.158227564260598812e-12
6.578234986047249653e-11
6.740140925188439769e-02
1.161048659319257719e-11
7.553824595973162041e-12
9.158977538570234800e-12
1.417249727848948331e-11
1.854291862038805644e-11
0.000000000000000000e+00
2.079154993765660225e-11
1.833351103012854856e-11
0.000000000000000000e+00
0.000000000000000000e+00
0.000000000000000000e+00
0.000000000000000000e+00
0.000000000000000000e+00
1.072612199238290277e-11
1.204596192742592121e-11
6.606745501895266797e-12
2.453772514804599292e-12
4.101652653973969444e-12
1.041204517276709206e-11
1.644205739869158327e-11
0.000000000000000000e+00
1.781471186219289304e-11
1.598027248208027420e-11
0.000000000000000000e+00
0.000000000000000000e+00
0.000000000000000000e+00
0.000000000000000000e+00
0.000000000000000000e+00
0.000000000000000000e+00
0.000000000000000000e+00
0.000000000000000000e+00
0.000000000000000000e+00
0.000000000000000000e+00
4.502874303092704552e-12
1.229188571091726219e-11
0.000000000000000000e+00
1.294080782806260999e-11
1.242455838345818631e-11
1.355558721779896126e-10
0.000000000000000000e+00
0.000000000000000000e+00
0.000000000000000000e+00
0.000000000000000000e+00
0.000000000000000000e+00
0.000000000000000000e+00
0.000000000000000000e+00
0.000000000000000000e+00
0.000000000000000000e+00
0.000000000000000000e+00
5.907978624955468813e-12
7.082400930301373406e-12
5.289742677239297032e-12
6.740258238313992566e-12
1.097033848835161501e-01
0.000000000000000000e+00
0.000000000000000000e+00
0.000000000000000000e+00
0.000000000000000000e+00
0.000000000000000000e+00
0.000000000000000000e+00
0.000000000000000000e+00
0.000000000000000000e+00
0.000000000000000000e+00
0.000000000000000000e+00
0.000000000000000000e+00
0.000000000000000000e+00
0.000000000000000000e+00
0.000000000000000000e+00
2.552488739634045282e-11
0.000000000000000000e+00
0.000000000000000000e+00
0.000000000000000000e+00
0.000000000000000000e+00
0.000000000000000000e+00
0.000000000000000000e+00
0.000000000000000000e+00
0.000000000000000000e+00
9.413241317621612694e-12
1.025749974084678995e-01
1.378692982590119243e-01
0.000000000000000000e+00
0.000000000000000000e+00
0.000000000000000000e+00
0.000000000000000000e+00
0.000000000000000000e+00
0.000000000000000000e+00
0.000000000000000000e+00
0.000000000000000000e+00
0.000000000000000000e+00
0.000000000000000000e+00
0.000000000000000000e+00
0.000000000000000000e+00
0.000000000000000000e+00
0.000000000000000000e+00
0.000000000000000000e+00
0.000000000000000000e+00
0.000000000000000000e+00
0.000000000000000000e+00
8.824901794637680930e-02
0.000000000000000000e+00
0.000000000000000000e+00
0.000000000000000000e+00
0.000000000000000000e+00
0.000000000000000000e+00
0.000000000000000000e+00
0.000000000000000000e+00
0.000000000000000000e+00
0.000000000000000000e+00
0.000000000000000000e+00
0.000000000000000000e+00
0.000000000000000000e+00
0.000000000000000000e+00
0.000000000000000000e+00
0.000000000000000000e+00
0.000000000000000000e+00
