#Conditional distribution of radius given mass from initial fitting w/o bootstrap
-1.402857365599097794e-01
-1.216848857044553062e-01
-1.216813338103728687e-01
-1.216557289027227207e-01
-1.215551176694942281e-01
-1.212677780118267684e-01
-1.205939236495630479e-01
-1.192150495764409540e-01
-1.166721824424736265e-01
-1.123743992521142182e-01
-1.056703070853998311e-01
-9.601180546927587378e-02
-8.319719063285234417e-02
-6.759529934683178309e-02
-5.018864253450516788e-02
-3.234096191655431302e-02
-1.538985821427922215e-02
-2.983902843234991463e-04
1.247390808938617264e-02
2.289709039809138813e-02
3.120904719542290720e-02
3.776439858072647843e-02
4.293404834641682821e-02
4.705394073288976520e-02
5.040699525755887311e-02
5.322288825826033964e-02
5.568548200858786795e-02
5.794234207553095040e-02
6.011378378061185690e-02
6.230051619757638603e-02
6.458972030319032331e-02
6.705970276295952770e-02
6.978334791831197759e-02
7.283057547669141707e-02
7.626996249350974366e-02
8.016963372480222227e-02
8.459747638653246360e-02
8.962069900447243442e-02
9.530473231021610592e-02
1.017114656326141980e-01
1.088968276976279292e-01
1.169077585952040393e-01
1.257786807466999002e-01
1.355276585252594701e-01
1.461525309964671615e-01
1.576273956391652242e-01
1.698998918728835406e-01
1.828897567567204230e-01
1.964890779384114994e-01
2.105645370163096719e-01
2.249617238623546067e-01
2.395113356260891446e-01
2.540368001888282934e-01
2.683626403462607835e-01
2.823227739537411685e-01
2.957679566124898907e-01
3.085717150230492534e-01
3.206343573035064232e-01
3.318849276252313074e-01
3.422812394449691875e-01
3.518083298556841654e-01
3.604758043099471898e-01
3.683145861394488407e-01
3.753735662557580732e-01
3.817165917199946690e-01
3.874201656806067207e-01
3.925721804213977983e-01
3.972719899486585882e-01
4.016321646535291889e-01
4.057823722314183312e-01
4.098760103980745861e-01
4.141004916278543391e-01
4.186924537372443411e-01
4.239596164178361937e-01
4.303114041815793156e-01
4.383004608780091682e-01
4.486759196911292991e-01
4.624448470290184465e-01
4.809269628201209845e-01
5.057639474022624926e-01
5.388042721115293698e-01
5.817391435978148673e-01
6.353735530578621393e-01
6.986040917559722674e-01
7.676182010132577282e-01
8.362088683503088316e-01
8.976408087021346960e-01
9.471168748746160437e-01
9.831322630031557042e-01
1.007037250850285615e+00
1.021623045210988456e+00
1.029836897286909414e+00
1.034095365554817736e+00
1.036105870037898669e+00
1.036951270338261732e+00
1.037255666269272014e+00
1.037343171289007548e+00
1.037360714890322555e+00
1.037362520050694403e+00
1.037362557662824925e+00
