-2.257746002548770003e-01
-2.257735580833504507e-01
-2.257720094237445352e-01
-2.257692771054503056e-01
-2.257573802031929422e-01
-2.256679786345379968e-01
-2.251003079479547420e-01
-2.221680846767301043e-01
-2.073244800601639626e-01
-4.618884943632989293e-02
8.029490046841020190e-02
1.455355795681251840e-01
1.913349104830179559e-01
2.303864970198334361e-01
2.672803039162299776e-01
3.025164308478011099e-01
3.354830501365999029e-01
3.656169125803122588e-01
3.926152520204407304e-01
4.164553769042039222e-01
4.373476717484230947e-01
4.556415076361026717e-01
4.717350420720324289e-01
4.860176828263025883e-01
4.988436847217155856e-01
5.105252748982533895e-01
5.213355621359645475e-01
5.315155507356944531e-01
5.412825437018700114e-01
5.508388937451927925e-01
5.603809195401093790e-01
5.701082366527419065e-01
5.802339541614447427e-01
5.909961649336884504e-01
6.026706260550307448e-01
6.155825440271708304e-01
6.301094572142865724e-01
6.466522377643447728e-01
6.655240312509586031e-01
6.867009850459844245e-01
7.095280031649808805e-01
7.327843986998382464e-01
7.552958042642895498e-01
7.764686930651131247e-01
7.962977265360489110e-01
8.151378084702091131e-01
8.335459317670311785e-01
8.522420853143148900e-01
8.721545435913349298e-01
8.945219917037093849e-01
9.210019611611665047e-01
9.534876692465553694e-01
9.924580576375056085e-01
1.033512872431542329e+00
1.069809379862956433e+00
1.098971022221296723e+00
1.121911672309421348e+00
1.139977790459448581e+00
1.154230663704931104e+00
1.165473284727795322e+00
1.174342384209066781e+00
1.181356777207611453e+00
1.186935461226536814e+00
1.191407219944802698e+00
1.195021894252908723e+00
1.197964453810879570e+00
1.200369722745252110e+00
1.202335691791870831e+00
1.203934373930349633e+00
1.205220021393585306e+00
1.206234989046701234e+00
1.207013695178207779e+00
1.207585129761675091e+00
1.207974285318088814e+00
1.208202784930613172e+00
1.208288873699161270e+00
1.208246823530636282e+00
1.208085663896917517e+00
1.207806969759019911e+00
1.207401180530614626e+00
1.206841566883270378e+00
1.206074564555780659e+00
1.205005168089853251e+00
1.203477995033119807e+00
1.201263057338155305e+00
1.198079129287551448e+00
1.193726964447107131e+00
1.188385848199602801e+00
1.182867353181419778e+00
1.178321844993311940e+00
1.175489093865575541e+00
1.174416563014850423e+00
1.174849753579525258e+00
1.176687933208347747e+00
1.180186805841157094e+00
1.185809428748102468e+00
1.193298463238420926e+00
1.200260002966450745e+00
1.203782469237356434e+00
1.204330486243458731e+00
