#Akaike Information Criterion from bootstrap run
7.659015966463960012e+02
7.731892115684061082e+02
7.169498888252452389e+02
7.727985110802727604e+02
7.515927586933505609e+02
7.689235172078158485e+02
7.588955360935980252e+02
7.421786971386964069e+02
8.011167107291760203e+02
7.488798676278115636e+02
7.247686146903213285e+02
7.622884763897434368e+02
7.617000289829018129e+02
7.462769907517063075e+02
7.822175422782711394e+02
7.528847106846003499e+02
8.126425682919347082e+02
7.138351610572663049e+02
7.967722616091427881e+02
7.281812504052195436e+02
7.899753227908629469e+02
7.684797892723114501e+02
7.607925996523133563e+02
7.875969984651273990e+02
7.931705471078480514e+02
7.358992220811493326e+02
8.087881925694434813e+02
7.635224092286912310e+02
7.652753531660705448e+02
7.387497514213541763e+02
7.962628165706908021e+02
7.908736012511450326e+02
7.700888550182938843e+02
7.431648323343245011e+02
7.926296282915620850e+02
7.618420603035259546e+02
7.450688588470743525e+02
7.217986707904955210e+02
7.810743207443298388e+02
7.319599569950999012e+02
7.491410775678748450e+02
7.584278114354486888e+02
7.141844888430841820e+02
7.868226289513179381e+02
7.666539963607129948e+02
7.784173340762270072e+02
7.542088609174622889e+02
7.791464784245281407e+02
7.841785699433964965e+02
7.746439035900326644e+02
