#Variance for the Conditional distribution of mass given radius from initial fitting w/o bootstrap
nan
7.134318341852506629e-02
7.916650159742996684e-02
9.158242209248297627e-02
1.065409337806381973e-01
1.217389179437894514e-01
1.355390296600644806e-01
1.472016672549417982e-01
1.566441631765833897e-01
1.641148541233554692e-01
1.699663222811429175e-01
1.745410195448063029e-01
1.781287445039085870e-01
1.809593998877312704e-01
1.832096043068525693e-01
1.850129611604793556e-01
1.864698878242597724e-01
1.876557319933234991e-01
1.886270495242699241e-01
1.894263071195396719e-01
1.900853525661797550e-01
1.906279648161939011e-01
1.910717380111260910e-01
1.914294976349061039e-01
1.917104015528237060e-01
1.919208432349202020e-01
1.920652450838311043e-01
1.921468016256526468e-01
1.921682011754502761e-01
1.921323188279968341e-01
1.920428363269260918e-01
1.919047144615102507e-01
1.917244340807378322e-01
1.915099435448995024e-01
1.912703040021121181e-01
1.910150942239209337e-01
1.907536970708240132e-01
1.904946145669912938e-01
1.902449383064700184e-01
1.900100474996840039e-01
1.897935424789130299e-01
1.895973701111211274e-01
1.894220713372919418e-01
1.892670791959767118e-01
1.891310095927231649e-01
1.890119066896077671e-01
1.889074226986680871e-01
1.888149243953635426e-01
1.887315250629275631e-01
1.886540415993621100e-01
1.885788733072620293e-01
1.885017922899052123e-01
1.884176256652722037e-01
1.883197966171423765e-01
1.881996736737796549e-01
1.880456541190495823e-01
1.878418765040646699e-01
1.875664178056228593e-01
1.871887841671673602e-01
1.866664579944480318e-01
1.859402409212117524e-01
1.849281857321493638e-01
1.835181554196278764e-01
1.815597019357413910e-01
1.788573749745614450e-01
1.751701741608713003e-01
1.702257195559353231e-01
1.637613875605455349e-01
1.556032204842336120e-01
1.457780172516075223e-01
1.346194718024454617e-01
1.227933694364662653e-01
1.111782796351708791e-01
1.006262998733598590e-01
9.172872402197256025e-02
8.471215222694530866e-02
7.948707893279996495e-02
7.577675780186705901e-02
7.324305865199123855e-02
7.156832558956023604e-02
7.049208509434518044e-02
6.981793289630798538e-02
6.940591871286973247e-02
6.916032552640954956e-02
6.901775782647083524e-02
6.893736332173241999e-02
6.889348195685993104e-02
6.887040751085621304e-02
6.885878974610709635e-02
6.885323337543421129e-02
6.885073607367500625e-02
6.884969785306294110e-02
6.884931007254932456e-02
6.884919075829519508e-02
6.884917577449772841e-02
6.884920621125951989e-02
6.884927535366786033e-02
6.884942330149108891e-02
6.884987955984669949e-02
nan
