1.383833037319359391e+03
1.316694778652662080e+03
1.337032003787150416e+03
1.351123498452383728e+03
1.392491221600424296e+03
1.351076452388234884e+03
1.350755016438292159e+03
1.368077108293132824e+03
1.372849113214082081e+03
1.372888283318660115e+03
1.422617343286893856e+03
1.359485057365067860e+03
1.378201468348896469e+03
1.357850888377225829e+03
1.375049021726666069e+03
1.374768215021855667e+03
1.318320464638178464e+03
1.332462533130237262e+03
1.378295865374939467e+03
1.286703657624248763e+03
1.341389812617118423e+03
1.344668369602057055e+03
1.307369390319596732e+03
1.379483812174678178e+03
1.328383496449722770e+03
1.366502323395485746e+03
1.339685319716307731e+03
1.366458552982381889e+03
1.280951467410024406e+03
1.384405135894605792e+03
1.366359980922526802e+03
1.376792601705458765e+03
1.305777586792501552e+03
1.405945879964808000e+03
1.279300183596683382e+03
1.382520463913888989e+03
1.379287325808072410e+03
1.352132725223430953e+03
1.341124765592393715e+03
1.320572441323982275e+03
1.418954473824194565e+03
1.358052352312962739e+03
1.364545296408437025e+03
1.380618005730513687e+03
1.333360428389058825e+03
1.350752724057139403e+03
1.386646515417717637e+03
1.342822322108039998e+03
1.343537144684726172e+03
1.370366183740966335e+03
1.311111024081774303e+03
1.341392477800324059e+03
1.335060738407476492e+03
1.356557231167480040e+03
1.404190181676770635e+03
1.345413525432923052e+03
1.425156701794715673e+03
1.374997459489234188e+03
1.299068465514928675e+03
1.394787065717544237e+03
1.388754124265259406e+03
1.366866156893512652e+03
1.401647758025666235e+03
1.318384794107929110e+03
1.403479447335268333e+03
1.334853746012986448e+03
1.406860817077252705e+03
1.326515721350824606e+03
1.351737854751431996e+03
1.344674627867181243e+03
1.358853859069005239e+03
1.381883462853993706e+03
1.342556000882784474e+03
1.360572468142428534e+03
1.339222135825947134e+03
1.338047879277285119e+03
1.402301150101415715e+03
1.378402885539150475e+03
1.353877351801006625e+03
1.411841386752627386e+03
1.349912279725306007e+03
1.321162521164394548e+03
1.389723529832958775e+03
1.337318770617109067e+03
1.347002069358513609e+03
1.404282540094679007e+03
1.424459952385343513e+03
1.367872649087783884e+03
1.396670054704816721e+03
1.354728773886596628e+03
1.341927760619371156e+03
1.383126683171629111e+03
1.345143625030418889e+03
1.362201118743756524e+03
1.337238529181223839e+03
1.358882510266422969e+03
1.387889465172825112e+03
1.369553710761158072e+03
1.370819178769478640e+03
1.314539915098666370e+03
