-1.690412978142916911e+00
-1.690263529377985963e+00
-1.688778677872017298e+00
-1.683333214450930759e+00
-1.669838563390794617e+00
-1.642942328594558132e+00
-1.596204070999235114e+00
-1.520922158475605190e+00
-1.400867934900070111e+00
-1.202037681936038771e+00
-9.601831005650935946e-01
-8.166031026928345371e-01
-7.399354540207622177e-01
-6.944604148653823472e-01
-6.652907191155493782e-01
-6.454844500407548313e-01
-6.313918394267605816e-01
-6.209189696912301715e-01
-6.127796076532950886e-01
-6.061341175215515520e-01
-6.003995828823546210e-01
-5.951428909098979148e-01
-5.900168757963563104e-01
-5.847200336411167987e-01
-5.789697264625852657e-01
-5.724834484232381726e-01
-5.649651766683032594e-01
-5.560951826373572437e-01
-5.455224434256503718e-01
-5.328591981289427792e-01
-5.176773433383157208e-01
-4.995063070324538557e-01
-4.778318438817547031e-01
-4.520949991697375547e-01
-4.216906108755825722e-01
-3.859658290588833252e-01
-3.442226238246644532e-01
-2.957370460433356718e-01
-2.398277520486354064e-01
-1.760444446961939025e-01
-1.045946844948925092e-01
-2.708367977887944644e-02
5.278016113164833711e-02
1.296150088759350227e-01
1.984866077108353444e-01
2.568911777531169838e-01
3.047829371423398936e-01
3.434327446748560164e-01
3.744628445786943871e-01
3.993881561332985330e-01
4.194785635822098069e-01
4.357563403679542979e-01
4.490355416942460320e-01
4.599675830423938794e-01
4.690820879266436871e-01
4.768212679165079737e-01
4.835690774435230099e-01
4.896771885675043623e-01
4.954899868844095390e-01
5.013708397660008309e-01
5.077319923891087106e-01
5.150706007339214132e-01
5.240135001620456201e-01
5.353731127482445062e-01
5.502161291431921786e-01
5.699451556631708327e-01
5.963922650307195150e-01
6.319260254825230794e-01
6.795899925995940727e-01
7.433423762648567745e-01
8.285993924239880570e-01
9.436100877828582645e-01
1.102862562245296552e+00
1.329783297028108491e+00
1.584373328872904274e+00
1.736699849051612565e+00
1.815919008242187882e+00
1.861911504388310767e+00
1.890961549093493232e+00
1.910477446996945661e+00
1.924331215799334416e+00
1.934740262205684846e+00
1.943046145106978484e+00
1.950085327960487280e+00
1.956386186026019214e+00
1.962282773927837010e+00
1.967984547949129359e+00
1.973620770334650221e+00
1.979269381530104788e+00
1.984975894098689020e+00
1.990765695455427586e+00
1.996651944310240623e+00
2.002640523894407831e+00
2.008733051224147914e+00
2.014928628403402477e+00
2.021224804072548675e+00
2.027618059329599820e+00
2.034104022793854050e+00
2.040677523459181408e+00
-1.288855086339490308e+00
