1.095111482989749030e-01
1.096177255442212922e-01
1.106819276910650934e-01
1.144698661288364727e-01
1.229847869195561660e-01
1.368160039646619253e-01
1.538580806420201397e-01
1.705407248117537522e-01
1.843257047374080304e-01
1.945604039511602545e-01
2.017388320464102713e-01
2.066571890580234105e-01
2.100147650056941595e-01
2.123224461731711699e-01
2.139265776459735868e-01
2.150550610607627200e-01
2.158564735763675024e-01
2.164275934338294460e-01
2.168314563809702333e-01
2.171088825618309459e-01
2.172857791102607017e-01
2.173777811685194683e-01
2.173932388175057184e-01
2.173351937675465084e-01
2.172027645566913245e-01
2.169922226380339991e-01
2.166979572896470807e-01
2.163134683490549603e-01
2.158324728461223641e-01
2.152501507303850870e-01
2.145644792889959407e-01
2.137775198231223750e-01
2.128964425234341484e-01
2.119340379459447588e-01
2.109084992584256135e-01
2.098423830633614484e-01
2.087608451172539847e-01
2.076894386978761775e-01
2.066518817336118752e-01
2.056681943386091671e-01
2.047534860094399889e-01
2.039174866292802479e-01
2.031647399839171808e-01
2.024952654117385675e-01
2.019054577384262750e-01
2.013890214250420585e-01
2.009377918905668470e-01
2.005423579253941546e-01
2.001924471636935821e-01
1.998770655258744755e-01
1.995843921363759099e-01
1.993014271737868215e-01
1.990133753371085834e-01
1.987027250140471768e-01
1.983479546456121123e-01
1.979217647799233482e-01
1.973886999714092039e-01
1.967019967597832542e-01
1.957994906387881817e-01
1.945984748233350048e-01
1.929896016254007141e-01
1.908303845974102797e-01
1.879397951694541935e-01
1.840970759470631768e-01
1.790502645203474186e-01
1.725423878734801963e-01
1.643636027793796139e-01
1.544313092291932921e-01
1.428829753149930548e-01
1.301411380436817700e-01
1.168963820496101980e-01
1.039802578566010882e-01
9.216641878758628781e-02
8.199298980010406857e-02
7.368598679060352208e-02
6.719444063851924553e-02
6.228870248879093963e-02
5.866375494948172092e-02
5.601408903992002863e-02
5.407400036673859489e-02
5.263156258081760214e-02
5.152733717001448110e-02
5.064633349440651744e-02
4.990827658941689171e-02
4.925862030293328558e-02
4.866118575384065920e-02
4.809252646448282376e-02
4.753780068160851774e-02
4.698784272587667316e-02
4.643713842156201033e-02
4.588245849478126553e-02
4.532195825127605798e-02
4.475460017984757982e-02
4.417979516696099451e-02
4.359718802097824891e-02
4.300653542123897277e-02
4.240764084881387674e-02
4.180032307511220846e-02
4.118440571542438672e-02
1.434393251849155615e-01
