-1.366327465245460893e+00
-1.365175703720541645e+00
-1.353444979387264047e+00
-1.311178929735059118e+00
-1.215416616322195553e+00
-1.058958942947707538e+00
-8.652346247552000769e-01
-6.747047233681778833e-01
-5.164761887639407467e-01
-3.983069898668782916e-01
-3.148104160213359703e-01
-2.570298248781603401e-01
-2.170165139191503056e-01
-1.889077836164622937e-01
-1.686762943620004340e-01
-1.536135160713194003e-01
-1.418849977159661879e-01
-1.322134717369482515e-01
-1.236675457495050867e-01
-1.155236266945438156e-01
-1.071756600878422810e-01
-9.807578038614192528e-02
-8.769557943615013951e-02
-7.550229086216615759e-02
-6.094729228041758512e-02
-4.346639271155963713e-02
-2.249261225265978756e-02
2.517441267077229292e-03
3.204311927605558302e-02
6.644658891759593067e-02
1.059115241698818516e-01
1.503821360330536427e-01
1.995147345824771767e-01
2.526556561681690405e-01
3.088571919525693321e-01
3.669363608135103871e-01
4.255712354223497584e-01
4.834193676774911075e-01
5.392366867264171137e-01
5.919756418490930150e-01
6.408479945002164557e-01
6.853475399591812955e-01
7.252373012509428785e-01
7.605116138717052943e-01
7.913452410296177852e-01
8.180401272416503167e-01
8.409772176807839283e-01
8.605773839919984569e-01
8.772727751910637251e-01
8.914881544148564041e-01
9.036309151733145084e-01
9.140882614342705770e-01
9.232302374258142263e-01
9.314177124212995595e-01
9.390149372492582192e-01
9.464068186710845598e-01
9.540215527418660635e-01
9.623596479414724403e-01
9.720305062122319706e-01
9.837973031949146518e-01
9.986293080799619748e-01
1.017756935404141805e+00
1.042717100587219337e+00
1.075363034830232101e+00
1.117793244642392381e+00
1.172134215910457078e+00
1.240109365299026711e+00
1.322378963998907642e+00
1.417778767573534049e+00
1.522792765979860574e+00
1.631705535831679432e+00
1.737660609901883868e+00
1.834303532944769222e+00
1.917240612128166433e+00
1.984658789643975574e+00
2.037024913462731401e+00
2.076268612824549109e+00
2.104928910935288666e+00
2.125538522443364720e+00
2.140294480946806743e+00
2.150945695458813312e+00
2.158805713905049828e+00
2.164820432595271793e+00
2.169649186781006378e+00
2.173739297869684783e+00
2.177386968825976155e+00
2.180783797799213719e+00
2.184050788781668029e+00
2.187262442366518567e+00
2.190463382745730936e+00
2.193679563022731038e+00
2.196925635263283105e+00
2.200209669136035551e+00
2.203536078876540572e+00
2.206907369723432488e+00
2.210325129657741083e+00
2.213790556411408428e+00
2.217304708957693826e+00
2.220868556493706958e+00
3.025604425805890063e-01
