7.367200764569092897e-01
-2.235791567888920917e-01
-2.235789952456634366e-01
-2.235769153929154374e-01
-2.235673213925753189e-01
-2.235358331055308234e-01
-2.234518788160270997e-01
-2.232576179938466632e-01
-2.228522986281045448e-01
-2.220713496383503738e-01
-2.206604361574671380e-01
-2.182470658119994300e-01
-2.143171490837216808e-01
-2.082119455899782146e-01
-1.991707465867586513e-01
-1.864495521293578206e-01
-1.695307999082053818e-01
-1.483879922156968734e-01
-1.236923666200012151e-01
-9.681083956372242560e-02
-6.952497405289330412e-02
-4.357814898835598444e-02
-2.027679409399538862e-02
-3.140315436129803572e-04
1.617780989123891733e-02
2.945129609615537020e-02
3.995563138046624718e-02
4.819564893432035785e-02
5.464917865922647860e-02
5.973002603195463889e-02
6.377908175000683577e-02
6.706974797118635256e-02
6.981903885150483879e-02
7.219975980195482423e-02
7.435170002600050010e-02
7.639114525382351140e-02
7.841867150657871877e-02
8.052543967931598268e-02
8.279827152266094892e-02
8.532375694568175573e-02
8.819157292512236346e-02
9.149710857610077186e-02
9.534339734321017890e-02
9.984225814379309172e-02
1.051144446710966518e-01
1.112885020277232101e-01
1.184979466183001540e-01
1.268763448689247397e-01
1.365499089007975730e-01
1.476274042198520986e-01
1.601875270983678934e-01
1.742644840414010465e-01
1.898332564044131754e-01
2.067968214050137088e-01
2.249781700451892463e-01
2.441199827995085558e-01
2.638940180341473041e-01
2.839205919713753690e-01
3.037963101979516689e-01
3.231261195459081970e-01
3.415545486875061210e-01
3.587911829978865375e-01
3.746269214071192288e-01
3.889398209059163891e-01
4.016915595553252061e-01
4.129171051860314745e-01
4.227108068239263661e-01
4.312119461116205588e-01
4.385921260753319895e-01
4.450460894412036073e-01
4.507869091765906444e-01
4.560461140339455710e-01
4.610792326741441349e-01
4.661774279247844488e-01
4.716862689316822510e-01
4.780331025364973341e-01
4.857646079608560763e-01
4.955952040037388540e-01
5.084634076828165039e-01
5.255838792920973779e-01
5.484627834412050262e-01
5.788089285829569608e-01
6.182304776939845370e-01
6.676033608639659889e-01
7.261425421507610167e-01
7.905931599762798800e-01
8.553582154929966208e-01
9.140913878100729306e-01
9.620386292729888877e-01
9.975078436131277204e-01
1.021626694653726020e+00
1.037033539246853708e+00
1.046595362184131517e+00
1.052686857757509253e+00
1.056984560878125867e+00
1.060540202112257635e+00
1.063947149306891493e+00
1.067506183580041235e+00
1.071357503298266511e+00
1.075572915630880866e+00
