9.457562449961541204e-03
8.578684714703037824e-10
6.140767730656494274e-10
2.820913268945722658e-10
2.899727531826202858e-19
4.630597864939390052e-19
5.733112659172931663e-19
8.112492075235490147e-19
6.405044790680329989e-19
8.841315269968166046e-19
1.074077361871272798e-18
8.783370121958200447e-19
1.450722309055012360e-18
1.155142137627740211e-18
1.532216443697814343e-18
1.814721679916335970e-19
2.383904880673046499e-10
1.039762445314505618e-09
3.486062566359120619e-10
4.812921863034610900e-10
1.090099592255396883e-19
3.603050077782467050e-19
5.281099490785203499e-19
5.092042446568610660e-19
7.372744210092286811e-19
8.163608025389526347e-19
6.961438126777413649e-19
1.340670643477691795e-18
1.320057134336752703e-18
1.417691887004489759e-18
7.356583316728521494e-19
3.788324773111068423e-10
1.292802784677604310e-09
1.227551604695709597e-09
1.300626545884046074e-09
7.050328096115763544e-10
4.441964592732956465e-10
9.603431256594344105e-11
1.810125132288215139e-19
5.671344018199077472e-20
3.718210165502863083e-19
6.324327073787142690e-19
9.086547994377426462e-19
1.327426229831774341e-18
1.604918525714841212e-18
5.749314854384258430e-19
6.017863668894911260e-10
1.569539344957066863e-09
2.403861339465260183e-09
2.324369211007873156e-09
2.595045739530308748e-09
1.721806795752958487e-09
1.848671033652261130e-09
1.012907089818742842e-09
1.278019767835947149e-09
5.835010486559882811e-10
1.112048619421518960e-19
5.417271028952145822e-19
1.064360802466500739e-18
1.458769704394395714e-18
7.122777219454937211e-19
3.772117233067793962e-10
1.996021443384121311e-09
2.760572024026142000e-09
1.002880766692975517e-01
3.056765448467333358e-09
3.212296106553815851e-09
2.722114297684678398e-09
2.722148976774375865e-09
2.223236022736233561e-09
1.581102283651080173e-09
7.401544906605142836e-10
2.187481322789825864e-10
1.045150580300637848e-18
1.284887085784935081e-18
9.160523032642639631e-19
2.138347494745755117e-20
1.292877548863301669e-09
2.317447108385149309e-09
3.086962070436472372e-09
3.778667972322395592e-09
4.417882526255332287e-01
3.447308176305752984e-09
3.757796145419594894e-09
2.955016037346649995e-09
2.342381131930527259e-09
1.752351242562107156e-09
1.952200863584724285e-10
8.037542114521491293e-19
1.337148898306239490e-18
8.541854887583392099e-19
4.192655070386050187e-19
4.943108507839117089e-10
1.222784493748122999e-09
2.045322076983210564e-09
2.879651461719190645e-09
3.343345058443984714e-09
3.203502663047635929e-09
3.245054723110520889e-09
7.443424521451448561e-02
3.139909066879635219e-09
2.493174252078513071e-09
1.002522085909763896e-09
2.910894860402015367e-19
8.495803470364765800e-19
1.292748006420619537e-18
9.306729111231077100e-19
3.375093902248551200e-19
5.864858288111332501e-20
5.724765512507209797e-10
1.218783385151374556e-09
1.939872120786335857e-09
2.390592588705142090e-09
2.275460292763410836e-09
2.793521260341563053e-09
2.837827790539750022e-09
2.475128385809957942e-09
1.422025462117831908e-09
3.701624112719918661e-21
2.473784760793976653e-19
1.329219045425618831e-18
1.136493795744931138e-18
1.047238480964397496e-18
1.041627356951202444e-18
4.628949433108741556e-19
1.634399579790289496e-19
7.383626929775160877e-11
4.428575468270712969e-10
1.560986824245811071e-09
2.046817662639936677e-09
2.609209561613991537e-09
2.594190825283150921e-09
1.778837322686491018e-09
1.436822532658097447e-09
6.761653544752386260e-10
1.398235258157430673e-18
1.320435925885119796e-18
1.136320157558035674e-18
1.038467892847494368e-18
9.000235164565008307e-19
9.263050978103918806e-19
4.862509388292827581e-19
4.047355655795102436e-19
1.261433652273639500e-19
9.596607688273098613e-10
2.080529206363128845e-09
2.524298876979777917e-09
2.419763057403037009e-09
2.388810327753252311e-09
2.129326961648988098e-09
1.430725712175216959e-18
1.300682571860480290e-18
1.379620677356852069e-18
1.238768927980461812e-18
1.284475621169519801e-18
1.192143022665924386e-18
1.055868833086734344e-18
7.455794677237831191e-19
6.338786626251847248e-19
1.290648507859510181e-19
1.127345318099747217e-09
2.586922574311102055e-09
3.280580310009795220e-01
2.591362710316232708e-09
2.639496277340159183e-09
1.442785311325262165e-18
1.436516226315534448e-18
1.219807897477663446e-18
1.418827120556973566e-18
1.398035973515154463e-18
1.360140572540987648e-18
1.083614897411221517e-18
1.066507163246594077e-18
8.311463975832388633e-19
3.851461807444890185e-19
7.588664704238591107e-10
2.156613999166405939e-09
3.589579618051952733e-09
2.656365857565050684e-02
2.495805169008851178e-09
1.446893428939365435e-18
1.445625074367871740e-18
1.444157972700104123e-18
1.756045187015351986e-18
1.330592865194375251e-18
1.317634396468795221e-18
1.289592279786930553e-18
1.537249148484652316e-18
1.160748991170637026e-18
8.810344526598865032e-19
3.985880740174252905e-20
1.980118025640797562e-09
1.767102753791011219e-09
3.058876077728066143e-09
1.080922707759726793e-09
1.448555092764579508e-18
1.343553323624714171e-18
1.343174789794346349e-18
1.447623383758688787e-18
1.236484743996654938e-18
1.547304004038247743e-18
1.745412534805314314e-18
1.495803632471474321e-18
1.157205300586135061e-18
9.122146436614549987e-19
7.505882482485542369e-20
7.562146930624517808e-10
2.926752673919827929e-09
2.249152437326121243e-09
8.988810261305688697e-11
1.449471720482798420e-18
1.449448717957205208e-18
1.449451532438475473e-18
1.554194053295691030e-18
1.239246233933425244e-18
1.343092901960054459e-18
1.337658494762990934e-18
1.311684730616402435e-18
1.629842638060352428e-18
1.107347809083375948e-18
1.792358539871496622e-19
1.560004024868515124e-09
1.941018769801730950e-02
2.472736588164760216e-09
2.952563585051391802e-19
