#Akaike Information Criterion from bootstrap run
5.043051227997012802e+02
4.826086469890541935e+02
4.611940904862989328e+02
5.298666211316478893e+02
5.485043380882191286e+02
5.122449819334324275e+02
5.047226707572150417e+02
5.267954715665601952e+02
5.316500889578435363e+02
5.172825529646509040e+02
5.319119019491818108e+02
5.117866979610834051e+02
4.649977321319221915e+02
5.492763309748053189e+02
5.204113668265817978e+02
4.722028784049273327e+02
4.994689664960636151e+02
5.540235418457742753e+02
5.244825053779434256e+02
5.217825173765879754e+02
5.167819215103788792e+02
4.806452562625680685e+02
5.057371838640303849e+02
4.985554405974488645e+02
5.441204184524524408e+02
4.920935594691379720e+02
5.113885508810026295e+02
5.092033971786444226e+02
5.322675279536914559e+02
5.194348618431176874e+02
4.954212873643991202e+02
5.276224221089236153e+02
4.752047556386611404e+02
5.184694608795172144e+02
5.554508402035617110e+02
5.179198761222698977e+02
5.412800623580668571e+02
4.871595508354554909e+02
5.296718833568163518e+02
4.750391292099399152e+02
5.338879781149159953e+02
5.315435324565505653e+02
4.808581042685706848e+02
5.487716806047219507e+02
5.004771012856612060e+02
5.678963464232929255e+02
5.171323482629977661e+02
5.313964603967649509e+02
5.090541523248014073e+02
4.909584949226338608e+02
