#Bayesian Information Criterion from bootstrap run
6.591509335039775124e+02
6.336802742931074590e+02
6.955055056643162743e+02
7.246949035560653556e+02
6.584497360265811494e+02
6.381184298207739403e+02
6.980068923856122183e+02
6.523462174567081320e+02
6.953693063503858411e+02
6.452321856720870983e+02
6.793236582405917261e+02
6.551698856930448756e+02
6.259553430600535648e+02
6.524447820841664907e+02
7.150992943752135034e+02
6.358701010534091438e+02
6.755816921495979841e+02
7.443261008490295580e+02
6.531503975536772941e+02
6.612971993323328661e+02
6.942232770649081885e+02
6.244173258247353715e+02
6.745647304472993255e+02
6.767941996113490859e+02
6.696116654147210738e+02
6.046288532020635103e+02
7.169362522074394519e+02
6.365250481057437355e+02
6.979657342079970022e+02
6.734340485586827754e+02
6.631918057666944151e+02
6.606980579471091914e+02
6.534198503707879127e+02
6.894587555232039904e+02
6.782188665191745258e+02
6.544732397471757395e+02
6.591970467426622236e+02
6.738191991364201385e+02
6.832143943405968685e+02
6.918136560526354515e+02
6.882511275450951871e+02
6.352058354683938433e+02
6.505292137567832924e+02
6.630663345237943531e+02
7.264183798948224648e+02
6.690018319027639109e+02
6.618372975956974642e+02
6.426571175697896479e+02
7.166616492275568362e+02
6.514511712836034576e+02
