#Variance for the Conditional distribution of mass given radius from initial fitting w/o bootstrap
8.915404515568815802e-02
1.038276328228059514e-01
1.385379472286075164e-01
1.761446041070523216e-01
2.072156326748961497e-01
2.302572186764876849e-01
2.467679891222420152e-01
2.585850864405511151e-01
2.671520944157669830e-01
2.734760536877170467e-01
2.782352769336272069e-01
2.818850298274460653e-01
2.847337972104473924e-01
2.869937359381619646e-01
2.888132040676744117e-01
2.902976968182003348e-01
2.915234399360830397e-01
2.925463361043919019e-01
2.934079455361585098e-01
2.941395496245768348e-01
2.947649575663166543e-01
2.953024762178769747e-01
2.957663144902993868e-01
2.961675998615964645e-01
2.965151247782554789e-01
2.968159019914390906e-01
2.970755824396130729e-01
2.972987723702379403e-01
2.974892750239135908e-01
2.976502745177985187e-01
2.977844743631333779e-01
2.978941995457687342e-01
2.979814687525066397e-01
2.980480417612788036e-01
2.980954459536637735e-01
2.981249851492690506e-01
2.981377333527510665e-01
2.981345154399930863e-01
2.981158762218654168e-01
2.980820386739518879e-01
2.980328513926405742e-01
2.979677245294167776e-01
2.978855525684956929e-01
2.977846213485591531e-01
2.976624956813517242e-01
2.975158827740570500e-01
2.973404653977393952e-01
2.971306973378783911e-01
2.968795520993571246e-01
2.965782141231491087e-01
2.962156999560706105e-01
2.957783950298176756e-01
2.952494902194653381e-01
2.946083016559781775e-01
2.938294582049633119e-01
2.928819449753748971e-01
2.917280003592546134e-01
2.903218817090093551e-01
2.886085455601990479e-01
2.865223386926809002e-01
2.839858741036495604e-01
2.809093790546585145e-01
2.771909552377140873e-01
2.727183775270780042e-01
2.673732480354044094e-01
2.610384450797192391e-01
2.536097316535560475e-01
2.450119243746556041e-01
2.352189689528114691e-01
2.242755422931618225e-01
2.123156707791657716e-01
1.995721337069684409e-01
1.863703948381064956e-01
1.731036019247456370e-01
1.601907285496750599e-01
1.480262166300025661e-01
1.369333141632605721e-01
1.271323515782997737e-01
1.187298178430898077e-01
1.117271654026606720e-01
1.060431079791656767e-01
1.015414485763134755e-01
9.805774294168809191e-02
9.542079218691890130e-02
9.346759013146381523e-02
9.205215608443328978e-02
9.104955740051304258e-02
9.035661206513269372e-02
8.989057214537407581e-02
8.958676452683973779e-02
8.939584453471231817e-02
8.928105970656605161e-02
8.921573693844644937e-02
8.918108664422018383e-02
8.916434619248249371e-02
8.915724625886757571e-02
8.915476573565608853e-02
8.915413493963164626e-02
8.915404747409676200e-02
1.121625706926384913e-01
