2.015312142944022980e+03
1.459378349564722839e+03
1.881549628902957238e+03
4.154112972654172154e+03
3.451373087836518607e+03
2.149831239250645012e+03
2.717468690090242944e+03
2.023986674221943758e+03
1.678838157554445615e+03
1.510240840384664352e+03
2.987316192641515045e+03
1.838839668415270353e+03
1.522370652908572310e+03
1.782420784754362330e+03
2.200277295788937863e+03
3.621858337817101983e+03
1.957320667296117335e+03
1.542279288599730535e+03
3.057559320822473637e+03
1.200279146764511779e+03
2.609749369812413988e+03
2.900877547366025738e+03
1.448461242683305500e+03
2.634181355702307883e+03
2.531908722189803484e+03
3.764016006132356779e+03
1.943529004463683350e+03
1.717161301027254240e+03
1.799249232286038477e+03
1.666709320583463978e+03
3.130035467718579639e+03
2.187340074484879096e+03
1.293203613967199544e+03
2.958018441981256274e+03
2.026425909570815747e+03
2.664713880284066363e+03
1.775924511590709244e+03
2.580199888530232784e+03
2.063186330884749623e+03
1.774985810705520180e+03
2.798960361135527364e+03
2.317143448734848334e+03
2.069074973410132770e+03
2.911578540279952904e+03
1.595797909962062704e+03
4.271411782497430977e+03
2.188236536247226013e+03
2.109301680886399026e+03
1.538911076968639009e+03
1.912079400664733384e+03
