-3.481261543524427071e-01
-2.771039913631295759e-01
-6.117341148409208285e-02
2.214449897124722844e-01
4.326760630949059716e-01
5.630346368775294152e-01
6.446545787819311091e-01
6.983433598565924605e-01
7.354178645728765007e-01
7.621928410916459784e-01
7.823740639472132052e-01
7.982478126648618888e-01
8.112921116447051606e-01
8.225058011275023784e-01
8.325937001203860266e-01
8.420749180055114858e-01
8.513483170235462971e-01
8.607330966672305239e-01
8.704943451606478311e-01
8.808591109599739344e-01
8.920261930289665742e-01
9.041715148295204063e-01
9.174501752756960560e-01
9.319958282254496851e-01
9.479178151366655092e-01
9.652964105678475404e-01
9.841766160813119058e-01
1.004561141712858596e+00
1.026403516459338583e+00
1.049602600429516031e+00
1.074000004768321359e+00
1.099381890132622885e+00
1.125486155405531097e+00
1.152015110250074859e+00
1.178652524636553789e+00
1.205082846260627116e+00
1.231009801632668710e+00
1.256171791300012330e+00
1.280352363486971123e+00
1.303385236123461244e+00
1.325154405668708790e+00
1.345590550579910616e+00
1.364665150050474285e+00
1.382383604627476448e+00
1.398778333257767237e+00
1.413902475224731781e+00
1.427824530993192065e+00
1.440624065175088342e+00
1.452388465630712666e+00
1.463210688095215817e+00
1.473187896036875610e+00
1.482420914446345828e+00
1.491014442793373806e+00
1.499078010217990808e+00
1.506727702900386268e+00
1.514088750478441714e+00
1.521299129285144547e+00
1.528514432223809338e+00
1.535914379674355734e+00
1.543711520908467083e+00
1.552162929095071586e+00
1.561586070202132470e+00
1.572380599353739195e+00
1.585058723716189277e+00
1.600288146847223869e+00
1.618953706339313348e+00
1.642246729582331755e+00
1.671793751187242716e+00
1.709831084425849967e+00
1.759381276958915885e+00
1.824124965450377722e+00
1.906648897562215783e+00
2.002349077968209823e+00
2.094576792446853464e+00
2.168543517552288247e+00
2.222845626990763712e+00
2.262004060831613206e+00
2.290388585986052661e+00
2.311127611235701096e+00
2.326360450919967793e+00
2.337567810917937638e+00
2.345799352699230678e+00
2.351816369544782237e+00
2.356181222325997027e+00
2.359314867484763045e+00
2.361535098923758902e+00
2.363082835221852918e+00
2.364140767911756758e+00
2.364846971551887833e+00
2.365305084398338309e+00
2.365592081687591275e+00
2.365764308315337239e+00
2.365862217922133137e+00
2.365914126618174240e+00
2.365939200179589363e+00
2.365949834741619462e+00
2.365953551418328971e+00
2.365954497894137365e+00
2.365954630508797507e+00
2.365954635973555042e+00
