5.742553760796986762e-02
-2.765886535397988899e-01
-2.765813543076505177e-01
-2.765552661585458649e-01
-2.765016453414844699e-01
-2.764092218982514004e-01
-2.762651417847086788e-01
-2.760548728817225905e-01
-2.757619883172907627e-01
-2.753678882647324078e-01
-2.748514608711847274e-01
-2.741886725984103435e-01
-2.733520748195477079e-01
-2.723102123355065074e-01
-2.710269210846344978e-01
-2.694605095309403620e-01
-2.675628368719495387e-01
-2.652783423970690446e-01
-2.625431641196682708e-01
-2.592846452508276722e-01
-2.554218154533421936e-01
-2.508679078309298260e-01
-2.455366363511601036e-01
-2.393545804790093712e-01
-2.322817729521283736e-01
-2.243397447658629362e-01
-2.156392677685725345e-01
-2.063913966856180393e-01
-1.968853890488689307e-01
-1.874346266624620228e-01
-1.783151789010648802e-01
-1.697257510680877379e-01
-1.617790736387970663e-01
-1.545155309132068833e-01
-1.479247250224164922e-01
-1.419654696732863264e-01
-1.365806887626613286e-01
-1.317071825717766598e-01
-1.272814526123953460e-01
-1.232428653212282316e-01
-1.195351511441875431e-01
-1.161069182880277162e-01
-1.129116125758243411e-01
-1.099071855705997386e-01
-1.070556249544208638e-01
-1.043224345483741572e-01
-1.016761113007909750e-01
-9.908764288668532594e-02
-9.653003577189110673e-02
-9.397787569942057939e-02
-9.140691812493181856e-02
-8.879370368260351698e-02
-8.611519246845929232e-02
-8.334841017035944655e-02
-8.047009865999690814e-02
-7.745636329712494994e-02
-7.428230885735005729e-02
-7.092165561603026858e-02
-6.734632673595207508e-02
-6.352599780853175615e-02
-5.942759941087245867e-02
-5.501476419576855487e-02
-5.024721207575520016e-02
-4.508007151594469603e-02
-3.946314378382659999e-02
-3.334013316198617544e-02
-2.664789439264837398e-02
-1.931579595355824644e-02
-1.126537362261087472e-02
-2.410563594571074782e-03
7.341036341830575566e-03
1.808524089172395405e-02
2.991590334884667787e-02
4.291638635830511556e-02
5.714780655603573373e-02
7.263560044134281801e-02
8.935865574582330106e-02
1.072480153658970786e-01
1.262024804544661649e-01
1.461239668898397237e-01
1.669675991276769744e-01
1.887962908114818317e-01
2.118322535821442754e-01
2.365075113278586605e-01
2.635275269889634231e-01
2.939762886553092258e-01
3.295183858196612525e-01
3.728284139065203284e-01
4.286214733010821898e-01
5.065810723495592915e-01
6.300007153469576737e-01
7.920704664767362901e-01
8.765214308985049829e-01
9.160341360083894546e-01
9.373877645572104012e-01
9.493653233193358743e-01
9.558165417839497024e-01
9.588686416326626105e-01
9.599294775001153690e-01
9.600749265830195167e-01
