5.146900834300921490e-01
-1.758673077066298662e-01
-1.758323397646714692e-01
-1.755837650542399486e-01
-1.750624392811450103e-01
-1.741656705524951276e-01
-1.727792254857435927e-01
-1.707830964075129077e-01
-1.680564962783476224e-01
-1.644840787199524090e-01
-1.599635386026117823e-01
-1.544141991952058257e-01
-1.477857833533972043e-01
-1.400662333295935591e-01
-1.312872712377597673e-01
-1.215264810585507116e-01
-1.109050957806209381e-01
-9.958134691892744916e-02
-8.774002908953591751e-02
-7.557963435948480968e-02
-6.329881834400782892e-02
-5.108396612538012443e-02
-3.909925900777344587e-02
-2.748004339909608518e-02
-1.632965724146371450e-02
-5.719337246059342725e-03
4.309500150390615722e-03
1.374142930621385927e-02
2.258241303712891362e-02
3.085505311828866046e-02
3.859413237218883852e-02
4.584270875145059904e-02
5.264887698999266841e-02
5.906321008817466689e-02
6.513682841771330223e-02
7.092001075346486549e-02
7.646125001753387163e-02
8.180665886900916062e-02
8.699964022923463436e-02
9.208075104713832337e-02
9.708770134672838059e-02
1.020554433305830566e-01
1.070163163294368808e-01
1.120002224891853970e-01
1.170348153606978192e-01
1.221456892327713734e-01
1.273565614021529846e-01
1.326894428834638484e-01
1.381647955765808733e-01
1.438016758441723608e-01
1.496178659855235404e-01
1.556299963691145372e-01
1.618536621221360328e-01
1.683035393643404487e-01
1.749935070932263637e-01
1.819367820416984138e-01
1.891460751933452256e-01
1.966337802035430515e-01
2.044122057819643123e-01
2.124938661859026023e-01
2.208918463926164699e-01
2.296202612945303367e-01
2.386948314120019010e-01
2.481336011360510685e-01
2.579578293385241805e-01
2.681930861676879441e-01
2.788705936687499443e-01
2.900288509401655612e-01
3.017155858070295071e-01
3.139900726656880692e-01
3.269258472500087276e-01
3.406138287847210733e-01
3.551658207875020290e-01
3.707182922013059767e-01
3.874362238385757884e-01
4.055166181398882075e-01
4.251909835899315704e-01
4.467256869684354537e-01
4.704184946194506778e-01
4.965889126732572212e-01
5.255591896221811776e-01
5.576223403598143946e-01
5.929938428952648000e-01
6.317456348462147098e-01
6.737257663515812123e-01
7.184751888432010514e-01
7.651636423372663032e-01
8.125752823612375497e-01
8.591741455235474278e-01
9.032626015792374341e-01
9.432128738870808604e-01
9.777159649410671616e-01
1.005975786868969157e+00
1.027793119191500848e+00
1.043526703639163999e+00
1.053962539450039371e+00
1.060144804897059423e+00
1.063217813899790309e+00
1.064308678950642850e+00
1.064459129577036478e+00
