9.752990138728617753e-01
-7.148998084623459093e-02
-7.137342097740426161e-02
-7.092554205797614586e-02
-7.000140269742793908e-02
-6.840607963586889384e-02
-6.591534958299198610e-02
-6.227476599373625576e-02
-5.719859963414337944e-02
-5.037349124418152857e-02
-4.147336094229103071e-02
-3.019557685333130667e-02
-1.632936726128155630e-02
1.427708279633276901e-04
1.894111579728432679e-02
3.945240586724575726e-02
6.082455911545554816e-02
8.216688766239024777e-02
1.027424351181251416e-01
1.220608264216727079e-01
1.398704345109227365e-01
1.561004151099077697e-01
1.707966634888921920e-01
1.840712311056693640e-01
1.960681736984191681e-01
2.069425214151810188e-01
2.168481879684385771e-01
2.259315162867790161e-01
2.343282290247495347e-01
2.421623746307570435e-01
2.495464050291978375e-01
2.565818611036505548e-01
2.633603490190707386e-01
2.699646151554859208e-01
2.764696023948471360e-01
2.829434152808725234e-01
2.894481477861752805e-01
2.960405422402535014e-01
3.027724558968373225e-01
3.096911158929107066e-01
3.168391465933380613e-01
3.242543580241963874e-01
3.319692928410978849e-01
3.400105446533603359e-01
3.483978846435312193e-01
3.571432670176208357e-01
3.662498247458823575e-01
3.757110088553091698e-01
3.855100556830468594e-01
3.956199719642368162e-01
4.060041934435771327e-01
4.166179933055922935e-01
4.274106017442833028e-01
4.383278737391301250e-01
4.493152442009010761e-01
4.603206687810258435e-01
4.712972767221539350e-01
4.822055474268613917e-01
4.930149363559614972e-01
5.037049867599161512e-01
5.142660491874705420e-01
5.246997829687929382e-01
5.350196381068905715e-01
5.452515250753570131e-01
5.554348894484081312e-01
5.656244341380004537e-01
5.758927919173064680e-01
5.863345687881756918e-01
5.970723944571491026e-01
6.082660048160966060e-01
6.201260947293492087e-01
6.329360429476612593e-01
6.470873677085762221e-01
6.631407521577677988e-01
6.819386235247260064e-01
7.048324383605830690e-01
7.341985177321960210e-01
7.747877436015581099e-01
8.374231334383204217e-01
9.332887849091833221e-01
1.012574027555869005e+00
1.058584352534329920e+00
1.087811517784171400e+00
1.107972653005097730e+00
1.122558245086273443e+00
1.133406872500880791e+00
1.141604787111926145e+00
1.147848408540650844e+00
1.152611900612051432e+00
1.156233313964959875e+00
1.158962632988014940e+00
1.160990345350220609e+00
1.162465322262402845e+00
1.163506484157507570e+00
1.164210675749448809e+00
1.164658132889798914e+00
1.164916364678796112e+00
1.165042960024187835e+00
1.165087644022182012e+00
1.165093798318906027e+00
