#Variance for the Conditional distribution of mass given radius from initial fitting w/o bootstrap
nan
3.003723042037440560e-01
3.079982918319649765e-01
3.140925069085476196e-01
3.190751478004726915e-01
3.232244123878836861e-01
3.267317025858238466e-01
3.297329317794546744e-01
3.323271928614353055e-01
3.345883658755560708e-01
3.365725969856355193e-01
3.383232672466970348e-01
3.398743830981816316e-01
3.412529450665715558e-01
3.424806377036995753e-01
3.435750581997698561e-01
3.445506249551448796e-01
3.454192599538177810e-01
3.461909085037641609e-01
3.468739401583234572e-01
3.474754614901711114e-01
3.480015624845712030e-01
3.484575121848035306e-01
3.488479149338925556e-01
3.491768355173248684e-01
3.494478993313308579e-01
3.496643721209455324e-01
3.498292226758410450e-01
3.499451710190547016e-01
3.500147239896916895e-01
3.500401996451378284e-01
3.500237415473795854e-01
3.499673237189532826e-01
3.498727468319271505e-01
3.497416260087519713e-01
3.495753704515620064e-01
3.493751549644371068e-01
3.491418832819477291e-01
3.488761429601115460e-01
3.485781514185034569e-01
3.482476925433217185e-01
3.478840430730235633e-01
3.474858877975088300e-01
3.470512224216870112e-01
3.465772427958673796e-01
3.460602191314358644e-01
3.454953538491511433e-01
3.448766219189954296e-01
3.441965930435545440e-01
3.434462359478993032e-01
3.426147065521720214e-01
3.416891241603119966e-01
3.406543433048063729e-01
3.394927339081408868e-01
3.381839893582779810e-01
3.367049913257065819e-01
3.350297719065394864e-01
3.331296278356076779e-01
3.309734572567833433e-01
3.285284048719584460e-01
3.257609124562012015e-01
3.226382726313617999e-01
3.191307657790644070e-01
3.152144125066926872e-01
3.108742870847793216e-01
3.061082058867041766e-01
3.009304365300250472e-01
2.953748956002124615e-01
2.894971669064277386e-01
2.833746471513731713e-01
2.771042765958324772e-01
2.707976647558926753e-01
2.645739289473792444e-01
2.585510992683652254e-01
2.528373340948855685e-01
2.475232880943084579e-01
2.426767318912834703e-01
2.383400181668614559e-01
2.345303935641654958e-01
2.312426514826031454e-01
2.284533271438109192e-01
2.261255784939995017e-01
2.242140222842355091e-01
2.226690166816342187e-01
2.214401181168307586e-01
2.204786368606371783e-01
2.197393506065670465e-01
2.191815091169057039e-01
2.187692890734340978e-01
2.184718532302452332e-01
2.182631463502472113e-01
2.181215327285484507e-01
2.180293528138469994e-01
2.179724528026796004e-01
2.179397222528795253e-01
2.179226606757390383e-01
2.179149840733115295e-01
2.179122756516382875e-01
2.179116806499555303e-01
nan
