#Weights for Beta densities from initial fitting w/o bootstrap
0.000000000000000000e+00
0.000000000000000000e+00
0.000000000000000000e+00
0.000000000000000000e+00
0.000000000000000000e+00
0.000000000000000000e+00
0.000000000000000000e+00
0.000000000000000000e+00
0.000000000000000000e+00
0.000000000000000000e+00
0.000000000000000000e+00
0.000000000000000000e+00
0.000000000000000000e+00
0.000000000000000000e+00
0.000000000000000000e+00
0.000000000000000000e+00
0.000000000000000000e+00
0.000000000000000000e+00
0.000000000000000000e+00
0.000000000000000000e+00
0.000000000000000000e+00
0.000000000000000000e+00
0.000000000000000000e+00
0.000000000000000000e+00
0.000000000000000000e+00
0.000000000000000000e+00
0.000000000000000000e+00
0.000000000000000000e+00
0.000000000000000000e+00
0.000000000000000000e+00
4.853139747003284120e-03
1.915180435235922399e-05
2.009911937513226171e-06
1.863362893894456830e-06
1.818981481053348172e-06
1.095032193327693006e-06
4.390213193155160572e-07
1.378307174267205256e-07
4.009857572425034087e-08
1.248691325045821758e-08
4.435849085565271344e-09
1.741649096522490933e-09
7.132393292915667720e-10
3.073234933305098867e-10
1.544042523520916800e-10
1.011656203425319919e-10
8.428276314091835096e-11
7.214732951289930390e-11
4.671826381730189198e-11
1.731073278632275850e-11
3.032078686548838615e-12
2.286162387936232244e-13
7.341533126673328036e-15
1.057874963223831738e-16
7.609044051030331713e-19
3.447050733326982152e-21
1.830497970686631794e-23
0.000000000000000000e+00
0.000000000000000000e+00
3.417083198591490921e-03
1.630482977031322213e-05
2.198163648970151551e-06
2.326490829950110252e-06
2.410194619217788567e-06
1.502982279644737800e-06
6.139140029039056325e-07
1.929249339909616431e-07
5.527050000046240571e-08
1.676238504585865339e-08
5.778268163006586269e-09
2.207488410090999322e-09
8.856431718483801720e-10
3.779710941164963041e-10
1.911538132651590569e-10
1.284020535582668642e-10
1.110336694616902337e-10
9.877492143844964511e-11
6.593560841480819245e-11
2.484996857462901492e-11
4.354355383475600520e-12
3.222055672197141138e-13
9.941522845878168788e-15
1.348106749495319257e-16
8.996114522207516550e-19
3.782843654659930609e-21
1.900332491227855502e-23
0.000000000000000000e+00
0.000000000000000000e+00
8.575309581806085440e-04
7.759546300705415624e-06
2.170290662049261748e-06
3.158809691138935682e-06
3.652391299638035460e-06
2.406281077434361474e-06
1.014366569397825691e-06
3.222830806475197368e-07
9.157699646377990562e-08
2.714632263306339239e-08
9.076341534955859598e-09
3.360877257508907405e-09
1.314103075670999803e-09
5.536355529773303129e-10
2.825503178956876251e-10
1.966169799218443085e-10
1.793283562517813679e-10
1.685979845005541216e-10
1.176062226409977906e-10
4.544719173197109907e-11
7.974114226229756101e-12
5.745222425548227094e-13
1.671620373472430244e-14
2.067384106961840698e-16
1.224905548926408990e-18
4.538698388986190132e-21
2.054496677968608536e-23
0.000000000000000000e+00
0.000000000000000000e+00
8.511192824294078305e-05
2.614327684871429774e-06
2.247580150486302024e-06
4.969901204529094234e-06
6.600192381481760290e-06
4.686762608843540265e-06
2.084793640099510428e-06
6.872544403169916801e-07
1.991169096059163198e-07
5.915352809053445143e-08
1.952989489804726622e-08
7.073399577011020273e-09
2.700567437785729816e-09
1.121321567859868456e-09
5.769280273386580535e-10
4.170565896822361521e-10
4.039148026225270533e-10
4.048422835246438280e-10
2.976875741405434567e-10
1.188159215846246327e-10
2.096403990335785926e-11
1.468957564560975062e-12
3.989255450993584049e-14
4.388241082739386637e-16
2.200417687048286219e-18
6.649607086577968025e-21
2.460014030227944162e-23
0.000000000000000000e+00
0.000000000000000000e+00
4.456032202697851717e-06
9.243359509072991859e-07
2.868609743029894152e-06
9.511678932326626221e-06
1.461820266107849400e-05
1.146950495244559969e-05
5.595068750098343435e-06
2.012413185311579658e-06
6.294081893340723531e-07
1.980676905978119893e-07
6.756501036682346631e-08
2.468923940667443149e-08
9.360700244019603104e-09
3.844296040611051336e-09
1.975824888476946226e-09
1.456154504107019538e-09
1.465811956674269446e-09
1.540479826366546818e-09
1.185132667836336355e-09
4.898964040086879826e-10
8.798099694145809182e-11
6.110667573616117612e-12
1.581377856462965330e-13
1.564957347333431603e-15
6.504497997467019780e-18
1.466639987194950550e-20
3.726202802690253177e-23
0.000000000000000000e+00
0.000000000000000000e+00
2.076009043403706903e-07
5.028336398204638815e-07
4.817870786202741334e-06
2.197559142323838815e-05
3.912333677991707578e-05
3.511316468370217532e-05
1.986688046187389624e-05
8.376955938869870278e-06
3.061791686901634144e-06
1.101607914219726784e-06
4.142883215344309218e-07
1.605295466897140636e-07
6.247709147978481616e-08
2.568378323125135729e-08
1.297373506196038975e-08
9.329215209673618655e-09
9.227037150128712547e-09
9.685130758933591834e-09
7.578157379741761793e-09
3.233580035938779856e-09
6.043320388456112523e-10
4.356026519186271472e-11
1.145713413037552210e-12
1.092897225511330741e-14
3.922141674009877320e-17
6.257450428113869386e-20
8.714178415049254477e-23
0.000000000000000000e+00
0.000000000000000000e+00
1.732044839472048293e-08
4.802374827002855370e-07
9.866303850989753844e-06
5.636015651122019201e-05
1.168973807405893138e-04
1.250071578917335733e-04
8.719214281141936208e-05
4.631792835051276635e-05
2.128612847854837291e-05
9.359432508376633509e-06
4.108623200993012532e-06
1.770945513511848128e-06
7.342131024077354930e-07
3.077810928111530133e-07
1.509747763826861984e-07
1.010972891821991938e-07
9.197152637563841181e-08
9.077787057303449016e-08
6.962017957760514542e-08
3.047123557273999591e-08
6.082036479919188439e-09
4.816229588519694592e-10
1.398822177716232460e-11
1.417619649717767905e-13
4.798825910105427974e-16
5.571725606826730708e-19
3.655909146807105508e-22
0.000000000000000000e+00
0.000000000000000000e+00
4.163836879059386170e-09
6.662329607532546421e-07
2.071897982351485917e-05
1.389922641972332639e-04
3.391374226380047146e-04
4.476938497762757521e-04
4.032573469276068867e-04
2.827563464950654426e-04
1.699769979692890081e-04
9.428872798252716783e-05
4.969374648624407529e-05
2.449787356127440630e-05
1.110888260089102958e-05
4.841905289333889576e-06
2.313747317558086700e-06
1.413713620357968379e-06
1.137661734533063061e-06
1.013412830324690032e-06
7.412561870382332611e-07
3.309167410638007828e-07
7.181345582452802831e-08
6.497921634855500417e-09
2.203746784888016613e-10
2.537018703572737746e-12
8.751027597369128535e-15
8.079243683957896935e-18
2.584753949009971459e-21
0.000000000000000000e+00
0.000000000000000000e+00
2.451486991755187730e-09
9.717413627332171919e-07
3.682370957839194430e-05
2.798853362754409862e-04
8.084721811211353091e-04
1.343825930547433260e-03
1.595275576843790998e-03
1.494638457691555402e-03
1.178871941715359511e-03
8.247262872917462918e-04
5.233995429525191206e-04
2.977209763137099604e-04
1.497181541272561158e-04
6.903162687446302099e-05
3.272280367657288535e-05
1.847632739418063452e-05
1.316716997767700013e-05
1.049896606504010173e-05
7.257556460214189865e-06
3.292777051032016070e-06
7.795032728303961839e-07
8.123469129989035062e-08
3.248537234864571323e-09
4.309442856978898647e-11
1.570731658204472852e-13
1.273658191028055910e-16
2.412924841062534040e-20
0.000000000000000000e+00
0.000000000000000000e+00
2.017124899770957897e-09
1.137421524009453575e-06
4.712024302548133370e-05
3.965825626970646486e-04
1.351710226641036558e-03
2.831311505836368436e-03
4.410475835689394060e-03
5.450057601954932419e-03
5.542457751546692700e-03
4.819887010218965560e-03
3.657772179190152406e-03
2.402402571954769667e-03
1.349997958910996963e-03
6.691200273812252615e-04
3.232243431244781516e-04
1.746176977911616430e-04
1.137743342500261882e-04
8.286147761081181259e-05
5.457777389411796104e-05
2.515189885499673076e-05
6.444672136463566769e-06
7.616869307983539314e-07
3.516053061072158315e-08
5.284937548583140730e-10
2.064154634784693706e-12
1.628682979014992900e-15
2.455546624870944219e-19
0.000000000000000000e+00
0.000000000000000000e+00
1.448490581253063369e-09
8.985043972109793048e-07
3.852659874914317160e-05
3.512153769812523577e-04
1.391300940347949076e-03
3.615997889293307531e-03
7.244021915365234793e-03
1.152983283171303552e-02
1.479606585917322102e-02
1.576554431088680874e-02
1.421759198725362772e-02
1.078853601173134120e-02
6.824469935083631728e-03
3.699670205425668185e-03
1.880176879939847662e-03
1.017535022369414881e-03
6.369972669475297685e-04
4.408656258129908670e-04
2.830353299928917393e-04
1.332372970593872867e-04
3.660527771994265722e-05
4.803084262332078097e-06
2.494052607869451901e-07
4.188458543196604673e-09
1.808833326161019216e-11
1.615311223223573504e-14
2.977447851439524267e-18
0.000000000000000000e+00
0.000000000000000000e+00
7.027289051372361855e-10
4.317819886472102294e-07
1.850450663815701298e-05
1.779487035906601375e-04
7.984354822401603562e-04
2.507706211404346023e-03
6.291058787839491975e-03
1.259635453362858981e-02
2.005939729902223023e-02
2.596429652158128293e-02
2.777748566517514867e-02
2.444815860799611287e-02
1.759520423449436113e-02
1.065681315315638970e-02
5.909353092477630590e-03
3.375592686517266388e-03
2.155023407026178221e-03
1.494460988638342605e-03
9.697386927103107072e-04
4.743598800466502347e-04
1.398235132399900510e-04
2.017902700902544940e-05
1.170397927840816410e-06
2.235515505229013022e-08
1.165756976013370316e-10
1.527301640589435780e-13
6.278896014202701839e-17
0.000000000000000000e+00
0.000000000000000000e+00
2.031739996588435638e-10
1.180974741741451838e-07
4.913726096525417787e-06
4.831067165586022547e-05
2.374211097264597729e-04
8.727474579076579695e-04
2.669988174075318705e-03
6.603720771794419596e-03
1.292911943527247191e-02
2.028928958431859206e-02
2.583916090525061396e-02
2.660934814982939337e-02
2.214505482045081922e-02
1.540376867755537636e-02
9.724437781968162803e-03
6.210390960865750341e-03
4.319769499225635870e-03
3.197777750502798100e-03
2.206598563714468487e-03
1.161826784440188071e-03
3.759890183711713050e-04
6.089758016744247908e-05
4.081757430853901099e-06
9.582980660063102603e-08
7.222636216152593035e-10
2.032911681441915625e-12
3.340742163252285697e-15
0.000000000000000000e+00
0.000000000000000000e+00
3.258260644203906133e-11
1.747956010991499917e-08
6.874961470905220749e-07
6.678332167629583052e-06
3.461552267922244676e-05
1.440394666894447061e-04
5.252187294812528948e-04
1.586617593494554085e-03
3.810830158312124554e-03
7.278339990974722409e-03
1.112981664392793772e-02
1.361085066426450177e-02
1.341719489885249798e-02
1.111306321751569237e-02
8.394454230641204898e-03
6.378656393458659660e-03
5.186580468114160812e-03
4.401868433301699829e-03
3.450554258594251255e-03
2.073663786294755763e-03
7.786406319716131013e-04
1.506565447544034946e-04
1.274551637072171196e-05
4.252214540603623990e-07
5.936714468190358904e-09
5.079673203977946677e-11
3.935239453228971907e-13
0.000000000000000000e+00
0.000000000000000000e+00
2.743684057631856909e-12
1.336769477116431517e-09
4.852051979824276130e-08
4.500217883047360672e-07
2.367122070161755316e-06
1.080101238805431774e-05
4.611720988200782278e-05
1.693785110635378740e-04
5.010238932206666652e-04
1.175266673737683379e-03
2.189662107801647155e-03
3.253797403562845147e-03
3.931425021361733239e-03
4.060697015844312238e-03
3.883972903136769222e-03
3.746905224525550089e-03
3.825657562868904800e-03
4.018850033967180657e-03
3.875703946003062218e-03
2.886568052821250792e-03
1.373681030922363055e-03
3.518557329775167200e-04
4.280426284666320942e-05
2.410822038151266074e-06
7.617666680723776497e-08
2.135920994099648013e-09
5.788665990156251912e-11
0.000000000000000000e+00
0.000000000000000000e+00
1.154045513533530267e-13
5.038282150316773505e-11
1.653076105234361735e-09
1.418508262085302388e-08
7.301501691759637769e-08
3.551245414605062713e-07
1.753855368518625292e-06
7.841788412549318581e-06
2.882862622841500237e-05
8.428810802263666971e-05
1.956962638915298080e-04
3.655245307753711296e-04
5.669520895859236562e-04
7.721244728178316627e-04
9.935199222815402006e-04
1.296567487439004946e-03
1.781244054525039401e-03
2.505340807586063558e-03
3.248763608300423052e-03
3.307638755496488184e-03
2.220323419155381586e-03
8.468085519044943289e-04
1.681952134839165508e-04
1.798981481614828632e-05
1.326754945833306444e-06
9.854414483680628678e-08
6.149467536034121911e-09
0.000000000000000000e+00
0.000000000000000000e+00
2.328718217168180282e-15
8.930033247459915671e-13
2.599331128185738056e-11
2.007865128514585590e-10
9.793406913391981987e-10
4.957010485787779950e-09
2.811368071092046685e-08
1.539916299048920715e-07
7.137157232925720730e-07
2.659000806518710734e-06
7.955625394454650132e-06
1.958421939045876646e-05
4.133330454524462584e-05
7.893426255169971460e-05
1.449123402468055542e-04
2.710251740198914207e-04
5.345275448224827289e-04
1.088670827690012364e-03
2.079543055346310971e-03
3.193586410246753229e-03
3.340124180935383300e-03
2.082202596576689536e-03
7.250591144699168470e-04
1.486228728452478759e-04
2.246825578849343631e-05
3.252262047361651140e-06
3.402817210007484294e-07
0.000000000000000000e+00
0.000000000000000000e+00
2.252161564450641850e-17
7.210113854643052297e-15
1.816991482038615752e-13
1.232031525436245507e-12
5.537073563343159163e-12
2.858525482223115018e-11
1.855086476302329560e-10
1.257554582715107241e-09
7.497582013491574999e-09
3.675248522401816148e-08
1.486031089467284790e-07
5.126103147206151954e-07
1.572402240899976157e-06
4.469868824451209962e-06
1.231871360640358062e-05
3.473823704780020383e-05
1.047285592011901320e-04
3.339825879300611098e-04
1.023805612158358753e-03
2.572616796629965778e-03
4.482871606907089940e-03
4.763529247855789565e-03
2.902373033970473328e-03
1.053469517530541012e-03
2.700491117778354845e-04
5.853978079606701220e-05
8.352617754336980310e-06
0.000000000000000000e+00
0.000000000000000000e+00
1.180502099557681407e-19
2.739749408998933458e-17
5.670342001422417769e-16
3.266932888557196961e-15
1.314905262066288896e-14
6.781686182179235052e-14
5.010569301196356131e-13
4.247872018487899571e-12
3.341352916841860534e-11
2.250368178871438369e-10
1.307202262941301986e-09
6.774466370498428676e-09
3.216917421654569775e-08
1.428829188150203859e-07
6.156394180602768023e-07
2.749594912403105597e-06
1.355476380356513562e-05
7.318811660646572595e-05
3.867555950526853684e-04
1.673670209745423436e-03
4.977160074091096544e-03
8.933871941121659249e-03
9.032188881032384223e-03
5.187154634176987210e-03
1.891156467993290995e-03
5.035575754512233108e-04
8.434926227134816848e-05
0.000000000000000000e+00
0.000000000000000000e+00
5.015308223266882043e-22
6.127475240103909656e-20
9.178305181041497533e-19
4.219643561183336725e-18
1.456428277408738158e-17
7.232173888143957733e-17
5.932389564594925077e-16
6.256461859054908706e-15
6.622552634744349567e-14
6.416231247199727387e-13
5.702013967324443803e-12
4.718874353894350403e-11
3.626155098154663872e-10
2.595749005270832859e-09
1.813515087701363683e-08
1.360999112770253572e-07
1.186326522062704412e-06
1.167559096308565283e-05
1.115542230480570847e-04
8.442976517367301601e-04
4.226627127907410519e-03
1.230160469075146715e-02
1.921618288118813120e-02
1.569229669589193230e-02
7.071399221920566039e-03
1.980095760638585830e-03
3.385683682949609634e-04
0.000000000000000000e+00
0.000000000000000000e+00
3.677245571146913660e-24
1.460617476524399814e-22
1.276706575556682429e-21
4.224720981414883940e-21
1.160895281878968752e-20
5.074701334070221996e-20
4.177767385178719220e-19
5.072063093515590461e-18
6.992335700009054621e-17
9.820907766262466249e-16
1.369289224834877165e-14
1.843880360665067905e-13
2.310473780110983112e-12
2.706599830588206539e-11
3.209436202765997113e-10
4.380529986274574280e-09
7.347694194571443081e-08
1.392837420537070592e-06
2.439788988876184130e-05
3.173630107926056097e-04
2.578512378634358927e-03
1.156338948574391588e-02
2.609683228538348110e-02
2.780172023366181064e-02
1.391247257647364698e-02
3.586760278897439900e-03
5.335718646964895864e-04
0.000000000000000000e+00
0.000000000000000000e+00
9.229585329143457748e-26
8.789406794889421589e-25
3.805262870764023983e-24
8.699665947227450540e-24
1.824026831119232117e-23
6.064797475307695292e-23
3.909842820831178540e-22
4.224770293644050686e-21
6.226099492444307481e-20
1.110011522308584686e-18
2.209263479778442986e-17
4.497205287394683542e-16
8.787102075347389062e-15
1.696096496320755981e-13
3.639718211998685678e-12
9.900878874005132704e-11
3.417129116699689124e-09
1.267854575892274552e-07
3.982899425225393292e-06
8.579675371014262755e-05
1.085774568548294452e-03
7.165807824115196824e-03
2.210890885507784537e-02
2.873265647822069446e-02
1.470477854354076269e-02
3.097957984367043314e-03
3.307194361463580592e-04
0.000000000000000000e+00
0.000000000000000000e+00
5.752987709233020384e-27
1.796330564682414943e-26
4.265530368740748467e-26
7.617100591801716300e-26
1.348182114194624337e-25
3.279690805559237094e-25
1.315408404262136905e-24
8.829675252670067658e-24
9.439123936108841167e-23
1.505078115980545570e-21
3.218191978054788136e-20
8.097215978025998717e-19
2.227558506983626429e-17
7.095957757541885010e-16
2.954457591133596207e-14
1.716621685680437897e-12
1.242082919141174296e-10
8.800295573718975717e-09
4.784547363507780226e-07
1.656903876185658535e-05
3.178356090585961278e-04
2.979313097500810303e-03
1.194807936975843081e-02
1.776767143367978877e-02
8.626635704383605815e-03
1.328604310207094543e-03
8.146894060927835921e-05
0.000000000000000000e+00
0.000000000000000000e+00
2.638866635135059055e-28
4.840428548760817809e-28
8.404755645406007035e-28
1.361669015028168877e-27
2.293922766557775344e-27
4.636994423571133591e-27
1.257871941154274393e-26
4.967108144088547219e-26
3.077009867973052555e-25
3.136437275128918303e-24
5.115497523595188505e-23
1.230839117799249022e-21
4.212628152576774834e-20
2.210872893523189635e-18
1.876518121817780925e-16
2.393123582990996444e-14
3.605819528755132406e-12
4.840742595908817606e-10
4.595292141000583414e-08
2.592745649477436122e-06
7.503912509927409061e-05
9.622060225707596698e-04
4.669986938834655953e-03
7.231938985451285065e-03
3.004535292672729820e-03
2.982613234125696430e-04
8.189630595375817118e-06
0.000000000000000000e+00
0.000000000000000000e+00
2.942147420838226135e-30
4.482350947587577572e-30
6.953409835797295946e-30
1.097443692696023208e-29
1.836872701176458701e-29
3.456448302464502404e-29
7.765243398981729720e-29
2.238020898423128753e-28
9.124418451446616650e-28
5.881796053962203156e-27
6.544729231910205049e-26
1.340222300898323978e-24
5.486285558127842005e-23
4.978246157087515729e-21
9.375452446752276775e-19
2.859242217731855181e-16
9.877287793581357291e-14
2.802436121329869685e-11
5.104037322833633478e-09
4.910511366339722232e-07
2.103549554544058997e-05
3.408573444301821491e-04
1.769984257742935772e-03
2.461271610918997800e-03
7.485299977135921384e-04
4.053687195729909539e-05
3.755349180871420889e-07
0.000000000000000000e+00
0.000000000000000000e+00
3.389171668740936350e-33
4.882467490820918772e-33
7.326489335186921381e-33
1.151113820430519489e-32
1.931143210462007219e-32
3.558397993918157835e-32
7.468293281397704216e-32
1.885109933793234733e-31
6.240558112575360947e-31
3.086988498280229461e-30
2.717781426959367153e-29
5.413855410774364341e-28
3.229779152359371361e-26
6.829037478888389466e-24
4.052169441676175264e-21
4.104995098881030736e-18
4.217176807013604744e-15
2.974952308264758203e-12
1.101225744158062381e-09
1.758716005686873921e-07
1.033612953425094601e-05
1.930243945172734781e-04
9.818054939498700295e-04
1.133854954833227570e-03
2.349169077630440668e-04
6.363833893746911088e-06
1.572238138228281954e-08
0.000000000000000000e+00
0.000000000000000000e+00
1.400995303569507508e-37
1.987977474783547973e-37
2.959704390700173016e-37
4.657501345166734591e-37
7.850449649006693537e-37
1.444620854664802066e-36
2.984551439299408327e-36
7.250306956618958895e-36
2.245634060757474804e-35
1.039199145626156487e-34
9.533581778132455810e-34
2.940355952634433371e-32
5.722216539714956983e-30
7.713200413634475954e-27
3.286533918568575790e-23
1.775761544668166951e-19
6.661309250022561127e-16
1.253446008468112472e-12
9.853662125184373517e-10
2.861243003782041331e-07
2.761966291786100059e-05
7.921903312870941282e-04
5.870669683800698591e-03
9.273003449195852538e-03
2.346511791498316884e-03
6.024345206641244034e-05
7.016494001818761125e-08
0.000000000000000000e+00
0.000000000000000000e+00
0.000000000000000000e+00
0.000000000000000000e+00
0.000000000000000000e+00
0.000000000000000000e+00
0.000000000000000000e+00
0.000000000000000000e+00
0.000000000000000000e+00
0.000000000000000000e+00
0.000000000000000000e+00
0.000000000000000000e+00
0.000000000000000000e+00
0.000000000000000000e+00
0.000000000000000000e+00
0.000000000000000000e+00
0.000000000000000000e+00
0.000000000000000000e+00
0.000000000000000000e+00
0.000000000000000000e+00
0.000000000000000000e+00
0.000000000000000000e+00
0.000000000000000000e+00
0.000000000000000000e+00
0.000000000000000000e+00
0.000000000000000000e+00
0.000000000000000000e+00
0.000000000000000000e+00
0.000000000000000000e+00
0.000000000000000000e+00
