#Lower limit for the Conditional distribution of Radius given Mass from initial fitting w/o bootstrap
5.203520404377511726e-09
-2.675578449688373883e-01
-2.675509633964583966e-01
-2.675418537447838974e-01
-2.675292098106654137e-01
-2.675104180864155135e-01
-2.674801106666361838e-01
-2.674272370264282883e-01
-2.673293757160750683e-01
-2.671421108214222517e-01
-2.667799376809158463e-01
-2.660832727929887120e-01
-2.647638457460583794e-01
-2.623180262770329896e-01
-2.578905941207350616e-01
-2.500351178161873134e-01
-2.361460623983692164e-01
-2.105772498861263053e-01
-1.569099672173108750e-01
-5.902491354974456067e-02
7.214565240709445472e-03
4.325476088672181030e-02
6.559630486436071606e-02
8.088275112398192468e-02
9.219225270484879275e-02
1.011229446964117956e-01
1.085632917000368403e-01
1.150305885862024230e-01
1.208371308674869721e-01
1.261776966977268544e-01
1.311778011226560625e-01
1.359212184285439606e-01
1.404660957379886832e-01
1.448546020790470734e-01
1.491188385020035811e-01
1.532845209781638074e-01
1.573733973892134652e-01
1.614048331607624287e-01
1.653969620008555186e-01
1.693675646505039545e-01
1.733348156463894452e-01
1.773179876682330069e-01
1.813381829433411974e-01
1.854191517814872403e-01
1.895882569970168130e-01
1.938776477352598115e-01
1.983257160322283996e-01
2.029789238205604862e-01
2.078941068190859054e-01
2.131413846138279500e-01
2.188078329971751002e-01
2.250021051208073164e-01
2.318602230016163779e-01
2.395528044409917789e-01
2.482940553762315039e-01
2.583529776729708849e-01
2.700674947967141581e-01
2.838627461915986250e-01
3.002759693940811880e-01
3.199927899378978147e-01
3.439044966874611475e-01
3.732049227511144984e-01
4.095610657562304135e-01
4.554055145185266773e-01
5.142971226725625566e-01
5.901490385161358709e-01
6.788576449161241033e-01
7.574215015052413458e-01
8.125504356076486134e-01
8.498088626756413744e-01
8.758426178717375610e-01
8.947104622470524182e-01
9.087974164165989466e-01
9.195728817234606334e-01
9.279896943801584364e-01
9.346917395314795485e-01
9.401277174606971210e-01
9.446172531223132607e-01
9.483915367326476442e-01
9.516194561405262320e-01
9.544250629887653936e-01
9.568995612072365153e-01
9.591096686063206311e-01
9.611034504725890493e-01
9.629142877799886646e-01
9.645634008236049217e-01
9.660612001532151716e-01
9.674077948678303507e-01
9.685932906519096885e-01
9.695992903794169449e-01
9.704041540888467265e-01
9.709947900195485815e-01
9.713837505279245832e-01
9.716207003373256157e-01
9.717822540249296814e-01
9.719403768779336650e-01
9.721341376219896357e-01
9.723658903119682950e-01
9.726164819683834617e-01
5.203520404377511726e-09
