#Upper limit for the Conditional distribution of Radius given Mass from initial fitting w/o bootstrap
5.203520404377511726e-09
-1.229138196938113631e-01
-1.228488246775006759e-01
-1.227586103217841312e-01
-1.226269177084144402e-01
-1.224205529817656707e-01
-1.220698732957075927e-01
-1.214281106052251535e-01
-1.201879973953379616e-01
-1.177082396304474365e-01
-1.126247826824606502e-01
-1.018217400252621752e-01
-7.674262342277658744e-02
-3.261974503137182041e-03
1.619781651316334337e-01
2.866414452799913581e-01
3.673401463770016306e-01
4.207720910713426687e-01
4.566158143204472331e-01
4.812236775938427136e-01
4.987928511991757130e-01
5.119965262518635374e-01
5.224829527291223741e-01
5.312525682814798200e-01
5.389128575211356020e-01
5.458376764672576709e-01
5.522627048765890168e-01
5.583415854024588176e-01
5.641788380326223651e-01
5.698492988239266532e-01
5.754097799766717536e-01
5.809062364925182687e-01
5.863783339942704176e-01
5.918625213444652644e-01
5.973942644269046864e-01
6.030098481880226124e-01
6.087479969128457569e-01
6.146515602070424800e-01
6.207693287529639781e-01
6.271582519879017603e-01
6.338861629567626998e-01
6.410352643711102472e-01
6.487066629930117179e-01
6.570263412053968244e-01
6.661530843148012471e-01
6.762890378634701660e-01
6.876937076444816777e-01
7.007022240965231630e-01
7.157480594916025840e-01
7.333881295001024592e-01
7.543211478651729029e-01
7.793720009644025115e-01
8.093764392820959053e-01
8.448507194782435281e-01
8.853777030625743505e-01
9.290265361216517581e-01
9.726375468832811899e-01
1.013177690277896614e+00
1.048896259829797506e+00
1.079363936340977492e+00
1.104911873319435633e+00
1.126148416557511522e+00
1.143714106697329091e+00
1.158192899134516063e+00
1.170092609935169170e+00
1.179848831631361117e+00
1.187833825190704351e+00
1.194364693306970926e+00
1.199709859758161024e+00
1.204094472940017369e+00
1.207705260051561424e+00
1.210695262136294081e+00
1.213188429943269586e+00
1.215284036895985853e+00
1.217060760356330595e+00
1.218580324242053425e+00
1.219890641115488394e+00
1.221028437088407026e+00
1.222021374838381913e+00
1.222889706563706103e+00
1.223647491911791674e+00
1.224303409366168882e+00
1.224861177639544163e+00
1.225319593016424680e+00
1.225672193180208369e+00
1.225906609367829692e+00
1.226003835421708654e+00
1.225938055640923618e+00
1.225678517175880389e+00
1.225196234016714181e+00
1.224479150454233389e+00
1.223556472011063212e+00
1.222521340358733166e+00
1.221525275098773511e+00
1.220725086273826587e+00
1.220210791360410107e+00
1.219975490416552732e+00
1.219945659025355011e+00
1.220032404982066110e+00
5.203520404377511726e-09
