#Upper limit for the Conditional distribution of Mass given Radius from initial fitting w/o bootstrap
7.136865434149257994e-09
-9.652725991006082529e-01
-9.620902649322797817e-01
-9.531572553230006628e-01
-9.317943238944127460e-01
-8.830531524827862633e-01
-7.622585223277772437e-01
-3.147762264862437043e-01
2.739103744693763831e-01
5.601498331942791342e-01
7.349825279391608568e-01
8.497216781493344140e-01
9.272618372778186346e-01
9.810804843582606738e-01
1.019769855075319365e+00
1.048824421692430731e+00
1.071706937295891393e+00
1.090574465947565574e+00
1.106765233282401839e+00
1.121112162751395802e+00
1.134138722482154638e+00
1.146179122701901143e+00
1.157451506596336444e+00
1.168102449984830260e+00
1.178234082118678305e+00
1.187920696235921447e+00
1.197218992675613602e+00
1.206174452049521229e+00
1.214825348711660036e+00
1.223205322671725659e+00
1.231345072183324563e+00
1.239273514662991182e+00
1.247018634029265494e+00
1.254608154533450204e+00
1.262070134784807118e+00
1.269433549120487781e+00
1.276728909744918594e+00
1.283988978125739866e+00
1.291249615786232319e+00
1.298550831876603029e+00
1.305938097566360145e+00
1.313464015835572374e+00
1.321190460651916920e+00
1.329191333322965685e+00
1.337556128095209296e+00
1.346394555320657327e+00
1.355842557061461395e+00
1.366070095731355405e+00
1.377291339993940822e+00
1.389777858196787452e+00
1.403875807865436753e+00
1.420028288842652531e+00
1.438804418649240580e+00
1.460937113772791118e+00
1.487371940591678321e+00
1.519329349201553159e+00
1.558380390496797885e+00
1.606527065567590506e+00
1.666247903442369838e+00
1.740379954656473327e+00
1.831495835343251777e+00
1.940176902659941804e+00
2.062236997033406016e+00
2.187930785236608333e+00
2.306562498438752939e+00
2.411873664177018650e+00
2.502444051277014303e+00
2.579388149832779309e+00
2.644596242190754509e+00
2.699966931599195430e+00
2.747167682717760240e+00
2.787596320073439937e+00
2.822404671556219213e+00
2.852535633426413142e+00
2.878758793858605447e+00
2.901701019922488634e+00
2.921871862402254827e+00
2.939684394122908273e+00
2.955472191990267561e+00
2.969503063716550262e+00
2.981990025077797757e+00
2.993099893861189464e+00
3.002959869421598427e+00
3.011662274756165658e+00
3.019267637909756274e+00
3.025806139948669315e+00
3.031277338983110692e+00
3.035647894604647234e+00
3.038846746217732431e+00
3.040756764271806745e+00
3.041201155921051225e+00
3.039921584521651621e+00
3.036542466487445857e+00
3.030510944809654994e+00
3.020991624821655286e+00
3.006672182570371277e+00
2.985383864556508282e+00
2.953332537723422746e+00
2.903702528547262407e+00
7.136865434149257994e-09
