#Conditional distribution of mass given radius from initial fitting w/o bootstrap
nan
-4.981482730429057093e-01
-4.179071464436944772e-01
-3.534681413334965772e-01
-3.003450750286526527e-01
-2.555574959334416807e-01
-2.170452841128887589e-01
-1.833367550318261707e-01
-1.533508554966570014e-01
-1.262742748386833924e-01
-1.014823738877589365e-01
-7.848676335146136107e-02
-5.689964486959379203e-02
-3.640900944202048878e-02
-1.676105123013850451e-02
2.252514113638913549e-03
2.080373065035421090e-02
3.903528474828275169e-02
5.706567073886276154e-02
7.499311271159410375e-02
9.289857690922802280e-02
1.108481153574042422e-01
1.288947167227701418e-01
1.470797950788179653e-01
1.654344149195942359e-01
1.839803272428654490e-01
2.027308740699945711e-01
2.216918055326033421e-01
2.408620433910682868e-01
2.602344167177114698e-01
2.797963889163990747e-01
2.995307898902359045e-01
3.194165627730639057e-01
3.394295310627497564e-01
3.595431891494894061e-01
3.797295170730055625e-01
3.999598188406196519e-01
4.202055827719629599e-01
4.404393620785614361e-01
4.606356741971645574e-01
4.807719182129198132e-01
5.008293109432695456e-01
5.207938437822441369e-01
5.406572640608451330e-01
5.604180862405335750e-01
5.800826394292055710e-01
5.996661581019093745e-01
6.191939220022576462e-01
6.387024483037356815e-01
6.582407333085802392e-01
6.778715310618611545e-01
6.976726407365253513e-01
7.177381516262312244e-01
7.381795618855107044e-01
7.591266424757880937e-01
7.807278591044189975e-01
8.031500913885687432e-01
8.265773016472370838e-01
8.512077118904873840e-01
8.772489606403235385e-01
9.049106562754307692e-01
9.343937600862263215e-01
9.658763746335039535e-01
9.994958454488884758e-01
1.035327664210592635e+00
1.073362509472642889e+00
1.113483815093079698e+00
1.155449327422650052e+00
1.198880865090491632e+00
1.243266498290825695e+00
1.287978234806912869e+00
1.332305923832211025e+00
1.375504820420069718e+00
1.416850943460953527e+00
1.455696106470405704e+00
1.491514181895928992e+00
1.523931990106593304e+00
1.552741591182490222e+00
1.577894572133928142e+00
1.599482018696406049e+00
1.617705536193170257e+00
1.632844846636218650e+00
1.645226525438053589e+00
1.655196931244326652e+00
1.663100845698664454e+00
1.669266102102883842e+00
1.673993664377019241e+00
1.677552196204198820e+00
1.680176038561211671e+00
1.682065581027289758e+00
1.683389174483551187e+00
1.684285924356961894e+00
1.684868885511503489e+00
1.685228333636830333e+00
1.685434908049136205e+00
1.685542508996089817e+00
1.685590893901855569e+00
1.685607957399636314e+00
1.685611704972877156e+00
nan
