#Lower limit for the Conditional distribution of radius given mass from initial fitting w/o bootstrap
9.721778848983394149e-09
-1.838399842320326549e-01
-1.835908157901058879e-01
-1.831645537079792108e-01
-1.825530119281387753e-01
-1.817489083759837587e-01
-1.807460623067882188e-01
-1.795395961772569271e-01
-1.781261379270402123e-01
-1.765040178814040184e-01
-1.746734530595540347e-01
-1.726367101516974312e-01
-1.703982369083751613e-01
-1.679647503962474753e-01
-1.653452698544304322e-01
-1.625510821500559810e-01
-1.595956294983310320e-01
-1.564943125947848845e-01
-1.532642067892458770e-01
-1.499236972459748463e-01
-1.464920441575938426e-01
-1.429888979383734937e-01
-1.394337894361417918e-01
-1.358456235375669063e-01
-1.322422041991785091e-01
-1.286398189278012416e-01
-1.250528959444722199e-01
-1.214937539004634637e-01
-1.179724422072265244e-01
-1.144966704318238632e-01
-1.110718166564332032e-01
-1.077010010105250298e-01
-1.043852085864762497e-01
-1.011234457531003106e-01
-9.791291505875034107e-02
-9.474919597677262939e-02
-9.162642123612865785e-02
-8.853744103482279193e-02
-8.547396980059072946e-02
-8.242671219534621063e-02
-7.938546669677423728e-02
-7.633920633372233422e-02
-7.327613704210092505e-02
-7.018373470558300631e-02
-6.704876072574662837e-02
-6.385727040148725386e-02
-6.059457263962459567e-02
-5.724522601924030701e-02
-5.379297595341501342e-02
-5.022070440374975381e-02
-4.651036644171174100e-02
-4.264292147726074511e-02
-3.859826300410697242e-02
-3.435514865884846392e-02
-2.989114404420428056e-02
-2.518257469571918983e-02
-2.020450855439783616e-02
-1.493076590287764453e-02
-9.334004792836038053e-03
-3.385838430910671683e-03
2.942928268878800772e-03
9.681964599718874756e-03
1.686094733553852518e-02
2.450894933846042845e-02
3.265368205916864552e-02
4.132061294501467724e-02
5.053201955923128375e-02
6.030605463465477795e-02
7.065603403652649661e-02
8.159009423823633533e-02
9.311150609395671407e-02
1.052198784547355437e-01
1.179134562550571141e-01
1.311926233817264920e-01
1.450646043800349339e-01
1.595492609074659063e-01
1.746858449509897659e-01
1.905406811374327214e-01
2.072158715367614368e-01
2.248595854726343768e-01
2.436788411089850226e-01
2.639563910214944853e-01
2.860741438044623886e-01
3.105466392529329656e-01
3.380690464583422927e-01
3.695828316610559328e-01
4.063487302791158329e-01
4.499516873749062063e-01
5.019144710043547120e-01
5.620183230494458781e-01
6.251075918278565791e-01
6.820677972621065344e-01
7.275584611596950246e-01
7.619009679533360613e-01
7.873228339616730187e-01
8.058553941276731525e-01
8.189622338203459417e-01
8.276378216489880257e-01
8.325450837331852538e-01
9.721778848983394149e-09
