1.556465940911845548e-03
1.556472406692181601e-03
1.556482980161120111e-03
1.556517913006459815e-03
1.556899597528798402e-03
1.560477110048976010e-03
1.583881504304665610e-03
1.699595514939039901e-03
2.148485137621096702e-03
3.445969609918552844e-03
5.845363623945400676e-03
8.351673717607392342e-03
9.985271461251088096e-03
1.087308798953244039e-02
1.140206773887417896e-02
1.179027494995357576e-02
1.212611176999086465e-02
1.243993519937941668e-02
1.273948462265128700e-02
1.302448816285311887e-02
1.329250984274453831e-02
1.354123035260776375e-02
1.376921982501728113e-02
1.397605486844465984e-02
1.416216453890808448e-02
1.432859056420408145e-02
1.447675044396199914e-02
1.460824080718466610e-02
1.472469107010423994e-02
1.482766397871222372e-02
1.491859422648676020e-02
1.499875530198590406e-02
1.506924572552891667e-02
1.513098753309929934e-02
1.518473155375616584e-02
1.523106538273173889e-02
1.527042085714258417e-02
1.530307826349719749e-02
1.532916443546140928e-02
1.534864131313997196e-02
1.536128038454411676e-02
1.536661665919620764e-02
1.536387341841510303e-02
1.535184610298169147e-02
1.532873094756131635e-02
1.529188299869586702e-02
1.523749272620173942e-02
1.516018819914798262e-02
1.505261431442314612e-02
1.490513126845443778e-02
1.470592695697961819e-02
1.444202934289906537e-02
1.410180065632968445e-02
1.367918128281354721e-02
1.317886550202202259e-02
1.261992760593630934e-02
1.203463765876233368e-02
1.146122682600964234e-02
1.093360484876591300e-02
1.047349979603032222e-02
1.008842474340011786e-02
9.774666526585026882e-03
9.522207533466007026e-03
9.319020017791206784e-03
9.153752580310547254e-03
9.016950819021768079e-03
8.901332971343271089e-03
8.801591721552145392e-03
8.714023961007032193e-03
8.636144447018509127e-03
8.566348434453597768e-03
8.503641595047373505e-03
8.447435426457166122e-03
8.397399924945070024e-03
8.353365061788766560e-03
8.315264932000555886e-03
8.283121990466308857e-03
8.257073490226895726e-03
8.237448716101970769e-03
8.224914613663033419e-03
8.220718368609191903e-03
8.227061707598529172e-03
8.247616214498827703e-03
8.288051055834822281e-03
8.356018267415504450e-03
8.459179029544771841e-03
8.599331855006230735e-03
8.763803218210469356e-03
8.923688696884833627e-03
9.048217724634342873e-03
9.122810396661995211e-03
9.150287654754141534e-03
9.138615162100622094e-03
9.089783346852293999e-03
8.994230970540294592e-03
8.831508995438016804e-03
8.592012206647276981e-03
8.338070844344356095e-03
8.194723832224127397e-03
8.171379969682692965e-03
