1.920540738657471325e-01
1.292611815421868260e-01
8.664613540050035423e-02
5.784038510945127554e-02
3.844964436365772703e-02
2.545861558790662310e-02
1.682049550688513584e-02
1.118015394702202327e-02
7.691758004743587396e-03
5.900497845631806106e-03
5.666177979343193886e-03
7.113956562266677067e-03
1.060345629907331888e-02
1.671083436480515563e-02
2.621896432967936452e-02
4.010939523014391689e-02
5.954762008538252993e-02
8.585194456572731170e-02
1.204370450147564248e-01
1.647265788768385586e-01
2.200346071086871635e-01
2.874221178343930871e-01
3.675412730109266501e-01
4.604848066374765403e-01
5.656602586760016704e-01
6.817079116540932793e-01
8.064774626039299399e-01
9.370721967107326078e-01
1.069961703691685084e+00
1.201156158913136984e+00
1.326428030347610143e+00
1.441561727506440072e+00
1.542608814935890083e+00
1.626126220331492789e+00
1.689377241414590891e+00
1.730479635675833405e+00
1.748490972710489366e+00
1.743427937097878244e+00
1.716222591845187662e+00
1.668624055293240094e+00
1.603058095119245463e+00
1.522459510139408501e+00
1.430092791659325790e+00
1.329375576105677359e+00
1.223717127542352179e+00
1.116380935444749589e+00
1.010376935552495636e+00
9.083852998041587190e-01
8.127105714349781573e-01
7.252624217765892833e-01
6.475576393543746034e-01
5.807371756120093265e-01
5.255921056201845465e-01
4.825930734865489513e-01
4.519189825257423632e-01
4.334821363908173963e-01
4.269485206837303481e-01
4.317532463051406699e-01
4.471122162473384343e-01
4.720317476065424289e-01
5.053181653648635141e-01
5.455893285549304750e-01
5.912897447150960994e-01
6.407104958670671868e-01
6.920147652171920738e-01
7.432694257853666997e-01
7.924829945285527533e-01
8.376502707388204794e-01
8.768040966242176548e-01
9.080747641348345667e-01
9.297574597348593484e-01
9.403875895882515268e-01
9.388227003406260929e-01
9.243279392415071349e-01
8.966596662569930043e-01
8.561392145881191462e-01
8.037063671554002253e-01
7.409405082769732198e-01
6.700373245019245472e-01
5.937309948456250819e-01
5.151564030311858167e-01
4.376529593821796293e-01
3.645204964468641839e-01
2.987471427312442529e-01
2.427373281316170528e-01
1.980731919143037256e-01
1.653430200419475915e-01
1.440652274689341872e-01
1.327266141920810383e-01
1.289417488528814826e-01
1.297304768041842860e-01
1.319071648870596691e-01
1.325808590165406253e-01
1.297769379248976673e-01
1.231945944123163800e-01
1.150808427040665716e-01
1.110780796639544710e-01
1.206047859980542702e-01
1.557312954772087921e-01
2.264255357494211474e-01
