#Lower limit for the Conditional distribution of radius given mass from initial fitting w/o bootstrap
5.203520404377511726e-09
-2.876507319426894749e-01
-2.876509395209086994e-01
-2.876509797061920226e-01
-2.876509924233587867e-01
-2.876509956262214285e-01
-2.876509934618761699e-01
-2.876509864073976686e-01
-2.876509708216852257e-01
-2.876509235874967763e-01
-2.876507163558840730e-01
-2.876497143894418129e-01
-2.876451150339169871e-01
-2.876257090329239485e-01
-2.875502779499635175e-01
-2.872778513402859391e-01
-2.863575582843994605e-01
-2.834425044483103728e-01
-2.746490649540059281e-01
-2.447371120409538581e-01
-1.185605890002876112e-01
-8.633784677360090143e-02
-7.394464175694352714e-02
-6.616836329411712736e-02
-5.932064869015454822e-02
-5.210131307868881567e-02
-4.392705916881285699e-02
-3.443980810205065496e-02
-2.334344460515574288e-02
-1.036702582828564687e-02
4.678227787583081297e-03
2.172236228057967608e-02
4.018420359590157975e-02
5.894648834676608634e-02
7.684215276818877338e-02
9.320752570540502546e-02
1.079388394932840334e-01
1.212399558721255627e-01
1.334096157652860104e-01
1.447427337042004047e-01
1.554998276589751871e-01
1.659039945118981063e-01
1.761462269502995781e-01
1.863917029389658420e-01
1.967844355628603215e-01
2.074492858386094429e-01
2.184908656084635081e-01
2.299893218517948534e-01
2.419941141556136988e-01
2.545191097212987641e-01
2.675451823923609140e-01
2.810376734855424830e-01
2.949825839215715617e-01
3.094379544318175967e-01
3.245926908440038838e-01
3.408308052412709621e-01
3.588143272954799068e-01
3.796217730527714496e-01
4.050342925335800870e-01
4.382596539861636220e-01
4.862909656617556142e-01
5.692552867630965574e-01
6.893635163139494315e-01
7.733473123291859652e-01
8.347342887532931410e-01
8.778178688498663451e-01
9.065614294440692555e-01
9.264773109233112036e-01
9.412980727139110826e-01
9.531553642707820684e-01
9.632305418170564737e-01
9.721549185265042636e-01
9.802348774670125442e-01
9.875896982097609467e-01
9.942440392911211511e-01
1.000190407096576140e+00
1.005426686172078643e+00
1.009972660132901101e+00
1.013871385274759174e+00
1.017181671692082068e+00
1.019966363449915869e+00
1.022278267359355342e+00
1.024142567792547309e+00
1.025531821499481966e+00
1.026329033547346725e+00
1.026284389927509144e+00
1.025019382967570669e+00
1.022237623954272756e+00
1.018260697468811760e+00
1.014323368817709792e+00
1.011749433984979074e+00
1.010992530456279459e+00
1.011875706336470726e+00
1.014265325651308780e+00
1.018322007162752341e+00
1.024207070304400613e+00
1.031174890026041346e+00
1.036960016803551321e+00
1.039678571905307214e+00
5.203520404377511726e-09
