#Upper limit for the Conditional distribution of radius given mass from initial fitting w/o bootstrap
5.203520404377511726e-09
-2.098627021860938746e-01
-2.098634020725027305e-01
-2.098635386650543611e-01
-2.098635825257889331e-01
-2.098635944209991944e-01
-2.098635884277794961e-01
-2.098635631980646232e-01
-2.098634750605431754e-01
-2.098630165848661133e-01
-2.098603992460174317e-01
-2.098466474025740824e-01
-2.097818899766722700e-01
-2.095053826783092876e-01
-2.084098839442285467e-01
-2.041909263927838836e-01
-1.855230505496285598e-01
-4.060357883925175271e-02
6.317782116727918562e-02
1.285940873912371218e-01
1.744406329731894856e-01
2.079964618711436231e-01
2.356367787520867174e-01
2.607054919571200058e-01
2.847593361558137803e-01
3.086353240244362750e-01
3.327968461937735878e-01
3.573192915685145521e-01
3.817922868133791225e-01
4.054204795620543478e-01
4.274146397680148035e-01
4.473468837793192487e-01
4.651889890726296772e-01
4.811553108619340824e-01
4.955530227820005851e-01
5.087014288256479499e-01
5.209024022786419295e-01
5.324367101373729261e-01
5.435717565764307535e-01
5.545747522383139838e-01
5.657301630422079119e-01
5.773627855640066642e-01
5.898697979169685857e-01
6.037658321505117165e-01
6.197391927926965138e-01
6.386777209482439321e-01
6.614603232984987979e-01
6.880230198332875080e-01
7.161259912214402723e-01
7.427149806327111303e-01
7.665535849384951250e-01
7.880523512433909028e-01
8.081841636704995002e-01
8.280806335708282839e-01
8.490608312708460836e-01
8.728240032006812088e-01
9.016648029592381208e-01
9.380904393407131225e-01
9.816176480338826282e-01
1.025102736553573868e+00
1.062371514588438481e+00
1.093001879105698793e+00
1.118207225052116005e+00
1.138861754166024864e+00
1.155488515169186048e+00
1.168546883652127333e+00
1.178562506002058141e+00
1.186093808867646926e+00
1.191656527869116022e+00
1.195681526961871466e+00
1.198511159503376167e+00
1.200414485546206889e+00
1.201605569621785996e+00
1.202258046914159273e+00
1.202514759102464303e+00
1.202493537009343916e+00
1.202290605903989062e+00
1.201982725189636669e+00
1.201628633332118001e+00
1.201269836219272191e+00
1.200930407567640579e+00
1.200614850158914226e+00
1.200302404981453241e+00
1.199935029140365206e+00
1.199395490232003203e+00
1.198475935525359359e+00
1.196861995738466744e+00
1.194232373038157213e+00
1.190634775999119155e+00
1.186925108190466149e+00
1.184364859500662170e+00
1.183577941785371568e+00
1.184444929208679609e+00
1.186724050044261736e+00
1.190314023137723387e+00
1.194961301513806085e+00
1.199742135211901539e+00
1.203226769218694647e+00
1.204736919716909549e+00
5.203520404377511726e-09
