#Upper limit for the Conditional distribution of Radius given Mass from initial fitting w/o bootstrap
5.203520404377511726e-09
-2.098095935668469469e-01
-2.098456998918583616e-01
-2.098527585599193057e-01
-2.098550601219528744e-01
-2.098557451552452713e-01
-2.098555707748347432e-01
-2.098547230838576083e-01
-2.098531293159783262e-01
-2.098503091011809651e-01
-2.098441451186184303e-01
-2.098251020192851146e-01
-2.097523225483314824e-01
-2.094630875149669780e-01
-2.083452238626498920e-01
-2.040770671335775666e-01
-1.852104025685979982e-01
-3.970888261900584748e-02
6.362401382307225628e-02
1.288424219850016761e-01
1.745648334728724382e-01
2.080812516142223900e-01
2.357313251010362820e-01
2.608267634955148129e-01
2.849073308545874150e-01
3.088024419463065162e-01
3.329723884511522902e-01
3.574921980076209427e-01
3.819538477801077136e-01
4.055663294591387857e-01
4.275443567124271316e-01
4.474619553085365520e-01
4.652912676032897044e-01
4.812465192276754733e-01
4.956347838972611219e-01
5.087754021637010959e-01
5.209703916695915815e-01
5.325007318606710394e-01
5.436340864516057136e-01
5.546379716788745196e-01
5.657972246489593182e-01
5.774371230766803809e-01
5.899555217595555678e-01
6.038680814977409606e-01
6.198647401912638077e-01
6.388357497447080258e-01
6.616619256467378696e-01
6.882742134296544467e-01
7.164153495312435282e-01
7.430188260716470428e-01
7.668511271101174920e-01
7.883281215648079154e-01
8.084255288507359305e-01
8.282768051986807434e-01
8.492040383047896324e-01
8.729140172347592541e-01
9.017212539273717908e-01
9.381759993856990665e-01
9.818124282597147090e-01
1.025366945202542901e+00
1.062605461899911230e+00
1.093161087259770126e+00
1.118288802560994055e+00
1.138880135151447037e+00
1.155463617920424291e+00
1.168498837922818723e+00
1.178509461722323515e+00
1.186050842653055604e+00
1.191635007828482751e+00
1.195688941763108248e+00
1.198551377682380181e+00
1.200488293758442682e+00
1.201711336130520280e+00
1.202392397054474316e+00
1.202673190327109953e+00
1.202670931951961286e+00
1.202481626899455591e+00
1.202182093507991878e+00
1.201831308835648926e+00
1.201471118527406512e+00
1.201125973163227334e+00
1.200800731049399106e+00
1.200474893021641343e+00
1.200090462909937372e+00
1.199529857346735895e+00
1.198584287029829110e+00
1.196938144352129640e+00
1.194270779645179692e+00
1.190637161043808234e+00
1.186906072612265772e+00
1.184342628687900634e+00
1.183560608799873792e+00
1.184431357078530089e+00
1.186711072710114667e+00
1.190300360592141615e+00
1.194948557552532487e+00
1.199733436764885974e+00
1.203223112644677961e+00
1.204736053680903085e+00
5.203520404377511726e-09
