#Lower limit for the Conditional distribution of Radius given Mass from initial fitting w/o bootstrap
5.203520404377511726e-09
-2.873354855035636368e-01
-2.873580315663810669e-01
-2.873706560149009159e-01
-2.873752987925257685e-01
-2.873728821725358706e-01
-2.873631985541690304e-01
-2.873447340466711020e-01
-2.873141649616897109e-01
-2.872652482958640840e-01
-2.871865816178510999e-01
-2.870571512953935533e-01
-2.868374271029723865e-01
-2.864513577750966711e-01
-2.857496867668719021e-01
-2.844348533330324225e-01
-2.819047835315711126e-01
-2.768996617905426505e-01
-2.664526216293908178e-01
-2.402032233839804243e-01
-1.342333599947796441e-01
-7.655243318423711474e-02
-4.954589349106251761e-02
-3.124884807185873345e-02
-1.627485619961315313e-02
-2.537330263681227861e-03
1.082689755073358920e-02
2.412058043772239216e-02
3.737097196544199307e-02
5.047695245757555932e-02
6.329605678927896495e-02
7.569728372270780048e-02
8.758824417176194754e-02
9.892259640030978685e-02
1.096949615219538904e-01
1.199304865822856392e-01
1.296739890578041954e-01
1.389811388878918752e-01
1.479122789811080085e-01
1.565286342564049249e-01
1.648903078136900735e-01
1.730555532890260817e-01
1.810809161583502025e-01
1.890219931037241674e-01
1.969346851361638284e-01
2.048769274996151968e-01
2.129109764474224065e-01
2.211064287959126351e-01
2.295443009152620395e-01
2.383225696107016400e-01
2.475639165429140975e-01
2.574266123248040716e-01
2.681199066372148554e-01
2.799258498936315065e-01
2.932301630237979517e-01
3.085658760622798091e-01
3.266756378051092757e-01
3.486043520387693273e-01
3.758506381610078884e-01
4.106534642969432158e-01
4.566073619919176485e-01
5.198796719867145866e-01
6.083720697425193391e-01
7.098041690083132238e-01
7.897231316797787004e-01
8.444474882680073069e-01
8.821291768290375757e-01
9.088249438457676188e-01
9.283467249854979730e-01
9.430810968968227348e-01
9.545447324792303290e-01
9.637197851916874392e-01
9.712541437958233104e-01
9.775826354897314552e-01
9.830018074725215271e-01
9.877169352711250294e-01
9.918719644985525274e-01
9.955687389676567411e-01
9.988792561118381430e-01
1.001853289295622229e+00
1.004522640654113230e+00
1.006902735982205588e+00
1.008991815404849390e+00
1.010767757015509583e+00
1.012182747988193521e+00
1.013157161604317347e+00
1.013577294073170876e+00
1.013308584930914913e+00
1.012245476190550164e+00
1.010418282004408752e+00
1.008134364975759034e+00
1.006035928780859123e+00
1.004926525352189959e+00
1.005405841739004380e+00
1.007570982637678192e+00
1.010969882009687737e+00
1.014795763236667980e+00
1.018228679825907035e+00
1.020751721980585058e+00
5.203520404377511726e-09
