#Sequence of Radius points for initial fitting w/o bootstrap
-3.098039199714863190e-01
-2.925654018651644428e-01
-2.753268837588425111e-01
-2.580883656525206349e-01
-2.408498475461987032e-01
-2.236113294398768270e-01
-2.063728113335549230e-01
-1.891342932272330191e-01
-1.718957751209111151e-01
-1.546572570145892112e-01
-1.374187389082673072e-01
-1.201802208019454032e-01
-1.029417026956235270e-01
-8.570318458930162309e-02
-6.846466648297971913e-02
-5.122614837665778742e-02
-3.398763027033591122e-02
-1.674911216401403502e-02
4.894059423078966908e-04
1.772792404862977289e-02
3.496644215495170460e-02
5.220496026127358080e-02
6.944347836759551251e-02
8.668199647391738871e-02
1.039205145802392649e-01
1.211590326865611966e-01
1.383975507928830728e-01
1.556360688992050045e-01
1.728745870055268807e-01
1.901131051118488124e-01
2.073516232181707442e-01
2.245901413244925648e-01
2.418286594308144966e-01
2.590671775371364283e-01
2.763056956434582490e-01
2.935442137497801807e-01
3.107827318561021124e-01
3.280212499624240441e-01
3.452597680687458648e-01
3.624982861750677965e-01
3.797368042813897282e-01
3.969753223877115489e-01
4.142138404940334806e-01
4.314523586003554123e-01
4.486908767066773440e-01
4.659293948129991647e-01
4.831679129193210964e-01
5.004064310256430836e-01
5.176449491319647933e-01
5.348834672382867250e-01
5.521219853446086567e-01
5.693605034509305884e-01
5.865990215572525202e-01
6.038375396635744519e-01
6.210760577698963836e-01
6.383145758762183153e-01
6.555530939825400250e-01
6.727916120888619567e-01
6.900301301951838884e-01
7.072686483015058201e-01
7.245071664078277518e-01
7.417456845141494615e-01
7.589842026204713932e-01
7.762227207267933249e-01
7.934612388331152566e-01
8.106997569394371883e-01
8.279382750457591200e-01
8.451767931520810517e-01
8.624153112584027614e-01
8.796538293647246931e-01
8.968923474710466248e-01
9.141308655773685565e-01
9.313693836836904882e-01
9.486079017900124200e-01
9.658464198963343517e-01
9.830849380026560613e-01
1.000323456108977993e+00
1.017561974215299925e+00
1.034800492321621856e+00
1.052039010427943788e+00
1.069277528534265720e+00
1.086516046640587652e+00
1.103754564746909361e+00
1.120993082853231293e+00
1.138231600959553225e+00
1.155470119065875156e+00
1.172708637172197088e+00
1.189947155278519020e+00
1.207185673384840952e+00
1.224424191491162661e+00
1.241662709597484593e+00
1.258901227703806525e+00
1.276139745810128456e+00
1.293378263916450388e+00
1.310616782022772320e+00
1.327855300129094251e+00
1.345093818235415961e+00
1.362332336341737893e+00
1.379570854448059825e+00
1.396809372554381756e+00
