#Upper limit for the Conditional distribution of Mass given Radius from initial fitting w/o bootstrap
7.136865434149257994e-09
-1.065029274448683116e+00
-1.064788368979870725e+00
-1.062989594798908977e+00
-1.054116986089528529e+00
-1.018369859103471775e+00
-8.479517371138027837e-01
2.150576649157361631e-01
5.113119980443298074e-01
6.399881719163919014e-01
7.015200097568314863e-01
7.342671833492915301e-01
7.558954541620142020e-01
7.742939391066321342e-01
7.928068820981771792e-01
8.126227494869654455e-01
8.338337638732409296e-01
8.559676290031777990e-01
8.783244692555411959e-01
9.002150616060847765e-01
9.211083425197678087e-01
9.406895023685802881e-01
9.588493051367773523e-01
9.756363839653460213e-01
9.912001520522044640e-01
1.005740573494954049e+00
1.019470641326100990e+00
1.032591240186925052e+00
1.045275688034366546e+00
1.057661137908958437e+00
1.069844713385656343e+00
1.081883269129697567e+00
1.093796181795178457e+00
1.105570925735557264e+00
1.117171061369488294e+00
1.128545963344165903e+00
1.139641278535288071e+00
1.150408930990023393e+00
1.160815591735204988e+00
1.170848894835520682e+00
1.180521190119327546e+00
1.189871118783660586e+00
1.198963652563025173e+00
1.207889394550086370e+00
1.216763913780959383e+00
1.225727740222968709e+00
1.234947401654906907e+00
1.244617660101466683e+00
1.254964781692281539e+00
1.266250354526970101e+00
1.278774753276216147e+00
1.292878890656554036e+00
1.308942518495251672e+00
1.327377388536720382e+00
1.348614681427819928e+00
1.373089057257512291e+00
1.401226873691848285e+00
1.433452444441153828e+00
1.470230066228246146e+00
1.512155744669413160e+00
1.560097916821679975e+00
1.615361454485561676e+00
1.679808953580553599e+00
1.755784552604290782e+00
1.845491660590481198e+00
1.949323655858643756e+00
2.063547644239230650e+00
2.180281189799823771e+00
2.291552131830539185e+00
2.392879130023871870e+00
2.483102783950257297e+00
2.562732619391436373e+00
2.632805114962166737e+00
2.694397738246684604e+00
2.748478444432051138e+00
2.795881202539916455e+00
2.837318142036172830e+00
2.873396498683026046e+00
2.904631172436990649e+00
2.931451752638833952e+00
2.954205271566829438e+00
2.973156191527569714e+00
2.988484530270033357e+00
3.000282238390636458e+00
3.008547152047615469e+00
3.013173134693929889e+00
3.013934310055479848e+00
3.010460549554049514e+00
3.002200979900118138e+00
2.988373720872932626e+00
2.967909724293918750e+00
2.939434430252971353e+00
2.901443669971706107e+00
2.853096870934944462e+00
2.796294371529162159e+00
2.738487564869055202e+00
2.691839759340954874e+00
2.666025682988875989e+00
2.662962833362136461e+00
7.136865434149257994e-09
