-2.947540262346492468e-01
-2.947540258247962064e-01
-2.947540250987879529e-01
-2.947540231264815236e-01
-2.947539889350490605e-01
-2.947533391143193904e-01
-2.947456707871757287e-01
-2.946826830870905578e-01
-2.942838843002243410e-01
-2.921499361806487172e-01
-2.804752956168886646e-01
-1.171141476806443205e-01
-8.393515947199117755e-02
-7.652485481428564218e-02
-7.351034210733767282e-02
-7.123411848367754151e-02
-6.862037060082148976e-02
-6.517932859438453630e-02
-6.054866319972417726e-02
-5.436654759098218798e-02
-4.622616017326400262e-02
-3.564350416363340490e-02
-2.201939737434355920e-02
-4.624151780822055406e-03
1.721128639584775660e-02
4.316904650002017368e-02
7.044188775038801031e-02
9.506799167068616385e-02
1.154284791221747708e-01
1.320435043584559931e-01
1.459247511543381171e-01
1.579361971571955070e-01
1.687204218439590508e-01
1.787480276962959969e-01
1.883708270239339011e-01
1.978603369980669324e-01
2.074329830424050669e-01
2.172653117654358423e-01
2.275015542555969550e-01
2.382552430753646089e-01
2.496070907440577913e-01
2.616031428391409897e-01
2.742593495378252699e-01
2.875785694756487487e-01
3.015814419102714194e-01
3.163459921578821166e-01
3.320492144923076760e-01
3.490111112671611671e-01
3.677549714426239791e-01
3.891157601579588454e-01
4.144636727318674607e-01
4.462016572317325513e-01
4.888762406778433545e-01
5.498520490504025249e-01
6.234861919545025000e-01
6.856635914904496421e-01
7.373787994314005001e-01
7.849350733435882521e-01
8.294621327550448786e-01
8.680996492936696729e-01
8.982764049538458639e-01
9.204815688954037789e-01
9.367459736856319497e-01
9.489813277727564556e-01
9.585731577744828202e-01
9.664592936271323431e-01
9.732666949796106026e-01
9.794143079543439212e-01
9.851794725312208456e-01
9.907385313674088589e-01
9.961908753956345564e-01
1.001573304145650711e+00
1.006870154318587618e+00
1.012023622498652076e+00
1.016947165319519453e+00
1.021542336182363453e+00
1.025716497668904159e+00
1.029396997157778326e+00
1.032537696579912234e+00
1.035115710058536642e+00
1.037118037632846157e+00
1.038517928724554729e+00
1.039239387022813821e+00
1.039109019714220983e+00
1.037811116000452616e+00
1.034926595634913626e+00
1.030246110827129691e+00
1.024386208399059806e+00
1.018879258750473138e+00
1.015017043161057231e+00
1.012956312788653390e+00
1.012181051809449617e+00
1.012227018804947809e+00
1.012997075698234717e+00
1.014947175614097530e+00
1.019492758461382653e+00
1.028761762653992440e+00
1.039772604750592855e+00
1.044244855325754173e+00
1.044576194137502467e+00
