#Akaike Information Criterion from bootstrap run
7.658860955614512704e+02
7.954519937869432624e+02
7.944335131896930307e+02
7.412406255370457302e+02
7.579618185227989215e+02
7.877506445424464800e+02
8.236612376530333677e+02
7.541885814487927746e+02
7.918547020071537190e+02
7.785422562526119918e+02
7.616951818495085718e+02
7.789107842589786515e+02
7.720869038592844618e+02
7.669584718615723204e+02
7.782614887289080343e+02
7.795300910855436314e+02
7.621717944093827555e+02
7.527917223005042615e+02
7.986534914066841111e+02
7.247217805160817079e+02
7.224651119730511937e+02
7.357413187241813830e+02
7.992183446339823831e+02
7.471760980817641666e+02
7.633574999154496936e+02
7.916160903546026475e+02
8.290567914454877609e+02
7.346601197950499227e+02
7.844683206724523643e+02
7.672777994480500183e+02
7.947807180341300182e+02
7.975329454703908141e+02
7.842458212492779239e+02
7.753271614216225771e+02
7.272367536145509348e+02
7.657918145198852926e+02
7.851525854134974907e+02
7.099707585328610548e+02
7.802100473891490537e+02
7.419263694545011276e+02
7.939942444073996057e+02
7.937794481171415555e+02
7.668468354989138334e+02
7.714557725914256707e+02
7.660436482818198556e+02
7.512245339230335048e+02
7.214022305453651143e+02
7.164633313802493149e+02
7.589302654886275832e+02
7.869636646133851627e+02
