#Bayesian Information Criterion from bootstrap run
1.105165598701659746e+03
1.134731496927151738e+03
1.133713016329901393e+03
1.080520128677253979e+03
1.097241321663007284e+03
1.127030147682654842e+03
1.162940740793241730e+03
1.093468084589001137e+03
1.131134205147362081e+03
1.117821759392820468e+03
1.100974684989716934e+03
1.118190287399187127e+03
1.111366406999492938e+03
1.106237975001780796e+03
1.117540991869116397e+03
1.118809594225751880e+03
1.101451297549591118e+03
1.092071225440712624e+03
1.137932994546892360e+03
1.064001283656290070e+03
1.061744615113259442e+03
1.075020821864389745e+03
1.138497847774190632e+03
1.086455601221972529e+03
1.102637003055658170e+03
1.130895593494811010e+03
1.168336294585696123e+03
1.073939622935258285e+03
1.123747823812660727e+03
1.106557302588258381e+03
1.134060221174338494e+03
1.136812448610599176e+03
1.123525324389486286e+03
1.114606664561830939e+03
1.066516256754759297e+03
1.105071317660093655e+03
1.124432088553705853e+03
1.049250261673069417e+03
1.119489550529357530e+03
1.081205872594709490e+03
1.133273747547607854e+03
1.133058951257349918e+03
1.106126338639122196e+03
1.110735275731633919e+03
1.105323151422028332e+03
1.090504037063241867e+03
1.060681733685573363e+03
1.055742834520457791e+03
1.098209768628835945e+03
1.126243167753593525e+03
