#Variance for the Conditional distribution of mass given radius from initial fitting w/o bootstrap
nan
3.468701351239441566e-01
3.593477635748787424e-01
3.658731837454547442e-01
3.698902252131675006e-01
3.726153442327900245e-01
3.745877159360258557e-01
3.760829741491648615e-01
3.772566744009236417e-01
3.782032418039975030e-01
3.789832973678297634e-01
3.796375287836255552e-01
3.801942493481240692e-01
3.806737597834008446e-01
3.810909867067057699e-01
3.814571430121465045e-01
3.817808084476618236e-01
3.820686534080377506e-01
3.823259359107600286e-01
3.825568501469955307e-01
3.827647753234449390e-01
3.829524558595279737e-01
3.831221331891016546e-01
3.832756426070541567e-01
3.834144842040131396e-01
3.835398740213170621e-01
3.836527795808381547e-01
3.837539425618607392e-01
3.838438903973498406e-01
3.839229378073266141e-01
3.839911786863928755e-01
3.840484682528976790e-01
3.840943949037240457e-01
3.841282407673481392e-01
3.841489294820627509e-01
3.841549592243436173e-01
3.841443184565457858e-01
3.841143812398625790e-01
3.840617782599994867e-01
3.839822389406811753e-01
3.838703991904459101e-01
3.837195684824665776e-01
3.835214491864222253e-01
3.832658004992537948e-01
3.829400391970612105e-01
3.825287701353124459e-01
3.820132415472719534e-01
3.813707246077148727e-01
3.805738246991471896e-01
3.795897450692106156e-01
3.783795443346166243e-01
3.768974602008453578e-01
3.750904154416614400e-01
3.728978802243950175e-01
3.702523359548187676e-01
3.670806624944735752e-01
3.633068347349560634e-01
3.588563322630631824e-01
3.536625850367385859e-01
3.476755335447000994e-01
3.408719176544977025e-01
3.332662212650732148e-01
3.249204006244110210e-01
3.159498811508422156e-01
3.065232146384833656e-01
2.968536032232856336e-01
2.871822749801162811e-01
2.777559876804243100e-01
2.688028580516992894e-01
2.605113746363023064e-01
2.530165013616937908e-01
2.463946451775698432e-01
2.406668881924984293e-01
2.358081683221600056e-01
2.317594470487431002e-01
2.284402053314508185e-01
2.257594361268031591e-01
2.236242212066131552e-01
2.219457156528128472e-01
2.206428207404605990e-01
2.196440318954040460e-01
2.188879804335424339e-01
2.183231246868714837e-01
2.179069464788033761e-01
2.176049078121547187e-01
2.173893367335718030e-01
2.172383456524167589e-01
2.171348388486095127e-01
2.170656349769680693e-01
2.170207110895781277e-01
2.169925635425650201e-01
2.169756753793341819e-01
2.169660773897551798e-01
2.169609896572405883e-01
2.169585311144650586e-01
2.169574858465766198e-01
2.169571161748415911e-01
2.169570130164911181e-01
2.169569616984808880e-01
nan
