#Variance for the Conditional distribution of radius given mass from initial fitting w/o bootstrap
5.909570917948033658e-02
7.164348056948520449e-02
7.164735446106065830e-02
7.166505973080863900e-02
7.171517951195280349e-02
7.182514244049376106e-02
7.202922045698992304e-02
7.236200014470975383e-02
7.284656804998144997e-02
7.348083723633959397e-02
7.423038018918959313e-02
7.503536928902101999e-02
7.582970082240744758e-02
7.656072965356212900e-02
7.719911312412017224e-02
7.773746048846304213e-02
7.818313594216995399e-02
7.855069864341743258e-02
7.885655678582027817e-02
7.911605741060688535e-02
7.934230174735724950e-02
7.954592505632256116e-02
7.973531428772526186e-02
7.991696868830713840e-02
8.009586317176266290e-02
8.027576011901550734e-02
8.045945708129635665e-02
8.064897559032123409e-02
8.084570218461414881e-02
8.105049341386316719e-02
8.126375520579037781e-02
8.148550502342108426e-02
8.171542329210282340e-02
8.195289883269521458e-02
8.219707154018102147e-02
8.244687428489108627e-02
8.270107496896994537e-02
8.295831883270940454e-02
8.321717046958906905e-02
8.347615457218005020e-02
8.373379418552527598e-02
8.398864517294173104e-02
8.423932567314627862e-02
8.448453950907602872e-02
8.472309275313888444e-02
8.495390291429719132e-02
8.517600044533385484e-02
8.538852243601093017e-02
8.559069842992300670e-02
8.578182825852632976e-02
8.596125161141920934e-02
8.612830874953680826e-02
8.628229131381476291e-02
8.642238158673666570e-02
8.654757783646903346e-02
8.665660253893318898e-02
8.674778939567909242e-02
8.681894428361766614e-02
8.686717486652247022e-02
8.688868409799532788e-02
8.687852520116752519e-02
8.683032152962424921e-02
8.673596654121173977e-02
8.658534061312944674e-02
8.636611706728264393e-02
8.606378319658088138e-02
8.566207157496590063e-02
8.514406624657094858e-02
8.449427290139180369e-02
8.370183802039926624e-02
8.276476187561643272e-02
8.169432352146070719e-02
8.051818349369337102e-02
7.928024348404243138e-02
7.803596384218519644e-02
7.684364403016298584e-02
7.575429228837224360e-02
7.480363227017018668e-02
7.400872162572970370e-02
7.336938259404424123e-02
7.287276550072356585e-02
7.249882195744217217e-02
7.222503736151551779e-02
7.202970392990795667e-02
7.189373604848849075e-02
7.180137606134918971e-02
7.174020079956287821e-02
7.170076296942985705e-02
7.167609130176287591e-02
7.166117864530867354e-02
7.165252142701966642e-02
7.164773413427917570e-02
7.164524114816879508e-02
7.164403836472821308e-02
7.164351354447950904e-02
7.164331405804770514e-02
7.164325181401852427e-02
7.164323654821887211e-02
7.164322713777693252e-02
5.684188868068131700e-02
