#Marginalized radius distribution from initial fitting w/o bootstrap
1.699658658636930043e-10
6.997051726430854324e-02
1.224949891266924468e-01
1.607183301354687954e-01
1.874604611011323196e-01
2.052778014695347542e-01
2.164971992780962140e-01
2.232309223440132329e-01
2.273795438223409071e-01
2.306280312616102446e-01
2.344390609822494254e-01
2.400465018830718888e-01
2.484511198592020409e-01
2.604198232981289607e-01
2.764891810642988168e-01
2.969734783532035904e-01
3.219772159402686240e-01
3.514116894709997108e-01
3.850150938772053943e-01
4.223754715246643143e-01
4.629557503827343434e-01
5.061200906542442368e-01
5.511607663320895467e-01
5.973248445031756892e-01
6.438399832887438112e-01
6.899387433419723603e-01
7.348808928529180218e-01
7.779732777843662017e-01
8.185869239724041790e-01
8.561711327480280298e-01
8.902644243697097615e-01
9.205022717702788793e-01
9.466216493008251520e-01
9.684624960576930786e-01
9.859662600907621588e-01
9.991717476849591995e-01
1.008208550605168119e+00
1.013288363537444781e+00
1.014694533972666068e+00
1.012770207646984222e+00
1.007905444693796504e+00
1.000523685302950216e+00
9.910679394424906086e-01
9.799870636673337909e-01
9.677224698654545154e-01
9.546955866651769540e-01
9.412963648684270490e-01
9.278730844248166409e-01
9.147236828737289605e-01
9.020887846122640497e-01
8.901465675509931952e-01
8.790095594441263982e-01
8.687234111615380616e-01
8.592676491281009410e-01
8.505583647936094671e-01
8.424527559974434032e-01
8.347553941166161451e-01
8.272260525712548107e-01
8.195888972194252942e-01
8.115428079876937373e-01
8.027725743102063216e-01
7.929606851102297682e-01
7.817994176426512620e-01
7.690029189740205107e-01
7.543189696151714196e-01
7.375401211993609651e-01
7.185139094197954268e-01
6.971518599452892762e-01
6.734370288904685253e-01
6.474298507130182845e-01
6.192721051350906780e-01
5.891888607191669847e-01
5.574883058239586964e-01
5.245594374315200037e-01
4.908676442150704533e-01
4.569482914607342905e-01
4.233984911029476939e-01
3.908673189757662647e-01
3.600448219381388593e-01
3.316502380073542144e-01
3.064199308897800900e-01
2.850956138009678176e-01
2.684135032529076925e-01
2.570950981071314922e-01
2.518403186663465965e-01
2.533237603313777120e-01
2.621948111610089560e-01
2.790823466012885556e-01
3.046046409757998119e-01
3.393850164702347794e-01
3.840735777895506464e-01
4.393751448828178141e-01
5.060831864834174354e-01
5.851191618664778327e-01
6.775761840517583456e-01
7.847653101497548134e-01
9.082620276247642677e-01
1.049949621271665912e+00
1.212055055270544024e+00
1.397171766522952163e+00
