#Conditional distribution of mass given radius from initial fitting w/o bootstrap
7.136865434149257994e-09
-1.326887296591774845e+00
-1.326885843489551631e+00
-1.326856214808524115e+00
-1.326455267819788952e+00
-1.323353199764845334e+00
-1.306500943608976506e+00
-1.228184240524512916e+00
-1.498519719819446649e-01
1.000713977341649435e-01
1.619447198463239146e-01
1.832284673856029444e-01
1.928247335396957862e-01
2.000171491031645654e-01
2.090698673978461930e-01
2.232078126219095016e-01
2.457372502421254212e-01
2.797274035462499753e-01
3.261548629642366248e-01
3.811466237758554532e-01
4.360476996702822849e-01
4.827837649816774102e-01
5.183341007540489542e-01
5.438027754657525081e-01
5.617337625686353864e-01
5.745802045731445151e-01
5.842726205547229545e-01
5.922534825282330662e-01
5.996295750886332376e-01
6.073152624462958560e-01
6.161277702504893705e-01
6.268170420254212116e-01
6.400127522819711867e-01
6.560787324218881889e-01
6.749060942416327258e-01
6.957553878359072908e-01
7.173112965135490793e-01
7.380223335314370914e-01
7.565709528803754580e-01
7.721963902334315621e-01
7.847322273774385293e-01
7.944408528813627912e-01
8.018021860573771864e-01
8.073551767112149280e-01
8.116141818271682684e-01
8.150444224874217047e-01
8.180745915127755064e-01
8.211317652303801173e-01
8.246918773357234667e-01
8.293443706574537000e-01
8.358701708879048287e-01
8.453239401530470154e-01
8.590861276365713284e-01
8.787924629342018790e-01
9.059568625971294864e-01
9.410739493710694736e-01
9.823627883524368443e-01
1.025331507355233596e+00
1.064542600430326891e+00
1.096443359109060323e+00
1.120504700870007087e+00
1.138370644876706583e+00
1.152621310449418068e+00
1.166069348739257050e+00
1.181601667391785737e+00
1.202351229964508716e+00
1.232061883104617728e+00
1.275591136949611126e+00
1.339392114616071883e+00
1.431015421294216550e+00
1.554528796372182109e+00
1.701115853898298447e+00
1.850133215586253321e+00
1.984489826759515907e+00
2.097571734348901096e+00
2.190144260916014662e+00
2.265711591277028703e+00
2.327898673886046765e+00
2.379657120959181693e+00
2.423219603321414173e+00
2.460232146255946883e+00
2.491886951928340199e+00
2.519018150801829226e+00
2.542155072099640645e+00
2.561526972864572649e+00
2.577000980084344750e+00
2.587912432412482922e+00
2.592709659586908355e+00
2.588298024698894029e+00
2.569085991302419103e+00
2.526877110930812798e+00
2.457131912881626690e+00
2.375331061929807586e+00
2.310711298472357456e+00
2.274009674006027382e+00
2.257925339151626964e+00
2.252492060740420854e+00
2.251207459385174747e+00
2.251014102751911050e+00
7.136865434149257994e-09
