#Weights for Beta densities from initial fitting w/o bootstrap
0.000000000000000000e+00
0.000000000000000000e+00
0.000000000000000000e+00
0.000000000000000000e+00
0.000000000000000000e+00
0.000000000000000000e+00
0.000000000000000000e+00
0.000000000000000000e+00
0.000000000000000000e+00
0.000000000000000000e+00
0.000000000000000000e+00
0.000000000000000000e+00
0.000000000000000000e+00
0.000000000000000000e+00
0.000000000000000000e+00
0.000000000000000000e+00
0.000000000000000000e+00
0.000000000000000000e+00
0.000000000000000000e+00
0.000000000000000000e+00
0.000000000000000000e+00
0.000000000000000000e+00
0.000000000000000000e+00
0.000000000000000000e+00
0.000000000000000000e+00
0.000000000000000000e+00
0.000000000000000000e+00
0.000000000000000000e+00
0.000000000000000000e+00
0.000000000000000000e+00
0.000000000000000000e+00
0.000000000000000000e+00
0.000000000000000000e+00
0.000000000000000000e+00
0.000000000000000000e+00
0.000000000000000000e+00
0.000000000000000000e+00
0.000000000000000000e+00
0.000000000000000000e+00
0.000000000000000000e+00
0.000000000000000000e+00
0.000000000000000000e+00
0.000000000000000000e+00
0.000000000000000000e+00
0.000000000000000000e+00
0.000000000000000000e+00
0.000000000000000000e+00
0.000000000000000000e+00
0.000000000000000000e+00
0.000000000000000000e+00
0.000000000000000000e+00
0.000000000000000000e+00
0.000000000000000000e+00
0.000000000000000000e+00
0.000000000000000000e+00
0.000000000000000000e+00
0.000000000000000000e+00
0.000000000000000000e+00
0.000000000000000000e+00
0.000000000000000000e+00
0.000000000000000000e+00
0.000000000000000000e+00
0.000000000000000000e+00
4.611209194781506419e-11
2.573403760754743088e-11
1.290512502256668982e-11
5.934786942228937690e-12
6.736246216773415310e-12
9.868780313437457823e-12
1.263923092999988734e-11
1.468553229019512047e-11
1.547384326254366699e-11
1.410776615965315733e-11
1.186502619911150120e-11
9.221911731747324391e-12
6.439845859720601555e-12
5.712797943168626403e-12
4.618514435254567351e-12
5.231039009484736360e-13
3.128098002131107848e-11
1.976353788077832882e-10
3.932725779379673005e-10
5.407173719249387650e-10
5.993537783751036604e-10
6.257771157028817893e-10
6.593979618849660782e-10
5.637291436393306914e-10
7.477836391368946840e-10
6.957389287042316088e-10
7.693510089298642271e-10
7.057269706813346580e-10
8.016861541820113122e-10
8.056276627268172850e-10
7.682510648818625794e-10
8.295308982370436152e-10
6.096156984455648650e-10
5.453366941291102972e-10
3.753796211812403464e-10
3.776379143862932154e-10
1.451196480224526181e-10
3.672457660498845775e-13
3.363120432016558087e-12
3.887133869906168103e-12
5.076649068695112699e-12
4.603321082561819429e-12
3.001985214494345258e-12
1.087486026217791990e-12
1.918693474127275020e-10
5.533028950020056179e-10
5.354049384992174855e-10
9.188964796567466561e-10
1.017001553990541974e-09
1.116057803274954345e-09
1.069265769866608178e-09
1.103329429634929315e-09
1.008098446408757512e-09
1.186040153595080815e-09
9.922764320900075056e-10
1.155169078124244390e-09
1.198059139579416700e-09
1.150118406994737551e-09
1.141386703908044280e-09
1.217155645765273072e-09
0.000000000000000000e+00
0.000000000000000000e+00
5.096395423482474237e-11
2.841912229334396952e-11
1.274087146310466544e-11
6.341842102454065917e-12
6.526525450457718310e-12
1.026882904387824130e-11
1.316316672394827021e-11
1.653605774232723019e-11
1.498266731643574078e-11
1.448158823064930398e-11
1.199320439664555840e-11
9.832123440800319659e-12
7.166174666940631285e-12
5.172943598809160040e-12
4.383555656575380935e-12
1.533376605675155857e-12
3.500839473412554329e-12
1.168777084398655785e-10
4.836732328186860364e-10
4.825600697099974441e-10
5.593207127962881417e-10
6.305325617909935977e-10
7.206967872089248749e-10
5.967587810535201399e-10
6.459371801110002921e-10
7.239997364584671134e-10
7.123282790599518850e-10
6.829148430491751195e-10
7.609768566938031022e-10
7.458966072687232093e-10
6.862919799081355394e-10
7.336986630176163822e-10
7.151379204442018954e-10
6.400482885981817827e-10
4.190342731670081574e-10
2.612308150398411002e-10
1.336958858817169248e-10
6.335911876262976035e-12
3.088421454499934335e-12
3.423614602840066088e-12
4.291427549572768303e-12
4.999319598973193724e-12
2.602285079942531181e-12
2.357222527327846116e-11
1.547617116568487468e-10
5.089414066776329750e-10
6.604051061873854144e-10
8.448566198204151127e-10
9.815448110021208612e-10
1.050300045865449375e-09
1.019558142690016095e-09
1.006908954052285511e-09
1.147700059942503850e-09
1.144415420930750999e-09
1.238007527144237214e-09
1.239018645969190763e-09
1.186502343440223973e-09
1.260208953631911025e-09
1.142523475314792031e-09
1.158156560992258813e-09
0.000000000000000000e+00
0.000000000000000000e+00
5.550881573852542862e-11
3.118087696237050522e-11
1.416438193490543268e-11
6.417540323291215220e-12
6.886069141950573662e-12
9.431351800576780787e-12
1.381338536557204794e-11
1.575218742853555642e-11
1.524943479201014526e-11
1.386207289147814842e-11
1.227576134735682772e-11
9.940912874446276433e-12
7.207180187848500421e-12
5.839886204859262711e-12
3.640693086437205870e-12
2.413246593144289215e-12
2.571024260554415382e-13
2.552118291495008298e-10
3.752559989380646730e-10
5.183633496462106020e-10
6.310742221987799209e-10
6.191020863846970834e-10
6.979858669267236468e-10
7.173535648010136059e-10
7.275450368628181267e-10
6.973828459006996830e-10
7.493182633815281549e-10
7.496107145880210828e-10
7.836069143382310614e-10
8.050690089806995837e-10
7.291778640455115974e-10
7.581186996295888973e-10
6.418681510977265827e-10
5.782568882656680161e-10
4.983304248703423400e-10
2.968434795059879618e-10
8.583387836427673715e-11
5.223409054772867790e-13
3.591566637798736895e-12
3.226593548255383512e-12
4.982188042872500392e-12
4.842029713970267852e-12
3.275677537386082351e-12
1.664963913224883900e-12
2.216183558349501584e-10
5.066774907811223047e-10
5.242415123047137286e-10
7.721420040699592936e-10
9.621072148029399367e-10
1.037814431095277958e-09
1.079363389426954799e-09
1.261790349724714862e-09
1.176932048122918348e-09
1.119605876276674230e-09
1.039156611176181299e-09
1.140538808212465536e-09
1.144345951106806366e-09
1.207316286779613967e-09
1.281324559548192422e-09
1.168793070351529096e-09
0.000000000000000000e+00
0.000000000000000000e+00
7.932017772998848498e-03
3.251299835422302194e-11
1.561048447419809454e-11
6.691290338360857980e-12
6.640069410198258533e-12
1.083761682879851011e-11
1.356540956593914456e-11
1.565958489175146177e-11
1.509374920406490035e-11
1.404145421277533777e-11
1.231296904813473240e-11
9.840435626700583497e-12
7.837060665977282824e-12
6.157297320096756963e-12
3.301127680019861830e-12
7.028044533839545454e-12
2.241211502586372649e-14
2.455189409799265739e-10
4.264734426557869655e-10
4.811150572658533397e-10
6.443816297857127871e-10
6.032016291052778860e-10
6.437393681357416715e-10
6.092505617487144635e-10
7.320784609504812757e-10
6.884235651924033953e-10
7.547220561382407538e-10
8.164384449991891830e-10
7.503309320888183408e-10
8.646666831397228023e-10
7.549262930404507314e-10
7.064774600040453076e-10
6.599575652888387243e-10
6.303639507392300141e-10
4.277735934267464196e-10
2.859800053985461144e-10
4.490881493642274062e-11
1.623827021221258579e-13
2.925974608393617085e-12
4.019354891133542532e-12
4.252771478414611571e-12
6.321971886573338246e-12
3.118712383582375998e-12
2.452937090906676893e-12
1.203692071773182437e-10
5.180432946730007156e-10
5.161050148849008292e-10
8.144931155895829772e-10
9.000708631044550371e-10
1.060899194519562911e-09
1.066023380334120136e-09
1.146428877412809739e-09
1.130978063779337759e-09
1.167716558271788457e-09
1.089629784183763053e-09
1.168149748968314973e-09
1.181215979945572200e-09
1.183421323660034453e-09
1.253428151997140851e-09
1.165129264260827497e-09
0.000000000000000000e+00
0.000000000000000000e+00
5.607749449700952213e-11
3.152814052564136072e-11
1.458428035552862352e-11
7.255667755432833643e-12
6.085092902579067091e-12
9.314092914306324980e-12
1.263124350439724832e-11
1.444860130993940183e-11
1.604011094794387592e-11
1.349062177610904033e-11
1.123997254307089711e-11
1.044977303523220069e-11
7.997033210848491236e-12
6.330370752608571258e-12
3.391645635775723331e-12
1.562371254067141504e-12
2.168372552411155337e-13
2.293951177271822018e-10
3.906339317346086075e-10
4.610637817679972747e-10
5.545767976594485907e-10
6.811669778596235586e-10
5.298556609909268778e-10
5.649760390357370376e-10
6.673667851246550750e-10
6.896507072123425548e-10
7.047626142933184274e-10
7.398423089341198298e-10
7.710297268874015671e-10
7.958141862295176388e-10
7.619976616055115298e-10
7.724147696932183294e-10
7.455304621477060019e-10
5.875813554154277736e-10
4.286284132227184629e-10
3.377658659189230573e-10
1.047666122635019638e-10
1.080224513549562542e-12
4.219748704166984258e-12
4.518294469197509236e-12
4.920108975450829528e-12
5.947343916997661111e-12
3.496504292370170397e-12
2.750176667831950887e-12
2.279601191998226196e-10
3.980397886601649983e-10
5.032033823236307235e-10
7.625392337014179859e-10
1.020455575679645553e-09
1.069518786975191197e-09
1.001379655476646825e-09
1.108687702794767751e-09
1.240497250415762440e-09
1.232095942037118191e-09
1.194915681946079117e-09
1.240123930781385811e-09
1.203301172209643654e-09
1.192902067239950384e-09
1.156769446323343434e-09
1.176801063487291178e-09
0.000000000000000000e+00
0.000000000000000000e+00
5.165005148584676976e-11
2.847144385313917416e-11
1.365422921153474729e-11
6.445003688822879309e-12
5.558315195923758696e-12
9.604383277803517639e-12
1.448937714310656008e-11
1.630085943711613019e-11
1.554675488499443132e-11
1.442836224977881179e-11
1.243112897006678124e-11
9.494882244438544971e-12
8.046515841845536347e-12
5.981931450438266952e-12
4.344039787720082565e-12
2.153854824498945961e-12
1.537694533598775891e-13
1.833697192237818322e-10
3.506667020847693255e-10
4.617622119213054236e-10
5.264934660008899235e-10
6.725840181004410247e-10
5.368226091304682134e-10
7.322786296985259359e-10
7.856489695193568136e-10
7.548235682878054763e-10
6.907019618557867844e-10
7.424192807355722255e-10
7.621155463320279213e-10
7.099291006258614680e-10
7.650646854720297142e-10
7.020306514816328901e-10
6.319333605343132680e-10
5.695812035998410998e-10
3.622964453965539157e-10
2.259988940343759618e-10
1.063071304080540672e-10
1.451804753652072732e-12
5.244908807812481201e-12
4.195010666065082901e-12
5.357499815672711455e-12
7.736951118872107797e-12
5.272682618305659621e-12
1.757202313299664081e-12
6.165639760410352500e-11
3.446680509521489488e-10
5.603255097212593897e-10
7.481305907490614918e-10
9.003290243120762067e-10
1.007449280609329124e-09
1.119321568391727605e-09
1.048953922893605034e-09
1.088150891769403484e-09
1.195854700020744046e-09
1.118424359761125681e-09
1.115156798979626927e-09
1.113019526592122711e-09
1.141816688823517592e-09
1.075443206072863665e-09
1.173713876360949579e-09
0.000000000000000000e+00
0.000000000000000000e+00
4.395625302941477316e-11
2.352019735695897272e-11
1.071279794989468369e-11
5.482389355957166209e-12
6.283560544654347160e-12
1.012096374304793011e-11
1.449269596652671676e-11
1.615395831891524347e-11
1.579739542142377621e-11
1.426564811369642712e-11
1.414138577305469109e-11
1.025720327636943368e-11
8.578794106000782950e-12
6.883578375127158732e-12
3.654232153805335658e-12
2.069416980025577162e-12
6.766819400461605854e-13
2.127453461697296331e-10
3.309731067646819652e-10
5.442469377485964288e-10
5.855846741362275017e-10
6.571256322536924120e-10
6.167087079896890768e-10
5.938707208272929433e-10
6.888269667478540508e-10
6.856507365028305998e-10
7.464852806874906301e-10
7.073366275221184786e-10
7.503715405409531661e-10
7.183921343113350575e-10
7.292189989919468156e-10
7.101354069222671312e-10
7.018413362764349966e-10
5.224218049827898019e-10
4.172340610885974042e-10
2.886816410701332732e-10
2.791548410523273775e-11
2.156098519777203451e-12
4.706514042030010412e-12
4.188131308636412022e-12
6.160039332470152282e-12
5.916296175209605423e-12
5.201430974115962170e-12
3.461395720639773198e-12
6.992307147425032808e-11
2.935966561251775859e-10
4.474603303579925973e-10
8.341816689743767969e-10
9.090903885119747573e-10
1.026286696508076444e-09
1.160734378431644520e-09
1.089273108618042484e-09
1.057991389933692966e-09
1.116827163358140416e-09
1.122798895495049843e-09
1.131181875327536013e-09
1.052980899750017225e-09
1.211127711747722897e-09
1.304771160829187798e-09
1.056663279836326682e-09
0.000000000000000000e+00
0.000000000000000000e+00
3.403573909018213395e-11
1.920172975608498360e-11
8.594799577408809971e-12
5.127865408259536357e-12
6.792994614069618383e-12
1.138627732650808546e-11
1.440253210342737887e-11
1.667788026183967214e-11
1.706710778247206858e-11
1.541150267123294905e-11
1.400393306930438634e-11
1.137182954501662593e-11
9.062566084181853011e-12
7.151402440238920009e-12
4.250250914722541926e-12
2.147036663494177190e-12
6.904176634102208463e-13
9.613057229222507671e-11
3.549553491120693810e-10
4.094942571436317138e-10
4.988404907732736833e-10
6.078750279698378650e-10
7.217582138155947265e-10
6.208003108479124494e-10
5.822167178662564359e-10
6.736436022683018847e-10
7.035503662912055558e-10
6.833205190653254204e-10
7.972307450600027057e-10
7.865325726384060369e-10
7.959952216879942315e-10
7.435922425472201480e-10
6.514188032525657172e-10
5.203694746556365128e-10
4.210767071695781782e-10
2.881888812813929204e-10
2.591006161728271194e-11
2.749783555862601446e-12
5.056527446367954343e-12
5.362622540604146584e-12
6.980244913615408789e-12
6.860176779377437088e-12
5.782566236940010354e-12
2.740445447025855446e-12
3.382863942834588742e-11
1.829945738698766800e-10
5.327493625515510840e-10
6.489146844740098797e-10
9.316809556331879890e-10
1.090584846950492655e-09
9.952293770646335988e-10
1.153935606703032546e-09
1.183102073958240484e-09
1.130973600465950202e-09
1.085898087147334600e-09
1.254138675062722381e-09
1.274254866093024549e-09
1.187123183565387735e-09
1.176648069871943498e-09
1.365013823503056832e-09
0.000000000000000000e+00
0.000000000000000000e+00
2.483364870709198421e-11
1.255603340721697243e-11
5.090340074783948684e-12
3.462662389873494879e-12
6.685002329941738153e-12
8.977132820050756407e-12
1.427968661575087896e-11
1.556261741102976633e-11
1.649925519715055441e-11
1.679035040804974334e-11
1.359655354468023779e-11
1.095117678000079466e-11
9.163705950851880538e-12
7.678359832719530901e-12
5.850754774451717200e-12
3.313315092092286893e-12
1.285972530310341070e-12
3.918762732718696413e-11
3.309209948853374307e-10
3.198044706020868594e-10
5.292967834201242912e-10
6.139640899371191138e-10
5.770394532858403962e-10
5.716372378659379317e-10
6.772525484680637796e-10
6.660457268593448244e-10
7.173303056955927800e-10
6.694756033823048099e-10
6.181090698280409813e-10
7.713481255492128241e-10
7.211616632586292932e-10
7.378086640434315968e-10
6.384234222167087854e-10
5.883817954913546127e-10
3.865995426703876958e-10
1.808729563914673528e-10
1.349491371343716062e-13
2.727313859541807680e-12
5.521854775488376110e-12
6.158585454775455558e-12
8.178056909239404503e-12
8.652996594534948597e-12
7.027859028104020843e-12
4.521297086539567846e-12
8.573255232866329736e-13
2.414200559263064906e-10
4.509469503954913242e-10
7.532331990376504032e-10
8.767696358513888703e-10
9.247165162909685534e-10
9.751644713435278743e-10
1.127025102804152073e-09
1.224218041946752297e-09
1.058326045293437427e-09
1.123063539455505982e-09
1.107863701486221958e-09
1.196418721114438701e-09
1.184462705802931623e-09
1.230632379419245976e-09
1.157165908644408580e-09
0.000000000000000000e+00
0.000000000000000000e+00
1.591346841156887568e-11
7.065585529314531089e-12
1.291494190078021043e-12
1.521612282772669588e-12
6.442810563164532196e-12
1.079190618090997608e-11
1.441541212137742782e-11
1.676526349308480885e-11
1.801691780193838213e-11
1.683135283120494651e-11
1.445453162560367416e-11
1.211988372663733534e-11
9.945243076243698260e-12
8.540673863356900556e-12
6.110770205962892940e-12
3.443963395712863585e-12
1.127231388514470810e-12
5.744444161609071395e-11
1.539833349079694235e-10
3.972513104410616901e-10
4.098108466935154005e-10
4.830409315274488946e-10
5.355975978773067427e-10
5.495225102335681922e-10
5.239675612585941679e-10
6.422017345323034894e-10
7.220399363352813088e-10
6.819326852549325249e-10
6.989137528372244086e-10
8.138149525825799137e-10
7.044987583133367049e-10
6.936929216803818358e-10
5.770268049727571755e-10
5.177762376077438780e-10
3.514346253085223121e-10
2.140223021168020373e-10
1.711009795064562941e-12
4.727650367132851770e-12
7.156790966995602625e-12
7.211034977412964874e-12
8.987495308238655425e-12
9.000406018583332739e-12
7.175443005106194083e-12
4.302063370630027722e-12
1.807992030380597446e-12
2.165664558522881392e-10
5.798515007420535748e-10
7.108527644160746906e-10
8.541796867929196482e-10
9.136848294487135917e-10
9.801627813110895753e-10
1.051295727351001323e-09
1.176133648915136369e-09
1.029451865718674918e-09
1.263846826927256335e-09
1.205571852086830662e-09
1.230185535059256047e-09
1.075459414986223003e-09
1.156474382891456680e-09
1.150232741275805401e-09
0.000000000000000000e+00
0.000000000000000000e+00
7.825521573734474309e-12
2.440329357592700931e-12
1.010704911185642292e-10
7.867556568454207897e-13
5.244390119881705762e-12
1.036906586781299440e-11
1.524208345161471107e-11
1.877348106163085239e-11
1.858190524963949952e-11
1.769164383812589312e-11
1.579224192873112949e-11
1.435499778047391582e-11
1.138564210189641530e-11
9.717953694934048177e-12
7.168693861489894160e-12
4.091159658435641512e-12
9.770806073844411116e-13
1.336580590399479424e-10
2.152327055240312938e-10
4.581279874155847487e-10
4.565738204734382855e-10
4.482128570788341742e-10
4.661761437833638629e-10
5.639831426654147598e-10
6.162401213992817311e-10
5.379561785320367022e-10
6.933855940807043923e-10
6.585986616504239563e-10
7.142416996758154386e-10
7.588659805111628431e-10
6.750753126628765819e-10
6.281799324509170207e-10
5.531118080127274922e-10
4.733110825131946743e-10
3.309089151528935036e-10
5.586785247333411510e-11
1.418959216073123376e-12
4.545544814048381524e-12
7.430585143206518074e-12
8.594961152609485655e-12
1.124254734113935445e-11
9.252296193224745653e-12
9.072686679076433185e-12
6.435480116629922586e-12
2.149724018354086994e-12
2.367120002837247275e-10
4.653988450716776709e-10
7.991477836950939768e-10
8.387591509265279455e-10
9.637349775753942402e-10
1.093129139976926855e-09
1.165328777226715583e-09
1.113325059794932659e-09
1.184123848420112356e-09
1.158926244986830014e-09
1.097661545887432726e-09
1.182291274435820896e-09
1.334609572479430617e-09
1.197824169220551091e-09
1.190882182344956864e-09
0.000000000000000000e+00
0.000000000000000000e+00
6.162926507426164474e-13
2.208596368424666747e-10
2.551857185215961025e-10
7.460547382177424013e-13
6.508346447305787725e-12
1.083177880195823441e-11
1.560745356270283509e-11
1.807132148247848158e-11
1.948367101205995051e-11
1.808296503486928454e-11
1.650122764433596539e-11
1.436717164205666879e-11
1.205838852842820424e-11
1.016908443186649034e-11
6.695913342902391906e-12
4.630516167465819419e-12
2.754898918893031449e-12
3.056551231552973600e-11
1.652448845672765266e-10
2.605040061321170073e-10
3.683941339773453606e-10
4.256394693234556534e-10
4.026533265513850716e-10
4.835501449369703622e-10
5.466936617463093497e-10
5.513262018628900725e-10
6.494385870357877370e-10
6.693943091762130718e-10
8.144464863415079426e-10
6.594899259601157142e-10
6.607972131588262731e-10
6.820410297255145808e-10
5.505889613321469529e-10
4.207789690440921252e-10
2.673131783303771175e-10
9.975131020648189542e-11
2.336594547788804095e-12
6.232971706055334091e-12
9.419152675728289955e-12
1.052471271297998189e-11
1.185120021664941013e-11
1.085136694048174325e-11
1.073214977888035508e-11
6.837340592531279992e-12
3.384454720988428973e-12
7.347512656960732505e-12
2.827291113592605922e-10
6.571494179481519706e-10
7.905069184401380835e-10
9.632233539043534357e-10
1.050794167829891263e-09
1.087332424251448442e-09
1.107370258993133624e-09
1.248712020703220179e-09
1.115770874702617025e-09
1.175550397005226985e-09
1.127482404963418951e-09
1.165982836637598466e-09
1.144115418676154963e-09
1.174456908165382867e-09
0.000000000000000000e+00
0.000000000000000000e+00
4.126157955658816516e-10
4.584013028407607246e-10
3.951898942357406951e-10
4.109174924087888986e-11
6.574655387414146832e-12
1.231704137367340241e-11
1.623077991891650543e-11
1.929113916961068047e-11
2.064392573302634636e-11
1.917863053913104845e-11
1.719718470649733198e-11
1.591817834571845356e-11
1.476882090019102600e-11
1.074940039181012802e-11
8.518110335937829159e-12
7.018677988197147040e-12
3.114538621759215199e-12
1.119373720287852383e-12
1.059118144511923467e-10
3.058764600745608001e-10
3.285677963170430551e-10
4.082854341373427753e-10
4.180798275563142230e-10
4.966765159105717618e-10
5.068977502392676619e-10
6.072338425986260737e-10
5.782400291192116628e-10
6.674428469564220249e-10
6.132962752201851324e-10
6.581387869254515033e-10
6.847557499485158763e-10
5.853871143559694303e-10
5.658996103749939553e-10
4.295562961455733916e-10
2.236372715161290861e-10
1.597607264757490568e-11
3.376517368060083842e-12
6.966993875006914105e-12
1.112094581514531450e-11
1.311605415029798132e-11
1.417528407999927655e-11
1.362686439766037303e-11
1.177909835431063045e-11
9.955771255954523062e-12
5.432294550912763787e-12
1.063540188680764213e-12
3.848580005821619459e-10
5.557644629409028047e-10
7.544220872909437590e-10
1.072606954084203386e-09
1.016601092798054931e-09
1.171914907456074571e-09
1.113373368169849010e-09
1.239307940893912642e-09
1.093244813676070221e-09
1.296532576396211042e-09
1.252585552349409187e-09
1.127473788031508215e-09
1.263621393528153216e-09
1.073923157820828828e-09
0.000000000000000000e+00
0.000000000000000000e+00
6.519151953777317759e-10
7.348139045637093687e-10
4.507711097981361024e-10
7.125944248245756006e-11
5.846827385202885253e-12
1.191234347507166471e-11
1.732419147145142583e-11
2.099625020815993524e-11
2.201103574901960544e-11
2.228146794654359875e-11
1.944788790133047179e-11
1.754076859543963957e-11
1.467179570590128954e-11
1.362811887141330412e-11
1.021126482248174254e-11
7.198975127245084202e-12
4.780248146780323558e-12
9.187886397299583550e-13
1.059903831941096626e-12
1.836324309463116657e-10
3.473915439367339065e-10
3.644773839688756815e-10
2.417370981942157543e-10
5.227775858833852847e-10
4.776140695085593863e-10
5.286346825531936971e-10
5.819502572849025393e-10
5.050270309233868532e-10
6.595161076020734603e-10
6.824031446961108938e-10
6.111675197387826546e-10
6.676958046831951056e-10
4.984310009940070320e-10
3.505932766024455457e-10
1.699868004814728706e-10
1.657115518372571531e-12
5.704123518519398711e-12
8.678944246007938116e-12
1.316973509173251596e-11
1.518455564145691820e-11
1.649743979568325772e-11
1.588765968084683245e-11
1.424311820495505034e-11
1.126924981329696889e-11
7.804606451807707680e-12
1.691390680838065989e-12
1.222551993313511832e-10
5.409755544992065319e-10
8.115708294184637981e-10
9.943929335047565412e-10
1.045072926720505991e-09
1.239667468748088841e-09
1.005016223011574590e-09
1.212107531087403386e-09
1.069759523427630870e-09
1.178232133020594299e-09
1.091489254753959068e-09
1.214167908404691149e-09
1.057706669356446157e-09
1.179646619635120285e-09
0.000000000000000000e+00
0.000000000000000000e+00
9.148530482377084966e-10
8.024391505626660474e-10
5.550589428119869240e-10
1.678813854092183098e-13
6.296531354242909459e-12
1.286900123671617579e-11
1.915964494983621356e-11
2.157678731530748276e-11
2.282507274217254917e-11
2.334534754158333052e-11
2.211428835890366925e-11
2.023102680695601930e-11
1.766155704605562402e-11
1.540767264651670108e-11
1.174036460270931064e-11
9.872433818471752429e-12
5.696565039776977197e-12
2.133574974747805848e-12
3.539894326358721146e-13
1.625813857589381221e-10
1.927123558618223632e-10
2.194913931880858325e-10
2.358896949399679204e-10
3.157362245740559309e-10
3.073998250862895060e-10
4.532947251903512677e-10
5.739329936036017755e-10
5.434377567544881967e-10
6.259885425178986344e-10
6.030322535747947399e-10
5.166512494657405393e-10
6.105275039307485078e-10
4.572642789499885837e-10
3.023394292175248357e-10
9.104799233656217005e-13
3.476843409077471459e-12
6.736019947180467418e-12
1.081847465723379251e-11
1.551497137277129559e-11
1.748765402723546006e-11
2.004200845077594111e-11
1.936296168031006926e-11
1.710460152173781344e-11
1.464087099901551549e-11
8.874272207065859155e-12
5.060487289978778000e-12
8.376066760481507106e-11
5.225333910579776095e-10
5.847660591558116889e-10
8.874476826864854255e-10
9.504906760419476162e-10
9.979651690690839168e-10
1.006525527977867429e-09
1.146987998204853224e-09
1.143674843177090608e-09
1.150066490867132834e-09
1.046432807351737822e-09
1.058026482536194436e-09
1.151661762491438552e-09
1.248401980352641861e-09
0.000000000000000000e+00
0.000000000000000000e+00
1.059322873208700166e-09
8.199237196861542593e-10
4.882629743250113604e-10
4.621145847968611126e-11
6.797923879299610096e-12
1.452423948420030588e-11
1.985660309795637941e-11
2.418800692537628144e-11
2.511423458443609548e-11
2.453987404122652503e-11
2.471645011222704678e-11
2.362625013281056195e-11
1.940653072335648635e-11
1.709521168086673040e-11
1.439075554919315783e-11
1.154212223987047242e-11
8.162816982012151435e-12
4.235133107046076849e-12
1.872199647472582192e-12
5.610516065945632915e-12
1.153358975861982939e-10
1.826143798889213519e-10
2.896421168873379957e-10
2.606473670236686987e-10
2.703948882554791399e-10
4.410299692068874898e-10
4.104885790760359246e-10
4.347249391235851395e-10
4.867272780916319935e-10
5.186882854778512859e-10
5.792935282554551818e-10
4.826160798277185915e-10
3.429606775482633433e-10
1.831739190336003799e-10
6.833266726257263590e-13
4.567799299347916301e-12
9.919654636460007279e-12
1.292666910055029379e-11
1.900970341624154028e-11
2.069057613567868588e-11
2.367127679039759091e-11
2.182415455813435950e-11
2.153078196171032766e-11
1.683116589735952571e-11
1.142262321635201157e-11
5.247580527833021343e-12
6.329626620953908588e-11
3.655806611382189654e-10
6.107451860416607293e-10
9.149134112729363423e-10
1.019889614800699643e-09
9.750552648665838754e-10
1.018674561091976021e-09
1.241417435565647081e-09
1.164728507063126616e-09
1.118071044411783852e-09
9.413945614782108790e-10
1.084968785265497776e-09
1.233261449040091213e-09
1.191430344174323281e-09
0.000000000000000000e+00
0.000000000000000000e+00
1.062589823406673841e-09
8.960222053320266514e-10
5.533170979089970274e-10
1.479420061865609830e-12
8.916419604674767064e-12
1.551451150894200332e-11
2.387812173360301747e-11
2.605106354514473889e-11
2.842101101940314256e-11
2.828421806405508956e-11
2.724320440447505942e-11
2.493034619281115517e-11
2.351310980288946148e-11
2.157895108085771916e-11
1.730650192745539408e-11
1.347347904681772139e-11
9.571734489636430428e-12
5.590446292983027024e-12
4.107713634804498438e-12
2.056945069731448803e-12
8.908706905931113174e-11
2.443892573440761023e-11
1.651501045924823325e-10
1.204216314668438846e-10
1.688076432648843765e-10
3.192051061080436248e-10
4.028279420801548944e-10
4.421744421931354045e-10
3.844703694514550331e-10
5.285717288349750635e-10
4.052785247702390206e-10
3.736861582074834672e-10
3.174833394403994048e-10
2.822124359743694965e-11
2.689584909883899893e-12
6.276261071257612737e-12
1.071208656378923518e-11
1.615510655683652159e-11
2.132624328848128874e-11
2.388597606632545923e-11
2.634647165919404330e-11
2.770838832673419049e-11
2.443606232706946626e-11
1.944675689558406081e-11
1.391738458897782121e-11
7.895909985802839872e-12
3.314445366172797462e-12
2.912166126613121195e-10
6.014387751944665076e-10
8.242747035564837616e-10
8.735895480551092044e-10
1.088212707969646086e-09
1.098055948152712734e-09
1.038363706585829500e-09
1.075883524209077916e-09
1.042947905544971481e-09
9.569374126890860520e-10
1.118175514901828485e-09
1.107257057069547754e-09
1.267030663260787914e-09
0.000000000000000000e+00
0.000000000000000000e+00
1.130950281492549099e-09
9.600323804589763587e-10
5.591831205000182399e-10
6.318960944409775600e-13
9.491534013909161083e-12
1.854299442341625979e-11
2.390832680078060156e-11
2.866307276294310117e-11
3.080176590329499762e-11
3.061144501034711053e-11
3.136789279454536015e-11
2.901136417385570071e-11
2.715586269526989299e-11
2.439613222556512616e-11
2.080069002753962735e-11
1.601524295258930030e-11
1.226836414427378810e-11
7.972710634498885973e-12
4.939192094224062012e-12
2.510841709523750449e-12
3.067703404608759455e-12
1.364892371262121880e-12
6.820408068677726771e-14
7.539086069152057812e-11
1.198159618519130230e-10
2.071668628781063278e-10
2.567460347446803488e-10
2.226663563180376154e-10
3.459149971570273728e-10
2.445046632869962517e-10
2.976440394567107965e-10
2.841740337667826835e-10
1.534369244585751510e-10
4.694019132317739244e-13
4.807251061337919429e-12
8.259459014364927020e-12
1.367259500954251394e-11
1.914580171650917403e-11
2.540691907675388020e-11
2.834671473892974129e-11
3.226980726097571640e-11
3.094561950408622222e-11
3.007947104665717358e-11
2.338170196507587672e-11
1.853099104303241030e-11
1.108825915144699634e-11
4.583669687969433295e-12
5.690004904111058029e-11
4.131863633717292781e-10
6.392895753227328301e-10
8.999527675730138395e-10
8.972734205185495778e-10
1.077692310837449832e-09
1.084233743686127328e-09
1.079819454375236327e-09
1.110879586754415861e-09
1.095000671713993016e-09
1.183209312538917896e-09
1.123155089790283166e-09
1.015696913120015054e-09
0.000000000000000000e+00
0.000000000000000000e+00
1.086408941733627883e-09
8.971909141040925927e-10
6.158899060072341754e-10
2.438562885331965382e-12
9.499368266112549311e-12
1.887103466683612367e-11
2.575016956633492128e-11
3.112373219946029773e-11
3.375864899972598064e-11
3.429142475086177561e-11
3.302272398439760454e-11
3.149673528039760335e-11
2.954237047348534964e-11
2.737292258502373864e-11
2.300650269240148063e-11
1.829351111889822700e-11
1.445425498621097814e-11
9.857234134297237811e-12
6.590201887170971755e-12
4.889270864890804729e-12
4.046601099833376393e-12
1.902433548989496325e-12
1.814825802584743576e-12
4.213232548749505942e-13
6.552581943251577481e-13
5.906643684911806966e-14
7.173071699856917243e-11
1.899798543170240323e-10
2.429562737457890590e-10
2.646081319796886435e-10
2.979285748937199416e-10
1.911267154406954773e-10
1.345900278322386993e-11
1.903861342597357033e-12
7.246869370969012197e-12
1.073425643856259095e-11
1.726949913189507040e-11
2.295417122305815355e-11
3.001556218478482108e-11
3.308497448303033430e-11
3.565472880774288591e-11
3.708388981577034631e-11
3.271306655371916287e-11
2.693438391747095443e-11
2.041532765693715169e-11
1.439872734506017155e-11
7.393473642563237636e-12
1.740124219615078927e-12
2.922378731800402777e-10
5.256157628596388820e-10
9.114525572520641500e-10
8.816495905199393502e-10
9.859810365536425765e-10
1.094381307143079405e-09
1.091897940247844661e-09
1.169887720682073236e-09
1.156470280922833964e-09
1.025100729254497943e-09
1.154314379088735639e-09
1.203687007384996009e-09
0.000000000000000000e+00
0.000000000000000000e+00
1.164516417787743712e-09
9.755770504487282628e-10
4.368202669420479098e-10
2.116482516303974346e-12
1.121957782541884954e-11
2.105513927578644103e-11
2.822004428143054189e-11
3.337783979302907651e-11
3.630729601308442523e-11
3.736809187444148550e-11
3.651038777866408722e-11
1.661271006553048506e-07
4.865250247116159288e-08
3.011796406853921229e-11
2.567047420988717291e-11
2.201564596962749090e-11
1.516382765239295301e-11
1.204854811113828432e-11
7.875572095941700994e-12
5.698930579356396941e-12
4.664064977472201991e-12
3.978430386109258433e-12
2.975759130125121950e-12
3.721235307112343787e-12
2.451702079018952053e-12
4.349127326827894810e-13
8.558604688024780691e-11
8.272843091524864953e-14
1.445167140488834649e-10
7.103646176700429593e-11
1.544640983805404109e-10
1.472436239248768446e-11
3.175596422628355928e-12
5.493307949246197915e-12
9.481985829948507124e-12
1.468438132183662833e-11
1.983502590007204287e-11
2.550686140258360355e-11
3.261211216011547266e-11
3.729757377853115238e-11
4.056165708675484496e-11
4.138258995668608882e-11
3.862771874313748649e-11
3.144244366649511591e-11
2.454136196812049907e-11
1.658100541185245251e-11
1.098238501177463406e-11
3.722273169184051781e-12
6.054657654211742427e-11
2.849801300157131667e-10
7.634052894261878710e-10
8.820574963333038501e-10
8.995125405377716973e-10
1.069088459307469752e-09
9.868909155526347486e-10
1.213162024593727348e-09
9.972268963015653864e-10
1.160714414483122481e-09
1.141185687590239342e-09
1.153806476634599345e-09
0.000000000000000000e+00
0.000000000000000000e+00
1.118840408679996554e-09
8.851218144172162682e-10
4.599891516491519711e-10
3.243795606564420377e-12
1.314561494849523063e-11
2.241067785208776384e-11
2.988353053101143766e-11
3.534800319399520216e-11
3.909252706728423046e-11
2.363748125936807401e-02
1.102716080394391994e-03
2.591486503783796836e-08
3.492670494359576275e-11
3.269985869473801335e-11
2.791350032041448625e-11
2.315754884272067102e-11
1.688787561772236807e-11
1.363305826801436873e-11
9.456319935205153193e-12
7.064916076331816834e-12
7.234840089925986590e-12
5.341641022924658806e-12
3.974422217401550815e-12
3.423793661568827667e-12
3.462909726091481859e-12
2.580704049620084199e-12
1.907800923831461314e-12
1.123040091882747287e-12
3.311979063483511845e-13
1.147450736206683467e-12
1.426941067712323517e-12
3.757670868567123593e-12
4.786667788764533555e-12
7.750621796977738290e-12
1.210741266474332304e-11
1.752304302273001541e-11
2.290541198052323375e-11
2.975634156017583261e-11
3.753395733590030279e-11
4.068893392263215169e-11
4.388231427402154903e-11
4.377658053035755750e-11
4.226241519047082404e-11
3.610352898301376047e-11
2.877122759412624117e-11
2.059830229480258278e-11
1.247482747516777289e-11
6.954140780405160958e-12
2.206373106739105266e-12
3.212028461154754358e-10
7.888620591803406083e-10
6.954044462667258280e-10
8.615382377414143795e-10
9.672731837466527641e-10
1.107327031325617673e-09
9.734646256733668871e-10
1.161592568030292700e-09
1.090644846877810671e-09
1.119589350694182437e-09
1.110285354980236780e-09
0.000000000000000000e+00
0.000000000000000000e+00
1.058601526550830384e-09
8.246880468987288345e-10
4.384164732630511342e-10
4.785844743091535398e-12
1.418304697866814061e-11
2.344112024473788804e-11
3.240141870595573993e-11
3.705361327061659863e-11
2.012451350338092008e-07
4.532870589983397923e-07
4.014160183305430889e-11
3.922161169189426765e-11
3.562293151108615691e-11
3.425105943029849707e-11
2.831479795126009587e-11
2.462993085480260128e-11
1.832513224673097816e-11
1.491475279978317249e-11
1.034312365560568522e-11
8.917820075720134338e-12
7.550377810818319533e-12
7.131411211010421086e-12
6.145773991469309225e-12
5.274669730812220948e-12
3.241815067277086774e-12
3.103560506282116100e-12
2.503649762089259190e-12
1.868912461224480799e-12
1.973246177409506555e-12
2.382547040216626413e-12
3.602231519885067453e-12
5.656351632902388753e-12
7.363527748622157965e-12
1.185853599628883943e-11
1.481409936712200990e-11
2.080886044214405580e-11
2.622984020986451428e-11
3.371255646405044451e-11
4.086518331897095280e-11
4.486382717906741900e-11
4.804821070434728254e-11
4.793671177131033890e-11
4.452331631799039965e-11
3.843999330286795590e-11
3.221979807290751759e-11
2.409581471384023130e-11
1.693343252932770225e-11
1.019412558356753791e-11
5.232744765989639229e-12
1.308082050641419140e-10
4.039501338845312457e-10
6.520462291221666673e-10
9.246390458882246904e-10
8.176357912142157776e-10
9.949703072410472865e-10
9.648059548716277456e-10
1.104808422307269178e-09
9.815395206458041364e-10
1.174744398392906124e-09
1.216649380548509110e-09
0.000000000000000000e+00
0.000000000000000000e+00
1.088535812900332830e-09
9.315558343576299336e-10
3.426116097914836961e-10
4.829042436685527983e-12
1.491541912543946532e-11
2.513957446318545104e-11
3.371437200493755356e-11
3.852947017335258288e-11
4.117702626730661623e-11
4.129648686467130354e-11
4.086177917957652408e-11
3.817817011582643165e-11
3.671519531389897913e-11
3.231500264753788423e-11
2.976585643924610448e-11
2.446700932357891217e-11
1.897351050782713585e-11
1.573423025486584576e-11
1.256893000213623699e-11
9.702521881627978945e-12
8.414646538147647600e-12
8.330920388150204785e-12
6.948508817271131695e-12
6.846263337709227681e-12
6.022502483306614809e-12
3.962093464396497057e-12
3.448044634454737976e-12
2.552291605801605242e-12
3.176462243584650574e-12
4.036230282854183128e-12
6.567847455023361505e-12
8.082504622745176924e-12
1.023478743837711638e-11
1.392317836946118965e-11
1.822309797032769799e-11
2.453207186413634900e-11
3.020833172564704645e-11
3.584284533722671437e-11
4.358180642711874359e-11
4.749026788224426296e-11
5.098018189425802204e-11
5.064565097810105664e-11
4.717016084295595397e-11
4.160654400228152006e-11
3.530023555092894857e-11
2.729785342275548056e-11
1.928830680232387063e-11
1.380664217918807185e-11
5.475045719960170015e-12
2.057053620242554391e-12
2.721720565598543466e-10
6.134132541126485924e-10
7.825513096592023066e-10
9.330856176571989541e-10
8.923901804138879177e-10
1.153577740994875481e-09
1.067939824789900758e-09
1.118462928402639487e-09
1.072319652172386978e-09
1.061589070809440116e-09
0.000000000000000000e+00
0.000000000000000000e+00
1.157365761836806702e-09
8.509952483849886804e-10
4.105111919346687866e-10
5.688192119928633449e-12
1.508883531541345358e-11
2.511075670698772297e-11
3.328848809061235164e-11
3.842117971350420888e-11
4.108754911239240719e-11
4.133230310238279318e-11
3.892678735138627399e-11
3.781810384175244140e-11
3.608534949866266426e-11
3.137034537414823709e-11
2.836461922320899516e-11
2.450885746291820804e-11
1.836696394760720618e-11
1.620077468273319049e-11
1.260044434727827373e-11
9.990429792827265036e-12
9.512996330480510851e-12
8.145569894735400043e-12
9.209085936481999936e-12
7.559141264224796746e-12
6.200784257735056976e-12
5.967961699086337129e-12
3.968281987112768065e-12
4.384692495410927775e-12
4.534640154729456284e-12
5.581603136746554138e-12
7.721121267916521674e-12
9.957296528539040153e-12
1.338471181810972774e-11
1.807302965893426913e-11
2.282130021931981075e-11
2.656869052371421666e-11
3.309888653050282887e-11
3.943461822799389544e-11
4.528216784571671689e-11
4.896782071643667861e-11
5.045823055425628437e-11
5.165933770843843270e-11
4.974206648987409591e-11
4.516642075184792890e-11
3.683620170542068284e-11
3.203487573109040894e-11
2.338914581241899644e-11
1.527874104516759449e-11
1.037310016912813159e-11
4.558523958630712953e-12
1.517313520653176725e-12
3.644863142881006270e-10
7.712503112829803271e-10
8.623068238883212804e-10
9.663792496248931295e-10
1.091981529085076596e-09
1.165477920608989837e-09
1.099459619803320655e-09
9.688535660390723132e-10
1.176010564466838140e-09
0.000000000000000000e+00
0.000000000000000000e+00
1.111943176129955980e-09
8.773704177642399407e-10
2.595203528704158395e-10
5.339910082269275396e-12
1.561165400652806084e-11
2.550728088543249482e-11
3.318691867477239907e-11
3.780674007069934195e-11
3.953540181778200661e-11
3.881149276434713453e-11
3.682852679372337265e-11
3.444677324412682833e-11
3.250421273095591251e-11
2.959879861674477653e-11
2.656538182281467999e-11
2.423119586848060148e-11
3.377047993858219715e-02
5.056270480434386927e-02
1.266106709038401592e-11
1.128074068671981222e-11
1.052250113582965203e-11
9.567027496448565118e-12
8.102988267261203740e-12
8.462851671376825920e-12
6.290003933780041465e-12
5.247095713075248859e-12
4.816041308285050798e-12
5.161200621401215659e-12
6.252621399485078119e-12
7.509915839111674579e-12
9.729911746498787500e-12
1.286738573962877205e-11
1.630255857982590007e-11
2.045250825143275423e-11
2.468101350518745568e-11
3.046622451854494422e-11
3.585655859101105094e-11
4.132748117552836665e-11
4.580323312735206615e-11
5.091679632635722405e-11
1.499825547903116478e-07
5.201353943325142408e-11
5.121181231259922673e-11
4.550457200042988894e-11
3.981874739916149600e-11
3.279731795972050661e-11
2.461138086926728554e-11
1.855711190719581395e-11
1.083231008289626891e-11
7.162137015399956193e-12
1.703298055818844739e-12
4.095342896545315470e-10
6.468061787797823533e-10
7.632823214807681402e-10
9.575967603878175535e-10
9.328524156606073690e-10
1.065839618480052393e-09
1.117950114678444545e-09
1.174624074849240418e-09
1.078870896500091807e-09
0.000000000000000000e+00
0.000000000000000000e+00
1.159398481364766946e-09
8.106218481929511694e-10
3.013105819104529984e-10
4.969918768502208705e-12
1.491252934562867489e-11
2.561282463460945144e-11
3.253260044240907014e-11
3.753788196491966355e-11
3.693855616363159305e-11
3.642947298669522312e-11
3.418906967664183766e-11
3.191823317287723807e-11
3.012341308882780557e-11
2.696288535707374464e-11
2.474159849288516616e-11
2.121763134492491404e-11
3.817686451106974437e-09
1.413443464973625363e-11
9.936929887310451404e-02
4.990243903589699897e-07
1.075057775605617451e-11
9.805448412303635359e-12
9.797726201098171447e-12
7.894263460122264390e-12
6.623087494055725804e-12
6.378182804311171034e-12
5.635632634614027222e-12
5.636173371457464665e-12
6.565265819787743076e-12
9.000478621051633129e-12
1.299243406222412974e-11
1.494998899155899103e-11
1.945474172420214648e-11
2.320509022835233538e-11
2.781149890204881789e-11
3.328081789556374389e-11
3.821025803373111035e-11
4.221421918332540380e-11
4.806583873967421271e-11
5.074767860142463453e-11
5.547995990714632810e-11
5.153293954622172419e-11
5.024326821153775955e-11
4.635293901061078575e-11
4.201693879113447631e-11
3.574009388940879566e-11
2.835454853541174715e-11
1.921833531531715341e-11
1.359181898692602264e-11
7.665982155500579867e-12
2.710684148300134440e-12
2.446345922873853188e-10
6.972417220191317180e-10
9.078133600070913853e-10
8.956316298241006221e-10
9.469710300832570996e-10
1.102987999639160776e-09
1.086121295287976362e-09
9.866396455143179376e-10
1.098080494520925144e-09
0.000000000000000000e+00
0.000000000000000000e+00
1.150442382095536416e-09
9.740712983287071411e-10
3.423029046005261124e-10
5.717573610571661356e-12
1.412794158465132910e-11
2.315163592440589909e-11
3.058179330654838560e-11
3.471648997824280449e-11
3.462995330763498345e-11
3.362044220477390421e-11
3.084583201460627123e-11
2.811132559372468780e-11
2.625007384431090908e-11
2.400739041021489436e-11
2.179578112994581153e-11
1.871291096560761965e-11
1.467255937929749518e-11
1.416473504373542443e-11
1.201409084441503023e-11
1.184460368343271895e-11
1.061261550076535239e-11
1.007118119427049531e-11
1.057268128859271778e-11
8.188376559294633855e-12
8.605348154063971038e-08
5.301272903413853699e-12
5.814714760271289766e-12
6.411821670814450949e-12
8.696747885867486428e-12
1.007611836302247638e-11
1.375824399280951001e-11
1.661663098385791631e-11
2.035056629676360423e-11
2.549060229952791188e-11
3.036432383745520401e-11
3.467515020925307038e-11
3.932192817553404727e-11
4.294677050371798729e-11
4.681361206808678277e-11
5.132677229616272845e-11
5.109222788380843538e-11
2.984108917479668187e-07
4.932985638359269841e-11
4.599204900803498158e-11
4.256798195897148586e-11
3.528415313641205419e-11
3.075604281988252910e-11
2.264818659239884419e-11
1.533729619271226609e-11
8.363752318345787073e-12
3.217601633204561422e-12
2.064102916364910354e-10
5.626088538163086287e-10
7.073966053582171101e-10
8.915752066420035376e-10
1.025999998286623133e-09
1.107601802716709426e-09
1.097935947693209979e-09
1.167094053349860208e-09
1.053960406596167200e-09
0.000000000000000000e+00
0.000000000000000000e+00
1.117780649789780569e-09
8.417690486375387019e-10
4.620727070246669708e-10
4.213180800127410941e-12
1.358395322051103292e-11
2.229047217985868128e-11
2.818379409317156846e-11
3.195001814724728767e-11
3.221608683599251796e-11
2.937686448318327180e-11
2.645266635355736709e-11
2.275322433444862396e-11
2.084173596206344180e-11
1.894668138138579655e-11
1.773337831101008893e-11
1.573617953111302894e-11
1.259498519404938292e-11
1.286841318472338280e-11
1.143563758629397445e-11
9.364262715739355880e-12
9.821967259327803585e-12
8.918636212717088752e-12
9.523635693716813555e-12
8.866555396528141525e-12
6.838655691773920852e-12
2.060574296928774933e-09
2.164145242396340596e-01
8.628639821159228562e-02
2.979492698858307088e-08
1.164992709507549146e-11
1.413891826468403581e-11
1.853133633194971743e-11
2.326356290334172641e-11
2.753184584199885489e-11
3.177910587293222368e-11
3.644780696329079217e-11
3.974938687989628959e-11
4.320974642782952970e-11
4.688946606376844661e-11
4.889753689264646483e-11
1.209806930966341547e-06
3.669519798399437788e-02
4.933722728047712860e-11
4.555304797869421416e-11
4.229968992316185587e-11
3.703705809246679530e-11
2.891526753059164039e-11
2.365795934046439309e-11
1.701109088201063203e-11
1.042705658570519644e-11
4.613857100098984837e-12
1.167073945563872756e-11
4.092726071512216295e-10
8.228771875892146227e-10
9.599051738356139991e-10
8.871209063435830917e-10
1.091761552817423323e-09
1.079603131077238510e-09
1.040474996278177935e-09
9.688822201169418656e-10
0.000000000000000000e+00
0.000000000000000000e+00
1.180819898098007402e-09
8.150553440788886043e-10
3.851864394251434952e-10
3.551591011079169062e-12
1.106817217311975478e-11
1.982064138970290783e-11
2.599889476326846576e-11
2.816272501017028160e-11
2.767028720782149113e-11
2.453324795622135213e-11
2.170646961002215854e-11
1.819845665604313444e-11
1.610988443773061673e-11
1.482108728672001378e-11
1.296295286873308162e-11
1.244179573465551098e-11
9.766095857028990464e-12
1.015493129665579297e-11
9.192277278854747005e-12
8.247264801720028464e-12
8.744121344589246497e-12
8.645736395148882789e-12
8.940989674712690918e-12
8.300889849133897973e-12
6.871794708257656037e-12
6.505199392484013040e-12
7.946462909790232765e-12
8.384340412967435031e-12
9.753593509123797557e-12
1.046520028349530765e-07
1.559488669380989215e-11
2.092228853465640556e-11
2.459575704144088363e-11
2.883900490820189786e-11
3.281062319080557611e-11
3.601989119526632061e-11
3.908957449359400394e-11
9.343499320695787972e-08
4.634909664490363742e-11
4.707724004436442684e-11
2.069945930443971189e-10
4.806448168538893264e-11
4.739788662319428064e-11
4.630121317196456157e-11
4.277720473287350677e-11
3.698377850831883072e-11
3.034514876191374331e-11
2.585988202200326745e-11
1.861955984315621356e-11
9.998445132439719869e-12
5.013888674621134919e-12
1.513969548631522947e-10
3.803242262130546177e-10
7.474652931880707262e-10
9.614765952063434124e-10
1.142197004223839311e-09
1.051493506694447283e-09
1.075643441018917605e-09
1.044291242634729340e-09
1.110994425880287956e-09
0.000000000000000000e+00
0.000000000000000000e+00
1.199231847308690923e-09
8.339060047195506754e-10
4.434383217111903251e-10
1.202463621148576568e-12
8.529634828873367160e-12
1.722328692782318970e-11
2.151380022048971774e-11
2.327068842907934779e-11
2.256736167752202102e-11
2.092385070970202114e-11
1.705824329488343647e-11
1.424868639298646028e-11
1.250560034792182559e-11
1.053223075785404586e-11
1.052506708494448127e-11
8.470017813308898064e-12
8.110296848307202427e-12
7.476609948154425109e-12
8.209235495660619890e-12
7.126074795780415675e-12
8.186025927145278860e-12
8.669515475615199235e-12
7.203060363486155611e-12
7.841943369786898092e-12
6.815377938981085473e-12
5.608759127439907272e-12
6.163209226302097703e-12
8.159074669682080642e-12
9.733105250073634421e-12
1.278194267026329349e-11
1.763873715974893057e-11
2.230808026792099413e-11
2.593112860077206970e-11
3.070907715152019824e-11
3.418202992053115660e-11
3.768221299103609306e-11
8.060989859698692112e-09
3.220743672779420401e-07
4.375110127467040808e-11
4.527735219318326999e-11
1.357183191050663726e-09
4.706200161574476471e-11
4.592034976150107215e-11
4.376729490928493456e-11
2.702312717398670368e-07
3.787236165603579368e-11
3.154544600849916928e-11
2.407119077801427906e-11
1.794681413780585317e-11
1.143921175695079574e-11
6.127385252092692926e-12
4.497118054578267674e-11
3.585673949728565959e-10
6.510817169742251213e-10
8.956746318755093237e-10
9.004463876782366536e-10
9.179197262882197416e-10
1.095407079450578018e-09
1.169532342337724571e-09
1.023499163449537141e-09
0.000000000000000000e+00
0.000000000000000000e+00
1.112856535247685992e-09
7.921620910093028154e-10
5.693180360216512800e-10
3.717933598022906312e-13
8.281290515753728712e-12
1.351901695193259294e-11
1.791637294615001669e-11
1.961886440143772673e-11
1.843423261330857530e-11
1.480253752012109189e-11
1.188479501340702329e-11
9.357664483387909176e-12
7.533471808284738534e-12
6.300310035776406284e-12
5.507798247637963362e-12
5.166533901967642986e-12
4.758876176937954754e-12
5.481032267702505828e-12
5.415906991777855384e-12
6.236027638592017233e-12
6.373353467582030954e-12
6.149298379419811736e-12
6.407919741552003475e-12
6.298645996838858747e-12
5.931908606545032583e-12
5.004777178815903306e-12
7.676448460371522912e-12
7.927527664774497189e-12
1.090738858494289678e-11
1.462956763887261422e-11
1.833292872446592202e-11
2.361255946896240690e-11
2.725260390162331635e-11
3.165580786181076162e-11
3.522968746210929373e-11
3.735723552959600320e-11
3.915093979301004096e-11
4.188671755059949639e-11
4.440283331712499786e-11
1.510931769005202092e-09
4.390488363939328748e-11
4.518108460365165203e-11
4.706588850251448067e-11
4.473050135833927028e-11
4.322934267144634645e-11
3.724460143018305057e-11
3.433390755750336953e-11
2.515672187985251505e-11
1.775691995798266712e-11
1.181723428211177071e-11
5.389802184804667079e-12
8.797333450772735659e-11
4.354162296356187609e-10
6.563058471842841242e-10
7.285368708253576759e-10
8.717323751713272820e-10
9.280222099237118080e-10
1.001053992399674285e-09
8.548845956548312717e-10
1.097599789458555395e-09
0.000000000000000000e+00
0.000000000000000000e+00
1.197930829788321373e-09
1.093390136428482567e-09
6.473156463345870881e-10
1.265254984687330874e-10
3.602939809841531870e-12
9.421780874447732104e-12
1.244120614212799783e-11
1.444606361687932964e-11
1.368188414847442231e-11
1.160730824529249206e-11
8.429208685390790651e-12
5.499057675648407078e-12
3.044424583829143178e-12
2.229988491534296978e-12
6.715128275614965869e-13
1.132267372046943888e-12
1.716199512090391126e-12
1.701714012407857532e-12
2.591094054313444713e-12
2.965603058949221355e-12
3.303160104737367866e-12
4.523799448502799310e-12
3.708893868869169719e-12
4.122597751618587821e-12
4.784507412239630258e-12
5.147250117733888359e-12
6.302180943154715969e-12
8.353791706824600595e-12
1.107289757839244381e-11
1.511961512173173686e-11
1.929477569602328664e-11
2.425848688501004074e-11
2.836266518374071817e-11
3.268439745569171438e-11
3.646588838590196269e-11
3.819942803338749166e-11
3.500716766977153800e-11
3.232031589858248150e-02
1.958223320755515112e-02
1.028933818892032867e-09
1.555412871087216494e-09
4.489761919049619583e-11
4.538723002020123837e-11
4.276715844786609779e-11
4.135772077003319405e-11
3.604968545715506569e-11
3.197943521117763280e-11
2.551920078215143299e-11
1.766052818386578868e-11
1.100099697345989022e-11
5.909639054673705874e-12
9.344951448620372304e-13
3.426296175375372357e-10
6.669712703586937360e-10
7.598894229541166877e-10
7.670894690132688636e-10
8.843089892773390017e-10
8.905195626280316428e-10
8.628088943616418505e-10
9.811358420780582957e-10
0.000000000000000000e+00
0.000000000000000000e+00
1.135664939686383433e-09
1.017723460955561508e-09
7.582276592440702390e-10
3.439676160316541561e-10
1.957533869864325429e-12
6.460920451540636974e-12
9.366362304595328587e-12
1.045275953096938212e-11
9.132275861679036140e-12
6.540064922743374871e-12
2.851781322277355763e-12
1.577966381655578126e-12
2.434030903357033952e-13
1.035517665533236060e-10
1.363457988553359703e-10
1.305172790758566159e-10
1.702225515290657672e-10
1.500370219345883726e-10
1.558858521908854526e-11
1.622181202950041858e-12
1.320602805772996537e-12
1.855216314761053106e-12
2.201484238923728941e-12
2.644402514139246355e-12
2.388622557077416524e-12
4.104213929454012353e-12
5.739712164360781584e-12
7.816757223841050410e-12
1.094114940454077823e-11
1.604531921028268671e-11
1.971443391838295767e-11
2.513036500398482832e-11
3.039260319029343112e-11
3.279781348802327168e-11
3.718151394128492626e-11
6.162904795109341589e-11
9.443814438795816011e-07
1.670287061865220052e-02
4.471076480224173253e-09
1.906270473243989880e-09
2.337338826153034363e-07
4.268795582077597818e-11
4.408727935665903775e-11
4.339059393108397585e-11
4.235753122019438625e-11
3.818764225146538956e-11
3.258074306384404987e-11
2.644782983964268648e-11
1.981370257241597476e-11
1.320166660777402544e-11
6.932903328293966863e-12
1.444057942061333431e-12
2.931289336719368783e-10
6.172362028884284231e-10
6.417533590803053959e-10
7.177710735246080119e-10
7.071259548432924841e-10
8.314305053294292987e-10
9.272903791642952367e-10
1.187869128297192880e-09
0.000000000000000000e+00
0.000000000000000000e+00
1.172744483815333690e-09
1.026321335777215471e-09
7.636058597908103414e-10
6.044640662758592095e-10
1.677869989449565353e-10
1.921175675667554572e-12
4.708223580815245657e-12
5.074123612459154178e-12
3.339831480695767345e-12
1.469826175368172539e-12
1.557562768800660230e-13
2.853580322556627464e-10
2.611547987940010168e-10
3.311041035036894771e-10
4.603131171776008418e-10
4.690874457804817926e-10
4.041274464185551642e-10
3.541940058451372032e-10
3.021157625843802089e-10
1.966614043572204601e-10
1.573721303755199101e-10
1.239222404144130643e-10
1.201419016064896687e-10
2.936273181418108290e-12
7.091520023214750239e-13
2.246260944625155576e-12
4.357429827434091481e-12
8.067845028875446340e-12
1.090410961990398971e-11
1.523342193794563410e-11
2.000157942334294574e-11
2.450265873118368742e-11
2.950748676448687457e-11
3.287025700166215968e-11
3.545363921338168035e-11
3.573658990241524788e-11
3.747817227688924350e-11
3.860451408926140498e-11
3.825888873312310389e-11
3.528027034781744768e-11
4.106564746541866576e-11
8.639899722776174171e-11
4.167444068614567903e-11
4.041261513038299005e-11
4.063077407577221317e-11
3.901785851234098489e-11
3.339788118226062764e-11
2.683013124922143484e-11
2.097173123101573547e-11
1.445331632857669984e-11
9.498995370412558479e-12
2.148437795757216583e-12
1.569546254906079266e-12
2.882780096909283458e-10
5.624191259270833902e-10
4.869673215126502746e-10
5.975951776830345528e-10
7.276193379684228804e-10
7.896884458349470012e-10
8.706220297601240166e-10
0.000000000000000000e+00
0.000000000000000000e+00
1.124895349774925065e-09
1.071011938069970666e-09
9.680852993512379699e-10
7.310217950075563548e-10
3.600432347263413739e-10
1.259493086569852837e-10
1.240627385235227387e-12
9.359514575200595929e-13
1.632679351426011933e-11
1.445695513512138351e-10
3.751147592580533369e-10
5.364984511428624925e-10
6.307698812131770704e-10
7.005613268188342165e-10
7.024698558624031316e-10
7.124321786793266204e-10
6.185943776507348903e-10
6.085702004925215969e-10
5.387492912560629725e-10
4.871066020155930024e-10
3.923577040623073753e-10
2.779087253372197000e-10
2.802642387770414739e-10
2.088038952496768666e-10
6.903374397514232688e-11
1.708278874458311884e-13
3.127642652418614421e-12
5.126685956711689291e-12
9.935867972098877454e-12
1.400579667880139701e-11
2.035549981476537239e-11
2.488502500528246403e-11
2.957692041587140742e-11
3.273085431092757135e-11
3.532246264910027835e-11
3.618165869099549522e-11
3.578594423147853722e-11
3.518489163421902856e-11
3.451206146616993169e-11
3.477715256110649043e-11
3.725731367145628415e-11
3.650964012149729399e-11
3.798927100057438840e-11
4.044943096047504307e-11
3.924386009078856881e-11
3.684088003724623978e-11
3.379152638007136056e-11
2.894263881865442901e-11
2.147780531233960518e-11
1.650620558711056482e-11
1.116457141862386401e-11
6.235456567628548680e-12
3.122559157854869826e-12
1.436587534104036181e-13
7.928835386086602194e-11
2.809476700662013927e-10
4.367314326206348026e-10
5.295885013010699720e-10
4.607123450080003950e-10
7.214858601668603425e-10
0.000000000000000000e+00
0.000000000000000000e+00
1.162400999088519701e-09
1.052785250526379460e-09
1.030861364647878184e-09
8.119683517768385812e-10
5.996592761534882183e-10
4.303511193134136146e-10
3.140322018158325970e-10
2.971873532772416802e-10
3.315792783437333691e-10
4.536950881702300502e-10
6.159539393590464905e-10
6.707449036628279369e-10
7.658874166543727975e-10
9.014297066218697645e-10
8.119332940817506310e-10
8.353734651064109018e-10
8.401599996316297161e-10
8.298633994680182430e-10
6.855591545879818724e-10
7.042319742756135005e-10
6.630953114058175525e-10
5.432573605228432563e-10
5.510957484619484125e-10
4.057914041174778559e-10
3.517410361933820273e-10
1.686122706997476538e-10
1.048271424180325759e-12
5.288714216402640551e-12
9.403649722953615411e-12
1.345813373559026803e-11
1.864287947778840840e-11
2.321058176318670455e-11
2.838334052434949192e-11
3.240890434343513625e-11
3.080106403015307907e-11
3.268503986181088884e-11
3.311127339879773264e-11
3.226944197888968819e-11
3.269864606059507814e-11
3.071662700475409419e-11
3.117636244733500628e-11
3.383404982263745131e-11
4.887178326508639459e-10
3.741830354716113859e-11
3.828363885594233746e-11
3.765439784216830359e-11
3.394774573083056327e-11
2.957144228012705361e-11
2.453500040802253334e-11
1.975015256233553331e-11
1.514039700815303974e-11
1.065656954315075292e-11
5.774529517058308976e-12
4.453105938702302853e-12
3.556842257109556078e-12
1.936179338064950128e-13
4.292383921322900132e-13
2.567674704854760972e-12
3.792783850973789064e-10
4.941152656295026917e-10
0.000000000000000000e+00
0.000000000000000000e+00
1.087110474838417638e-09
1.177628058069513725e-09
1.068186248705487419e-09
9.192767733245054058e-10
8.656502833291350036e-10
6.644231069244402904e-10
6.594990508224337896e-10
6.346200232207534595e-10
6.448370476269719636e-10
6.612376264209495210e-10
7.245317017515530894e-10
8.850088278604439786e-10
8.887774198065872750e-10
8.938300860739149098e-10
1.077258509732886052e-09
9.316187162983560261e-10
9.127109875597832889e-10
9.207654776137956314e-10
7.712249771349827162e-10
8.528176324001037837e-10
7.665964336823963693e-10
6.767520037804894871e-10
6.876311087633009963e-10
6.595259448533018202e-10
5.518223593830727042e-10
3.257323569573655663e-10
1.278156760701159016e-13
3.230264212319876998e-12
7.986113280077183768e-12
1.274069612649504475e-11
1.774242425050290993e-11
2.274094915253987490e-11
2.593662289004168111e-11
2.853775843214023927e-11
3.045575260831032298e-11
3.055406627243053423e-11
3.011224134923343269e-11
2.946109373902676474e-11
2.699338647161240089e-11
2.752181931545004955e-11
2.846566947426463797e-11
2.954034624711816100e-11
1.229857415259493860e-07
2.865107033522153526e-02
3.524570222369266450e-11
3.600875079454795209e-11
3.420491180145498539e-11
3.099321633624888952e-11
2.705365714778611817e-11
2.189224298611948981e-11
1.856859453289975815e-11
1.302618282731929504e-11
1.111125661760571792e-11
7.257455025279548689e-12
6.849494659437894900e-12
8.499861654687461922e-12
8.370185035598930405e-12
5.020546190965816356e-12
1.109740509968767315e-12
1.970199706964271947e-10
0.000000000000000000e+00
0.000000000000000000e+00
1.221010953880135713e-09
1.174727989114540663e-09
1.164520149719381121e-09
1.068261845300740577e-09
9.140551239291897186e-10
8.579738123871280631e-10
8.204292225481888844e-10
7.553098487701480764e-10
8.439671899998906323e-10
8.915018417724762058e-10
8.798384266241222399e-10
1.040912569244421122e-09
9.965394293165352960e-10
1.094493313253108897e-09
1.046234481269910751e-09
1.040016956458539113e-09
1.041671702226079830e-09
9.857796704722624959e-10
9.119623979484232969e-10
9.514271379714979215e-10
9.886178442325553313e-10
8.139985904721839621e-10
8.776872443252388163e-10
7.074953690480629111e-10
5.502382597358741558e-10
3.996580316546635657e-10
1.338717670712011394e-10
2.135700565403850861e-12
6.438441002674561637e-12
1.115475122332925531e-11
1.584262152974876703e-11
2.090091171580191540e-11
2.574253748016070395e-11
2.643520093305145217e-11
2.759715339830053334e-11
2.633624458318256502e-11
2.705540492537568300e-11
2.533198172979535731e-11
2.255917102743870260e-11
2.301395050221701447e-11
2.429737019062419534e-11
2.558791014444871281e-11
2.760496517111528974e-11
6.328735443316551053e-10
2.508012943122512097e-07
3.322223796853622294e-11
3.369797476836232348e-11
3.326022937888948481e-11
3.100693356919582498e-11
2.655492410191483310e-11
2.406932745053525869e-11
1.901694729560795339e-11
1.763442134501780662e-11
1.292638560307656914e-11
1.243927076453144714e-11
1.460359083477869095e-11
1.312373701459349302e-11
1.037548462898966575e-11
9.021073557261026233e-12
1.713977681510968221e-12
0.000000000000000000e+00
0.000000000000000000e+00
1.147020944063255393e-09
1.155095125150920105e-09
1.144600229410934647e-09
1.084437005756877113e-09
1.016686712649716711e-09
1.070630728941233630e-09
8.750499742221345357e-10
8.605435437057802692e-10
9.351215067638943693e-10
1.047021600107424563e-09
1.050165016796565904e-09
1.162717714666922438e-09
1.035243101443922331e-09
1.099526121806834301e-09
1.039578912006238839e-09
1.150903410470985182e-09
1.110127044900416078e-09
1.107805184764749295e-09
9.449028103694542448e-10
9.994821503925460134e-10
1.008122346374291965e-09
9.874577474528636977e-10
8.946508000851421696e-10
7.317566384767726358e-10
7.451258190371040523e-10
4.633609876559703276e-10
2.831848091551695981e-10
5.581618574163780930e-11
3.517008008678873329e-12
8.703241763541862849e-12
1.266823375876395898e-11
1.739170016407616640e-11
2.159232690099160434e-11
2.231133866228759731e-11
2.175444319043911546e-11
2.336200383092511391e-11
2.164212469000364929e-11
2.125031601994836438e-11
1.894943059216470362e-11
1.829385510807082523e-11
1.674992035616179236e-11
2.003637726488181319e-11
2.264219460355597100e-11
2.495457675176539631e-11
7.375298838966228218e-08
3.178599087553068246e-11
3.342966620080040942e-11
3.453737378043595113e-11
3.250769522120164739e-11
2.948449104218712150e-11
2.727088849959919775e-11
2.507749293416354083e-11
2.010073396492177843e-11
1.912663432447894178e-11
1.846103689793233371e-11
2.024136404466602277e-11
1.858114025076301865e-11
1.975239761107108302e-11
1.537446601753687253e-11
6.049746602352603648e-12
0.000000000000000000e+00
0.000000000000000000e+00
1.106083219565364609e-09
1.187747450755298382e-09
1.130123873607395547e-09
1.176972934246808279e-09
1.189411282741286109e-09
1.005525725062487729e-09
1.025042892121138066e-09
1.019624512367543601e-09
1.078341985266578053e-09
1.048497073736920378e-09
1.059764350211902797e-09
1.074723259440589779e-09
1.158073594421113263e-09
9.937464501872847663e-10
1.127870576903603080e-09
1.149914075410527741e-09
1.015271728049620202e-09
1.132971905227051539e-09
1.106726499100304686e-09
1.035769516926804577e-09
1.016919802249707078e-09
1.118408532159737079e-09
1.007200630128490835e-09
8.806505229577747325e-10
8.297430880449820764e-10
6.601843117518698526e-10
4.237622834833856335e-10
8.413043947745667515e-11
1.649867796112860863e-12
5.932472751341354987e-12
9.700736642590178885e-12
1.433807298157876352e-11
1.674254057620683611e-11
1.821889050599521971e-11
1.813284890391168501e-11
1.839493763313175109e-11
1.694884956095385865e-11
1.516824804318138159e-11
1.319087422855176323e-11
1.168577612790139668e-11
1.326991626160825682e-11
1.418510064943649834e-11
1.861209815534525603e-11
2.281933258476758953e-11
2.768885136187244364e-11
1.653142343797041336e-02
3.176353508043088154e-11
3.192950604581803722e-11
3.455141169928244370e-11
3.288715379119887648e-11
3.162235262005959912e-11
2.829321952292967659e-11
2.541629197031804188e-11
2.567653642120081632e-11
2.526928221590585236e-11
2.781993282678386972e-11
2.744756307575381275e-11
2.623650017446416592e-11
2.169511272876798419e-11
1.313978448523711147e-11
0.000000000000000000e+00
0.000000000000000000e+00
1.148825839104713399e-09
1.208163562038638970e-09
1.200192587527227029e-09
1.081294136782731602e-09
1.104168138831364928e-09
1.194880319202095886e-09
1.149952864512466765e-09
1.140280320689275020e-09
1.147905121715476632e-09
1.111911216605272682e-09
1.093682504050758118e-09
1.121681886918067251e-09
1.145999473525704011e-09
1.120308057119596917e-09
1.235852207095054960e-09
1.140598294707554146e-09
1.087990197162144887e-09
1.100467571243313627e-09
1.146215557098871075e-09
1.146339179022476479e-09
1.035647937914237989e-09
1.074260896787306237e-09
1.033775440625750838e-09
9.286120040772678256e-10
9.891464220934884764e-10
7.573058893853590377e-10
5.679290763475756907e-10
2.912708216887257726e-10
1.396343393220095968e-11
3.788962927559786050e-12
7.203377912646013085e-12
1.091270618278437548e-11
1.302425124391003691e-11
1.382896579485733229e-11
1.454968755338377271e-11
1.329700201672857914e-11
1.270200287719690027e-11
8.850512724245380229e-12
9.424364466947936141e-12
7.413061321776904351e-12
9.296146459153426871e-12
1.054429171463797459e-11
1.341686525323749813e-11
1.681633283844752865e-11
2.179123752204202085e-11
2.617879751221783333e-11
8.145435509446512234e-03
3.455104168543597629e-11
3.698791356135551494e-11
3.672475289546367433e-11
3.729104000547561315e-11
3.251655278688605469e-11
3.085032212522792034e-11
3.064833618248270052e-11
3.121543891651349477e-11
3.581661041052182809e-11
3.594550295377305466e-11
3.400435117550007680e-11
2.989599713188170023e-11
2.140656192346065759e-11
0.000000000000000000e+00
0.000000000000000000e+00
1.197894740792688120e-09
1.206837237987355678e-09
1.205918098245728512e-09
1.170133439364117717e-09
1.168644942115262222e-09
1.111048504758546872e-09
1.196722685653212791e-09
1.159166028850408720e-09
1.084223101290516486e-09
1.101552184481699898e-09
1.133794187248032680e-09
1.150045373486949708e-09
1.134079320492962367e-09
1.178478111774095314e-09
1.108594136199685798e-09
1.149124422008013922e-09
1.164385418524579672e-09
1.145004027903314529e-09
1.063999830790132138e-09
1.139833813659250364e-09
1.130806186646267480e-09
1.023270582618231182e-09
1.100663523600828015e-09
1.094338906218618970e-09
9.667836328651004050e-10
8.210332640896739567e-10
7.125773669346460836e-10
5.798378216690347302e-10
2.469934327178079053e-10
3.480264943026575505e-13
3.031958689049150543e-12
6.086108350033781181e-12
8.144796081302183211e-12
8.902054527227011543e-12
9.029849691318575255e-12
9.597426476611224458e-12
6.044129284726786935e-12
7.238271647938066286e-12
5.422901025204549519e-12
3.966807885134296295e-12
4.340548949926781508e-12
6.874690496412951820e-12
1.089547610373576424e-11
1.406055123805184237e-11
1.839265100239720108e-11
2.529807042670146458e-11
2.974564863140425060e-11
6.657822228319395930e-10
3.850117738261914268e-11
3.687759714518010609e-11
3.812032487148880658e-11
3.549256055263175094e-11
3.535027744312742445e-11
3.411159226982454553e-11
3.562092457771654864e-11
3.958022108948100484e-11
4.175950751783458574e-11
4.251464717738603679e-11
3.840862242464501205e-11
2.769183933325775828e-11
0.000000000000000000e+00
0.000000000000000000e+00
1.154459518551353107e-09
1.152264554304423858e-09
1.229021093550980136e-09
1.198996323694293710e-09
1.140500924514336233e-09
1.169663361185470325e-09
1.281036782602462078e-09
1.144021583725354250e-09
1.211081680271059598e-09
1.137632401566405942e-09
1.160894893776124968e-09
1.144474121259759086e-09
1.157063385448936579e-09
1.133158857643749072e-09
1.220331735421874353e-09
1.161017013827536858e-09
1.161826888406571080e-09
1.157783326581231565e-09
1.190626863722722340e-09
1.180868080668795590e-09
1.197557706162906920e-09
1.030297159095270185e-09
1.199519634109199621e-09
1.114260226003160709e-09
1.019444573217384170e-09
9.001232312150412649e-10
8.433212684522443761e-10
6.777931483908173787e-10
4.271601703031938861e-10
1.714883353035925222e-10
2.681420976397697195e-11
2.128155273150393242e-12
4.987420686318760802e-12
3.666367148899984109e-12
3.616378129295007814e-12
4.981677097312728263e-12
3.249849792577414545e-12
2.494717542299759013e-12
1.150593469453767154e-12
3.879883506857063760e-13
4.997727283832398941e-11
2.965787151627374456e-12
6.708057728771701552e-12
9.872916382831020468e-12
1.560877561769214197e-11
2.302844026606308788e-11
2.791381935477994388e-11
1.985004622690994189e-02
3.888467939173802222e-11
4.055876114148349442e-11
4.008784058106866760e-11
3.863236154860286092e-11
3.902624798751764311e-11
3.731248851219086207e-11
3.956803483557267134e-11
4.338293331383737445e-11
4.563086968299170899e-11
4.674085984268691754e-11
4.581225010051566760e-11
3.576443072585377209e-11
0.000000000000000000e+00
0.000000000000000000e+00
1.054995294478323043e-09
1.176953985244253017e-09
1.142007663621305512e-09
1.141987058720495146e-09
1.261732446430966810e-09
1.148154548250324421e-09
1.172808669705542185e-09
1.174672373774316411e-09
1.139038962862450390e-09
1.158791372322786015e-09
1.262609152722281778e-09
1.205833404060394304e-09
1.231954347051816019e-09
1.159145571484927533e-09
1.194055313307248522e-09
1.162141494479187256e-09
1.157840640672160516e-09
1.178955674486907618e-09
1.240422931321349236e-09
1.181837392441106024e-09
1.091511183387873266e-09
1.193913496757815694e-09
1.040038571972744385e-09
1.147111034749846460e-09
1.022746204182651421e-09
9.492941818259523420e-10
9.585497880052252692e-10
7.678889844916431776e-10
6.538895177020536240e-10
5.280800130394842013e-10
3.103475022782092086e-10
1.556301945966022901e-10
1.950443311453442982e-10
3.832763461935520861e-11
3.149011429917221582e-11
1.566882303609957909e-13
4.803794480073600245e-11
2.216670140377721078e-10
2.588996560886635907e-10
1.740369392268490077e-10
1.740779378120780778e-10
0.000000000000000000e+00
4.095313331320387445e-12
8.372426301281310024e-12
1.379135420202241923e-11
1.749133265672052043e-11
2.403073838141144837e-11
3.079891781455337868e-11
5.694089235120579351e-02
3.875731018107407718e-11
4.147895596801258978e-11
4.025254608112195758e-11
4.012178525417172479e-11
3.879501053904594585e-11
4.074753778770455656e-11
6.092245172942045816e-09
2.309668573383268780e-02
2.543977450981900479e-03
4.763667018318520189e-11
4.149951737305564953e-11
0.000000000000000000e+00
0.000000000000000000e+00
1.145339334155261995e-09
1.090980256358814441e-09
1.176937043640868883e-09
1.070228004366410091e-09
1.097027815863725216e-09
1.028319228625327673e-09
1.140000482501331369e-09
1.212317918931505621e-09
1.136402291775891625e-09
1.087499548866360840e-09
1.171152955652697889e-09
1.160335394398387205e-09
1.210901958671357137e-09
1.284573353139610827e-09
1.176123604964132517e-09
1.099033030769779585e-09
1.136230811639571860e-09
1.115587187504534608e-09
1.168738757409501618e-09
1.231158650425919330e-09
1.144373516135562533e-09
1.233485515458265116e-09
1.192741516637948706e-09
1.181239259555197025e-09
1.080873179823546774e-09
9.684886802360144248e-10
1.000005522218164679e-09
9.883644996900224142e-10
8.343403631265196729e-10
6.351337922478130492e-10
6.531288202290605949e-10
4.749443683081345539e-10
3.849696081482474608e-10
3.652310337223986041e-10
3.620799064499938941e-10
3.443882542222049329e-10
3.410142889050167449e-10
3.000993467366238260e-10
3.125308161299847236e-10
3.621743646581957951e-10
3.342137359030594600e-10
1.382977152867165257e-10
1.546935928774538570e-12
4.489131024759972687e-12
8.870235323451648860e-12
1.604726425367360730e-11
2.343837329095408521e-11
2.950730302918997335e-11
3.514054273737667374e-11
1.833539802978438319e-06
9.833881191147710709e-09
4.168087661212048411e-11
3.678277961345484220e-08
3.975078253282759421e-11
4.089807329316667865e-11
4.308934879684853443e-11
4.704176267384281028e-11
4.928345457068724004e-11
4.982720346994323768e-11
4.416332517232347965e-11
0.000000000000000000e+00
0.000000000000000000e+00
1.176898301890054569e-09
1.196841266059915038e-09
1.174159052868586795e-09
1.177763837128296732e-09
1.243705149385673994e-09
1.162326064009707647e-09
1.298398565760519886e-09
1.182968566283575673e-09
1.189140019445889261e-09
1.143584163969633367e-09
1.199947853309431669e-09
1.180006778330371781e-09
1.183337587642135919e-09
1.178461935105318826e-09
1.172027652660125593e-09
1.167316155889357496e-09
1.142706888308667811e-09
1.175385912617265002e-09
1.032683152063626789e-09
1.167550764627603869e-09
1.148555542623288745e-09
1.215781781983696137e-09
1.164321191962402762e-09
1.053451208790007572e-09
1.180291876405454352e-09
1.118461308243839235e-09
9.721742478391135630e-10
1.110088240210183137e-09
8.678561201010768421e-10
8.847845137000226683e-10
7.278370259378645378e-10
7.306343398246556877e-10
6.646902396892816395e-10
7.073709347612758167e-10
6.702420485089093236e-10
5.496758201290452415e-10
5.488825124287234446e-10
7.082429181798693057e-10
8.148751455667844305e-10
6.433413361985969343e-10
3.824134424428807563e-10
2.836329778798881347e-10
6.947939232455850466e-11
2.633713607793029454e-12
9.378419405898173790e-12
1.399076644575259208e-11
1.951793044036679683e-11
2.672237220915458416e-11
3.241975644023465097e-11
3.625058186419721334e-11
8.845766186511293261e-02
3.282158811479066673e-07
4.169849381977404834e-11
3.943832088156002291e-11
3.966503196260217436e-11
4.135292426464261336e-11
4.376412348312678689e-11
4.565657062267273458e-11
4.403210270632331525e-11
4.311050262321862336e-11
0.000000000000000000e+00
0.000000000000000000e+00
1.177204325424271443e-09
1.239789665406334457e-09
1.162303205706774875e-09
1.186790866062951303e-09
1.157658487322784459e-09
1.161332601369224377e-09
1.152973225642234396e-09
1.192539898296007182e-09
1.191568413259474599e-09
1.130174258892454160e-09
1.212319347136530476e-09
1.213035749372360033e-09
1.123783513192561625e-09
1.156510817294024110e-09
1.179598764305339636e-09
1.229035909383378943e-09
1.143132061401908842e-09
1.093317067763514846e-09
1.243898665189584176e-09
1.133224256485504063e-09
1.146224690612173835e-09
1.144472316472113435e-09
1.156947582348426965e-09
1.122540648648032777e-09
1.140616473537753178e-09
1.139461484031688117e-09
1.145884216991855916e-09
1.101749268132383238e-09
1.033640417772327305e-09
1.005516080030385000e-09
1.084418160713237245e-09
1.029395025650569743e-09
9.422017828759661438e-10
7.932932338554548932e-10
9.784970001229876507e-10
8.444272099680155403e-10
7.498857415990830497e-10
8.370492319795460886e-10
7.863814210082519432e-10
6.427747696342149376e-10
4.506033038746126227e-10
2.710789066986468632e-10
5.296598718203508604e-13
3.892035088618752525e-12
8.546844079228009594e-12
1.454304169253232851e-11
2.126576239407581104e-11
2.645705009098094433e-11
3.368900084788961550e-11
3.663754560089049932e-11
5.133816184064702018e-07
1.341146738293813483e-07
4.229356496490122718e-11
4.174772258097754236e-11
3.869796713602889736e-11
3.846072887025642655e-11
3.832694271671370228e-11
3.970489456547831254e-11
3.963110779773862663e-11
3.891386998965189548e-11
0.000000000000000000e+00
0.000000000000000000e+00
1.293571998216301773e-09
1.201629921729389579e-09
1.218651296093932096e-09
1.125836020308919249e-09
1.190977851220382875e-09
1.196012337984041495e-09
1.151546345159019861e-09
1.199474634337184998e-09
1.265954695706265713e-09
1.222841534492015566e-09
1.167228748920311468e-09
1.229047939399103676e-09
1.192231693508235114e-09
1.160191431008243690e-09
1.164782387664831164e-09
1.186055653734230150e-09
1.206501795871303826e-09
1.135472606332162932e-09
1.109253409744899941e-09
1.185840783328354002e-09
1.159340787063640816e-09
1.227565120952010342e-09
1.224372815577291014e-09
1.130163806542776470e-09
1.183183803552487421e-09
1.016153811829603642e-09
1.130249652131877489e-09
1.127899851702913374e-09
1.046958027830056462e-09
1.070407865418654647e-09
1.065167065321960831e-09
9.220561416597666317e-10
9.982071761604861523e-10
9.526796715104971877e-10
9.512791373158321461e-10
9.981133599175655122e-10
8.859027020973932093e-10
8.214974040095356161e-10
7.349006553119349143e-10
7.432725791239045521e-10
4.121647159649190215e-10
2.625699618895220369e-10
1.697140731623712828e-10
2.376015826029243530e-12
7.068973466695033853e-12
1.387676798114640037e-11
2.030075490494835912e-11
2.598328702128900640e-11
3.326306346827156610e-11
3.862566101894917242e-11
8.988581260343484912e-09
2.648196812109674596e-09
4.370309503407652422e-11
4.160597481333553625e-11
3.739263937164478957e-11
3.319726212054470936e-11
3.246793637004525337e-11
3.199035404305159240e-11
3.191032237181634241e-11
3.055471831985281969e-11
0.000000000000000000e+00
0.000000000000000000e+00
1.227898602185370478e-09
1.191358818568957094e-09
1.143184466188607371e-09
1.131079548464354959e-09
1.237619679592641397e-09
1.101108199889646848e-09
1.124225594982349285e-09
1.118792999870299885e-09
1.181799555223425801e-09
1.160447241434473425e-09
1.194024387261069222e-09
1.192306381959863008e-09
1.205032166433246492e-09
1.209034172985732075e-09
1.193721749354039180e-09
1.261942349337648579e-09
1.179658525368410511e-09
1.191955724612804582e-09
1.139725800499364446e-09
1.222419095973293594e-09
1.156194287773411355e-09
1.140996118291458210e-09
1.142396335665365902e-09
1.144161661626271680e-09
1.118845389709980817e-09
1.130649984394911234e-09
1.124575664498592976e-09
1.029855000900836349e-09
1.020439428407660145e-09
1.094696046342730250e-09
1.173686582269599111e-09
1.001954322506342419e-09
1.139128581923690464e-09
1.087608693643806995e-09
1.080649245250134488e-09
1.049831221768191347e-09
9.482880203180351355e-10
9.104272598442120332e-10
7.723350476779301229e-10
7.214098584018975933e-10
4.891959211488304641e-10
3.548904883115371817e-10
0.000000000000000000e+00
3.364360897391477183e-12
6.990782381965414887e-12
1.434375000808762974e-11
2.077409612420981461e-11
2.811085061953549571e-11
3.357628234544160447e-11
4.005154645987630315e-11
7.816771660988389632e-08
1.005337729072927067e-01
4.582256093861017203e-11
4.144445903159250582e-11
3.676389082621839549e-11
3.001553695985287201e-11
2.568616690557458787e-11
2.354301551077854407e-11
2.454717543415909527e-11
2.139518132924223584e-11
0.000000000000000000e+00
0.000000000000000000e+00
1.223731356010247893e-09
1.207325453423929068e-09
1.166509842193827791e-09
1.257621557546040466e-09
1.149714401310672137e-09
1.190025363676179533e-09
1.180155254509379992e-09
1.245708158868871774e-09
1.212108846503088905e-09
1.177548858357434392e-09
1.107523748774419088e-09
1.191701010198882221e-09
1.123731079511952333e-09
1.221554859354186309e-09
1.158378148412712902e-09
1.199971575601885595e-09
1.172356262340548654e-09
1.138866083244739336e-09
1.213702560058796707e-09
1.146675926090695911e-09
1.164166961486082316e-09
1.173188598174601737e-09
1.137896678935818562e-09
1.113488760720855753e-09
1.231599532382375437e-09
1.096144096420967297e-09
1.105607286100838298e-09
1.138665214067424214e-09
1.150333132350464918e-09
1.087122956963985575e-09
1.015400457807384503e-09
1.070186265504803938e-09
1.112442797866350269e-09
1.136465674296262417e-09
1.085206628772452494e-09
1.037884855234086690e-09
9.024809082266746833e-10
9.897952579267826503e-10
9.354626796151752511e-10
6.738549359558966015e-10
7.144549629374064686e-10
3.352190303683925138e-10
1.698146154709130063e-10
3.577014455470450400e-12
7.556487298013387527e-12
1.310569632750789700e-11
2.075544814567029325e-11
2.639181331313049893e-11
3.473364667249217421e-11
4.105784091113238650e-11
2.321593098686802941e-07
2.995543854313168832e-07
4.636037949237480165e-11
4.157620372633062202e-11
3.404296129717120358e-11
2.723295463396367287e-11
2.368535172055879826e-11
1.909725621214938002e-11
1.517986265816356120e-11
1.513470703532044749e-11
0.000000000000000000e+00
0.000000000000000000e+00
1.223948469397357467e-09
1.270262632717228390e-09
1.203455037696536427e-09
1.207404825257463352e-09
1.172304208177896176e-09
1.183991690296248578e-09
1.234390438857369729e-09
1.111024379154799698e-09
1.164249546134884280e-09
1.206402552791542741e-09
1.148865455427303413e-09
1.179074761116120230e-09
1.191840088045943670e-09
1.136486974206493433e-09
1.199635724196207183e-09
1.180026555751839933e-09
1.229257962252649344e-09
1.228467656580917922e-09
1.209883879541420870e-09
1.148467884817895003e-09
1.189360231079323985e-09
1.189283443897558075e-09
1.134504718271639090e-09
1.189572195474861451e-09
1.245027429663037967e-09
1.201108477414680965e-09
1.195471087552571406e-09
1.230284164485876912e-09
1.141799307833022908e-09
1.032910408754860399e-09
1.156073746171828056e-09
1.106295822733880094e-09
1.052507755284711375e-09
1.153053910790787260e-09
1.068133980992126278e-09
1.023479901663466659e-09
1.069124012338755370e-09
8.674319803889506663e-10
9.417093668546109106e-10
8.095852796652351030e-10
6.610017612379607537e-10
3.387803540931086158e-10
1.425469497511974344e-10
2.875983935571284494e-12
7.995801752338725267e-12
1.327494930918659730e-11
1.926899945758841365e-11
2.809513389334201102e-11
3.546685380261604376e-11
4.148660773205442504e-11
4.694674396387407363e-11
4.896112536804023719e-11
4.660455213555361876e-11
4.282247357493872183e-11
3.234216892283275357e-11
2.453445269687190653e-11
1.737232218547335791e-11
1.168695117984244684e-11
7.672768259175437563e-12
6.312270694579499302e-12
0.000000000000000000e+00
0.000000000000000000e+00
1.166935612596997217e-09
1.237809025310982055e-09
1.204264133729624546e-09
1.243958968271424829e-09
1.236515621924154160e-09
1.166036518312720962e-09
1.202153859634046260e-09
1.198525182168289398e-09
1.188771090641987816e-09
1.143179347386616508e-09
1.222852167782553275e-09
1.230132736020737416e-09
1.249732448414178072e-09
1.150237692447598686e-09
1.229761343752645753e-09
1.120346132001994931e-09
1.227670542979516237e-09
1.128561048483540125e-09
1.205873263895313589e-09
1.226918647847143882e-09
1.283338485766923202e-09
1.246647410016049241e-09
1.129930476860365792e-09
1.189921632926153469e-09
1.240283594164768408e-09
1.095846583500796850e-09
1.151852836430549749e-09
1.150733798893324351e-09
1.093972182344672077e-09
1.065667087219915615e-09
1.114345166158849694e-09
1.077147975736117667e-09
1.091488678594009509e-09
9.185660298097248423e-10
9.829949949716963134e-10
1.067300533073514790e-09
1.087316309805635125e-09
9.715689548360023280e-10
7.888877839388562206e-10
8.265810766570946278e-10
7.859339059856380377e-10
4.545195330102588553e-10
1.503023664020901398e-10
2.952768363803936753e-12
7.817913744160025207e-12
1.344995124674521107e-11
2.065227017866086280e-11
2.640584159265280026e-11
3.424376637978260637e-11
4.054111568601069317e-11
4.465617348336260165e-11
5.447637569634358199e-09
4.446428362896312663e-11
3.881182174643127093e-11
3.106741036445089881e-11
2.307437728760093837e-11
1.393828807162191926e-11
6.281679636888274633e-12
2.909789149085164272e-12
1.098858086511629085e-13
0.000000000000000000e+00
0.000000000000000000e+00
1.145872610682768670e-09
1.296753224419203910e-09
1.138441694912400387e-09
1.213415193233260015e-09
1.109180901901836260e-09
1.213834295923481744e-09
1.259880949352813154e-09
1.190722629141918949e-09
1.109735648043314182e-09
1.185291253625145849e-09
1.137715690671917268e-09
1.155924092610088906e-09
1.177139925857870572e-09
1.086013706152650043e-09
1.159669390841620456e-09
1.194141722659169138e-09
1.188822759409330308e-09
1.255007800018425772e-09
1.156345183090696952e-09
1.128872776539033746e-09
1.188790304897956726e-09
1.181997465693355643e-09
1.120612446819772071e-09
1.150378053519141183e-09
1.193169462535611118e-09
1.013814490574465336e-09
1.118327803308712034e-09
1.169968882835533386e-09
1.234549283330560990e-09
1.114152132473291022e-09
1.161238743462498206e-09
1.256874724142039046e-09
1.210928169334777413e-09
1.103545454773512260e-09
1.097220085446021709e-09
1.066611719785446008e-09
1.112941883941052175e-09
9.602991130170511717e-10
8.373396278485208368e-10
8.715307176648914546e-10
8.451636341523092022e-10
5.883442353743964237e-10
3.372532654038130989e-10
8.485788984854700387e-13
4.718466029113041611e-12
1.010237981333245339e-11
1.653010943408228581e-11
2.422697243157259570e-11
3.207464570808727578e-11
3.906229847330088216e-11
4.435603272681463305e-11
4.315361409146821024e-11
4.100377397930708961e-11
3.501569167750403805e-11
2.573806140242164101e-11
1.611321053879649784e-11
7.476601242501782820e-12
8.527818561116216183e-13
1.938942044394265292e-10
3.456681673493598242e-10
0.000000000000000000e+00
0.000000000000000000e+00
1.208896294950753151e-09
1.238770937221838746e-09
1.147699122598910790e-09
1.198703049468961572e-09
1.227411743928905974e-09
1.208421678004382196e-09
1.172119905091558318e-09
1.203342466759956438e-09
1.244381271290618962e-09
1.161934536088242305e-09
1.173600183877258715e-09
1.161069505068070523e-09
1.194749386684715533e-09
1.133050891008345538e-09
1.180463458080481048e-09
1.241001170170570222e-09
1.184301455328085580e-09
1.124351676595459417e-09
1.122509711907745708e-09
1.234481769563172419e-09
1.118095463467466822e-09
1.186296098601851689e-09
1.180103733795100885e-09
1.057323794717136981e-09
1.158734196324978487e-09
1.096448759398340391e-09
1.135554128144190585e-09
1.141096953972363850e-09
1.233503604936697689e-09
1.118303784859059758e-09
1.201971799344118041e-09
1.097963940747281351e-09
1.121753014146007846e-09
1.132247662379943598e-09
1.054800884476644719e-09
1.170575892839378514e-09
1.066013465131729082e-09
1.005233508444943435e-09
9.777635780574889260e-10
9.754551017915085457e-10
9.043706937999484374e-10
6.046682504518446200e-10
4.684993447743018709e-10
9.884035172377380166e-11
3.756551438351687660e-12
9.088323577876856860e-12
1.643585952600755802e-11
2.387483041523044747e-11
3.179857589008189570e-11
3.839789763485202648e-11
4.026601868538424785e-11
4.067566207787279136e-11
3.581881747510666308e-11
2.647627984443589354e-11
1.916428397483380806e-11
1.208887953949375268e-11
3.872550023478916340e-12
1.433087834975998252e-10
5.690301209778414960e-10
7.401646600473654297e-10
0.000000000000000000e+00
0.000000000000000000e+00
1.265047206573867192e-09
1.173251004454156424e-09
1.122770747997991796e-09
1.255530505746353260e-09
1.164115179153457304e-09
1.232719213865186344e-09
1.258655498141758903e-09
1.260235096894495015e-09
1.231865969723296550e-09
1.231104714887364917e-09
1.239886368497414120e-09
1.224968304025293956e-09
1.224091177417979026e-09
1.221905549039108537e-09
1.189863004705469636e-09
1.129061897196524651e-09
1.223043115417123471e-09
1.139583476767557562e-09
1.207728913898901786e-09
1.140664678931196034e-09
1.165010357385846059e-09
1.198064685272385593e-09
1.192443120084879393e-09
1.216268849860584110e-09
1.236056768791287969e-09
1.151130500366762256e-09
1.138258354257631011e-09
1.137708041707253789e-09
1.087377086494431606e-09
1.146516434581148440e-09
1.123679837144767018e-09
1.049260816073282318e-09
1.086667374775518611e-09
1.072237820246597656e-09
1.245987964592934999e-09
1.009467947051182591e-09
1.214135831004234219e-09
9.989453907034673638e-10
9.485658012711895223e-10
8.781224988641053817e-10
8.577655907911937340e-10
7.971354795583122566e-10
4.906103767334836771e-10
1.675477536445490023e-10
3.490258002577482843e-12
8.220426895969190243e-12
1.620708917753290992e-11
2.512863596072948325e-11
3.302249829246385201e-11
3.756815646293036426e-11
3.757617528650998319e-11
3.623351914552816911e-11
3.227366497773690363e-11
2.297777005648964365e-11
1.388450714938929084e-11
5.628283815563505510e-12
1.165659548158583404e-10
4.667912290306057374e-10
8.177392244382094013e-10
8.468313447537288468e-10
0.000000000000000000e+00
0.000000000000000000e+00
1.269300762648319880e-09
1.185615247780788590e-09
1.213750606017827316e-09
1.210154462235477545e-09
1.273259605105614631e-09
1.217820020976027550e-09
1.227710092703154981e-09
1.249062582086184807e-09
1.185120621080298510e-09
1.219674932190053758e-09
1.290131645911143330e-09
1.206762846912896355e-09
1.227981534219225922e-09
1.164539912422443717e-09
1.161243572853132249e-09
1.188496618583845717e-09
1.113330399802584500e-09
1.204695107264050203e-09
1.251136779970744287e-09
1.183675024153407379e-09
1.172202661119131740e-09
1.211897264006573082e-09
1.181543636990331381e-09
1.217031949235846503e-09
1.144404449195171534e-09
1.179410603389273246e-09
1.165372929857235556e-09
1.107445717223085094e-09
1.088156718111011851e-09
1.105304837823674936e-09
1.290735544040630278e-09
1.124816402202907847e-09
1.191093284020290924e-09
1.109437540651576629e-09
1.139067533445098514e-09
1.018575959693313282e-09
1.021488899911908590e-09
1.196023035094905479e-09
1.086399591372407123e-09
9.188340336796706475e-10
8.820959530262580920e-10
8.291458751846440878e-10
5.773605896027527164e-10
4.616820553543523671e-11
4.904857126218355173e-12
1.111501510340976049e-11
2.127617477123389770e-11
2.863395736848022683e-11
3.516265782706346332e-11
3.918257652971882069e-11
1.358536910227465741e-02
3.678412054047135442e-11
2.841844174743697847e-11
1.923586507943876233e-11
1.028857405199117880e-11
1.726926892626173172e-12
3.375686265803849427e-10
7.336719631694787484e-10
1.094472292752722157e-09
9.556145120202960039e-10
0.000000000000000000e+00
0.000000000000000000e+00
1.155613280505274214e-09
1.210658210197778805e-09
1.225239001176396303e-09
1.152428095907139213e-09
1.122654837078168635e-09
1.215542326465049609e-09
1.154275759293737272e-09
1.153540040528470703e-09
1.163127665494734589e-09
1.198525980001507409e-09
1.200343826623420733e-09
1.220519908710496616e-09
1.288941548827400732e-09
1.233328455816156119e-09
1.203956258178607987e-09
1.174283117652766283e-09
1.151288540853394144e-09
1.178642930614724234e-09
1.264333525832751264e-09
1.141988976229050583e-09
1.205850120684877263e-09
1.098201789464229848e-09
1.128504342487850826e-09
1.142107356807049257e-09
1.233695961380526376e-09
1.130446410919010785e-09
1.175173174887369191e-09
1.189969542441408063e-09
1.086828869246512899e-09
1.136211788705740543e-09
1.097183765081586530e-09
1.232768440989966400e-09
1.136040363115245410e-09
1.177093070686778845e-09
1.191016515724285314e-09
1.128635068270133214e-09
1.067896045525783361e-09
9.669595260592653572e-10
1.064209382047109597e-09
9.510472893226131764e-10
1.008226426573422470e-09
7.483365378873640851e-10
3.379865043701692554e-10
1.968456777977454451e-10
8.173823951730146660e-12
1.528849890265285779e-11
2.305771521181755306e-11
2.994945760954379112e-11
3.810645168193433183e-11
6.904234560523718998e-03
4.127647235955228117e-11
3.552611985888084370e-11
2.684456357728145431e-11
1.651360101984365012e-11
7.328808160990190505e-12
3.204871290859990473e-11
5.765193663023796977e-10
9.537348470234208292e-10
9.639419129853218294e-10
9.837393534702519601e-10
0.000000000000000000e+00
0.000000000000000000e+00
1.181200033235487957e-09
1.222927985992472241e-09
1.222333495631894658e-09
1.173957225849360728e-09
1.239000690218158273e-09
1.152926737016210042e-09
1.211199967577688622e-09
1.266770247154770460e-09
1.135575665917126521e-09
1.244353185930179872e-09
1.139969421640934062e-09
1.239773286097513993e-09
1.235604824590151074e-09
1.144783823358898718e-09
1.224191538625249731e-09
1.202635281950408091e-09
1.158853054591173268e-09
1.239712492715253428e-09
1.114430858916744486e-09
1.128009898695281283e-09
1.219734978437270266e-09
1.178304508671941866e-09
1.254894632847610146e-09
1.196570444383802713e-09
1.165023519708600339e-09
1.140249820427200417e-09
1.183332029698417220e-09
1.102337572000184420e-09
1.189961361568840834e-09
1.111159185500240893e-09
1.017379673202423987e-09
1.162802684072960928e-09
1.156346419575583160e-09
1.162984377240520845e-09
1.038967066851172139e-09
1.102426894486703421e-09
1.053628488233162999e-09
1.095877686511581445e-09
9.732790138860950433e-10
1.016817229519867435e-09
1.027486680432842348e-09
7.007294807325269331e-10
4.492787498091147231e-10
9.676188632048796774e-13
4.495385522465276401e-12
1.496908918597034021e-11
2.315694473292999028e-11
2.892048383433925298e-11
3.691396331202150172e-11
3.864193118778672208e-11
3.734412743661620484e-11
3.102118204083956488e-11
2.236375084379336941e-11
1.303265825418044533e-11
3.439666006169014192e-12
2.082588250676795560e-10
7.233833572255841276e-10
9.305765398904217292e-10
9.549428065920823806e-10
1.078969562552152613e-09
0.000000000000000000e+00
0.000000000000000000e+00
1.205541403683455107e-09
1.257701448926922328e-09
1.188397997996415253e-09
1.208555649514851613e-09
1.223841720044549875e-09
1.251750928422471602e-09
1.214340310367880411e-09
1.257634622028746927e-09
1.288789045700172446e-09
1.242892672546927300e-09
1.224930655544259149e-09
1.197758637631702030e-09
1.176542769527033932e-09
1.194403520555061452e-09
1.205151714737353001e-09
1.204389783443423092e-09
1.152543719404065234e-09
1.213227815819406194e-09
1.212962339367017199e-09
1.230251586570931473e-09
1.240501375876459723e-09
1.191552703630777072e-09
1.217686860889452250e-09
1.171520915435191658e-09
1.244267661052116875e-09
1.188157216201406491e-09
1.070647809398364641e-09
1.212364630853012312e-09
1.263674054238815590e-09
1.225109211948230701e-09
1.187372358107308367e-09
1.234865292158077827e-09
1.255136476920922435e-09
1.204447634825200631e-09
1.162372210134341897e-09
1.168349474701119421e-09
1.019034461321390796e-09
1.061372386734727407e-09
1.099058571045978742e-09
1.094737501084179130e-09
1.144711816380759853e-09
9.169209513835169256e-10
6.648218580522492878e-10
3.599668594579447403e-10
2.959910742392661119e-12
1.000092997446259015e-11
1.634227410116540331e-11
2.332618736605281594e-11
2.808432509561355224e-11
3.173071934423139746e-11
2.978714454359323659e-11
2.601876670785695235e-11
1.920945493650984211e-11
1.048035697319291314e-11
4.366723417625416404e-12
2.858588609147820088e-10
6.407523093149460124e-10
1.033670205578061514e-09
9.769749473614283809e-10
1.023546764719860199e-09
0.000000000000000000e+00
0.000000000000000000e+00
1.260740738316080013e-09
1.209701243902742161e-09
1.244404062714423223e-09
1.195965986993462427e-09
1.134906260003848509e-09
1.249594324957049429e-09
1.228119093155603227e-09
1.240996383147188717e-09
1.303315471620870012e-09
1.201539422444552461e-09
1.243647788348728315e-09
1.263871254044887848e-09
1.201399117889581240e-09
1.287760090557273952e-09
1.098081596257381500e-09
1.265614528202982227e-09
1.211106853560487481e-09
1.253382725512539624e-09
1.282044776778676465e-09
1.233486760169932768e-09
1.225407668438648175e-09
1.180637375872634352e-09
1.196062434549873637e-09
1.147596108115140025e-09
1.166888663314890030e-09
1.206158447203363790e-09
1.173438309846881581e-09
1.188905624921798380e-09
1.286967129666474147e-09
1.146539865484086744e-09
1.164849476434515646e-09
1.092780462991630007e-09
1.104004295639357588e-09
1.189243791911137783e-09
1.269307360288568016e-09
1.172955353202146036e-09
1.165331607921178574e-09
1.163524103967923147e-09
1.114397246737853350e-09
1.053890495207876898e-09
1.072463987476836322e-09
8.977366844236697269e-10
7.024338707645449416e-10
4.897086637209769470e-10
1.129071257881589250e-10
4.276428009512809529e-12
1.274858702639008571e-11
1.960479593640136713e-11
2.662720780660123726e-11
3.244714933832707838e-11
3.599493358557556111e-11
1.037686977246599779e-02
3.122035280875900899e-11
2.214126160705797535e-11
1.410783999225480156e-11
5.791265479243732632e-12
1.192592144029839466e-10
5.938523111124509320e-10
1.134666152463801899e-09
1.189181287204232286e-09
0.000000000000000000e+00
0.000000000000000000e+00
0.000000000000000000e+00
0.000000000000000000e+00
0.000000000000000000e+00
0.000000000000000000e+00
0.000000000000000000e+00
0.000000000000000000e+00
0.000000000000000000e+00
0.000000000000000000e+00
0.000000000000000000e+00
0.000000000000000000e+00
0.000000000000000000e+00
0.000000000000000000e+00
0.000000000000000000e+00
0.000000000000000000e+00
0.000000000000000000e+00
0.000000000000000000e+00
0.000000000000000000e+00
0.000000000000000000e+00
0.000000000000000000e+00
0.000000000000000000e+00
0.000000000000000000e+00
0.000000000000000000e+00
0.000000000000000000e+00
0.000000000000000000e+00
0.000000000000000000e+00
0.000000000000000000e+00
0.000000000000000000e+00
0.000000000000000000e+00
0.000000000000000000e+00
0.000000000000000000e+00
0.000000000000000000e+00
0.000000000000000000e+00
0.000000000000000000e+00
0.000000000000000000e+00
0.000000000000000000e+00
0.000000000000000000e+00
0.000000000000000000e+00
0.000000000000000000e+00
0.000000000000000000e+00
0.000000000000000000e+00
0.000000000000000000e+00
0.000000000000000000e+00
0.000000000000000000e+00
0.000000000000000000e+00
0.000000000000000000e+00
0.000000000000000000e+00
0.000000000000000000e+00
0.000000000000000000e+00
0.000000000000000000e+00
0.000000000000000000e+00
0.000000000000000000e+00
0.000000000000000000e+00
0.000000000000000000e+00
0.000000000000000000e+00
0.000000000000000000e+00
0.000000000000000000e+00
0.000000000000000000e+00
0.000000000000000000e+00
0.000000000000000000e+00
0.000000000000000000e+00
0.000000000000000000e+00
