8.118435942159700062e+03
8.018063274688064666e+03
8.230872789809220194e+03
8.157645963661345377e+03
7.981883913748798477e+03
7.985186485741729484e+03
7.822387360023491055e+03
8.135198227468281402e+03
8.018610248203100127e+03
8.034838627797871595e+03
8.143844256194492118e+03
7.841640113832437237e+03
7.917487299147584963e+03
8.018781795430336388e+03
7.976754005684213553e+03
8.161296098357404844e+03
7.917896808364096614e+03
7.697012959038383997e+03
7.885708947652670759e+03
8.032197448201866791e+03
7.865523832895377382e+03
8.230440712677438569e+03
8.030561389323447656e+03
7.883616016946082709e+03
8.046843970748122956e+03
8.215927888172491294e+03
8.083653873938943434e+03
7.920849400135170981e+03
7.972846110810702157e+03
7.908603752440041717e+03
7.972134269786973164e+03
7.956719762823555357e+03
7.822190665005970004e+03
7.785717016621205403e+03
7.929299575734385144e+03
7.993832815714171375e+03
7.876693748838140891e+03
8.055775462016064921e+03
8.191769913830359656e+03
7.930304687363534867e+03
