#Lower limit for the Conditional distribution of radius given mass from initial fitting w/o bootstrap
9.218174120268104927e-09
-7.341404710203916495e-02
-7.337430602664850310e-02
-7.330604568593067361e-02
-7.320749707555855579e-02
-7.307678590948084307e-02
-7.291192606603440207e-02
-7.271081260489727083e-02
-7.247121432503542127e-02
-7.219076583147743253e-02
-7.186695907622456247e-02
-7.149713433583555766e-02
-7.107847058519776995e-02
-7.060797522368425505e-02
-7.008247310627012394e-02
-6.949859482822375034e-02
-6.885276420767462435e-02
-6.814118490567019903e-02
-6.735982611826817068e-02
-6.650440726977072115e-02
-6.557038163041714607e-02
-6.455291877577686022e-02
-6.344688579881113677e-02
-6.224682717927215031e-02
-6.094694429955162945e-02
-5.954106531890520498e-02
-5.802263860984686883e-02
-5.638468185301305502e-02
-5.461977057841106015e-02
-5.272000335324847353e-02
-5.067696524557920718e-02
-4.848170112394259434e-02
-4.612467087863195842e-02
-4.359571415492517754e-02
-4.088400820451498080e-02
-3.797802452700368980e-02
-3.486548382625001552e-02
-3.153330979056516437e-02
-2.796758247793280569e-02
-2.415349245772488093e-02
-2.007529735967533355e-02
-1.571628314846412744e-02
-1.105873332740606695e-02
-6.083910437868249137e-03
-7.720557341354338746e-04
4.897580141668314568e-03
1.094669485878850025e-02
1.739779131701238088e-02
2.427402448451981484e-02
3.159892496678974594e-02
3.939601989318736869e-02
4.768830697479173319e-02
5.649754823307701762e-02
6.584334640645798931e-02
7.574196945058384034e-02
8.620489840923213631e-02
9.723709521834093816e-02
1.088350239534615210e-01
1.209845146920479203e-01
1.336586331448581522e-01
1.468158063730248541e-01
1.603985079726819862e-01
1.743329045076332517e-01
1.885297382343909534e-01
2.028866757631327400e-01
2.172920768975218075e-01
2.316298797416013189e-01
2.457850502192431008e-01
2.596489046318383176e-01
2.731236757759087919e-01
2.861258075677324264e-01
2.985878138084674394e-01
3.104587280552768003e-01
3.217033999033455105e-01
3.323009773577794701e-01
3.422429227810284136e-01
3.515308576584934008e-01
3.601744581014031943e-01
3.681895089059099568e-01
3.755962637323894682e-01
3.824180219878838272e-01
3.886800128566241241e-01
3.944085067597914995e-01
3.996301363860635392e-01
4.043713898764119685e-01
4.086582430602586080e-01
4.125159015963711928e-01
4.159686283967519160e-01
4.190396361397185077e-01
4.217510286674491238e-01
4.241237785144466033e-01
4.261777305846711772e-01
4.279316243775131423e-01
4.294031289354309222e-01
4.306088861424781644e-01
4.315645591151165972e-01
4.322848832853605772e-01
4.327837184324334063e-01
4.330741004170944874e-01
9.218174120268104927e-09
