1.651746877694489012e+04
1.638473789876721276e+04
1.693398635907274365e+04
1.673205550498509547e+04
1.677809357111392455e+04
1.660424010988137161e+04
1.651207573598986346e+04
1.669636670780412169e+04
1.633344444770364134e+04
1.642999112724432052e+04
1.647123507329580389e+04
1.670656659466967176e+04
1.678117844192312623e+04
1.646557389649420293e+04
1.653489484112278296e+04
1.640420167411510556e+04
1.644215873503502007e+04
1.667858514774436480e+04
1.651690656175016557e+04
1.657439360331276475e+04
1.635394505278979523e+04
1.664791616843701195e+04
1.651692344007626161e+04
1.660892152153141069e+04
1.643469565819087074e+04
1.649596310191304656e+04
1.651961884905506304e+04
1.651157092182557244e+04
1.652703143990110402e+04
1.660583684293254919e+04
1.654116848323975864e+04
1.665856854073619252e+04
1.682059961644623763e+04
1.658214385975415644e+04
1.649517748195529202e+04
1.644713734970235600e+04
1.700330754691237235e+04
1.645878489821802577e+04
1.678886166819131540e+04
1.639474636032432682e+04
1.657966467828245732e+04
1.641920552367787241e+04
1.641998105635920001e+04
1.639236782843188848e+04
1.651729926179386894e+04
1.672754668092759675e+04
1.661429130211266602e+04
1.664719003516288285e+04
1.635330724065184404e+04
1.648656113305854160e+04
