-9.847773970923621167e-01
-9.847773264571360041e-01
-9.847770986217547762e-01
-9.847715604851661197e-01
-9.846926712504759927e-01
-9.840541211319028259e-01
-9.804073575783698313e-01
-9.626112526163942418e-01
-8.163130628682971901e-01
-1.367118813008669498e-01
-9.209505842774982909e-02
-7.870299471561979787e-02
-7.304621926841600721e-02
-6.907103545143188084e-02
-6.445176039320255068e-02
-5.775245431944054514e-02
-4.763614240900798658e-02
-3.265461342559537045e-02
-1.130333687655877932e-02
1.769718080827177922e-02
5.482840147727346264e-02
9.884527654911587358e-02
1.459417365270026246e-01
1.905620042363805611e-01
2.283078770457325490e-01
2.578478528544833615e-01
2.801515643555808621e-01
2.969962213374928717e-01
3.101291317179266649e-01
3.210162260716257210e-01
3.308360330191916221e-01
3.405296050681425046e-01
3.508328133925793235e-01
3.622687158001024477e-01
3.751035510890742830e-01
3.892924176294695893e-01
4.044603788600428795e-01
4.199645079902991629e-01
4.350451702947121801e-01
4.490154905483753067e-01
4.614072566190095537e-01
4.720216146405201707e-01
4.808930720325184094e-01
4.882119317085285015e-01
4.942477015006779273e-01
4.992949579180817055e-01
5.036450985963706328e-01
5.075790654381294731e-01
5.113748304392584654e-01
5.153250873493410156e-01
5.197625126780553995e-01
5.250907248057192778e-01
5.318175091109182961e-01
5.405812330503211305e-01
5.521491139822602978e-01
5.673456402355803174e-01
5.868477345466305284e-01
6.107914705874376571e-01
6.382442751559981309e-01
6.668628689234280538e-01
6.932813511371487269e-01
7.143779902867875009e-01
7.285828933602612745e-01
7.362234490638367435e-01
7.389520342302430267e-01
7.389737484980340998e-01
7.385373436693806193e-01
7.397473259495418452e-01
7.445989605322212990e-01
7.551434290505805169e-01
7.737419796181341791e-01
8.034286819016837056e-01
8.484755179572086581e-01
9.153345189501378432e-01
1.013956696240724487e+00
1.157281924773930770e+00
1.348995740793364373e+00
1.554398579302233241e+00
1.716134486662803660e+00
1.826999416421170697e+00
1.905546136068441587e+00
1.965056793756496445e+00
2.012986824095907235e+00
2.053586335369829818e+00
2.089312683417932082e+00
2.121493327408220164e+00
2.150615255028984762e+00
2.176375367107066250e+00
2.197478827031548843e+00
2.211065645877711816e+00
2.211679904645663886e+00
2.190690617307159194e+00
2.141204058104478669e+00
2.073447471389953556e+00
2.015199236157785290e+00
1.982238093478540630e+00
1.969433342944085341e+00
1.966125056787132230e+00
1.965663423052606440e+00
1.187642023751050546e+00
