9.034442328321312665e-02
5.221699390552594217e-02
3.001109422344193714e-02
1.714991342252639162e-02
9.743269352990696283e-03
5.503074074666888284e-03
3.093167024518209476e-03
1.744569471744962606e-03
1.033223435976731710e-03
7.558725613655259933e-04
8.617148952370595836e-04
1.411171127253367042e-03
2.544064816405694311e-03
4.449810131459753897e-03
7.341102153957514663e-03
1.143805467590010803e-02
1.697013896626324223e-02
2.419867974735889077e-02
3.345491810145015399e-02
4.518076680104995968e-02
5.995443173859217600e-02
7.848314429442537765e-02
1.015508316949463863e-01
1.299184635866516557e-01
1.641866263310740870e-01
2.046406457604408868e-01
2.511056278718675205e-01
3.028403532193832404e-01
3.584945628381985272e-01
4.161446490776189999e-01
4.734100154082017120e-01
5.276388998711228906e-01
5.761408273355405063e-01
6.164351670223928714e-01
6.464827844107862154e-01
6.648707252151329072e-01
6.709274900530378671e-01
6.647572064542022208e-01
6.471928986646784399e-01
6.196800741572099369e-01
5.841102940308359193e-01
5.426291730941259495e-01
4.974439913833368365e-01
4.506531293123671178e-01
4.041137674209467345e-01
3.593569615541031825e-01
3.175516387386234651e-01
2.795124260923155246e-01
2.457413644841608402e-01
2.164908944101560095e-01
1.918350431305402004e-01
1.717371586393323935e-01
1.561052767967724408e-01
1.448296379646403231e-01
1.378003913001722980e-01
1.349066658784660588e-01
1.360206430333131822e-01
1.409718956942080659e-01
1.495180630371255037e-01
1.613179791065917912e-01
1.759127791719155565e-01
1.927193684852197830e-01
2.110390382631876505e-01
2.300820337424840933e-01
2.490066315113122486e-01
2.669689529487870860e-01
2.831776131361162241e-01
2.969457631331112735e-01
3.077325602352476985e-01
3.151669805376495215e-01
3.190493760198411244e-01
3.193301616291615019e-01
3.160699650402351568e-01
3.093905196426103843e-01
2.994292507447989804e-01
2.863115622584098130e-01
2.701522683803398994e-01
2.510911717251940733e-01
2.293582903007639062e-01
2.053536917736649980e-01
1.797182392874679679e-01
1.533679664782468532e-01
1.274686890527548244e-01
1.033393776395853392e-01
8.229069546778956801e-02
6.542428493938072520e-02
5.343274856701304282e-02
4.644443988562536180e-02
4.394923608323152847e-02
4.482494414984193598e-02
4.746768061099446157e-02
5.002375677768871459e-02
5.072968632761618024e-02
4.838024825034093618e-02
4.293038297260007297e-02
3.614807616129289691e-02
3.204176476757143732e-02
3.655761243933696586e-02
5.614514950545235888e-02
9.631724933798940791e-02
