#Conditional distribution of mass given radius from initial fitting w/o bootstrap
-1.346419711228632243e+00
-1.346419433421685463e+00
-1.346402486704313839e+00
-1.345721760949336598e+00
-1.336287669881500273e+00
-1.267037148416038095e+00
-9.806736437321966759e-01
-4.410715783249046784e-01
-2.574408873242802973e-02
1.513198522364316012e-01
2.145624084136259768e-01
2.390102295917289621e-01
2.519228932486189398e-01
2.631816891959741778e-01
2.771929703590755301e-01
2.964789276212663749e-01
3.223933354579506805e-01
3.548491825528587440e-01
3.920290489617244134e-01
4.307636892689655772e-01
4.676391405923451261e-01
5.001561408582448909e-01
5.272392025579667463e-01
5.490320599282157987e-01
5.663860966274564257e-01
5.804099748094854183e-01
5.922082461159329236e-01
6.027783001250139883e-01
6.129936972399613326e-01
6.236148604019470243e-01
6.352898357751038949e-01
6.485252599299171639e-01
6.636237677707189642e-01
6.806041218239621271e-01
6.991424085210700134e-01
7.185826936414080324e-01
7.380453632492572913e-01
7.566114958903028542e-01
7.735146739387742665e-01
7.882671008770361087e-01
8.006880244968942462e-01
8.108531190231792474e-01
8.190086587101630400e-01
8.254893987509671627e-01
8.306606680062392778e-01
8.348890805987353447e-01
8.385381680209794686e-01
8.419836337663102466e-01
8.456443791613426075e-01
8.500269484928394403e-01
8.557799664397492956e-01
8.637481009257240716e-01
8.749973931197184696e-01
8.907528896914502781e-01
9.121590966329776728e-01
9.398000171349839560e-01
9.730916578049729759e-01
1.009968004273267939e+00
1.047363764882715653e+00
1.082442247703653049e+00
1.113761367852564632e+00
1.141631033811356000e+00
1.167714629190620190e+00
1.194417111882210669e+00
1.224445945048050488e+00
1.260595679453945017e+00
1.305629398480718129e+00
1.362104672433517960e+00
1.432033007842326011e+00
1.516345356121405752e+00
1.614275476086494798e+00
1.722941540826979923e+00
1.837479495223916626e+00
1.951899103974575445e+00
2.060416102218358692e+00
2.158677044212454543e+00
2.244362381217889002e+00
2.317063391372819137e+00
2.377704107775926889e+00
2.427872867867888917e+00
2.469299839902351135e+00
2.503547289210461102e+00
2.531874207236942453e+00
2.555203209195545888e+00
2.574122178191345700e+00
2.588865784176971108e+00
2.599225840560665191e+00
2.604328143235683513e+00
2.602197305314609910e+00
2.589088890557843303e+00
2.559021263727190298e+00
2.505499166799699307e+00
2.429149973733580659e+00
2.347498402574790699e+00
2.286019490421080214e+00
2.253746339033145141e+00
2.241761678512542932e+00
2.238756698237335474e+00
2.238353391371600498e+00
1.000955007553961273e+00
