#Sequence of radius points for initial fitting w/o bootstrap
-2.999999999999999889e-01
-2.844722991239314602e-01
-2.689445982478629316e-01
-2.534168973717944029e-01
-2.378891964957259020e-01
-2.223614956196573733e-01
-2.068337947435888446e-01
-1.913060938675203437e-01
-1.757783929914518151e-01
-1.602506921153832864e-01
-1.447229912393147577e-01
-1.291952903632462291e-01
-1.136675894871777004e-01
-9.813988861110917172e-02
-8.261218773504067081e-02
-6.708448685897214214e-02
-5.155678598290361347e-02
-3.602908510683511256e-02
-2.050138423076658389e-02
-4.973683354698055226e-03
1.055401752137047344e-02
2.608171839743900211e-02
4.160941927350753078e-02
5.713712014957605945e-02
7.266482102564458812e-02
8.819252190171311678e-02
1.037202227777816455e-01
1.192479236538501186e-01
1.347756245299186473e-01
1.503033254059871759e-01
1.658310262820557046e-01
1.813587271581242333e-01
1.968864280341927619e-01
2.124141289102612906e-01
2.279418297863297638e-01
2.434695306623983480e-01
2.589972315384668211e-01
2.745249324145354053e-01
2.900526332906038784e-01
3.055803341666724626e-01
3.211080350427409358e-01
3.366357359188095200e-01
3.521634367948779931e-01
3.676911376709464663e-01
3.832188385470150505e-01
3.987465394230835236e-01
4.142742402991521078e-01
4.298019411752205809e-01
4.453296420512891651e-01
4.608573429273576383e-01
4.763850438034262225e-01
4.919127446794946956e-01
5.074404455555632243e-01
5.229681464316318085e-01
5.384958473077001706e-01
5.540235481837687548e-01
5.695512490598373390e-01
5.850789499359059231e-01
6.006066508119742853e-01
6.161343516880428695e-01
6.316620525641114536e-01
6.471897534401800378e-01
6.627174543162483999e-01
6.782451551923169841e-01
6.937728560683855683e-01
7.093005569444539304e-01
7.248282578205225146e-01
7.403559586965910988e-01
7.558836595726594609e-01
7.714113604487280451e-01
7.869390613247966293e-01
8.024667622008652135e-01
8.179944630769335756e-01
8.335221639530021598e-01
8.490498648290707440e-01
8.645775657051391061e-01
8.801052665812076903e-01
8.956329674572762745e-01
9.111606683333448586e-01
9.266883692094132208e-01
9.422160700854818050e-01
9.577437709615503891e-01
9.732714718376189733e-01
9.887991727136873354e-01
1.004326873589755920e+00
1.019854574465824504e+00
1.035382275341892866e+00
1.050909976217961450e+00
1.066437677094030034e+00
1.081965377970098618e+00
1.097493078846166981e+00
1.113020779722235565e+00
1.128548480598304149e+00
1.144076181474372733e+00
1.159603882350441095e+00
1.175131583226509679e+00
1.190659284102578264e+00
1.206186984978646626e+00
1.221714685854715210e+00
1.237242386730783794e+00
