#Weights for Beta densities from bootstrap run
0.000000000000000000e+00 0.000000000000000000e+00 0.000000000000000000e+00 0.000000000000000000e+00 0.000000000000000000e+00 0.000000000000000000e+00 5.234921321298230401e-01 0.000000000000000000e+00 2.539302318763092536e-12 0.000000000000000000e+00 0.000000000000000000e+00 2.828678480684687635e-12 0.000000000000000000e+00 0.000000000000000000e+00 0.000000000000000000e+00 0.000000000000000000e+00 0.000000000000000000e+00 1.149202087658007798e-11 4.765078678673696500e-01 0.000000000000000000e+00 0.000000000000000000e+00 0.000000000000000000e+00 0.000000000000000000e+00 0.000000000000000000e+00 0.000000000000000000e+00
0.000000000000000000e+00 0.000000000000000000e+00 0.000000000000000000e+00 0.000000000000000000e+00 0.000000000000000000e+00 0.000000000000000000e+00 6.742160331212989632e-01 2.750434970923143485e-13 9.500640291842943341e-13 0.000000000000000000e+00 0.000000000000000000e+00 5.949102430298502941e-13 0.000000000000000000e+00 0.000000000000000000e+00 0.000000000000000000e+00 0.000000000000000000e+00 2.113365472206085727e-12 4.567735079064050296e-13 3.257839668772418706e-01 0.000000000000000000e+00 0.000000000000000000e+00 0.000000000000000000e+00 0.000000000000000000e+00 0.000000000000000000e+00 0.000000000000000000e+00
0.000000000000000000e+00 0.000000000000000000e+00 0.000000000000000000e+00 0.000000000000000000e+00 0.000000000000000000e+00 0.000000000000000000e+00 7.344543443724073084e-01 0.000000000000000000e+00 0.000000000000000000e+00 0.000000000000000000e+00 0.000000000000000000e+00 0.000000000000000000e+00 1.587165032105979090e-11 4.237368621132567292e-12 0.000000000000000000e+00 0.000000000000000000e+00 0.000000000000000000e+00 0.000000000000000000e+00 2.655456556378475441e-01 0.000000000000000000e+00 0.000000000000000000e+00 0.000000000000000000e+00 0.000000000000000000e+00 0.000000000000000000e+00 0.000000000000000000e+00
0.000000000000000000e+00 0.000000000000000000e+00 0.000000000000000000e+00 0.000000000000000000e+00 0.000000000000000000e+00 0.000000000000000000e+00 5.741068293495490416e-01 0.000000000000000000e+00 0.000000000000000000e+00 0.000000000000000000e+00 0.000000000000000000e+00 0.000000000000000000e+00 4.098830349566137676e-10 2.952414755817006631e-10 0.000000000000000000e+00 0.000000000000000000e+00 0.000000000000000000e+00 0.000000000000000000e+00 4.258931706665768369e-01 0.000000000000000000e+00 0.000000000000000000e+00 0.000000000000000000e+00 0.000000000000000000e+00 0.000000000000000000e+00 0.000000000000000000e+00
0.000000000000000000e+00 0.000000000000000000e+00 0.000000000000000000e+00 0.000000000000000000e+00 0.000000000000000000e+00 0.000000000000000000e+00 5.587954650570532422e-01 3.660452024228731671e-02 1.031813742492738648e-09 0.000000000000000000e+00 0.000000000000000000e+00 2.296703376526015861e-11 5.640899549764002985e-10 0.000000000000000000e+00 0.000000000000000000e+00 0.000000000000000000e+00 8.245351057196807776e-11 2.081930571679307257e-10 4.046000142952467793e-01 0.000000000000000000e+00 0.000000000000000000e+00 0.000000000000000000e+00 0.000000000000000000e+00 0.000000000000000000e+00 0.000000000000000000e+00
0.000000000000000000e+00 0.000000000000000000e+00 0.000000000000000000e+00 0.000000000000000000e+00 0.000000000000000000e+00 0.000000000000000000e+00 2.359145116071178494e-01 2.467228747854338655e-01 5.120540493355751899e-13 0.000000000000000000e+00 0.000000000000000000e+00 0.000000000000000000e+00 0.000000000000000000e+00 1.706155043669278781e-01 0.000000000000000000e+00 0.000000000000000000e+00 1.513232464681046885e-12 8.851284505687062598e-13 3.467471092394285304e-01 0.000000000000000000e+00 0.000000000000000000e+00 0.000000000000000000e+00 0.000000000000000000e+00 0.000000000000000000e+00 0.000000000000000000e+00
0.000000000000000000e+00 0.000000000000000000e+00 0.000000000000000000e+00 0.000000000000000000e+00 0.000000000000000000e+00 0.000000000000000000e+00 3.288209152260508361e-01 0.000000000000000000e+00 1.190687630957254495e-12 0.000000000000000000e+00 0.000000000000000000e+00 0.000000000000000000e+00 5.847057863925253507e-13 9.963569946967860969e-02 0.000000000000000000e+00 0.000000000000000000e+00 3.115124152554271664e-12 2.366560723429667057e-12 5.715433853000740916e-01 0.000000000000000000e+00 0.000000000000000000e+00 0.000000000000000000e+00 0.000000000000000000e+00 0.000000000000000000e+00 0.000000000000000000e+00
0.000000000000000000e+00 0.000000000000000000e+00 0.000000000000000000e+00 0.000000000000000000e+00 0.000000000000000000e+00 0.000000000000000000e+00 3.957272246239919578e-01 9.639098059229661564e-14 0.000000000000000000e+00 0.000000000000000000e+00 0.000000000000000000e+00 2.446288072284474868e-14 1.886625621352888693e-14 6.642001944105746514e-13 0.000000000000000000e+00 0.000000000000000000e+00 0.000000000000000000e+00 6.422305450035775687e-14 6.042727753759375986e-01 0.000000000000000000e+00 0.000000000000000000e+00 0.000000000000000000e+00 0.000000000000000000e+00 0.000000000000000000e+00 0.000000000000000000e+00
0.000000000000000000e+00 0.000000000000000000e+00 0.000000000000000000e+00 0.000000000000000000e+00 0.000000000000000000e+00 0.000000000000000000e+00 5.070204151169785955e-01 3.734943046419111158e-06 6.547289780422401323e-09 0.000000000000000000e+00 0.000000000000000000e+00 2.875214879478206204e-12 6.623572208943223414e-12 1.032229652328283953e-01 0.000000000000000000e+00 0.000000000000000000e+00 3.354993579849343745e-11 4.250180519376040567e-11 3.897550388491125561e-01 0.000000000000000000e+00 0.000000000000000000e+00 0.000000000000000000e+00 0.000000000000000000e+00 0.000000000000000000e+00 0.000000000000000000e+00
0.000000000000000000e+00 0.000000000000000000e+00 0.000000000000000000e+00 0.000000000000000000e+00 0.000000000000000000e+00 0.000000000000000000e+00 4.215283321171794384e-01 0.000000000000000000e+00 7.412488727204583072e-13 0.000000000000000000e+00 0.000000000000000000e+00 0.000000000000000000e+00 0.000000000000000000e+00 2.371811101570390490e-01 0.000000000000000000e+00 0.000000000000000000e+00 0.000000000000000000e+00 7.370646925913479364e-14 3.412905577263213308e-01 0.000000000000000000e+00 0.000000000000000000e+00 0.000000000000000000e+00 0.000000000000000000e+00 0.000000000000000000e+00 0.000000000000000000e+00
0.000000000000000000e+00 0.000000000000000000e+00 0.000000000000000000e+00 0.000000000000000000e+00 0.000000000000000000e+00 0.000000000000000000e+00 5.236214715591983593e-01 0.000000000000000000e+00 0.000000000000000000e+00 0.000000000000000000e+00 0.000000000000000000e+00 1.617809823465800993e-09 5.437555815107786988e-02 1.257926450059529769e-07 0.000000000000000000e+00 0.000000000000000000e+00 0.000000000000000000e+00 0.000000000000000000e+00 4.220029974660985395e-01 0.000000000000000000e+00 0.000000000000000000e+00 0.000000000000000000e+00 0.000000000000000000e+00 0.000000000000000000e+00 0.000000000000000000e+00
0.000000000000000000e+00 0.000000000000000000e+00 0.000000000000000000e+00 0.000000000000000000e+00 0.000000000000000000e+00 0.000000000000000000e+00 6.478865512732062681e-01 3.800681557669660648e-13 1.727998197005933823e-12 0.000000000000000000e+00 0.000000000000000000e+00 1.638400081837437794e-12 8.399493936755292323e-13 2.475134847091248549e-02 0.000000000000000000e+00 0.000000000000000000e+00 2.017017331152129445e-12 0.000000000000000000e+00 3.273621002502744015e-01 0.000000000000000000e+00 0.000000000000000000e+00 0.000000000000000000e+00 0.000000000000000000e+00 0.000000000000000000e+00 0.000000000000000000e+00
0.000000000000000000e+00 0.000000000000000000e+00 0.000000000000000000e+00 0.000000000000000000e+00 0.000000000000000000e+00 0.000000000000000000e+00 6.154985372315449066e-01 2.758434485602284658e-13 3.451115126095957719e-13 0.000000000000000000e+00 0.000000000000000000e+00 6.003545371339319425e-13 0.000000000000000000e+00 1.521201589009833766e-01 0.000000000000000000e+00 0.000000000000000000e+00 1.135221094645394446e-12 5.245472567590170332e-13 2.323813038655944962e-01 0.000000000000000000e+00 0.000000000000000000e+00 0.000000000000000000e+00 0.000000000000000000e+00 0.000000000000000000e+00 0.000000000000000000e+00
0.000000000000000000e+00 0.000000000000000000e+00 0.000000000000000000e+00 0.000000000000000000e+00 0.000000000000000000e+00 0.000000000000000000e+00 4.971516410916997364e-01 7.958759953158311973e-12 0.000000000000000000e+00 0.000000000000000000e+00 0.000000000000000000e+00 0.000000000000000000e+00 5.527262675331101605e-14 0.000000000000000000e+00 0.000000000000000000e+00 0.000000000000000000e+00 4.665327586056422504e-11 4.792116790192091358e-12 5.028483588959991035e-01 0.000000000000000000e+00 0.000000000000000000e+00 0.000000000000000000e+00 0.000000000000000000e+00 0.000000000000000000e+00 0.000000000000000000e+00
0.000000000000000000e+00 0.000000000000000000e+00 0.000000000000000000e+00 0.000000000000000000e+00 0.000000000000000000e+00 0.000000000000000000e+00 5.506293202920418128e-01 5.186372165066899242e-13 0.000000000000000000e+00 0.000000000000000000e+00 0.000000000000000000e+00 3.666280820602274559e-12 0.000000000000000000e+00 6.370397265254013064e-12 0.000000000000000000e+00 0.000000000000000000e+00 5.196010288699426383e-12 0.000000000000000000e+00 4.493706797034915934e-01 0.000000000000000000e+00 0.000000000000000000e+00 0.000000000000000000e+00 0.000000000000000000e+00 0.000000000000000000e+00 0.000000000000000000e+00
0.000000000000000000e+00 0.000000000000000000e+00 0.000000000000000000e+00 0.000000000000000000e+00 0.000000000000000000e+00 0.000000000000000000e+00 5.487017301267660407e-01 2.155694785004047542e-12 3.136112029789028810e-12 0.000000000000000000e+00 0.000000000000000000e+00 2.706059226524615280e-12 1.227261608310881158e-11 0.000000000000000000e+00 0.000000000000000000e+00 0.000000000000000000e+00 1.277450942336472162e-11 0.000000000000000000e+00 4.512982698719038566e-01 0.000000000000000000e+00 0.000000000000000000e+00 0.000000000000000000e+00 0.000000000000000000e+00 0.000000000000000000e+00 0.000000000000000000e+00
0.000000000000000000e+00 0.000000000000000000e+00 0.000000000000000000e+00 0.000000000000000000e+00 0.000000000000000000e+00 0.000000000000000000e+00 6.796992626954475591e-01 0.000000000000000000e+00 1.423392653743249525e-13 0.000000000000000000e+00 0.000000000000000000e+00 0.000000000000000000e+00 1.194982372602904075e-12 1.287008567804233394e-02 0.000000000000000000e+00 0.000000000000000000e+00 0.000000000000000000e+00 9.840331674504376736e-13 3.074306516281400947e-01 0.000000000000000000e+00 0.000000000000000000e+00 0.000000000000000000e+00 0.000000000000000000e+00 0.000000000000000000e+00 0.000000000000000000e+00
0.000000000000000000e+00 0.000000000000000000e+00 0.000000000000000000e+00 0.000000000000000000e+00 0.000000000000000000e+00 0.000000000000000000e+00 6.108172379827685461e-01 4.100200962963969353e-02 0.000000000000000000e+00 0.000000000000000000e+00 0.000000000000000000e+00 0.000000000000000000e+00 3.937887938908896102e-12 0.000000000000000000e+00 0.000000000000000000e+00 0.000000000000000000e+00 0.000000000000000000e+00 0.000000000000000000e+00 3.481807523882464173e-01 0.000000000000000000e+00 0.000000000000000000e+00 0.000000000000000000e+00 0.000000000000000000e+00 0.000000000000000000e+00 0.000000000000000000e+00
0.000000000000000000e+00 0.000000000000000000e+00 0.000000000000000000e+00 0.000000000000000000e+00 0.000000000000000000e+00 0.000000000000000000e+00 4.924693640314515841e-01 3.092012323263615414e-13 1.325480523950428591e-13 0.000000000000000000e+00 0.000000000000000000e+00 2.177208066611591164e-13 5.710648967593989767e-13 5.580462307530620336e-13 0.000000000000000000e+00 0.000000000000000000e+00 0.000000000000000000e+00 0.000000000000000000e+00 5.075306359682981716e-01 0.000000000000000000e+00 0.000000000000000000e+00 0.000000000000000000e+00 0.000000000000000000e+00 0.000000000000000000e+00 0.000000000000000000e+00
0.000000000000000000e+00 0.000000000000000000e+00 0.000000000000000000e+00 0.000000000000000000e+00 0.000000000000000000e+00 0.000000000000000000e+00 5.191737381339760482e-01 6.632786361164891287e-13 2.182729736409036447e-01 0.000000000000000000e+00 0.000000000000000000e+00 4.560559829086541228e-13 1.966601252505195685e-13 0.000000000000000000e+00 0.000000000000000000e+00 0.000000000000000000e+00 3.836389078594112934e-13 0.000000000000000000e+00 2.625532882237482379e-01 0.000000000000000000e+00 0.000000000000000000e+00 0.000000000000000000e+00 0.000000000000000000e+00 0.000000000000000000e+00 0.000000000000000000e+00
0.000000000000000000e+00 0.000000000000000000e+00 0.000000000000000000e+00 0.000000000000000000e+00 0.000000000000000000e+00 0.000000000000000000e+00 5.136293789185367720e-01 1.192606942341700033e-01 5.414855731497841135e-09 0.000000000000000000e+00 0.000000000000000000e+00 5.463879056231274456e-11 5.919676097264825118e-09 0.000000000000000000e+00 0.000000000000000000e+00 0.000000000000000000e+00 1.992422048473132395e-10 1.331093459739328411e-10 3.671099194082910744e-01 0.000000000000000000e+00 0.000000000000000000e+00 0.000000000000000000e+00 0.000000000000000000e+00 0.000000000000000000e+00 0.000000000000000000e+00
0.000000000000000000e+00 0.000000000000000000e+00 0.000000000000000000e+00 0.000000000000000000e+00 0.000000000000000000e+00 0.000000000000000000e+00 4.735385977513959510e-01 7.386180906791149983e-03 4.006669128420181636e-14 0.000000000000000000e+00 0.000000000000000000e+00 1.240109360686747486e-13 1.395673941001485119e-13 0.000000000000000000e+00 0.000000000000000000e+00 0.000000000000000000e+00 0.000000000000000000e+00 0.000000000000000000e+00 5.190752213419599359e-01 0.000000000000000000e+00 0.000000000000000000e+00 0.000000000000000000e+00 0.000000000000000000e+00 0.000000000000000000e+00 0.000000000000000000e+00
0.000000000000000000e+00 0.000000000000000000e+00 0.000000000000000000e+00 0.000000000000000000e+00 0.000000000000000000e+00 0.000000000000000000e+00 6.487383461180422639e-01 8.941665414824093161e-12 0.000000000000000000e+00 0.000000000000000000e+00 0.000000000000000000e+00 3.432120039559283242e-13 1.629559117852230621e-13 2.499096903810921200e-12 0.000000000000000000e+00 0.000000000000000000e+00 6.198138790408647125e-13 1.311418963874377841e-13 3.512616538757915574e-01 0.000000000000000000e+00 0.000000000000000000e+00 0.000000000000000000e+00 0.000000000000000000e+00 0.000000000000000000e+00 0.000000000000000000e+00
0.000000000000000000e+00 0.000000000000000000e+00 0.000000000000000000e+00 0.000000000000000000e+00 0.000000000000000000e+00 0.000000000000000000e+00 4.149059143958584439e-01 0.000000000000000000e+00 0.000000000000000000e+00 0.000000000000000000e+00 0.000000000000000000e+00 4.501279676251412898e-09 0.000000000000000000e+00 0.000000000000000000e+00 0.000000000000000000e+00 0.000000000000000000e+00 4.111681174614328915e-08 0.000000000000000000e+00 5.850940499386281246e-01 0.000000000000000000e+00 0.000000000000000000e+00 0.000000000000000000e+00 0.000000000000000000e+00 0.000000000000000000e+00 0.000000000000000000e+00
0.000000000000000000e+00 0.000000000000000000e+00 0.000000000000000000e+00 0.000000000000000000e+00 0.000000000000000000e+00 0.000000000000000000e+00 4.775613857305497367e-01 2.391011272437001955e-10 0.000000000000000000e+00 0.000000000000000000e+00 0.000000000000000000e+00 3.266136287208981637e-10 4.535327430450764030e-10 0.000000000000000000e+00 0.000000000000000000e+00 0.000000000000000000e+00 0.000000000000000000e+00 3.008272559008873248e-12 5.224386144247493702e-01 0.000000000000000000e+00 0.000000000000000000e+00 0.000000000000000000e+00 0.000000000000000000e+00 0.000000000000000000e+00 0.000000000000000000e+00
0.000000000000000000e+00 0.000000000000000000e+00 0.000000000000000000e+00 0.000000000000000000e+00 0.000000000000000000e+00 0.000000000000000000e+00 4.487312547886007641e-01 1.165446829212539448e-10 3.860413220644828836e-11 0.000000000000000000e+00 0.000000000000000000e+00 0.000000000000000000e+00 0.000000000000000000e+00 2.712438395635966004e-11 0.000000000000000000e+00 0.000000000000000000e+00 7.660951477144947730e-10 0.000000000000000000e+00 5.512687452636539920e-01 0.000000000000000000e+00 0.000000000000000000e+00 0.000000000000000000e+00 0.000000000000000000e+00 0.000000000000000000e+00 0.000000000000000000e+00
0.000000000000000000e+00 0.000000000000000000e+00 0.000000000000000000e+00 0.000000000000000000e+00 0.000000000000000000e+00 0.000000000000000000e+00 4.606843611193026655e-01 0.000000000000000000e+00 0.000000000000000000e+00 0.000000000000000000e+00 0.000000000000000000e+00 6.842083377731761340e-12 8.402603699636523871e-13 5.924071996843416343e-12 0.000000000000000000e+00 0.000000000000000000e+00 0.000000000000000000e+00 0.000000000000000000e+00 5.393156388860174122e-01 0.000000000000000000e+00 0.000000000000000000e+00 0.000000000000000000e+00 0.000000000000000000e+00 0.000000000000000000e+00 0.000000000000000000e+00
0.000000000000000000e+00 0.000000000000000000e+00 0.000000000000000000e+00 0.000000000000000000e+00 0.000000000000000000e+00 0.000000000000000000e+00 4.445406190555613035e-01 9.440717521971841997e-15 6.887415984757616627e-14 0.000000000000000000e+00 0.000000000000000000e+00 1.248967563486497179e-13 1.464376444540102518e-13 1.523667446609315579e-01 0.000000000000000000e+00 0.000000000000000000e+00 0.000000000000000000e+00 1.921196762875304609e-14 4.030926362833788801e-01 0.000000000000000000e+00 0.000000000000000000e+00 0.000000000000000000e+00 0.000000000000000000e+00 0.000000000000000000e+00 0.000000000000000000e+00
0.000000000000000000e+00 0.000000000000000000e+00 0.000000000000000000e+00 0.000000000000000000e+00 0.000000000000000000e+00 0.000000000000000000e+00 4.966531136898220677e-01 9.760163597466453567e-13 1.355725644594518720e-12 0.000000000000000000e+00 0.000000000000000000e+00 0.000000000000000000e+00 0.000000000000000000e+00 5.395302260513545889e-13 0.000000000000000000e+00 0.000000000000000000e+00 4.086298790659248503e-12 2.930156551422813394e-12 5.033468863057890541e-01 0.000000000000000000e+00 0.000000000000000000e+00 0.000000000000000000e+00 0.000000000000000000e+00 0.000000000000000000e+00 0.000000000000000000e+00
0.000000000000000000e+00 0.000000000000000000e+00 0.000000000000000000e+00 0.000000000000000000e+00 0.000000000000000000e+00 0.000000000000000000e+00 4.554309338206170010e-01 0.000000000000000000e+00 0.000000000000000000e+00 0.000000000000000000e+00 0.000000000000000000e+00 4.627816359292769022e-12 1.116341828005795733e-12 3.347105792627996183e-04 0.000000000000000000e+00 0.000000000000000000e+00 0.000000000000000000e+00 0.000000000000000000e+00 5.442343556104001223e-01 0.000000000000000000e+00 0.000000000000000000e+00 0.000000000000000000e+00 0.000000000000000000e+00 0.000000000000000000e+00 0.000000000000000000e+00
0.000000000000000000e+00 0.000000000000000000e+00 0.000000000000000000e+00 0.000000000000000000e+00 0.000000000000000000e+00 0.000000000000000000e+00 5.018870312134072753e-01 1.342555081863816557e-13 0.000000000000000000e+00 0.000000000000000000e+00 0.000000000000000000e+00 2.378913038780794409e-13 1.277958858528216446e-13 0.000000000000000000e+00 0.000000000000000000e+00 0.000000000000000000e+00 0.000000000000000000e+00 0.000000000000000000e+00 4.981129687870072820e-01 0.000000000000000000e+00 0.000000000000000000e+00 0.000000000000000000e+00 0.000000000000000000e+00 0.000000000000000000e+00 0.000000000000000000e+00
0.000000000000000000e+00 0.000000000000000000e+00 0.000000000000000000e+00 0.000000000000000000e+00 0.000000000000000000e+00 0.000000000000000000e+00 4.515983184916443349e-01 7.280609002534858820e-02 0.000000000000000000e+00 0.000000000000000000e+00 0.000000000000000000e+00 8.385138532280986237e-13 5.799683649998499391e-13 0.000000000000000000e+00 0.000000000000000000e+00 0.000000000000000000e+00 0.000000000000000000e+00 0.000000000000000000e+00 4.755955914836828557e-01 0.000000000000000000e+00 0.000000000000000000e+00 0.000000000000000000e+00 0.000000000000000000e+00 0.000000000000000000e+00 0.000000000000000000e+00
0.000000000000000000e+00 0.000000000000000000e+00 0.000000000000000000e+00 0.000000000000000000e+00 0.000000000000000000e+00 0.000000000000000000e+00 5.204314844296537013e-01 1.068866357789055536e-06 0.000000000000000000e+00 0.000000000000000000e+00 0.000000000000000000e+00 0.000000000000000000e+00 0.000000000000000000e+00 6.478051361655373032e-08 0.000000000000000000e+00 0.000000000000000000e+00 0.000000000000000000e+00 0.000000000000000000e+00 4.795684950425743165e-01 0.000000000000000000e+00 0.000000000000000000e+00 0.000000000000000000e+00 0.000000000000000000e+00 0.000000000000000000e+00 0.000000000000000000e+00
0.000000000000000000e+00 0.000000000000000000e+00 0.000000000000000000e+00 0.000000000000000000e+00 0.000000000000000000e+00 0.000000000000000000e+00 5.039189426406754935e-01 0.000000000000000000e+00 0.000000000000000000e+00 0.000000000000000000e+00 0.000000000000000000e+00 0.000000000000000000e+00 3.634992902069273543e-08 3.200041637761882435e-08 0.000000000000000000e+00 0.000000000000000000e+00 0.000000000000000000e+00 0.000000000000000000e+00 4.960810468271589224e-01 0.000000000000000000e+00 0.000000000000000000e+00 0.000000000000000000e+00 0.000000000000000000e+00 0.000000000000000000e+00 0.000000000000000000e+00
0.000000000000000000e+00 0.000000000000000000e+00 0.000000000000000000e+00 0.000000000000000000e+00 0.000000000000000000e+00 0.000000000000000000e+00 4.298443006409948808e-01 6.809113819658541011e-12 0.000000000000000000e+00 0.000000000000000000e+00 0.000000000000000000e+00 1.539635595664695655e-11 0.000000000000000000e+00 1.459043993155920704e-01 0.000000000000000000e+00 0.000000000000000000e+00 0.000000000000000000e+00 0.000000000000000000e+00 4.242513000486045072e-01 0.000000000000000000e+00 0.000000000000000000e+00 0.000000000000000000e+00 0.000000000000000000e+00 0.000000000000000000e+00 0.000000000000000000e+00
0.000000000000000000e+00 0.000000000000000000e+00 0.000000000000000000e+00 0.000000000000000000e+00 0.000000000000000000e+00 0.000000000000000000e+00 5.649541543303987501e-01 9.368242943549875967e-13 0.000000000000000000e+00 0.000000000000000000e+00 0.000000000000000000e+00 2.651061770282681085e-12 2.053378083885504246e-12 4.005016804309313727e-13 0.000000000000000000e+00 0.000000000000000000e+00 1.963862666237714549e-12 0.000000000000000000e+00 4.350458456649501371e-01 0.000000000000000000e+00 0.000000000000000000e+00 0.000000000000000000e+00 0.000000000000000000e+00 0.000000000000000000e+00 0.000000000000000000e+00
0.000000000000000000e+00 0.000000000000000000e+00 0.000000000000000000e+00 0.000000000000000000e+00 0.000000000000000000e+00 0.000000000000000000e+00 3.858997426682041487e-01 6.254370908979553501e-12 0.000000000000000000e+00 0.000000000000000000e+00 0.000000000000000000e+00 0.000000000000000000e+00 1.334746034401326775e-12 1.521551924833053626e-01 0.000000000000000000e+00 0.000000000000000000e+00 1.692108272618488007e-11 7.639347406615884517e-12 4.619450648330980513e-01 0.000000000000000000e+00 0.000000000000000000e+00 0.000000000000000000e+00 0.000000000000000000e+00 0.000000000000000000e+00 0.000000000000000000e+00
0.000000000000000000e+00 0.000000000000000000e+00 0.000000000000000000e+00 0.000000000000000000e+00 0.000000000000000000e+00 0.000000000000000000e+00 6.843590237397940701e-01 2.767242815102100018e-13 0.000000000000000000e+00 0.000000000000000000e+00 0.000000000000000000e+00 6.798102662394778228e-13 4.339528953192783867e-13 0.000000000000000000e+00 0.000000000000000000e+00 0.000000000000000000e+00 7.201833530576240427e-13 0.000000000000000000e+00 3.156409762591093071e-01 0.000000000000000000e+00 0.000000000000000000e+00 0.000000000000000000e+00 0.000000000000000000e+00 0.000000000000000000e+00 0.000000000000000000e+00
0.000000000000000000e+00 0.000000000000000000e+00 0.000000000000000000e+00 0.000000000000000000e+00 0.000000000000000000e+00 0.000000000000000000e+00 5.564566691044905422e-01 5.743265563649957439e-14 0.000000000000000000e+00 0.000000000000000000e+00 0.000000000000000000e+00 0.000000000000000000e+00 7.221199549781176508e-13 9.624352476002989709e-12 0.000000000000000000e+00 0.000000000000000000e+00 0.000000000000000000e+00 0.000000000000000000e+00 4.435433308949681130e-01 0.000000000000000000e+00 0.000000000000000000e+00 0.000000000000000000e+00 0.000000000000000000e+00 0.000000000000000000e+00 0.000000000000000000e+00
0.000000000000000000e+00 0.000000000000000000e+00 0.000000000000000000e+00 0.000000000000000000e+00 0.000000000000000000e+00 0.000000000000000000e+00 4.403568545468409812e-01 0.000000000000000000e+00 0.000000000000000000e+00 0.000000000000000000e+00 0.000000000000000000e+00 0.000000000000000000e+00 0.000000000000000000e+00 0.000000000000000000e+00 0.000000000000000000e+00 0.000000000000000000e+00 4.128338432554928134e-10 2.692813731180088328e-09 5.596431442071670981e-01 0.000000000000000000e+00 0.000000000000000000e+00 0.000000000000000000e+00 0.000000000000000000e+00 0.000000000000000000e+00 0.000000000000000000e+00
0.000000000000000000e+00 0.000000000000000000e+00 0.000000000000000000e+00 0.000000000000000000e+00 0.000000000000000000e+00 0.000000000000000000e+00 5.503756100936698648e-01 0.000000000000000000e+00 0.000000000000000000e+00 0.000000000000000000e+00 0.000000000000000000e+00 3.814077976653550486e-13 0.000000000000000000e+00 4.167359112186471565e-02 0.000000000000000000e+00 0.000000000000000000e+00 3.034593027030759935e-12 1.643413014248734823e-12 4.079507987833315696e-01 0.000000000000000000e+00 0.000000000000000000e+00 0.000000000000000000e+00 0.000000000000000000e+00 0.000000000000000000e+00 0.000000000000000000e+00
0.000000000000000000e+00 0.000000000000000000e+00 0.000000000000000000e+00 0.000000000000000000e+00 0.000000000000000000e+00 0.000000000000000000e+00 4.574744437082683413e-01 1.940505048314555836e-14 0.000000000000000000e+00 0.000000000000000000e+00 0.000000000000000000e+00 2.623053683981080297e-14 4.350252796880837991e-14 1.012107064823908331e-13 0.000000000000000000e+00 0.000000000000000000e+00 1.793777799907747550e-13 7.604659089943677230e-14 5.425255562914246266e-01 0.000000000000000000e+00 0.000000000000000000e+00 0.000000000000000000e+00 0.000000000000000000e+00 0.000000000000000000e+00 0.000000000000000000e+00
0.000000000000000000e+00 0.000000000000000000e+00 0.000000000000000000e+00 0.000000000000000000e+00 0.000000000000000000e+00 0.000000000000000000e+00 6.234776896731428764e-01 0.000000000000000000e+00 4.006487849816942060e-12 0.000000000000000000e+00 0.000000000000000000e+00 4.745791325026782470e-12 3.554667497851493607e-11 0.000000000000000000e+00 0.000000000000000000e+00 0.000000000000000000e+00 1.852143590407029361e-11 0.000000000000000000e+00 3.765223103355286316e-01 0.000000000000000000e+00 0.000000000000000000e+00 0.000000000000000000e+00 0.000000000000000000e+00 0.000000000000000000e+00 0.000000000000000000e+00
0.000000000000000000e+00 0.000000000000000000e+00 0.000000000000000000e+00 0.000000000000000000e+00 0.000000000000000000e+00 0.000000000000000000e+00 6.171825608210889103e-01 0.000000000000000000e+00 6.246976243587387678e-12 0.000000000000000000e+00 0.000000000000000000e+00 1.410222199432764612e-12 0.000000000000000000e+00 3.261240019356015374e-12 0.000000000000000000e+00 0.000000000000000000e+00 2.546202615069659281e-12 0.000000000000000000e+00 3.828174391795647891e-01 0.000000000000000000e+00 0.000000000000000000e+00 0.000000000000000000e+00 0.000000000000000000e+00 0.000000000000000000e+00 0.000000000000000000e+00
0.000000000000000000e+00 0.000000000000000000e+00 0.000000000000000000e+00 0.000000000000000000e+00 0.000000000000000000e+00 0.000000000000000000e+00 5.166523086173090418e-01 0.000000000000000000e+00 4.248835387254262796e-12 0.000000000000000000e+00 0.000000000000000000e+00 6.259278577218363449e-13 0.000000000000000000e+00 0.000000000000000000e+00 0.000000000000000000e+00 0.000000000000000000e+00 3.396608623702779273e-13 4.412490880491282130e-13 4.833476913836644018e-01 0.000000000000000000e+00 0.000000000000000000e+00 0.000000000000000000e+00 0.000000000000000000e+00 0.000000000000000000e+00 0.000000000000000000e+00
0.000000000000000000e+00 0.000000000000000000e+00 0.000000000000000000e+00 0.000000000000000000e+00 0.000000000000000000e+00 0.000000000000000000e+00 4.249317583927244013e-01 1.081905832284180136e-13 0.000000000000000000e+00 0.000000000000000000e+00 0.000000000000000000e+00 0.000000000000000000e+00 9.776836458474935654e-14 1.207267792679989071e-13 0.000000000000000000e+00 0.000000000000000000e+00 0.000000000000000000e+00 0.000000000000000000e+00 5.750682416073068515e-01 0.000000000000000000e+00 0.000000000000000000e+00 0.000000000000000000e+00 0.000000000000000000e+00 0.000000000000000000e+00 0.000000000000000000e+00
0.000000000000000000e+00 0.000000000000000000e+00 0.000000000000000000e+00 0.000000000000000000e+00 0.000000000000000000e+00 0.000000000000000000e+00 4.110124192582914060e-01 4.230773717472935402e-14 0.000000000000000000e+00 0.000000000000000000e+00 0.000000000000000000e+00 1.562075122030215368e-14 0.000000000000000000e+00 2.714343506904359771e-14 0.000000000000000000e+00 0.000000000000000000e+00 2.055213638163522205e-15 0.000000000000000000e+00 5.889875807416058429e-01 0.000000000000000000e+00 0.000000000000000000e+00 0.000000000000000000e+00 0.000000000000000000e+00 0.000000000000000000e+00 0.000000000000000000e+00
0.000000000000000000e+00 0.000000000000000000e+00 0.000000000000000000e+00 0.000000000000000000e+00 0.000000000000000000e+00 0.000000000000000000e+00 5.436278370664698878e-01 0.000000000000000000e+00 6.613951511171218059e-10 0.000000000000000000e+00 0.000000000000000000e+00 0.000000000000000000e+00 1.191344431512495437e-09 1.560830376740413583e-01 0.000000000000000000e+00 0.000000000000000000e+00 0.000000000000000000e+00 4.689965607442957846e-11 3.002891261915198728e-01 0.000000000000000000e+00 0.000000000000000000e+00 0.000000000000000000e+00 0.000000000000000000e+00 0.000000000000000000e+00 0.000000000000000000e+00
