#Upper limit for the Conditional distribution of mass given radius from initial fitting w/o bootstrap
-1.150941989260603426e+00
-1.011512560982368081e+00
-3.681044273293228031e-01
2.303306186769918384e-02
1.879387581731753742e-01
2.748263149276436446e-01
3.268873760239663362e-01
3.612203222687940807e-01
3.858449808205657861e-01
4.049676392190388330e-01
4.209967050140776545e-01
4.354221164254526433e-01
4.492358800646731876e-01
4.631474800026795235e-01
4.777002600548030387e-01
4.933364427416087050e-01
5.104335906407764245e-01
5.293236915771247775e-01
5.503003112713532596e-01
5.736162652128637962e-01
5.994727636028361895e-01
6.280005794216249049e-01
6.592345203215924654e-01
6.930845182780596136e-01
7.293098729111630041e-01
7.675062809673438569e-01
8.071160905143374142e-01
8.474676371714970902e-01
8.878396819496906511e-01
9.275361898793459403e-01
9.659519836291358130e-01
1.002614496435239699e+00
1.037197370588934575e+00
1.069511163940548792e+00
1.099480736249202950e+00
1.127118190231341854e+00
1.152497384625248422e+00
1.175732763933996061e+00
1.196963277955470861e+00
1.216340924759229614e+00
1.234023059907840336e+00
1.250167577565289401e+00
1.264930205588159273e+00
1.278463338291244256e+00
1.290916001861006857e+00
1.302434690500908099e+00
1.313164926236876084e+00
1.323253488895778318e+00
1.332851344414903050e+00
1.342117379487136386e+00
1.351223139905360915e+00
1.360358882956626436e+00
1.369741410812672422e+00
1.379624383832861456e+00
1.390312171604327407e+00
1.402178883558883316e+00
1.415695199821323635e+00
1.431467344199883529e+00
1.450295691529267073e+00
1.473266539323866864e+00
1.501902631495329432e+00
1.538422901264218545e+00
1.586211116359746320e+00
1.650657419079069044e+00
1.740231006364005628e+00
1.863239323985328211e+00
2.002193376115305234e+00
2.113116153921683615e+00
2.188763373042399873e+00
2.240770849852991908e+00
2.277781982231048108e+00
2.304853118447206750e+00
2.325026784618973608e+00
2.340243137513504212e+00
2.351805063614719860e+00
2.360624263046826155e+00
2.367359271882830019e+00
2.372497459469819159e+00
2.376406195428924395e+00
2.379366196915305487e+00
2.381594081595793000e+00
2.383258117977923085e+00
2.384489535494911383e+00
2.385390844243187924e+00
2.386042083183084195e+00
2.386505595967301385e+00
2.386829735436552635e+00
2.387051771789254317e+00
2.387200197372091104e+00
2.387296566457231428e+00
2.387356971331214606e+00
2.387393230389136978e+00
2.387413845845161031e+00
2.387424775663063325e+00
2.387430054769068111e+00
2.387432293472520506e+00
2.387433075580041475e+00
2.387433274467503530e+00
2.387433302044625449e+00
2.361622105122177739e+00
