#Upper limit for the Conditional distribution of radius given mass from initial fitting w/o bootstrap
-7.271397969914193682e-02
-7.269346534784378033e-02
-7.237110735530281891e-02
-7.089876996015442856e-02
-6.670431459238526650e-02
-5.732059674476252392e-02
-3.930553566483004080e-02
-9.041881024833803293e-03
3.371893279149515421e-02
8.183368392407922021e-02
1.257455780815202595e-01
1.610102102016894021e-01
1.877015068508915696e-01
2.074655826222193411e-01
2.220674009709497632e-01
2.329644584020637843e-01
2.412560146985910370e-01
2.477400809647332391e-01
2.529876418158141238e-01
2.574069291453647268e-01
2.612923962602010652e-01
2.648599835008144665e-01
2.682718650828020412e-01
2.716535619464837681e-01
2.751058155280162731e-01
2.787127962724060826e-01
2.825478127842444565e-01
2.866772779138216376e-01
2.911634279964858685e-01
2.960661042750959981e-01
3.014437706559499608e-01
3.073538412741158576e-01
3.138523143327667242e-01
3.209926510811689226e-01
3.288238057120840274e-01
3.373873163562352007e-01
3.467134268639514572e-01
3.568163729439589593e-01
3.676891915442050962e-01
3.792987844622690563e-01
3.915822773577492533e-01
4.044458761389247425e-01
4.177672733150298301e-01
4.314018724212972944e-01
4.451922352445770170e-01
4.589791344401937256e-01
4.726121628174381195e-01
4.859581833805027284e-01
4.989066315176832744e-01
5.113716190129679040e-01
5.232914426103493222e-01
5.346263859046517242e-01
5.453556716655396652e-01
5.554742295874298685e-01
5.649896778005109033e-01
5.739197758036629349e-01
5.822903913492627481e-01
5.901339946085487620e-01
5.974886787440610858e-01
6.043976078771425842e-01
6.109089264477676195e-01
6.170760964836193851e-01
6.229587067119549681e-01
6.286238292865048427e-01
6.341480554693971206e-01
6.396204598907999639e-01
6.451467636812088235e-01
6.508553522281871340e-01
6.569059196978821458e-01
6.635022256061514634e-01
6.709113875984840103e-01
6.794940576616976813e-01
6.897536317292215502e-01
7.024207292628154020e-01
7.186075406598197990e-01
7.401107211263807661e-01
7.700452073841994594e-01
8.141034493743921630e-01
8.806436147435799944e-01
9.628568823137521049e-01
1.030045842276866352e+00
1.077052508866639391e+00
1.110767260737411943e+00
1.135831044455898331e+00
1.154856809853970434e+00
1.169412040790939633e+00
1.180523188806820611e+00
1.188921005441701206e+00
1.195164256426812788e+00
1.199703172264792839e+00
1.202911441030876327e+00
1.205101898586279363e+00
1.206534627440283947e+00
1.207422124444094802e+00
1.207933878941124028e+00
1.208201072189479808e+00
1.208321416248066660e+00
1.208363903350372137e+00
1.208373240983170449e+00
1.208373836833400050e+00
