#Weights for Beta densities from initial fitting w/o bootstrap
1.607829944629437026e-09
1.337166112208236282e-09
1.129105129140602626e-09
1.156442345425439247e-09
1.342227413638132930e-09
1.527611692309477044e-09
1.642559922242968492e-09
1.696288459777312336e-09
1.716671879987494608e-09
1.722559409127576075e-09
1.723855596767619211e-09
1.724097393366427632e-09
1.589080587319930058e-09
1.273559199374599601e-09
1.028383782853331611e-09
1.059052567769723631e-09
1.277138470007798457e-09
1.495591689627907156e-09
1.630412408455675655e-09
1.692696481151164502e-09
1.715708706438332858e-09
1.722337756311634963e-09
1.723917430684738980e-09
1.724195887762543646e-09
1.589139543499921912e-09
1.266936397825427019e-09
0.000000000000000000e+00
1.016066598555967374e-09
1.231833830570826562e-09
1.462122975397461349e-09
1.611821994301491073e-09
1.684554411851277090e-09
1.712809088668924204e-09
1.721660766033556203e-09
1.723775960748140208e-09
1.724129311972139354e-09
1.611966693525226540e-09
1.330409061012777929e-09
1.073204248186856375e-09
1.043002397374968337e-09
1.209731604424355430e-09
1.420326142956625335e-09
1.576344337736015406e-09
1.663678143597692594e-09
1.703497189153315352e-09
1.718511197993431333e-09
1.723027559602795400e-09
1.724025225380488833e-09
1.645176132035425163e-09
1.429409213591545558e-09
1.195813412518387482e-09
8.447032360416617536e-02
1.194168073235243487e-09
1.355686480570206341e-09
1.507303867738183626e-09
1.614541645880906073e-09
1.677359356751113240e-09
1.708018941557719331e-09
1.719972487394305936e-09
1.723567834597748941e-09
1.675604225738434252e-09
1.525927094845501798e-09
1.326236801355125925e-09
1.191973651609165416e-09
1.343281007477369615e-01
1.264781540056423525e-09
1.391069726061834330e-09
1.515555210351278222e-09
1.612935175763559595e-09
1.675396856357687289e-09
1.708049020808795374e-09
1.721313028029624326e-09
1.697048873850467827e-09
1.602180360029708703e-09
1.444076120916827681e-09
1.283483978492647324e-09
6.464548606983127055e-01
1.165210644868997783e-09
1.225464937582183648e-09
1.333606156027743005e-09
1.456759761756745721e-09
1.571672645827663797e-09
1.661554526118614862e-09
1.710802787267518393e-09
1.707437249643328200e-09
1.652936418632481290e-09
1.539281261208444402e-09
1.380478342213860837e-09
1.213500833231395924e-09
1.797011666160733889e-08
9.939676761842148377e-10
9.789633431934997976e-10
1.059735498312044401e-09
1.253769584577864727e-09
1.499556733333416326e-09
1.671153217165271931e-09
1.701299988645669451e-09
1.672042855013628367e-09
1.597614464093888949e-09
1.460683908018267170e-09
1.253114212138006870e-09
9.672603969315418273e-10
6.053951324720935912e-10
2.436389431679088388e-10
1.253867160096796776e-10
4.423171669125444203e-10
1.058899312225136900e-09
1.556558581950673793e-09
1.669514986746789491e-09
1.651346222645179674e-09
1.600955449458670899e-09
1.483829365065730664e-09
1.238694432716730251e-09
7.646931825267312041e-10
0.000000000000000000e+00
0.000000000000000000e+00
0.000000000000000000e+00
0.000000000000000000e+00
2.526667823263718997e-10
1.335039082367037097e-09
1.627939359861444670e-09
1.611465504725906211e-09
1.569970665041324157e-09
1.463685408064346664e-09
1.199895590323645337e-09
6.126941547640815564e-10
0.000000000000000000e+00
0.000000000000000000e+00
1.347465520556729579e-01
0.000000000000000000e+00
0.000000000000000000e+00
1.139137367137016775e-09
1.644562362296584587e-09
1.633238214644580185e-09
1.606690258981248164e-09
1.539788923672218349e-09
1.371006135485813775e-09
9.881411264044534274e-10
2.957352266635439455e-10
0.000000000000000000e+00
0.000000000000000000e+00
0.000000000000000000e+00
2.281730544437310788e-10
1.299674406970396950e-09
