#Akaike Information Criterion from bootstrap run
6.195234376781667152e+02
5.582705683425747338e+02
5.990223101167923687e+02
6.140896615996355195e+02
5.736283203537732334e+02
6.162842001136955332e+02
6.006865328296904636e+02
6.649795039806224395e+02
6.427141521672999716e+02
6.515039638829714477e+02
5.284757068362548580e+02
5.567581011813120995e+02
6.241052492026683467e+02
6.389997372226746393e+02
5.782371878827106002e+02
6.681507940435895989e+02
5.796903130137213793e+02
5.874453102136467351e+02
6.044889149503137560e+02
6.415856883526390675e+02
6.092004368608940013e+02
6.351712748401033650e+02
5.831812700990805070e+02
6.055253843124796731e+02
