#Variance for the Conditional distribution of mass given radius from initial fitting w/o bootstrap
nan
6.806084498605159683e-02
6.818077953995987928e-02
6.841129105919377396e-02
6.877859052712605170e-02
6.930888397262756351e-02
7.002711801607174047e-02
7.095546688237772126e-02
7.211165603365246590e-02
7.350727644279450579e-02
7.514629245676514302e-02
7.702396843943987159e-02
7.912642010562351280e-02
8.143092926668128728e-02
8.390705291054482984e-02
8.651843087259877829e-02
8.922508147608909645e-02
9.198590073063274419e-02
9.476106534343556320e-02
9.751408254173966894e-02
1.002133139367088893e-01
1.028329011242460483e-01
1.053531129304189073e-01
1.077602015246474226e-01
1.100458908137930680e-01
1.122066282557281358e-01
1.142427183556479209e-01
1.161574318936912514e-01
1.179561573669435925e-01
1.196456357054951625e-01
1.212332989552152296e-01
1.227267191873937791e-01
1.241331649638621609e-01
1.254592581512879168e-01
1.267107224193647630e-01
1.278922151083460856e-01
1.290072352359737384e-01
1.300581014042788142e-01
1.310459937041810741e-01
1.319710531190575464e-01
1.328325303928594436e-01
1.336289741066053194e-01
1.343584452584978273e-01
1.350187435441783379e-01
1.356076293567917423e-01
1.361230257064413030e-01
1.365631859828147221e-01
1.369268166387061780e-01
1.372131480586585017e-01
1.374219515065583930e-01
1.375535044715366639e-01
1.376085103874477023e-01
1.375879812097655364e-01
1.374930925543163818e-01
1.373250211208227045e-01
1.370847731976087280e-01
1.367730115227707710e-01
1.363898860318648321e-01
1.359348723869094333e-01
1.354066209246858332e-01
1.348028179809612204e-01
1.341200615782232597e-01
1.333537543035546724e-01
1.324980179229372779e-01
1.315456369362844047e-01
1.304880419083953025e-01
1.293153479928957905e-01
1.280164694543795556e-01
1.265793368130581631e-01
1.249912487270735673e-01
1.232393945574857125e-01
1.213115836345040749e-01
1.191972106013509114e-01
1.168884691744447313e-01
1.143817954461577163e-01
1.116794739432045158e-01
1.087912759762209719e-01
1.057359275544358379e-01
1.025421390393640025e-01
9.924889503382212930e-02
9.590472881624273471e-02
9.256581231479779626e-02
8.929288074398314401e-02
8.614724928512200453e-02
8.318640538629273884e-02
8.045979977359764279e-02
7.800545617524866360e-02
7.584786498123995135e-02
7.399736514507941620e-02
7.245093278272156379e-02
7.119406572127896793e-02
7.020333114269003416e-02
6.944913539373145928e-02
6.889835295142469895e-02
6.851657214071836532e-02
6.826983866025428116e-02
6.812587837580599825e-02
6.805484781014550788e-02
6.802969551769812162e-02
nan
