#Variance for the Conditional distribution of radius given mass from initial fitting w/o bootstrap
nan
1.679424631436368318e-02
1.682384057580094128e-02
1.688072008166908652e-02
1.697135248177342529e-02
1.710220420337947925e-02
1.727943091039872703e-02
1.750850416868149351e-02
1.779379779663727013e-02
1.813817190647989616e-02
1.854260471438554797e-02
1.900592768594441470e-02
1.952471482629385482e-02
2.009336034467920640e-02
2.070435232373878109e-02
2.134871876847849875e-02
2.201659406339511252e-02
2.269783565825759380e-02
2.338261701934522818e-02
2.406193343014857364e-02
2.472797800999598089e-02
2.537437010922178465e-02
2.599624099316294804e-02
2.659019833759607501e-02
2.715419998822882555e-02
2.768736934313885401e-02
2.818978154002479627e-02
2.866224365507443264e-02
2.910608531837640192e-02
2.952296987748954590e-02
2.991473121515533101e-02
3.028323776586682239e-02
3.063028307212000909e-02
3.095750110216694689e-02
3.126630419108401837e-02
3.155784155351065712e-02
3.183297658404422859e-02
3.209228140566759008e-02
3.233604720985248926e-02
3.256430878472991314e-02
3.277688124880732273e-02
3.297340645948657056e-02
3.315340596144181196e-02
3.331633682204623859e-02
3.346164641064765244e-02
3.358882222288434027e-02
3.369743327668721367e-02
3.378716038485837792e-02
3.385781364215104811e-02
3.390933660714663678e-02
3.394179775123716547e-02
3.395537064913214248e-02
3.395030500430611109e-02
3.392689090398529755e-02
3.388541870285100704e-02
3.382613670598918348e-02
3.374920844629186734e-02
3.365467092087012779e-02
3.354239474753329536e-02
3.341204689226517921e-02
3.326305645050199600e-02
3.309458397265537671e-02
3.290549503136173948e-02
3.269433915226957477e-02
3.245933588605062758e-02
3.219837069525599560e-02
3.190900446023013648e-02
3.158850173784105014e-02
3.123388434266539948e-02
3.084201817515284938e-02
3.040974216632424953e-02
2.993404822670884743e-02
2.941231944824464900e-02
2.884262960375558876e-02
2.822409928684387753e-02
2.755729221229135176e-02
2.684461948442197834e-02
2.609070181006856518e-02
2.530262356914333988e-02
2.449000434574430396e-02
2.366481989234014982e-02
2.284093082435169689e-02
2.203332376370926299e-02
2.125712844114148459e-02
2.052653008110531113e-02
1.985373081941916792e-02
1.924811314108426305e-02
1.871572013360391779e-02
1.825910296912154271e-02
1.787751549390493092e-02
1.756737924718715024e-02
1.732291210095618025e-02
1.713681172004997283e-02
1.700090426836317267e-02
1.690669854736701755e-02
1.684581621705609489e-02
1.681029352441196570e-02
1.679276648934488470e-02
1.678656007512611611e-02
nan
