-2.947093321239829811e-01
-2.946749658923720760e-01
-2.946131311721392199e-01
-2.945018684902905859e-01
-2.943020583046744854e-01
-2.939419813876472665e-01
-2.932818477528352230e-01
-2.920096566396430116e-01
-2.892519800744435821e-01
-2.817042083499884941e-01
-2.435317810189019938e-01
-9.870040853891065558e-02
-7.902630205771991878e-02
-7.414457720785218309e-02
-7.213807966743930600e-02
-7.037728398595952117e-02
-6.806457237306198782e-02
-6.481788499254079183e-02
-6.032509500981755868e-02
-5.425069647100665138e-02
-4.620325363991482914e-02
-3.570919299106165012e-02
-2.217792317969167343e-02
-4.887361578982684501e-03
1.683049925664752491e-02
4.268410795960404097e-02
6.992237001819741338e-02
9.458853402069021532e-02
1.150154063117067027e-01
1.316942533840256002e-01
1.456302161703980635e-01
1.576879399772076473e-01
1.685118972966680728e-01
1.785743750355274773e-01
1.882284442686815995e-01
1.977464832082972412e-01
2.073454221672833553e-01
2.172019659204757758e-01
2.274601355580388728e-01
2.382328551589616705e-01
2.495998341473062987e-01
2.616058158398030242e-01
2.742653681077009686e-01
2.875801701869309390e-01
3.015700612373224954e-01
3.163125357460728204e-01
3.319838664484163759e-01
3.489023458501108732e-01
3.675872902581307500e-01
3.888650316757013559e-01
4.140869646531256665e-01
4.456122629398356905e-01
4.878773093256883464e-01
5.480644287221271282e-01
6.210475796475983801e-01
6.830014020173421629e-01
7.344830345999365795e-01
7.818614476630258991e-01
8.264260373055882791e-01
8.653778481550539192e-01
8.960077350733700596e-01
9.186418640478439812e-01
9.352507398055464050e-01
9.477465786325236508e-01
9.575306664782278210e-01
9.655563824471701251e-01
9.724630674008334363e-01
9.786791112816174421e-01
9.844890930590575184e-01
9.900750190275388052e-01
9.955408015107708453e-01
1.000926861933324030e+00
1.006220329824585979e+00
1.011365293275704458e+00
1.016276040632656308e+00
1.020853731364806949e+00
1.025003997393878485e+00
1.028651055718661222e+00
1.031744128080217981e+00
1.034253870044094192e+00
1.036158350686739782e+00
1.037418355500530520e+00
1.037940665265300266e+00
1.037529783612459067e+00
1.035848275910203231e+00
1.032476489395290686e+00
1.027270321889209859e+00
1.021004382924369125e+00
1.015362897538127473e+00
1.011622598476373147e+00
1.009787226384462278e+00
1.009195563103804316e+00
1.009297482131915391e+00
1.009940170501291146e+00
1.011525594181991394e+00
1.015472132378487657e+00
1.024326925375496078e+00
1.036107125022994957e+00
1.042079167762745895e+00
1.043484830369018956e+00
