9.029200644282403933e-04
9.479976880361177822e-04
1.027194322078756180e-03
1.165201046480396612e-03
1.400030311156761622e-03
1.785008146099312590e-03
2.383796128109175270e-03
3.252709537547670768e-03
4.399727098220464726e-03
5.684010462101850465e-03
6.740524617080539786e-03
7.302289842258332525e-03
7.500147444904407996e-03
7.564607680069366374e-03
7.614913833830710271e-03
7.692564268174693215e-03
7.811321638252328135e-03
7.976308541482825254e-03
8.188037267758132079e-03
8.442023399583633431e-03
8.728261079943499048e-03
9.032223533588439740e-03
9.337521611325500306e-03
9.629192585214989275e-03
9.896232663070896399e-03
1.013256727281723613e-02
1.033657012319243174e-02
1.050979433596829771e-02
1.065558779170113282e-02
1.077798459922438799e-02
1.088098281610271230e-02
1.096815663473971539e-02
1.104249925679683629e-02
1.110640030691030684e-02
1.116168874149620072e-02
1.120969862513130320e-02
1.125133446097923914e-02
1.128712492804184210e-02
1.131726078496509552e-02
1.134161625266376372e-02
1.135975472638111813e-02
1.137091991175366579e-02
1.137401262517119191e-02
1.136755138186000373e-02
1.134961131797000700e-02
1.131773144781407850e-02
1.126877732964495782e-02
1.119875174139008285e-02
1.110257319959533605e-02
1.097391003159195119e-02
1.080528028276448588e-02
1.058878180293118705e-02
1.031788202532197239e-02
9.990415221417863964e-03
9.612059113659225315e-03
9.198365810769640674e-03
8.773131075286271993e-03
8.362735173883320550e-03
7.989104585601567582e-03
7.665070874644513456e-03
7.393877219527830898e-03
7.171733529920834224e-03
6.991218243238873052e-03
6.843996577355860797e-03
6.722410695827575090e-03
6.620144180749428127e-03
6.532328454623714982e-03
6.455388287857599140e-03
6.386804715279695115e-03
6.324881179856118793e-03
6.268543414264666526e-03
6.217175910698377952e-03
6.170487073550457932e-03
6.128394148324217174e-03
6.090923503098583450e-03
6.058128628616526318e-03
6.030034286868446620e-03
6.006618272983817002e-03
5.987842285763910095e-03
5.973743828558460665e-03
5.964607762905378002e-03
5.961254050631159020e-03
5.965502164442565598e-03
5.980855114073886820e-03
6.013196250468819462e-03
6.070322896573944818e-03
6.157296018898030313e-03
6.266030438501153481e-03
6.370765833258794884e-03
6.445862948054656601e-03
6.485759523487235126e-03
6.499821835232625494e-03
6.497645379021018373e-03
6.481664954610856337e-03
6.443494703452374607e-03
6.357911775222759194e-03
6.193412684741994578e-03
6.008071399301668364e-03
5.926851368275413978e-03
5.912448902829305943e-03
