-2.444983725406470187e-01
-2.435460379510832607e-01
-2.417527029112938874e-01
-2.382371546960776187e-01
-2.307163305222526273e-01
-2.096913708242796603e-01
6.281447357509628571e-02
4.989712651193219384e-01
7.404607823293137825e-01
8.260684540235230244e-01
7.965115962840512154e-01
6.343762369204265505e-01
2.992446008366364540e-01
1.829895366913575350e-01
1.610460159361886967e-01
1.612194958357582864e-01
1.750158355922525610e-01
2.012757382302138298e-01
2.376611093721748835e-01
2.792092587336902354e-01
3.224883368898774916e-01
3.651740138051977613e-01
4.038915025447132878e-01
4.362645179728288358e-01
4.623745316859138033e-01
4.834183770930650659e-01
5.006211660273656161e-01
5.149618659021271139e-01
5.271861152968386754e-01
5.378674736465475226e-01
5.474624155051446284e-01
5.563534639195746312e-01
5.648840633624858665e-01
5.733897189233017055e-01
5.822299663652846791e-01
5.918263351546516615e-01
6.027123807951617618e-01
6.155998146184488151e-01
6.314428839700234608e-01
6.513749624305333885e-01
6.760874347263932105e-01
7.043840728423594877e-01
7.331541729079852354e-01
7.601230728581437335e-01
7.849042904870630055e-01
8.079965379021002425e-01
8.300839875048938721e-01
8.518685934234720980e-01
8.741027584446616761e-01
8.976659303651465249e-01
9.235959074560947668e-01
9.528967012487965516e-01
9.857479041669614528e-01
1.020203281873930834e+00
1.052640254086660176e+00
1.080644982702121615e+00
1.103941146831042941e+00
1.123182666744277025e+00
1.139102082128386151e+00
1.152286687342153781e+00
1.163182412928407850e+00
1.172138194202770656e+00
1.179440560444755093e+00
1.185331955060424880e+00
1.190018472339035682e+00
1.193674030274563869e+00
1.196445147616998605e+00
1.198457261218712988e+00
1.199821640539215029e+00
1.200641425145198449e+00
1.201015563281336851e+00
1.201040054095371845e+00
1.200806656745041501e+00
1.200399896297435154e+00
1.199893534730752442e+00
1.199347577636161954e+00
1.198806444916589165e+00
1.198298354747689309e+00
1.197835425402676401e+00
1.197413526786324844e+00
1.197010404379119430e+00
1.196579843894460371e+00
1.196038509267169925e+00
1.195241320874516289e+00
1.193945747289158810e+00
1.191793166540637605e+00
1.188419036925226102e+00
1.183868433162669209e+00
1.179064471272886383e+00
1.175320751950280629e+00
1.173186135847097189e+00
1.172363837447376156e+00
1.172425498134186617e+00
1.173262783010680987e+00
1.175293514103519454e+00
1.179637971931623230e+00
1.187092401624271432e+00
1.194098557703882513e+00
1.196540292869792133e+00
1.196730281330846246e+00
