2.638882391256168747e-01
1.534535006546053626e-01
8.915620884497742205e-02
5.193193529685266596e-02
3.050111189067461481e-02
1.823188399664976700e-02
1.125520044681268400e-02
7.347853569969873926e-03
5.286658067198112161e-03
4.487560231084297344e-03
4.806838393872528252e-03
6.421270846672518309e-03
9.735906185836725249e-03
1.529791516620048614e-02
2.372078048645960210e-02
3.563887811193122701e-02
5.171372284054048113e-02
7.269988118707640390e-02
9.955613931275025807e-02
1.335646410410393503e-01
1.764062620822248462e-01
2.301405423814356643e-01
2.970545317572859112e-01
3.793735626951526552e-01
4.788612743733507426e-01
5.963676533145505498e-01
7.314046349820335635e-01
8.818337354964435049e-01
1.043737747082795320e+00
1.211521060581401521e+00
1.378246122513514305e+00
1.536174149734148564e+00
1.677443991563485781e+00
1.794800145413299353e+00
1.882273181327130063e+00
1.935724013785603104e+00
1.953185445136320864e+00
1.934965742621163720e+00
1.883513925543782941e+00
1.803078990499499712e+00
1.699220464996840985e+00
1.578242145134363117e+00
1.446623453704012574e+00
1.310514454718895827e+00
1.175343768352667517e+00
1.045567064218624997e+00
9.245613630522124815e-01
8.146505190775020777e-01
7.172325234869239008e-01
6.329709948722418433e-01
5.620115198054027594e-01
5.041874763658893421e-01
4.591880412817888057e-01
4.266713878294273732e-01
4.063168359190334478e-01
3.978194566398667864e-01
4.008383667657652860e-01
4.149151632387160782e-01
4.393815370295720002e-01
4.732752379383485253e-01
5.152815435910890196e-01
5.637135622294687787e-01
6.165394131691249724e-01
6.714579476643471878e-01
7.260176603499225445e-01
7.777664463504956327e-01
8.244137695623001694e-01
8.639827237469159815e-01
8.949285600806783370e-01
9.162034987270979425e-01
9.272554678458567734e-01
9.279603442041944872e-01
9.185016683442905894e-01
8.992258660576117890e-01
8.705110900971247956e-01
8.326901763942921031e-01
7.860601393196918751e-01
7.309915147427098470e-01
6.681231878564454219e-01
5.985979610946251528e-01
5.242694644520488056e-01
4.478011691845181219e-01
3.725900708117500515e-01
3.024825329294233978e-01
2.413017719286076612e-01
1.922620034035034953e-01
1.573856721208566345e-01
1.370519578981130582e-01
1.297814041738102053e-01
1.323133885097618201e-01
1.399857680646538483e-01
1.474092614785288136e-01
1.494556690122887110e-01
1.426178569149881281e-01
1.267583893716581200e-01
1.070061980275365116e-01
9.499798049424502955e-02
1.079976537071172804e-01
1.647261539831543775e-01
2.811707468591364556e-01
