#Upper limit for the Conditional distribution of mass given radius from initial fitting w/o bootstrap
9.870703410161704644e-09
-3.163864562064995223e-01
-3.159084444982607209e-01
-3.144670747741872274e-01
-3.113330123508981084e-01
-3.055307233395972988e-01
-2.957376076335654358e-01
-2.801512097666569168e-01
-2.564335624997747809e-01
-2.222147903493326415e-01
-1.771197936368104076e-01
-1.253328510432257514e-01
-7.368358202909856824e-02
-2.678077531120826721e-02
1.398168368679831436e-02
4.892096562457910053e-02
7.896196607075652019e-02
1.051990627123101096e-01
1.287740016794812759e-01
1.508810370502592091e-01
1.728367524007373424e-01
1.962075386126395371e-01
2.230185910743584521e-01
2.560940210874498857e-01
2.995528190331146479e-01
3.590136729948797956e-01
4.385578114244505499e-01
5.303907274289935136e-01
6.161398401878278586e-01
6.867328944269205371e-01
7.428241087441636026e-01
7.872786628004310172e-01
8.226978840718816022e-01
8.511603719514887478e-01
8.743416031436533897e-01
8.936338957973652963e-01
9.102304844256881022e-01
9.251884390207663067e-01
9.394842860580817634e-01
9.540702380421168805e-01
9.699347577597650094e-01
9.881675626424684111e-01
1.010020398796592778e+00
1.036928266532367360e+00
1.070384453961489069e+00
1.111436644875690938e+00
1.159609363172355412e+00
1.211941006879160287e+00
1.263896121808378625e+00
1.311806466708631991e+00
1.354028707359376194e+00
1.390401000154340538e+00
1.421434464025575384e+00
1.447856132030859833e+00
1.470428024955266588e+00
1.489892460674256069e+00
1.506964555219869384e+00
1.522341807637475508e+00
1.536722473240793585e+00
1.550832428155499931e+00
1.565463401611683514e+00
1.581526774500495058e+00
1.600127270099007459e+00
1.622655789758565614e+00
1.650874351060669154e+00
1.686868962287138896e+00
1.732494111529720549e+00
1.787770762609012021e+00
1.849192058416912587e+00
1.911321547593510584e+00
1.970546586040124559e+00
2.025800321334306098e+00
2.076991862570460867e+00
2.123815143689794738e+00
2.165566332295260299e+00
2.201655698387677607e+00
2.232088629208451191e+00
2.257449117892555979e+00
2.278592465566600112e+00
2.296384948587744113e+00
2.311585533097294309e+00
2.324825467076490515e+00
2.336633259755615644e+00
2.347476637116577614e+00
2.357811544242295554e+00
2.368138408067242739e+00
2.379071889978439103e+00
2.391432766787894071e+00
2.406360921671220510e+00
2.425378036308338370e+00
2.450021926475558498e+00
2.480043805997323769e+00
2.510902886150568669e+00
2.536751635162544982e+00
2.555571201162990747e+00
2.568069969851789036e+00
2.575539173193449827e+00
2.579293702877701655e+00
2.580637184248421701e+00
9.870703410161704644e-09
