#Bayesian Information Criterion from bootstrap run
1.143090569599326045e+03
1.131529210773948762e+03
1.089413925391872453e+03
1.098955808021207304e+03
1.112323342769419469e+03
1.141670221680986288e+03
1.117104070521904987e+03
1.094839633083038052e+03
1.141711846007721533e+03
1.122153436863158731e+03
1.127054201674121941e+03
1.150961806413359000e+03
1.084934016165426783e+03
1.169339331601303911e+03
1.115117635023923867e+03
1.074453167643885308e+03
1.129375391625394968e+03
1.130319689609315674e+03
1.163627382349510071e+03
1.133003482247003603e+03
1.102568288399595986e+03
1.081820810905811413e+03
1.111466670306665264e+03
1.114928946930033817e+03
1.205401446550879427e+03
1.069386652372995741e+03
1.097744296515946871e+03
1.106115927397714358e+03
1.130597206550421561e+03
1.171784273350895546e+03
1.120400731979747889e+03
1.190770879185536842e+03
1.057969183432371210e+03
1.126612961870107711e+03
1.151591868895552125e+03
1.109902267000334632e+03
1.070321525388300870e+03
1.127673181141956320e+03
1.185286095272907460e+03
1.177980937091592295e+03
1.121381271214385606e+03
1.128442741418550668e+03
1.147196263394622292e+03
1.128950547599599986e+03
1.138790457081875047e+03
1.143297866405075411e+03
1.110249231889884641e+03
1.159540972540065923e+03
1.150165605535746863e+03
1.077920672999971430e+03
1.184999747450042832e+03
1.099373897707112519e+03
1.131862616947385504e+03
1.109243888880396298e+03
1.078929119298957403e+03
1.126814918083294060e+03
1.129203626493367892e+03
1.075046969905440619e+03
1.111829347728628363e+03
1.188202700642743139e+03
1.135814490003099309e+03
1.085837105421320985e+03
1.099010294218015815e+03
1.059655179488688418e+03
1.161718666867343700e+03
1.109387678748998496e+03
1.107745292407010766e+03
1.155365087504286066e+03
1.102433740050154483e+03
1.056585509651893517e+03
1.156707302933748451e+03
1.126093202570666563e+03
1.065098377511723129e+03
1.068897551223334403e+03
1.074488482506506216e+03
1.127777802045449789e+03
1.154821494612840297e+03
1.063668026685216546e+03
1.164930753839801127e+03
1.106836883615277657e+03
1.086640124614133128e+03
1.119878334837032753e+03
1.145755875606214659e+03
1.125586918514760555e+03
1.093586945638475754e+03
1.154434557078609942e+03
1.122316908704615798e+03
1.114000783792950187e+03
1.113923470024795051e+03
1.119007994119888281e+03
1.099346976958976938e+03
1.159517112596594870e+03
1.094114939663706537e+03
1.112160369959717855e+03
1.154095081183833827e+03
1.088366602722922380e+03
1.099536106903388372e+03
1.089729055197826710e+03
1.127003209676779306e+03
1.111817652148083425e+03
