#Upper limit for the Conditional distribution of radius given mass from initial fitting w/o bootstrap
-2.456820853663433391e-01
-2.456819245490569070e-01
-2.456816465491532264e-01
-2.456811438380514523e-01
-2.456794439738991531e-01
-2.456606873497442500e-01
-2.454523900657613611e-01
-2.437024580593804557e-01
-2.294550056454286446e-01
-8.949237834316096755e-04
7.108138719110608517e-02
9.390061614048897387e-02
1.030373853214942292e-01
1.099915466263265834e-01
1.188156207682079246e-01
1.319987739826747886e-01
1.523535225814003635e-01
1.828709971551433222e-01
2.232968372132060342e-01
2.684047711776086920e-01
3.142909962439908722e-01
3.590422566920090652e-01
3.995089184594576848e-01
4.331827400977917297e-01
4.601561372702128172e-01
4.817564553465484289e-01
4.993209183994517519e-01
5.138995607129315246e-01
5.262804786824993863e-01
5.370627600685897729e-01
5.467184940759024503e-01
5.556397799162158258e-01
5.641756962997578340e-01
5.726645148796138951e-01
5.814660829987365886e-01
5.909996774203817305e-01
6.017934743104569328e-01
6.145500757400839120e-01
6.302128174296225405e-01
6.499178839984030009e-01
6.744240150774377662e-01
7.026895618311025382e-01
7.316558658646601376e-01
7.589182822322007027e-01
7.839728200249157508e-01
8.072673662110300130e-01
8.294667513997273645e-01
8.512674004439854114e-01
8.734295039964428131e-01
8.968607441127818269e-01
9.226601223871117030e-01
9.519369294246851076e-01
9.849795748016009211e-01
1.019792170001400544e+00
1.052527697639845883e+00
1.080673831487704017e+00
1.104004819204140286e+00
1.123231588557443095e+00
1.139117156249019214e+00
1.152263725265090466e+00
1.163125173675768842e+00
1.172054720193035360e+00
1.179340582428107576e+00
1.185224927501975278e+00
1.189912322577433734e+00
1.193574623448757643e+00
1.196356292037461078e+00
1.198381016580856606e+00
1.199758734590934184e+00
1.200591661437078628e+00
1.200978166834405503e+00
1.201013940705260907e+00
1.200790630287519090e+00
1.200392785742812940e+00
1.199894285249448078e+00
1.199355311181527606e+00
1.198820505798508185e+00
1.198318355327485651e+00
1.197861307033034839e+00
1.197445652643412073e+00
1.197049704090886735e+00
1.196628031036111262e+00
1.196098374644379847e+00
1.195317009588466872e+00
1.194042605830318848e+00
1.191915999379050906e+00
1.188567104346900605e+00
1.184029255464484898e+00
1.179217537440055974e+00
1.175452848256247407e+00
1.173296642996842110e+00
1.172457472020151492e+00
1.172507212944902566e+00
1.173337608760582240e+00
1.175369302064764199e+00
1.179730539593450978e+00
1.187219221929714852e+00
1.194233849558446137e+00
1.196648055177732983e+00
1.196818767536845796e+00
