#Conditional distribution of radius given mass from initial fitting w/o bootstrap
-2.703999053871117830e-01
-2.703986508105528097e-01
-2.703964912764841855e-01
-2.703927075520210499e-01
-2.703845954118732631e-01
-2.703414173856098501e-01
-2.699455910729806063e-01
-2.668618542012116124e-01
-2.490433713600671839e-01
-1.845307634948944731e-01
-8.171921514282141918e-02
-1.708500409119806038e-02
7.512292810931301551e-03
1.804842495353381135e-02
2.593166378531857122e-02
3.501982840967942517e-02
4.689470137108352199e-02
6.238850423335975254e-02
8.187335757186180174e-02
1.052228659329493693e-01
1.317626429577002933e-01
1.603470900650648956e-01
1.895852815338087138e-01
2.181364871879906409e-01
2.449544621315914439e-01
2.694015793052064733e-01
2.912325391626910953e-01
3.105001156789758410e-01
3.274415514173256714e-01
3.423827327640286966e-01
3.556730870607002215e-01
3.676491107399514346e-01
3.786188024685607223e-01
3.888591361289679416e-01
3.986206162950092224e-01
4.081350439910896855e-01
4.176242003374521228e-01
4.273081397532412229e-01
4.374122912316534273e-01
4.481727514427338299e-01
4.598391608917454243e-01
4.726745213453991679e-01
4.869513890007510226e-01
5.029442303345255105e-01
5.209185007050685101e-01
5.411182054764092086e-01
5.637549927219369650e-01
5.890022945472870308e-01
6.169961388207255704e-01
6.478383122374894443e-01
6.815872728917113932e-01
7.182115649250594425e-01
7.574810907033401319e-01
7.988015057876050040e-01
8.410638079914912746e-01
8.826465180388839427e-01
9.216795195583975531e-01
9.565091647837042910e-01
9.861224866983184789e-01
1.010300647330286683e+00
1.029475868917458792e+00
1.044443449888061926e+00
1.056094333904932681e+00
1.065245966914963871e+00
1.072569378246323701e+00
1.078578535075084943e+00
1.083649326208965480e+00
1.088047407299403302e+00
1.091954767967398654e+00
1.095491438870480838e+00
1.098732025154504521e+00
1.101718073421347421e+00
1.104467597900647524e+00
1.106982905039105125e+00
1.109257398198854050e+00
1.111281468921117455e+00
1.113047058180931970e+00
1.114550165639532020e+00
1.115790546663268046e+00
1.116767901015300657e+00
1.117473667192983910e+00
1.117876726482383676e+00
1.117899970388616993e+00
1.117384838797020441e+00
1.116051597867997458e+00
1.113509163799848434e+00
1.109465206704399076e+00
1.104243498495016462e+00
1.099070739079668124e+00
1.095252786465819694e+00
1.093143535054969417e+00
1.092336348156306203e+00
1.092384214859323910e+00
1.093184095481158913e+00
1.095173949021634119e+00
1.099626265003530223e+00
1.108008986024647813e+00
1.117022896219056927e+00
1.120466789166523203e+00
1.120719504614135165e+00
