#Conditional distribution of mass given radius from initial fitting w/o bootstrap
nan
2.901887025248878760e-01
2.901887036353968385e-01
2.901887150796468862e-01
2.901887775794618762e-01
2.901890093971822848e-01
2.901896865654193802e-01
2.901913705413357025e-01
2.901951014513041716e-01
2.902026808778697120e-01
2.902170756915687932e-01
2.902429841931890575e-01
2.902876183909147145e-01
2.903617722831185466e-01
2.904812663242902215e-01
2.906688835960341555e-01
2.909569441946038837e-01
2.913907010680308329e-01
2.920327818988807667e-01
2.929689441937862737e-01
2.943154467248138006e-01
2.962283544965603199e-01
2.989150585329776177e-01
3.026481583871437619e-01
3.077815484089261866e-01
3.147679563655586543e-01
3.241761574402075574e-01
3.367044706297195877e-01
3.531848520841620043e-01
3.745690945785173920e-01
4.018860424526016772e-01
4.361579837114092362e-01
4.782682170254503595e-01
5.287833350478040595e-01
5.877542330811321714e-01
6.545447847820240472e-01
7.277538298249617288e-01
8.052874900706447070e-01
8.845961718723300837e-01
9.630274724102623196e-01
1.038196607289266105e+00
1.108270869946723858e+00
1.172106146086581813e+00
1.229233835615299641e+00
1.279742103392436992e+00
1.324110373763794479e+00
1.363045799483944887e+00
1.397349820460909164e+00
1.427824000733241228e+00
1.455212281540419594e+00
1.480171504279177652e+00
1.503261266481989544e+00
1.524945568965708542e+00
1.545600743167826252e+00
1.565526027409089416e+00
1.584954610149022836e+00
1.604063959796915073e+00
1.622984898513537999e+00
1.641809254919722960e+00
1.660596136362549435e+00
1.679376960920624384e+00
1.698159427048228753e+00
1.716930602924632066e+00
1.735659305281017195e+00
1.754297918547672586e+00
1.772783784909370386e+00
1.791040276893098193e+00
1.808977647507498121e+00
1.826493738925192289e+00
1.843474619026664874e+00
1.859795205383297345e+00
1.875319927951022203e+00
1.889903474377290005e+00
1.903391654933062060e+00
1.915622417268570743e+00
1.926427034131346527e+00
1.935631479639130070e+00
1.943058001526558609e+00
1.948526887948309305e+00
1.951858418000285589e+00
1.952874975309695893e+00
1.951403294151226708e+00
1.947276797978259255e+00
1.940337981501465414e+00
1.930440780035836967e+00
1.917452864309439065e+00
1.901257795779281556e+00
1.881756977133775877e+00
1.858871335338075470e+00
1.832542680376336719e+00
1.802734691633226527e+00
1.769433495286645286e+00
1.732647809594796806e+00
1.692408649793913478e+00
1.648768599472247631e+00
1.601800669013982770e+00
1.551596767612709149e+00
1.498265756725271070e+00
1.441929531221130656e+00
nan
