#Sequence of mass points for initial fitting w/o bootstrap
-2.000000000000000000e+00
-1.975097054777462446e+00
-1.950194109554925115e+00
-1.925291164332387561e+00
-1.900388219109850230e+00
-1.875485273887312676e+00
-1.850582328664775345e+00
-1.825679383442237791e+00
-1.800776438219700459e+00
-1.775873492997162906e+00
-1.750970547774625574e+00
-1.726067602552088021e+00
-1.701164657329550689e+00
-1.676261712107013135e+00
-1.651358766884475804e+00
-1.626455821661938250e+00
-1.601552876439400919e+00
-1.576649931216863365e+00
-1.551746985994326034e+00
-1.526844040771788480e+00
-1.501941095549251148e+00
-1.477038150326713595e+00
-1.452135205104176041e+00
-1.427232259881638710e+00
-1.402329314659101378e+00
-1.377426369436563824e+00
-1.352523424214026271e+00
-1.327620478991488939e+00
-1.302717533768951608e+00
-1.277814588546414054e+00
-1.252911643323876500e+00
-1.228008698101339169e+00
-1.203105752878801837e+00
-1.178202807656264284e+00
-1.153299862433726730e+00
-1.128396917211189399e+00
-1.103493971988652067e+00
-1.078591026766114513e+00
-1.053688081543576960e+00
-1.028785136321039628e+00
-1.003882191098502297e+00
-9.789792458759647431e-01
-9.540763006534271895e-01
-9.291733554308898579e-01
-9.042704102083523043e-01
-8.793674649858149728e-01
-8.544645197632774192e-01
-8.295615745407400876e-01
-8.046586293182025340e-01
-7.797556840956652024e-01
-7.548527388731276488e-01
-7.299497936505903173e-01
-7.050468484280527637e-01
-6.801439032055154321e-01
-6.552409579829778785e-01
-6.303380127604405470e-01
-6.054350675379029934e-01
-5.805321223153656618e-01
-5.556291770928281082e-01
-5.307262318702907766e-01
-5.058232866477532230e-01
-4.809203414252158915e-01
-4.560173962026783379e-01
-4.311144509801410063e-01
-4.062115057576034527e-01
-3.813085605350658991e-01
-3.564056153125285675e-01
-3.315026700899910139e-01
-3.065997248674536824e-01
-2.816967796449161288e-01
-2.567938344223787972e-01
-2.318908891998412436e-01
-2.069879439773039120e-01
-1.820849987547663584e-01
-1.571820535322290269e-01
-1.322791083096914733e-01
-1.073761630871541417e-01
-8.247321786461658810e-02
-5.757027264207925654e-02
-3.266732741954170294e-02
-7.764382197004371378e-03
1.713856302553296018e-02
4.204150824807051379e-02
6.694445347060806739e-02
9.184739869314562100e-02
1.167503439156827305e-01
1.416532891382202841e-01
1.665562343607578377e-01
1.914591795832953913e-01
2.163621248058325008e-01
2.412650700283700544e-01
2.661680152509076080e-01
2.910709604734451617e-01
3.159739056959822712e-01
3.408768509185198248e-01
3.657797961410573784e-01
3.906827413635949320e-01
4.155856865861324856e-01
4.404886318086695951e-01
4.653915770312072597e-01
