#Lower limit for the Conditional distribution of radius given mass from initial fitting w/o bootstrap
8.794529820321199869e-09
-2.136729313497052474e-01
-2.134859145512289502e-01
-2.131805922426854016e-01
-2.127621805525046761e-01
-2.122357796096556448e-01
-2.116062628789577016e-01
-2.108781632163827524e-01
-2.100555550328159216e-01
-2.091419318887623169e-01
-2.081400787923856077e-01
-2.070519384465346890e-01
-2.058784706930340824e-01
-2.046195044392702667e-01
-2.032735814271049435e-01
-2.018377913212555941e-01
-2.003075977572263688e-01
-1.986766552007066811e-01
-1.969366167321161265e-01
-1.950769331781981586e-01
-1.930846443556963332e-01
-1.909441635457032327e-01
-1.886370568141792214e-01
-1.861418183826144546e-01
-1.834336434305646191e-01
-1.804842019931945096e-01
-1.772614065959833285e-01
-1.737292046501401621e-01
-1.698473175445118777e-01
-1.655710210748727318e-01
-1.608508838373472194e-01
-1.556324828168054453e-01
-1.498560780722661967e-01
-1.434562428337913809e-01
-1.363614494513691044e-01
-1.284936548179848592e-01
-1.197679890367664701e-01
-1.100927672148892672e-01
-9.937030348190380169e-02
-8.749931245046040085e-02
-7.438036121007582380e-02
-5.992658486275687091e-02
-4.408268102889995738e-02
-2.685499699261236287e-02
-8.352212380877405487e-03
1.117305694165346419e-02
3.130533450653872479e-02
5.149961955749445680e-02
7.117466854152959543e-02
8.982971334005673825e-02
1.071262744169333425e-01
1.229055147174586277e-01
1.371559436374222563e-01
1.499636898570153032e-01
1.614681822008915968e-01
1.718312102538347708e-01
1.812185093718529094e-01
1.897902948751221397e-01
1.976973591441700262e-01
2.050803377336012645e-01
2.120706629966512269e-01
2.187923611784365896e-01
2.253642456893368007e-01
2.319022922417708354e-01
2.385221150298019732e-01
2.453415438288581163e-01
2.524833440847006893e-01
2.600781733993322575e-01
2.682678928389549133e-01
2.772094059918364106e-01
2.870792583724993685e-01
2.980793156690082490e-01
3.104439325832722973e-01
3.244491778382652125e-01
3.404246236607011977e-01
3.587680063311116663e-01
3.799615024083841108e-01
4.045833383179238685e-01
4.332929836355148834e-01
4.667260783344693853e-01
5.051463078308023880e-01
5.476555920030936608e-01
5.913088099939254327e-01
6.317959823515510998e-01
6.660330958569918858e-01
6.933992459821869403e-01
7.147387303997354557e-01
7.312331858916651939e-01
7.439327202843710740e-01
7.536655226701275412e-01
7.610658873199569463e-01
7.666213820301993609e-01
7.707130145979370628e-01
7.736448566408136163e-01
7.756649516617604156e-01
7.769799050295014275e-01
7.777650590114324469e-01
7.781716162144647342e-01
7.783316118774940007e-01
8.794529820321199869e-09
