#Upper limit for the Conditional distribution of radius given mass from initial fitting w/o bootstrap
9.567789918633933302e-09
4.983165353763754912e-02
4.900626452277841855e-02
4.921476351490502305e-02
4.956043795500735677e-02
5.005437655551182863e-02
5.072222267610219937e-02
5.159378700260940087e-02
5.270289790547159209e-02
5.408793035445450675e-02
5.579252514885593012e-02
5.786647702387844039e-02
6.036682656005444569e-02
6.335921235154634568e-02
6.691956191195394532e-02
7.113622959701255966e-02
7.611273253477235379e-02
8.197129815452749990e-02
8.885753026571820146e-02
9.694664223236834633e-02
1.064519241331872840e-01
1.176364527912359959e-01
1.308295947421849736e-01
1.464507305540033444e-01
1.650439451250658440e-01
1.873296016142242670e-01
2.142811059168663324e-01
2.472361643238108198e-01
2.880392649992041254e-01
3.391383236299254089e-01
4.032687336749671836e-01
4.816885143476438147e-01
5.704473962529165165e-01
6.598438212793726887e-01
7.414571811835524162e-01
8.124747482084605510e-01
8.735113470461186580e-01
9.261032606359317354e-01
9.717266288595204360e-01
1.011580917172429261e+00
1.046600424488995484e+00
1.077510500841470487e+00
1.104880409408143249e+00
1.129164152892494721e+00
1.150730256875798885e+00
1.169883214932468718e+00
1.186878930910034491e+00
1.201935918912437451e+00
1.215243496268689105e+00
1.226967831402806297e+00
1.237256446956452871e+00
1.246241610165859992e+00
1.254042914108933093e+00
1.260769280970655437e+00
1.266520559558210302e+00
1.271388854344684516e+00
1.275459705939689936e+00
1.278813198368743853e+00
1.281525171851680911e+00
1.283668559147526089e+00
1.285315080250084119e+00
1.286537454665533931e+00
1.287412425676337957e+00
1.288024999815235327e+00
1.288474481701376906e+00
1.288883124801930791e+00
1.289408519608407966e+00
1.290261146986301677e+00
1.291728644056465480e+00
1.294207742074204859e+00
1.298242307534970941e+00
1.304558892430767836e+00
1.314075396496806380e+00
1.327830071883531859e+00
1.346745932274261426e+00
1.371161603973484411e+00
1.400233554808406167e+00
1.431654452718420290e+00
1.462206216310776741e+00
1.488981574747321179e+00
1.510362236677843528e+00
1.526151493745511623e+00
1.537093176928322258e+00
1.544293261652006866e+00
1.548830044737553591e+00
1.551580750151770882e+00
1.553188532225468155e+00
1.554093745798140302e+00
1.554583117355055499e+00
1.554835754627517996e+00
1.554959292844438457e+00
1.555015864249627677e+00
1.555039739192809245e+00
1.555048815182607402e+00
1.555051818754984216e+00
1.555052638772073115e+00
1.555052807289086125e+00
1.555052829182191232e+00
1.555052830396731034e+00
9.567789918633933302e-09
