#Weights for Beta densities from initial fitting w/o bootstrap
0.000000000000000000e+00
0.000000000000000000e+00
0.000000000000000000e+00
0.000000000000000000e+00
0.000000000000000000e+00
0.000000000000000000e+00
0.000000000000000000e+00
0.000000000000000000e+00
0.000000000000000000e+00
0.000000000000000000e+00
0.000000000000000000e+00
0.000000000000000000e+00
0.000000000000000000e+00
0.000000000000000000e+00
0.000000000000000000e+00
0.000000000000000000e+00
0.000000000000000000e+00
0.000000000000000000e+00
0.000000000000000000e+00
0.000000000000000000e+00
0.000000000000000000e+00
0.000000000000000000e+00
0.000000000000000000e+00
0.000000000000000000e+00
0.000000000000000000e+00
0.000000000000000000e+00
0.000000000000000000e+00
0.000000000000000000e+00
0.000000000000000000e+00
0.000000000000000000e+00
3.191625608281123708e-13
4.261924249406889800e-13
1.880390654929268022e-14
0.000000000000000000e+00
0.000000000000000000e+00
0.000000000000000000e+00
0.000000000000000000e+00
0.000000000000000000e+00
0.000000000000000000e+00
0.000000000000000000e+00
0.000000000000000000e+00
0.000000000000000000e+00
0.000000000000000000e+00
0.000000000000000000e+00
0.000000000000000000e+00
0.000000000000000000e+00
0.000000000000000000e+00
0.000000000000000000e+00
0.000000000000000000e+00
5.908848522919074261e-14
4.592309942147824275e-13
4.788516416004646142e-13
1.015963844856773357e-13
0.000000000000000000e+00
0.000000000000000000e+00
0.000000000000000000e+00
0.000000000000000000e+00
0.000000000000000000e+00
0.000000000000000000e+00
0.000000000000000000e+00
0.000000000000000000e+00
0.000000000000000000e+00
0.000000000000000000e+00
0.000000000000000000e+00
0.000000000000000000e+00
2.168468923247551364e-14
0.000000000000000000e+00
0.000000000000000000e+00
0.000000000000000000e+00
2.383368146546824586e-13
5.779212746631395350e-13
6.449161168246256726e-13
3.100955170094541680e-13
0.000000000000000000e+00
0.000000000000000000e+00
0.000000000000000000e+00
0.000000000000000000e+00
0.000000000000000000e+00
0.000000000000000000e+00
0.000000000000000000e+00
0.000000000000000000e+00
0.000000000000000000e+00
0.000000000000000000e+00
1.964275334831426811e-13
5.450750357550737047e-13
5.712127431007109952e-13
3.147431103625872179e-13
6.171871648522283212e-14
1.009738214694581529e-13
4.277088662616237798e-13
8.126810532070987144e-13
9.771028989855801135e-13
7.102816332678966144e-13
2.527945471145742808e-13
0.000000000000000000e+00
0.000000000000000000e+00
0.000000000000000000e+00
0.000000000000000000e+00
0.000000000000000000e+00
0.000000000000000000e+00
0.000000000000000000e+00
0.000000000000000000e+00
7.304357201904090392e-14
5.058525921631230543e-13
0.000000000000000000e+00
7.187659447895136520e-13
4.356211722829447235e-13
1.909521287571457482e-13
2.647244260605895715e-13
6.512025590315555136e-13
1.097512261669927011e-12
1.363030080840038247e-12
1.342423348209758369e-12
1.166589193343305746e-12
8.860738969794448887e-13
3.483047112540389412e-13
0.000000000000000000e+00
0.000000000000000000e+00
0.000000000000000000e+00
0.000000000000000000e+00
0.000000000000000000e+00
0.000000000000000000e+00
1.382305670928216280e-13
3.597337317448176412e-12
0.000000000000000000e+00
6.060826466095487261e-13
3.496531048252975206e-13
2.041475923544422203e-13
3.787608147326634247e-13
8.527431288897150950e-13
1.433693659364466286e-12
1.864324282740326346e-12
2.161903669902470403e-12
2.340809945266464569e-12
2.313483246222953384e-12
1.751198243629299532e-12
6.203843659941550199e-13
0.000000000000000000e+00
0.000000000000000000e+00
0.000000000000000000e+00
0.000000000000000000e+00
0.000000000000000000e+00
5.763976728904940715e-14
3.881205446570825813e-13
4.115304394225627327e-01
4.848414131503503493e-13
2.918581677349313329e-13
2.878879344239987557e-13
5.537863567066646087e-13
1.116248229910661104e-12
1.804302868648822781e-12
2.381549759164050009e-12
2.918004032689337070e-12
3.456498717793073535e-12
3.647744458970117925e-12
3.046415841993966728e-12
1.532743383709899759e-12
0.000000000000000000e+00
0.000000000000000000e+00
0.000000000000000000e+00
0.000000000000000000e+00
0.000000000000000000e+00
0.000000000000000000e+00
2.288436773791517446e-13
0.000000000000000000e+00
3.778539578688365969e-13
3.429147946355444455e-13
4.439142988947525393e-13
8.838782275324359134e-13
1.514364404385868862e-12
2.167210648901615201e-12
2.787963987830775761e-12
3.465146273776844537e-12
1.171889237468334221e-12
0.000000000000000000e+00
3.669151349822584242e-12
1.990036976908567944e-12
0.000000000000000000e+00
0.000000000000000000e+00
0.000000000000000000e+00
0.000000000000000000e+00
0.000000000000000000e+00
0.000000000000000000e+00
0.000000000000000000e+00
2.013355628280723229e-13
2.747749653705389562e-13
3.875942859684662289e-13
6.840607534493345151e-13
1.235010692115979221e-12
1.950658185960608251e-12
2.702011816722889860e-12
0.000000000000000000e+00
1.250734291491637184e-10
5.346078378082927407e-02
1.519687480209741539e-12
3.387403506073991566e-12
1.724320832268562603e-12
0.000000000000000000e+00
0.000000000000000000e+00
0.000000000000000000e+00
0.000000000000000000e+00
0.000000000000000000e+00
0.000000000000000000e+00
0.000000000000000000e+00
0.000000000000000000e+00
3.625718591686888182e-14
3.230164467569898817e-13
8.139487036241947541e-13
1.581857703899819508e-12
2.420191832850428541e-12
1.202508251897757008e-01
1.886287786303076364e-01
3.527955066168751016e-12
3.540089461831054239e-12
3.284570442160389954e-12
2.397996475438238174e-12
9.268435185287169970e-13
0.000000000000000000e+00
0.000000000000000000e+00
0.000000000000000000e+00
0.000000000000000000e+00
0.000000000000000000e+00
0.000000000000000000e+00
0.000000000000000000e+00
0.000000000000000000e+00
0.000000000000000000e+00
8.029224972228899343e-14
8.275388597087364526e-13
1.843431699211209498e-12
2.830440214912593350e-12
1.074223570941108125e-01
3.556678257285553538e-12
3.266540290984120786e-12
2.792100578028895606e-12
2.074853189784489898e-12
1.153332424131690659e-12
0.000000000000000000e+00
0.000000000000000000e+00
0.000000000000000000e+00
0.000000000000000000e+00
0.000000000000000000e+00
0.000000000000000000e+00
0.000000000000000000e+00
0.000000000000000000e+00
0.000000000000000000e+00
0.000000000000000000e+00
0.000000000000000000e+00
6.062273971192320881e-13
1.802340397340449542e-12
2.937058305385595088e-12
0.000000000000000000e+00
3.482201144678084429e-12
2.844575437950818456e-12
1.874111492162063875e-12
9.315367376845315767e-13
7.451950119675675525e-15
0.000000000000000000e+00
0.000000000000000000e+00
0.000000000000000000e+00
0.000000000000000000e+00
0.000000000000000000e+00
0.000000000000000000e+00
0.000000000000000000e+00
0.000000000000000000e+00
0.000000000000000000e+00
0.000000000000000000e+00
0.000000000000000000e+00
1.905105760445139294e-13
1.381611223069510404e-12
2.476671750203874564e-12
3.063934089982642243e-12
2.888205267471029093e-12
2.056530824372015217e-12
9.707110063089430668e-13
0.000000000000000000e+00
0.000000000000000000e+00
0.000000000000000000e+00
0.000000000000000000e+00
0.000000000000000000e+00
0.000000000000000000e+00
0.000000000000000000e+00
0.000000000000000000e+00
0.000000000000000000e+00
0.000000000000000000e+00
0.000000000000000000e+00
0.000000000000000000e+00
0.000000000000000000e+00
0.000000000000000000e+00
5.624858835690164020e-13
1.471946953405108641e-12
1.929768667988445349e-12
1.748344991286687695e-12
1.036841891213467550e-12
8.259084359946144560e-14
0.000000000000000000e+00
0.000000000000000000e+00
0.000000000000000000e+00
0.000000000000000000e+00
0.000000000000000000e+00
0.000000000000000000e+00
0.000000000000000000e+00
0.000000000000000000e+00
0.000000000000000000e+00
0.000000000000000000e+00
0.000000000000000000e+00
0.000000000000000000e+00
0.000000000000000000e+00
0.000000000000000000e+00
0.000000000000000000e+00
1.745685497959223688e-13
5.106380038054605536e-13
4.260213511320687720e-13
0.000000000000000000e+00
0.000000000000000000e+00
0.000000000000000000e+00
0.000000000000000000e+00
0.000000000000000000e+00
0.000000000000000000e+00
0.000000000000000000e+00
0.000000000000000000e+00
0.000000000000000000e+00
0.000000000000000000e+00
0.000000000000000000e+00
0.000000000000000000e+00
0.000000000000000000e+00
0.000000000000000000e+00
0.000000000000000000e+00
0.000000000000000000e+00
0.000000000000000000e+00
0.000000000000000000e+00
0.000000000000000000e+00
0.000000000000000000e+00
0.000000000000000000e+00
0.000000000000000000e+00
0.000000000000000000e+00
0.000000000000000000e+00
0.000000000000000000e+00
0.000000000000000000e+00
0.000000000000000000e+00
0.000000000000000000e+00
0.000000000000000000e+00
0.000000000000000000e+00
0.000000000000000000e+00
0.000000000000000000e+00
0.000000000000000000e+00
0.000000000000000000e+00
0.000000000000000000e+00
0.000000000000000000e+00
0.000000000000000000e+00
0.000000000000000000e+00
0.000000000000000000e+00
0.000000000000000000e+00
0.000000000000000000e+00
0.000000000000000000e+00
0.000000000000000000e+00
0.000000000000000000e+00
0.000000000000000000e+00
0.000000000000000000e+00
0.000000000000000000e+00
0.000000000000000000e+00
0.000000000000000000e+00
0.000000000000000000e+00
0.000000000000000000e+00
0.000000000000000000e+00
0.000000000000000000e+00
0.000000000000000000e+00
0.000000000000000000e+00
0.000000000000000000e+00
0.000000000000000000e+00
0.000000000000000000e+00
0.000000000000000000e+00
0.000000000000000000e+00
1.051887499283908761e-01
1.351806623970697001e-02
0.000000000000000000e+00
0.000000000000000000e+00
0.000000000000000000e+00
0.000000000000000000e+00
0.000000000000000000e+00
0.000000000000000000e+00
0.000000000000000000e+00
0.000000000000000000e+00
0.000000000000000000e+00
0.000000000000000000e+00
0.000000000000000000e+00
0.000000000000000000e+00
0.000000000000000000e+00
0.000000000000000000e+00
0.000000000000000000e+00
0.000000000000000000e+00
0.000000000000000000e+00
0.000000000000000000e+00
0.000000000000000000e+00
0.000000000000000000e+00
0.000000000000000000e+00
0.000000000000000000e+00
0.000000000000000000e+00
0.000000000000000000e+00
0.000000000000000000e+00
0.000000000000000000e+00
