#Upper limit for the Conditional distribution of mass given radius from initial fitting w/o bootstrap
-1.093664731538992241e+00
-1.004873379606996187e+00
-3.588786231007852767e-01
4.755420383857157651e-02
2.068523415728574510e-01
2.895201667233958109e-01
3.381309428087597713e-01
3.693174394297614738e-01
3.907791613091849969e-01
4.064748694561249320e-01
4.186282910594211204e-01
4.286070964938809014e-01
4.373455852916280362e-01
4.455664007225375034e-01
4.539086863581662801e-01
4.630115108596068452e-01
4.735762756232069770e-01
4.864200520972249975e-01
5.025249698652763941e-01
5.230819573644248655e-01
5.495147164376064097e-01
5.834420757960208093e-01
6.264799683606100400e-01
6.797068538413191252e-01
7.426651136937035824e-01
8.123361867099561096e-01
8.834346899037256451e-01
9.505741923017001493e-01
1.010336703851256734e+00
1.061550613213723571e+00
1.104470553090795448e+00
1.139977836322183080e+00
1.169125194349512009e+00
1.192934156372827070e+00
1.212320131869050632e+00
1.228073019140048183e+00
1.240860222187470496e+00
1.251238129880686278e+00
1.259666278149451868e+00
1.266521733742074884e+00
1.272112616180200773e+00
1.276690302257212917e+00
1.280460184008907598e+00
1.283591041108500974e+00
1.286223206555676235e+00
1.288475782190271035e+00
1.290453219661803042e+00
1.292251641778654481e+00
1.293965357674707217e+00
1.295694145533193620e+00
1.297552069959891474e+00
1.299678916614432689e+00
1.302255848784980907e+00
1.305527774460326418e+00
1.309836461881951797e+00
1.315671291169859591e+00
1.323750107539409804e+00
1.335154454368230326e+00
1.351571070707701328e+00
1.375764584207213259e+00
1.412633286483459205e+00
1.472075206396375791e+00
1.579379837253644281e+00
1.810319679227953449e+00
2.050271691412966391e+00
2.168842389088776468e+00
2.237704850147151703e+00
2.281992722312092159e+00
2.311760997300534637e+00
2.332197213947781123e+00
2.346405921131743622e+00
2.356400575379186790e+00
2.363537711859551749e+00
2.368744284787656529e+00
2.372654910332181011e+00
2.375702362542866819e+00
2.378179789238000108e+00
2.380284103028099008e+00
2.382146290457074489e+00
2.383852506777129232e+00
2.385458674944341162e+00
2.387000522111114797e+00
2.388500428058532243e+00
2.389972058960864842e+00
2.391423472743954726e+00
2.392859177473816601e+00
2.394281478738512270e+00
2.395691349015178329e+00
2.397088979419601085e+00
2.398474123289689786e+00
2.399846305504367727e+00
2.401204946808878748e+00
2.402549435502042474e+00
2.403879167348441204e+00
2.405193566869753941e+00
2.406492098067811281e+00
2.407774269247524135e+00
2.409039633846687511e+00
2.410287778018579186e+00
1.528940934821743536e+00
