#Akaike Information Criterion from bootstrap run
7.722217275604957649e+02
7.670180380344691002e+02
7.504482907510273435e+02
7.495777114130386281e+02
7.324617392253213666e+02
7.594979448986255193e+02
7.566922765787733169e+02
7.771419548741545213e+02
8.115314199648199747e+02
7.943725079258541655e+02
7.625473141561494685e+02
7.905751466326610171e+02
7.786620139141791697e+02
7.962372107598528146e+02
8.037805514520352972e+02
8.092259052552740286e+02
7.677819000945836478e+02
7.196073099349671338e+02
7.874216588726087593e+02
8.105727962734761149e+02
7.793774976206107112e+02
7.329969181540279806e+02
7.983800620501972389e+02
8.390131172015862830e+02
7.100339312112334937e+02
7.389550205130017275e+02
8.020057688553753223e+02
7.865302343893637271e+02
7.875531389825605402e+02
7.919380576932453550e+02
7.433534211630067148e+02
7.850310854875258428e+02
7.969276610667172918e+02
7.646999730326681401e+02
7.256380946780975592e+02
7.270120911916134219e+02
8.041281957965536549e+02
8.057110183672958783e+02
7.828093792575020871e+02
7.613536991317646425e+02
7.476312078553957008e+02
8.128370529816819499e+02
7.582101414502091075e+02
8.145543367178718199e+02
8.063054257827488982e+02
7.324026644813973235e+02
7.929338666623964400e+02
7.684900193010353178e+02
8.566137675337387236e+02
7.870692257223887509e+02
8.224616693237459231e+02
7.593999682665469209e+02
7.645565335656202706e+02
7.978928722889752407e+02
7.606650676737904178e+02
7.721940629282519239e+02
7.352779521928580380e+02
7.480487835447321459e+02
7.482151154463147122e+02
7.768642721701332903e+02
7.267563833130981266e+02
7.541749351277571805e+02
8.018908633095172718e+02
7.884873794308349488e+02
7.995022855508324255e+02
7.869220973667892167e+02
7.600779083589625316e+02
7.402520254176365597e+02
8.011441591922492762e+02
7.944515121680469747e+02
7.932146576682173418e+02
8.136820592987080545e+02
7.455757468444246570e+02
7.643866000807224736e+02
7.133795763394739424e+02
7.695006047037236385e+02
7.754112090133087349e+02
7.799819765673430538e+02
7.943028795024526971e+02
7.514542383233977034e+02
8.006384214284086056e+02
7.889919728399984251e+02
8.260329155065769555e+02
7.995710890539779712e+02
7.739238239083425697e+02
7.605216150713031311e+02
7.595027143074934202e+02
7.820657416158278465e+02
8.246195473949469488e+02
7.591910264605097609e+02
8.032680224140005976e+02
7.359558471608536365e+02
7.558487229822835616e+02
7.646986866493718935e+02
7.998141527100747226e+02
8.318114925984929187e+02
7.940617217789372262e+02
8.117475359569953071e+02
7.377098866883613937e+02
8.043571866986044370e+02
