#Unpadded weights for Beta densities from initial fitting w/o bootstrap
8.527512478694717279e-05
6.213024844125202878e-06
8.701973852329153864e-08
3.865199440240304176e-10
1.278533037605932778e-12
1.431114747437187138e-14
2.011028132655831388e-15
2.010206902318750279e-15
2.864055066683179439e-15
2.024677143626870565e-15
4.758356574874357632e-16
3.388860244146865902e-17
7.427200061156177485e-19
5.249783999328547252e-21
1.261299133556406546e-23
1.082980308583405321e-26
3.479148252125674423e-30
4.362384922428864922e-34
2.223653147084673092e-38
4.811749901712477004e-43
4.662788077995731309e-48
2.187143807309215201e-53
5.638023454171869162e-59
9.889866231597539253e-65
1.660483268133728578e-70
4.291771233952854467e-76
2.788753717780866392e-81
5.730145372105530062e-86
3.006427050155680703e-90
2.608677114108946021e-94
2.509198133297643419e-98
2.110544419624194381e-102
1.148203634448575717e-106
5.183278216139231175e-111
3.970165296762555104e-116
1.709440829480396293e-121
1.497180677326689870e-127
0.000000000000000000e+00
0.000000000000000000e+00
0.000000000000000000e+00
0.000000000000000000e+00
0.000000000000000000e+00
0.000000000000000000e+00
0.000000000000000000e+00
0.000000000000000000e+00
0.000000000000000000e+00
0.000000000000000000e+00
0.000000000000000000e+00
0.000000000000000000e+00
0.000000000000000000e+00
0.000000000000000000e+00
0.000000000000000000e+00
0.000000000000000000e+00
0.000000000000000000e+00
0.000000000000000000e+00
0.000000000000000000e+00
0.000000000000000000e+00
0.000000000000000000e+00
6.877455282124103793e-03
7.025723028399663691e-04
1.954611202820207575e-05
3.084534712149651868e-07
8.592742497005186197e-09
1.525724462974422157e-09
2.023780927899262360e-09
6.105200966961669605e-09
1.269563485480679806e-08
9.945217654305466596e-09
2.393457208914508981e-09
1.717357007545302624e-10
3.795815301964072903e-12
2.720830960410091533e-14
6.678642414903795455e-17
5.917218282049040238e-20
1.990799794586372413e-23
2.678505656164619209e-27
1.528787189010797076e-31
4.001890875555951004e-36
5.402018052669437503e-41
4.534303849264991885e-46
3.171792092895473156e-51
2.795025537508059453e-56
4.926438253086646159e-61
2.339077295746202377e-65
2.788141952640294457e-69
5.821593170863803421e-73
1.445737452192923525e-76
3.283877824701890010e-80
5.946593056007025342e-84
8.036340293911433305e-88
7.665947500745858863e-92
5.083963972816067170e-96
1.943395207161076276e-100
4.345432815671699516e-105
5.765924430281238849e-110
3.660561126519550483e-115
3.113606160585745169e-122
1.036486869801543997e-127
0.000000000000000000e+00
0.000000000000000000e+00
0.000000000000000000e+00
0.000000000000000000e+00
0.000000000000000000e+00
0.000000000000000000e+00
0.000000000000000000e+00
0.000000000000000000e+00
0.000000000000000000e+00
0.000000000000000000e+00
0.000000000000000000e+00
0.000000000000000000e+00
0.000000000000000000e+00
0.000000000000000000e+00
0.000000000000000000e+00
0.000000000000000000e+00
0.000000000000000000e+00
0.000000000000000000e+00
2.436083860213936452e-03
6.320244925090524402e-04
8.433337215826994737e-05
1.073305346479387184e-05
2.580140652678831848e-06
2.053140837255515210e-06
4.759942903542961077e-06
1.468771647662213304e-05
2.749739636656468308e-05
1.981915123908032896e-05
4.582124251620912969e-06
3.268802984397700782e-07
7.367349024036633922e-09
5.501352125917824860e-11
1.439238345213180709e-13
1.400890385242345910e-16
5.423959500985258209e-20
9.067755675437358753e-24
7.328031061203061468e-28
3.385647037655908363e-32
1.149835882203193508e-36
4.078682856131804115e-41
2.278446439694985234e-45
2.763034291853653123e-49
7.592083931737088701e-53
3.689405579938201890e-56
2.239535395293721744e-59
1.288871631872093507e-62
5.991503987488279156e-66
2.088245864736505855e-69
5.305513617258822293e-73
9.710559314328848233e-77
1.265502778988383013e-80
1.149536362115925774e-84
7.038175752938465975e-89
2.777098341367847094e-93
6.931956987171939885e-98
9.531221513012101124e-103
4.807216819830734276e-108
1.562503019864021501e-114
5.525190240899202523e-122
3.235191969941323964e-128
0.000000000000000000e+00
0.000000000000000000e+00
0.000000000000000000e+00
0.000000000000000000e+00
0.000000000000000000e+00
0.000000000000000000e+00
0.000000000000000000e+00
0.000000000000000000e+00
0.000000000000000000e+00
0.000000000000000000e+00
0.000000000000000000e+00
0.000000000000000000e+00
0.000000000000000000e+00
0.000000000000000000e+00
0.000000000000000000e+00
0.000000000000000000e+00
6.304370203613015612e-05
1.190000253055354914e-04
1.812785624282140765e-04
1.948844383220872710e-04
1.702450843210688656e-04
1.842941472136800426e-04
3.102139185966799428e-04
6.148798134308932056e-04
8.413153332084360265e-04
5.165071942431536051e-04
1.135087472578554587e-04
8.271895575886890179e-06
2.007413309403978322e-07
1.694465705936314519e-09
5.309030799330226955e-12
6.712410195187621604e-15
3.821765162152859790e-18
1.140379664961235939e-21
2.209665200679968934e-25
3.720110188502374298e-29
7.704640111400544469e-33
2.679925664607961585e-36
1.780833914544467291e-39
2.005527287912269782e-42
2.924835782536055867e-45
4.240226223627550074e-48
5.099398162736177185e-51
4.621122661881862757e-54
3.034741828335654136e-57
1.430601944895404498e-60
4.842131609053122295e-64
1.173954830387214883e-67
2.017096491610196154e-71
2.405278607145260243e-75
1.928791010246404624e-79
1.012864974925700858e-83
3.360987365758685770e-88
6.688283532790458881e-93
7.737204860807994578e-98
5.060285251819212759e-103
1.206707499223979798e-108
5.512123106491390684e-115
2.188976390637615685e-125
0.000000000000000000e+00
0.000000000000000000e+00
0.000000000000000000e+00
0.000000000000000000e+00
0.000000000000000000e+00
0.000000000000000000e+00
0.000000000000000000e+00
0.000000000000000000e+00
0.000000000000000000e+00
0.000000000000000000e+00
0.000000000000000000e+00
0.000000000000000000e+00
0.000000000000000000e+00
0.000000000000000000e+00
0.000000000000000000e+00
6.060485944916248964e-07
2.296509012446240535e-05
3.852748139489247650e-04
1.636366284133434004e-03
2.253945401123308868e-03
1.891871790224675023e-03
1.703750902774345483e-03
1.837030764971572978e-03
1.705126543604509664e-03
8.906552996803145973e-04
1.964920646721997398e-04
1.614996502939617726e-05
4.863174680473562919e-07
5.624411871906154047e-09
2.733673878879813659e-11
6.359674019169473517e-14
8.459243942072892517e-17
8.123607677549486602e-20
7.450551760611578414e-23
8.601619296307313979e-26
1.494332924708499123e-28
3.918056966422370799e-31
1.328096907672088435e-33
4.699477055553732742e-36
1.445057890935697779e-38
3.428262537661006959e-41
5.906820954854260214e-44
7.238131447777247599e-47
6.309795107707119715e-50
3.942289361991672012e-53
1.773958473476844469e-56
5.729863139763288176e-60
1.310641974881327454e-63
2.076612759491724054e-67
2.218014957186327201e-71
1.550336773944727533e-75
6.901965501371433175e-80
1.910973420281192018e-84
3.253011533597138690e-89
3.150821693100186880e-94
1.884963348310978199e-99
5.403887615327419428e-105
2.834342753009158538e-111
2.902725391378249755e-118
0.000000000000000000e+00
0.000000000000000000e+00
0.000000000000000000e+00
0.000000000000000000e+00
0.000000000000000000e+00
0.000000000000000000e+00
0.000000000000000000e+00
0.000000000000000000e+00
0.000000000000000000e+00
0.000000000000000000e+00
0.000000000000000000e+00
0.000000000000000000e+00
0.000000000000000000e+00
0.000000000000000000e+00
6.320852995153612763e-09
5.267694267785764555e-06
4.358061850881412192e-04
3.530407067558913922e-03
5.188204896519408270e-03
3.060824362542808024e-03
1.540209727991582881e-03
9.707566804520976903e-04
6.691326150023537474e-04
3.381658129132147418e-04
8.899493115801784739e-05
1.025045465614944647e-05
4.996643525902503827e-07
1.092764347904512535e-08
1.210634149625938655e-10
8.067507262146672566e-13
3.995584288225601904e-15
1.843601251870364288e-17
9.583634854886719778e-20
6.165719513640965059e-22
4.766543670249721657e-24
3.921357916267776477e-26
2.957255284058475431e-28
1.802507450637021282e-30
8.173648711974795954e-33
2.643383250382584963e-35
6.019847212785020549e-38
9.699154305842115845e-41
1.118535082478481847e-43
9.328035041072003293e-47
5.644023675515726933e-50
2.461977744012447593e-53
7.621929782249091875e-57
1.637561924728162476e-60
2.379833987347555533e-64
2.281865366855799455e-68
1.411194080611944836e-72
5.519797242583441092e-77
1.339939813406995196e-81
1.950629508489662105e-86
1.689572581638098327e-91
7.959418419349771678e-97
2.140275758186470908e-102
1.711505520316873019e-108
2.740658475555785579e-115
0.000000000000000000e+00
0.000000000000000000e+00
0.000000000000000000e+00
0.000000000000000000e+00
0.000000000000000000e+00
0.000000000000000000e+00
0.000000000000000000e+00
0.000000000000000000e+00
0.000000000000000000e+00
0.000000000000000000e+00
0.000000000000000000e+00
0.000000000000000000e+00
0.000000000000000000e+00
9.244651966494919614e-11
7.514103684215879266e-07
1.430128189912320427e-04
1.507838804928784060e-03
2.150790251452141741e-03
1.004618551058921241e-03
3.645226599363982165e-04
1.823297821441567147e-04
1.273453579398908157e-04
8.444916479217125954e-05
3.575137024889302439e-05
7.769394932403537012e-06
8.259012227305416604e-07
4.574342702726190282e-08
1.503111037510368619e-09
3.458558188135180684e-11
6.608883341291061962e-13
1.203538706226441325e-14
2.238624905445552665e-16
4.202591702685101339e-18
7.397038667602038684e-20
1.107153825876818926e-21
1.290114275552365947e-23
1.099922871086072123e-25
6.636333256891693221e-28
2.805969999949687256e-30
8.364493847137947870e-33
1.782307799681625347e-35
2.753776292303138833e-38
3.113422468602526070e-41
2.576801910630036813e-44
1.546846784837353365e-47
6.619047122660942321e-51
1.974177493163131783e-54
4.006249789981634734e-58
5.403109126033016804e-62
4.737221389080470778e-66
2.643200471657710991e-70
9.181563665891669408e-75
1.934295350493676639e-79
2.386932775318671319e-84
1.597350904962438434e-89
5.591118259832000955e-95
1.053807986906668895e-100
5.632939350623366235e-107
2.706308181915441947e-114
3.091819712365144518e-121
0.000000000000000000e+00
0.000000000000000000e+00
0.000000000000000000e+00
0.000000000000000000e+00
0.000000000000000000e+00
0.000000000000000000e+00
0.000000000000000000e+00
0.000000000000000000e+00
0.000000000000000000e+00
0.000000000000000000e+00
0.000000000000000000e+00
1.237107946895457466e-12
3.821425090026573294e-08
1.079504692006794298e-05
1.280003713607978742e-04
1.841248764470581321e-04
8.448648001573780123e-05
3.271450566322130920e-05
2.136739835239488054e-05
2.451193039505387313e-05
3.142381325626810156e-05
2.833767670624767472e-05
1.407771242247060841e-05
3.661777286960072683e-06
5.314859517099005163e-07
4.850458611128250398e-08
3.185776788762154514e-09
1.694385451069007821e-10
7.859716149798762624e-12
3.236851786020198732e-13
1.146775789296678318e-14
3.295700795056854925e-16
7.222015605295363203e-18
1.149577066509289216e-19
1.291716143840930574e-21
1.015115374381682349e-23
5.610869573932214979e-26
2.213321510996319684e-28
6.339329241562021305e-31
1.337110665918883900e-33
2.090907822618357864e-36
2.417161464817452140e-39
2.040778027296517028e-42
1.234334882566244271e-45
5.224990342598268193e-49
1.510294827493444147e-52
2.909099922506565858e-56
3.644542783720974898e-60
2.895527370601472500e-64
1.418336167719837197e-68
4.136146296405937355e-73
6.916379708518811994e-78
6.310240565818554595e-83
2.946580657324064856e-88
6.217770081444798733e-94
6.495269295487826924e-100
1.965536813163760451e-106
4.144089283576613593e-114
4.401239792041026512e-121
0.000000000000000000e+00
0.000000000000000000e+00
0.000000000000000000e+00
0.000000000000000000e+00
0.000000000000000000e+00
0.000000000000000000e+00
0.000000000000000000e+00
0.000000000000000000e+00
0.000000000000000000e+00
0.000000000000000000e+00
8.950007318093216843e-15
5.487314212246215038e-10
1.875356155928715518e-07
2.428617218818556035e-06
3.915211658743144307e-06
2.341246669638011385e-06
1.565026598729915369e-06
2.339143640139090528e-06
6.867543696114797533e-06
2.171351223733987616e-05
4.519686147729530106e-05
4.992404578435210411e-05
2.865263295209511079e-05
9.222576795549698345e-06
1.864296244495714828e-06
2.648463430728377543e-07
2.881988062092434189e-08
2.512620787657074564e-09
1.759887606057835626e-10
9.632886699841750692e-12
3.957779818687116624e-13
1.175998961892719856e-14
2.465124613802038953e-16
3.611149977820927052e-18
3.713521312193451792e-20
2.719890019220405752e-22
1.446385231213311925e-24
5.687941040809620341e-27
1.674998773466205378e-29
3.706240132487873994e-32
6.119704379970685349e-35
7.421166815947245848e-38
6.462827908346894933e-41
3.938438076102441967e-44
1.634457072533588683e-47
4.493658050258753662e-51
7.955831455961500755e-55
8.799655095955974598e-59
5.877238141348287228e-63
2.279913671680638702e-67
4.916981641282357263e-72
5.597046222150578216e-77
3.202609084338426827e-82
8.579859676643032532e-88
9.785599199890721072e-94
4.623951266176101267e-100
6.500478277419705178e-107
9.963289180219400709e-115
3.253205648262227250e-122
0.000000000000000000e+00
0.000000000000000000e+00
0.000000000000000000e+00
0.000000000000000000e+00
0.000000000000000000e+00
0.000000000000000000e+00
0.000000000000000000e+00
0.000000000000000000e+00
0.000000000000000000e+00
2.619943800963054272e-17
2.182430273156021128e-12
8.297131181623743913e-10
1.215354334750582218e-08
2.595536269737443406e-08
2.892857089809621838e-08
5.544088582007053826e-08
2.920195084129572607e-07
2.657158273543786140e-06
2.065083258769196013e-05
8.988661807610619171e-05
1.922619749172806342e-04
2.079064926698670859e-04
1.248992013710450402e-04
4.652184422373653567e-05
1.183489317365580306e-05
2.198315561879775216e-06
3.074515752485822656e-07
3.235270628964331089e-08
2.510682823322731176e-09
1.400720332416032152e-10
5.505855446105910675e-12
1.511034372294172235e-13
2.905097106624363153e-15
3.967446185952562762e-17
3.928117430662363290e-19
2.881620969714750449e-21
1.594418578431642574e-23
6.716920902018550238e-26
2.151315280477298260e-28
5.173896204873285303e-31
9.146593418146472830e-34
1.156782332534815089e-36
1.015683191375310783e-39
6.002055695466703396e-43
2.313151229649063372e-46
5.628372180109261222e-50
8.353532947002483095e-54
7.285294181467005099e-58
3.582932406730112303e-62
9.497195093394775261e-67
1.291021570150645255e-71
8.521720614413336470e-77
2.594213165449882607e-82
3.410312277859626790e-88
1.754994771499492438e-94
3.346001013413381758e-101
9.499909374827894567e-109
1.495799257743854626e-116
0.000000000000000000e+00
0.000000000000000000e+00
0.000000000000000000e+00
0.000000000000000000e+00
0.000000000000000000e+00
0.000000000000000000e+00
0.000000000000000000e+00
0.000000000000000000e+00
0.000000000000000000e+00
3.017742180275471449e-20
2.655884549951797490e-15
1.093599367586566171e-12
1.983742533031124790e-11
7.214862637042914578e-11
2.306476048750750545e-10
1.927940683150807874e-09
4.175087802621027841e-08
1.090710081293649415e-06
1.798540129991067513e-05
1.420476420169504981e-04
5.188344269892230859e-04
9.411555888672091695e-04
9.423080815955319715e-04
5.780081533783497068e-04
2.362196828145795592e-04
6.788919459215415778e-05
1.404832358347529340e-05
2.093364313548518817e-06
2.219007188668509828e-07
1.650566267872950621e-08
8.552255995725148133e-10
3.095329746811178103e-11
7.928876839458670823e-13
1.467934354996880229e-14
2.012791485234695135e-16
2.090406458815711817e-18
1.669475011001206128e-20
1.029408478378011565e-22
4.859097767402949719e-25
1.721389868556220733e-27
4.450232797067401517e-30
8.125878061574611316e-33
1.012465490467463238e-35
8.315211465799886789e-39
4.348685801213724450e-42
1.398493804249268526e-45
2.666906532531673358e-49
2.901872861091735463e-53
1.727936516168250991e-57
5.390921941807026341e-62
8.406780223690074320e-67
6.234872513559770669e-72
2.078560608987081681e-77
2.944120271317530546e-83
1.676603702084398965e-89
3.480554759909658456e-96
1.650697998777047186e-103
1.614066566514623118e-111
1.497330483229314557e-119
0.000000000000000000e+00
0.000000000000000000e+00
0.000000000000000000e+00
0.000000000000000000e+00
0.000000000000000000e+00
0.000000000000000000e+00
0.000000000000000000e+00
0.000000000000000000e+00
1.709773721634455533e-23
1.216809762171193741e-18
5.414911773476613293e-16
1.427134347336152708e-14
1.258795352694978861e-13
1.778146119956643289e-12
7.783235907784589232e-11
6.083735447678704679e-09
3.691006065483788884e-07
1.094636310155449128e-05
1.399536658787615875e-04
8.012475463052066331e-04
2.264404123784798193e-03
3.522203869139773399e-03
3.322971982630108009e-03
2.046528537077021894e-03
8.611811349125993555e-04
2.526747891975875842e-04
5.183338117054872747e-05
7.397800385169598598e-06
7.318229162862208379e-07
5.034074475108042473e-08
2.438429528583688121e-09
8.495116675723834527e-11
2.185485442477325482e-12
4.262840419822902685e-14
6.434559195955651664e-16
7.588199813864253654e-18
6.961645235834444905e-20
4.881088591880607801e-22
2.542132820829433918e-24
9.496451108407895602e-27
2.450504136950481326e-29
4.206443885282184630e-32
4.630672516000043284e-35
3.154824933248004259e-38
1.283911250210846458e-41
3.010487897495751809e-45
3.916622349418781334e-49
2.717284050299450520e-53
9.641357317241115244e-58
1.673585727367673861e-62
1.355436714595116320e-67
4.836460345951224628e-73
7.259524471806351915e-79
4.323641055721849653e-85
9.511139840915471362e-92
7.263705648635561346e-99
8.533668066913687959e-107
4.257951445552382192e-115
0.000000000000000000e+00
0.000000000000000000e+00
0.000000000000000000e+00
0.000000000000000000e+00
0.000000000000000000e+00
0.000000000000000000e+00
0.000000000000000000e+00
0.000000000000000000e+00
8.279147451207543848e-27
3.102848671441259557e-22
1.480342533565793555e-19
7.175491298960209991e-18
2.300320174087109396e-16
1.851295928930951035e-14
3.700178567624021266e-12
7.773941146128862659e-10
8.757948938680134742e-08
4.093226248885147280e-06
7.818596227574778389e-05
6.623323955586937241e-04
2.776062890509519571e-03
6.406066677752017026e-03
8.901558080770239842e-03
7.950327093779975193e-03
4.749613883028969141e-03
1.934126813409918835e-03
5.400542077029305823e-04
1.035902741537150182e-04
1.371923711999154137e-05
1.270429922396836904e-06
8.402119741559283281e-08
4.080181447770789519e-09
1.498576866940601702e-10
4.269645175580834805e-12
9.578964807006429213e-14
1.692924705221973869e-15
2.321685890881989907e-17
2.402123379901588930e-19
1.807486074636087536e-21
9.498844967519657810e-24
3.347881709096191920e-26
7.613231616672096965e-29
1.077090931834323787e-31
9.156638475758646239e-35
4.520846465058616102e-38
1.252388200634804077e-41
1.878495231441250577e-45
1.469617984320245914e-49
5.765357999473012326e-54
1.087503194934140317e-58
9.448918843620376759e-64
3.608858905893180706e-69
5.765171231532605214e-75
3.630013236700244864e-81
7.792292520587529112e-88
5.914973540869881674e-95
1.216036636091154678e-102
3.508268382701902202e-111
8.404635807975753563e-120
0.000000000000000000e+00
0.000000000000000000e+00
0.000000000000000000e+00
0.000000000000000000e+00
0.000000000000000000e+00
0.000000000000000000e+00
0.000000000000000000e+00
8.964340067024912416e-30
9.048515716294517638e-26
4.309479941199577661e-23
4.880517687637111645e-21
7.318173759001732232e-19
2.990204112489990345e-16
1.862896686392527566e-13
7.651634918226066944e-11
1.336899689917033401e-08
8.954155349936793969e-07
2.415598963502360282e-05
2.908442256074588849e-04
1.748214399301485861e-03
5.808908545283583691e-03
1.158177535564688249e-02
1.468453179396191077e-02
1.226622541861180880e-02
6.875240497345802906e-03
2.610192947170257485e-03
6.769461066174013155e-04
1.215649111449811364e-04
1.544250415309345747e-05
1.427961810305432336e-06
9.925914159415128491e-08
5.342529349753106394e-09
2.272211781760012996e-10
7.677809975039271251e-12
2.037386956532409857e-13
4.132984056761683008e-15
6.172721344972712514e-17
6.503777265631826713e-19
4.630173507491911739e-21
2.138348637655526032e-23
6.171325937425032789e-26
1.075403260992254764e-28
1.095416771993454041e-31
6.318883315798999390e-35
1.999128927195186575e-38
3.355616326985831737e-42
2.886150086852827861e-46
1.226160739565005053e-50
2.475493984055936080e-55
2.280314103891102997e-60
9.165947708709898656e-66
1.541806723224187739e-71
1.032170002894205287e-77
2.594625454025390155e-84
1.698188313225374841e-91
3.972383087518696695e-99
1.531584537390127405e-107
2.170750049779352504e-116
0.000000000000000000e+00
0.000000000000000000e+00
0.000000000000000000e+00
0.000000000000000000e+00
0.000000000000000000e+00
0.000000000000000000e+00
0.000000000000000000e+00
6.239640117498267624e-32
8.870403220859939704e-29
3.410545954422844152e-26
9.169382730035034368e-24
5.382416769223615128e-21
6.912895397126243537e-18
8.571023534858234934e-15
5.302556731810410328e-12
1.262823113476915759e-09
1.134590633497725418e-07
4.158418221995747999e-06
6.929118819454269747e-05
5.852111070370833844e-04
2.754352308244358265e-03
7.778215131497337974e-03
1.387060547490915133e-02
1.611844482222142202e-02
1.243298736308587511e-02
6.452162958841945080e-03
2.288012095045336911e-03
5.667303158329919108e-04
1.009737655741051112e-04
1.338998769389810464e-05
1.366345946034338253e-06
1.100365221789971674e-07
7.069162267919546873e-09
3.596283821688734582e-10
1.413428407396456794e-11
4.133647252607964751e-13
8.606664267789690760e-15
1.219287634729926932e-16
1.126190155977317464e-18
6.525932488695777133e-21
2.292415284332413777e-23
4.731811371605992993e-26
5.573055075200376854e-29
3.638851930059142368e-32
1.279072363604010629e-35
2.347577755466244344e-39
2.178653629652969381e-43
9.883424965385885701e-48
2.115042920468884931e-52
2.058205444433371532e-57
8.768649266593885287e-63
1.571999734354663028e-68
1.139308994943982370e-74
3.228529426104661118e-81
3.405289257535386808e-88
1.248710066823769559e-95
2.303584871638439124e-104
1.877766187373547403e-113
0.000000000000000000e+00
0.000000000000000000e+00
0.000000000000000000e+00
0.000000000000000000e+00
0.000000000000000000e+00
0.000000000000000000e+00
0.000000000000000000e+00
3.726965656782361297e-33
7.210942738664751838e-31
1.635493941330737546e-28
6.964229049183960947e-26
8.606860540819103974e-23
1.889290120166017084e-19
3.191540164026206096e-16
2.467116548436061188e-13
7.331511534683296905e-11
8.453261068094780368e-09
4.108696816516555667e-07
9.342071984772793797e-06
1.099070496131471713e-04
7.286627063999467132e-04
2.904074356148787523e-03
7.271132946797877541e-03
1.176414703842035975e-02
1.254389966719610637e-02
8.981006054190462592e-03
4.419016668015231242e-03
1.540040786638690066e-03
3.939685950179092045e-04
7.672555378404599929e-05
1.172135201295673569e-05
1.427526013958173743e-06
1.382586168436023091e-07
1.042340150197444442e-08
5.898760538483896776e-10
2.396006704653729475e-11
6.665321964540423581e-13
1.214694421223350519e-14
1.393783811021535177e-16
9.727181566478220909e-19
4.005542030187548436e-21
9.468356892703903592e-24
1.251691937672974586e-26
9.017526029599305456e-30
3.447549480624572038e-33
6.803300172343371975e-37
6.731027464968531940e-41
3.239198579484957459e-45
7.350232084371924984e-50
7.621876887757994423e-55
3.507663714142729600e-60
6.966297106604938190e-66
5.844083010879617027e-72
2.027641506017619219e-78
2.912278215882377703e-85
1.727138987758270274e-92
3.983696250281475252e-100
5.754623631290411622e-111
3.171448086462131168e-120
0.000000000000000000e+00
0.000000000000000000e+00
0.000000000000000000e+00
0.000000000000000000e+00
0.000000000000000000e+00
0.000000000000000000e+00
9.492096538112314174e-34
4.413847999528677104e-32
4.852219358434196577e-30
1.786273970046914380e-27
2.287153480870774869e-24
5.143467731311877415e-21
9.015642946608802132e-18
7.656192580014838276e-15
2.673693267918253899e-12
3.848147200830519041e-10
2.451888992726177761e-08
7.582068648734589102e-07
1.243030443713490791e-05
1.162445894138061946e-04
6.546774313738412633e-04
2.305027200900533479e-03
5.209282190873432486e-03
7.730073721540622889e-03
7.724191655212083417e-03
5.362599992363668681e-03
2.684716728054508793e-03
1.007898398282899193e-03
2.936220143808193454e-04
6.782017413644176847e-05
1.245703158798106726e-05
1.788577821289941313e-06
1.940317194485239697e-07
1.521327229134888301e-08
8.218272478382024463e-10
2.921627589200446820e-11
6.561307277812870366e-13
8.987256245307882066e-15
7.286691006901751751e-17
3.406906931346850690e-19
8.969902686025796126e-22
1.299899016040473788e-24
1.013460654335212064e-27
4.152168961042995188e-31
8.724363045777495507e-35
9.168971245521519727e-39
4.700905472909442224e-43
1.148137075711222740e-47
1.308522230147194545e-52
6.856325001938187877e-58
1.642672349310284576e-63
1.797962026662664912e-69
9.270524838008612534e-76
2.357063081015141189e-82
2.788164416227759109e-89
1.669143216611409066e-96
4.726442849378880566e-104
3.612929786151578490e-118
0.000000000000000000e+00
0.000000000000000000e+00
0.000000000000000000e+00
0.000000000000000000e+00
0.000000000000000000e+00
0.000000000000000000e+00
4.281599817364611769e-34
8.505471053140122352e-33
4.572763038647634225e-31
9.627871413115170091e-29
7.805848722621865204e-26
1.274657918957485604e-22
1.922399090347802703e-19
1.635982170166524361e-16
6.438937375416050114e-14
1.138808925957853275e-11
9.490699807649210286e-10
4.005950943668535611e-08
9.194748684970856697e-07
1.216828815810004016e-05
9.699174543610779948e-05
4.808649164612156823e-04
1.523205809493374373e-03
3.169625539443593227e-03
4.477581859970540534e-03
4.463627060452701398e-03
3.273430297590084435e-03
1.834612237200366341e-03
8.071021813748970606e-04
2.811432218086298146e-04
7.660777188900794545e-05
1.583632472560582603e-05
2.378974789636930589e-06
2.475228360064756195e-07
1.701955574220793484e-08
7.414998215332724246e-10
1.974842676596583733e-11
3.120472627177368717e-13
2.852598582772909296e-15
1.475932725851532890e-17
4.236083499745072118e-20
6.614720437604829408e-23
5.511791134584768761e-26
2.403277159286590559e-29
5.377535144793801506e-33
6.061788759869076298e-37
3.388278302662247923e-41
9.290741401345955267e-46
1.246968591819669333e-50
8.278133982209481731e-56
2.792211168763225168e-61
5.001016666159551328e-67
5.021507915895364997e-73
2.818393684912350397e-79
9.411668955915451204e-86
1.532650184450602037e-92
1.539921567215557547e-99
4.642463490019321528e-107
0.000000000000000000e+00
0.000000000000000000e+00
0.000000000000000000e+00
0.000000000000000000e+00
0.000000000000000000e+00
0.000000000000000000e+00
1.944826374976609949e-34
2.320155682866506918e-33
6.814990050220243103e-32
7.181982488592130438e-30
2.922375547553985012e-27
2.832463042899131856e-24
3.227097114397527981e-21
2.565899188470648151e-18
1.103405265703264943e-15
2.377381140932357138e-13
2.596718286288542140e-11
1.503408125966781510e-09
4.846840065285674150e-08
9.079211235403398835e-07
1.022649441637544514e-05
7.134301297134894120e-05
3.176832194134017007e-04
9.347679733764086398e-04
1.892603125521574985e-03
2.755327186774400756e-03
3.007458601882691002e-03
2.540684662114119259e-03
1.685527421678632582e-03
8.723600092494364789e-04
3.430358303166551105e-04
9.839616371351579129e-05
1.963260060255547673e-05
2.598270262185835306e-06
2.184551240146167508e-07
1.124762100594966446e-08
3.440817896231506026e-10
6.101749873653697167e-12
6.144974313429039982e-14
3.452389304870923822e-16
1.064629000035052117e-18
1.774479254817809541e-21
1.575208835645786433e-24
7.346348009560818342e-28
1.779600661233140273e-31
2.223380041043256784e-35
1.433060575280308362e-39
4.820694436386036436e-44
8.694865088857387952e-49
8.791145509234941494e-54
5.289381267025719534e-59
2.012874191244264014e-64
5.034347919674242831e-70
8.177287139141165187e-76
7.175296137216363040e-82
3.070902607370293622e-88
6.506414202566160559e-95
4.025844876117268107e-102
0.000000000000000000e+00
0.000000000000000000e+00
0.000000000000000000e+00
0.000000000000000000e+00
0.000000000000000000e+00
0.000000000000000000e+00
6.595306811439439123e-35
5.651229793079532363e-34
1.030638493788158867e-32
5.650734845071522386e-31
1.100925564699089946e-28
5.771105177187434777e-26
4.558661743087547648e-23
3.208157735053796900e-20
1.470439232086252121e-17
3.833449095561777991e-15
5.489854474361266960e-13
4.360906276525917075e-11
1.968929308954345448e-09
5.191209289368699734e-08
8.216373177800676333e-07
8.047016486536024552e-06
5.054251528497469449e-05
2.123391202760325971e-04
6.250323946333495194e-04
1.348890804951270945e-03
2.214091663728835844e-03
2.821056612945480567e-03
2.788135677750034659e-03
2.091662357930287180e-03
1.147002969271868327e-03
4.389444887034058451e-04
1.117605893841324284e-04
1.811689430370699332e-05
1.800679232221650121e-06
1.064131981424344713e-07
3.648497288032268523e-09
7.117029546816067197e-11
7.773710165691861071e-13
4.691073657826811321e-15
1.545948286950167159e-17
2.754913639514949695e-20
2.634701331855209634e-23
1.347200202220243187e-26
3.692329226318996001e-30
5.491188621073017081e-34
4.548553616241931055e-38
2.191328337841156160e-42
6.519288215101490014e-47
1.282354266657724706e-51
1.766894699147269293e-56
1.737673446691537871e-61
1.174864454321050145e-66
4.913527923005665457e-72
1.086224260039733180e-77
9.052141422706013161e-84
2.717232423799722934e-90
2.884206301544008594e-97
5.072184969911519755e-105
0.000000000000000000e+00
0.000000000000000000e+00
0.000000000000000000e+00
0.000000000000000000e+00
0.000000000000000000e+00
1.416717910857870397e-35
9.670886833015492425e-35
1.230298081949679523e-33
3.918309361342085994e-32
3.892816875398441675e-30
1.097015570796677292e-27
5.767510149878633998e-25
3.464584181177370936e-22
1.659313317575136204e-19
5.189033498554971242e-17
9.687181329896596430e-15
1.047515498580778587e-12
6.553594302387166150e-11
2.405670969037726737e-09
5.309677155143514320e-08
7.289862523234352176e-07
6.496021520520934863e-06
3.943041278458222511e-05
1.711687011459426004e-04
5.539080787346898661e-04
1.371687657221364260e-03
2.613317899204843382e-03
3.767890296395485714e-03
3.973177840487348601e-03
2.930402558545679246e-03
1.441487357871785785e-03
4.522403284415322383e-04
8.706286820764610394e-05
9.966497372408089877e-06
6.618906789078638135e-07
2.502276497354449390e-08
5.307795886468333666e-10
6.248270253197872306e-12
4.049199170144333539e-14
1.437193531405678637e-16
2.790012550196969440e-19
2.974823655162237099e-22
1.764197719165426760e-25
5.964791490274953977e-29
1.197337687912694049e-32
1.512098407982595951e-36
1.289873102714771483e-40
7.972751223734214462e-45
3.738222253467303327e-49
1.324826581340996052e-53
3.322063420115573960e-58
5.221746652720164034e-63
4.377776960830301942e-68
1.658198862141721483e-73
2.350970790877967036e-79
8.484210586588598869e-86
9.867630091656683428e-93
2.363446121859728912e-100
1.308918439926995390e-108
0.000000000000000000e+00
0.000000000000000000e+00
0.000000000000000000e+00
0.000000000000000000e+00
1.748628679019146398e-36
1.018303404481672505e-35
9.960218112401526948e-35
2.088829079441603364e-33
1.189296920313783007e-31
1.913961588911805159e-29
6.742882312312875142e-27
3.412791634778637532e-24
1.685960936698908452e-21
6.254763515996576069e-19
1.503254447492129101e-16
2.179840972270856811e-14
1.860936547444516347e-12
9.396527244825887784e-11
2.876370784739382838e-09
5.550828777326588547e-08
7.088276761825933195e-07
6.304432947282845818e-06
4.088829832115547678e-05
1.996509154971870667e-04
7.424305812652665830e-04
2.079681389403279911e-03
4.257830387443259541e-03
6.106173300009181022e-03
5.852052238197663799e-03
3.582312441462869989e-03
1.346379433118935660e-03
3.008208931457057598e-04
3.896871215766271949e-05
2.872747904710826832e-06
1.189237043638480698e-07
2.740114033924271720e-09
3.496803013339371435e-11
2.469897102282680782e-13
9.700453337592510776e-16
2.143962274916490867e-18
2.727167081866089699e-21
2.071015575365422325e-24
9.906379728558104198e-28
3.200194546130768354e-31
7.542320615240468106e-35
1.385456955960098036e-38
2.043788571605616374e-42
2.358639205887781808e-46
1.954774993463870278e-50
1.020896102786362313e-54
2.884229232105673091e-59
3.728477713119028862e-64
1.926330802293897872e-69
3.386846918463314282e-75
1.766303563099919630e-81
1.666818980516541019e-88
4.633550938545064226e-96
2.566142807194752261e-104
0.000000000000000000e+00
0.000000000000000000e+00
0.000000000000000000e+00
0.000000000000000000e+00
1.171329619355292357e-37
6.107558810195436232e-37
4.960079544909985000e-36
7.675360130892616388e-35
2.854301657541516152e-33
2.901728219384237874e-31
7.194946075747954703e-29
3.110103614830311118e-26
1.581087242637916606e-23
6.888403907393178575e-21
2.099420812372262046e-18
4.014735604574441132e-16
4.611426155427597611e-14
3.178660253213269777e-12
1.350733102674759238e-10
3.697441011946544325e-09
6.864315306890521748e-08
9.079001852749487538e-07
8.880104751891822234e-06
6.537617631471902887e-05
3.604146991090970381e-04
1.449983407216683942e-03
4.090086389963258455e-03
7.723876335865157046e-03
9.330071585766970196e-03
6.923781444486658797e-03
3.053711896551258766e-03
7.802917531823527634e-04
1.133912012201867929e-04
9.255020293608375628e-06
4.212468191804332563e-07
1.066886527266045605e-08
1.508465496596450470e-10
1.202591471976932410e-12
5.509608061156020002e-15
1.496619901439334216e-17
2.525933910889566827e-20
2.823744314152787013e-23
2.259409297712672047e-26
1.400078302776809176e-29
7.123933361266308087e-33
3.019520630124197332e-36
1.020516625145887390e-39
2.494825196446693657e-43
3.864318909869728800e-47
3.279028129838173907e-51
1.321534700027260683e-55
2.213833098425826032e-60
1.360358665542976540e-65
2.606200166818000004e-71
1.442611695020355955e-77
2.008180914075931698e-84
3.896382110167906870e-92
2.157885617035917614e-100
1.612825780530153328e-109
0.000000000000000000e+00
0.000000000000000000e+00
0.000000000000000000e+00
4.143036147568340173e-39
2.002684531005341900e-38
1.431244991554655036e-37
1.792874775407515934e-36
4.914303814199102118e-35
3.540775502768735560e-33
6.676997177548232544e-31
2.560047084103712998e-28
1.354638547540991868e-25
6.904881288361888362e-23
2.639751166050449163e-20
6.581814384067937246e-18
1.010490674319097722e-15
9.520348202740586584e-14
5.669333092907645395e-12
2.235372716672445102e-10
6.134837975107389611e-09
1.221562584975180976e-07
1.806936507636856532e-06
1.987258989105266678e-05
1.591230667305662235e-04
8.939071981555503366e-04
3.367895198668868773e-03
8.130010737925685849e-03
1.206767970598080636e-02
1.064658251006272462e-02
5.439161759913505902e-03
1.579531117389394333e-03
2.576664440190224326e-04
2.347553619547032951e-05
1.194677691779477666e-06
3.418220341304505841e-08
5.578448541693650044e-10
5.322317088964756140e-12
3.083764967439113402e-14
1.145505122893464434e-16
2.927632415664593979e-19
5.583776199572539608e-22
8.584862488234164567e-25
1.119275904709938308e-27
1.240906845844733936e-30
1.108449909160034482e-33
7.205413303062988269e-37
2.994642146115789988e-40
6.941040524786172778e-44
7.875987653070980330e-48
3.884051860115111378e-52
7.466597188246595039e-57
5.045702313904617643e-62
1.078948004600783935e-67
6.574325910537800858e-74
7.992139629272298479e-81
1.981371132841882622e-88
7.911932625974179667e-97
5.913459366079266046e-106
0.000000000000000000e+00
0.000000000000000000e+00
0.000000000000000000e+00
7.724114102902519113e-41
3.547858894722705286e-40
2.328343778005999981e-39
2.534810784222994335e-38
5.664145887264230984e-37
3.229322991805335708e-35
5.065593828407573121e-33
1.820598988248863922e-30
1.028780096666371206e-27
6.178373209928855546e-25
2.959733512995281002e-22
9.613080450173624102e-20
1.981148429760542609e-17
2.580054717860464197e-15
2.189678738492981498e-13
1.266910248715155908e-11
5.216760144738393388e-10
1.573005338388316965e-08
3.496937656590535746e-07
5.641774514107046764e-06
6.387458937984910276e-05
4.858850401092627814e-04
2.372764408018382832e-03
7.134434691135504991e-03
1.275747265015492529e-02
1.321043381886846148e-02
7.775429004582854429e-03
2.571975514281137423e-03
4.759266020388036806e-04
4.936193649823383703e-05
2.895826419368919368e-06
9.780475905975201416e-08
1.956932955839183638e-09
2.419987675718344265e-11
1.960539437053101712e-13
1.119728589958126485e-15
4.890291714029983314e-18
1.758129869502401775e-20
5.440021450512401234e-23
1.443826596660402309e-25
3.105199301908116864e-28
4.897190094777086361e-31
5.007271439319283683e-34
2.921836048130388530e-37
8.629852383397578132e-41
1.157943875529280702e-44
6.404749817726411444e-49
1.334095382371888592e-53
9.580763970109424796e-59
2.163795560981548665e-64
1.387975837444610937e-70
2.258198273405212741e-77
4.503097021272515343e-85
1.282493918952172778e-93
9.585490720775220763e-103
0.000000000000000000e+00
0.000000000000000000e+00
0.000000000000000000e+00
7.786449230026922586e-43
3.455654762887784354e-42
2.146033859435410344e-41
2.139204842535126227e-40
4.216947902183659076e-39
2.093133357961864859e-37
2.984677836068431941e-35
1.071913384474841428e-32
6.712357825189407045e-30
4.838278618061214862e-27
2.935041590908080018e-24
1.254881594202591835e-21
3.522146472565494204e-19
6.460241129097168688e-17
7.973585924941337350e-15
6.884979203144892983e-13
4.289408601309687338e-11
1.951345173577740692e-09
6.414629158776362087e-08
1.479213435896601198e-06
2.295656903150055384e-05
2.292083035205169119e-04
1.411522540833764616e-03
5.174905082380614092e-03
1.099278980452193279e-02
1.327951279350620024e-02
9.024025757908362561e-03
3.437023686062070857e-03
7.362357219150657186e-04
8.967578139823008127e-05
6.335536124027845269e-06
2.677484898812314494e-07
7.074542716145646029e-09
1.239851761300575143e-10
1.549644626532303509e-12
1.494033975949903798e-14
1.191014344324106498e-16
8.176781364522666977e-19
4.813178910123772615e-21
2.301883564082911330e-23
8.147943863929237026e-26
1.903661621587000659e-28
2.607726462142595016e-31
1.874036945584867111e-34
6.395745016720097501e-38
9.486950424808688044e-42
5.641367525963268824e-46
1.245519493333772091e-50
9.453254915119851319e-56
2.273202413436305928e-61
1.588299297258578780e-67
2.879602817639278121e-74
1.173628966221300473e-81
1.689174086455480096e-90
6.948614245415145717e-100
0.000000000000000000e+00
0.000000000000000000e+00
0.000000000000000000e+00
4.525680386948252368e-45
1.958141829699268921e-44
1.172491217363305400e-43
1.108804700558960520e-42
2.042913031958342034e-41
9.526616913329799026e-40
1.335442173424805283e-37
5.104468061298869074e-35
3.693964816002584513e-32
3.280614456909656721e-29
2.568971708051194647e-26
1.473067615658310585e-23
5.747997746083018912e-21
1.516912102993045298e-18
2.773152951231991656e-16
3.611048818698511159e-14
3.399236474537900830e-12
2.300033831627134336e-10
1.090423906796695401e-08
3.483479043418266436e-07
7.174122520500034052e-06
9.129775546443248365e-05
6.925823942917579525e-04
3.046896112290789407e-03
7.629345740345965139e-03
1.076044653392527022e-02
8.524916837480554094e-03
3.811368727337795335e-03
9.735715654072793794e-04
1.451193417718500559e-04
1.302802503965852949e-05
7.360933069917826167e-07
2.772117409834584205e-08
7.455318863283393917e-10
1.541107759375463777e-11
2.612327687020489917e-13
3.774294892106726361e-15
4.639153721070104736e-17
4.630052671103353527e-19
3.452549151686323285e-21
1.733412860861104167e-23
5.253880856292235676e-26
8.669732427973030435e-29
7.099357798266113189e-32
2.658039842765790200e-35
4.228550905924056316e-39
2.670811228672554512e-43
6.273569265975494741e-48
5.131718465393380891e-53
1.365646230651718421e-58
1.097150541445072512e-64
2.458633838830022603e-71
1.365335027071916192e-78
1.534795613129574423e-86
2.273748195636786506e-97
1.639394794407468628e-107
0.000000000000000000e+00
0.000000000000000000e+00
1.737169040065746599e-47
7.314637001794476829e-47
4.242870419131291549e-46
3.870142171754476685e-45
6.892003795383541519e-44
3.174372678859839309e-42
4.628925226673111701e-40
1.978553375619868777e-37
1.715491933614584296e-34
1.925898386483747335e-31
1.988662629899379320e-28
1.561747134753666082e-25
8.653485590769419643e-23
3.347980788672768163e-20
9.174842943511704836e-18
1.803471927305998736e-15
2.534929203357969511e-13
2.492208376111680873e-11
1.652202925310151830e-09
7.072901149131089741e-08
1.873927244465064611e-06
2.962897281608291612e-05
2.718953981908218661e-04
1.421358088752815597e-03
4.190951059844265879e-03
6.956892134102877351e-03
6.538771842009094906e-03
3.526706839210513693e-03
1.115540472962102793e-03
2.135375551255499376e-04
2.580732045819274288e-05
2.078334217076395172e-06
1.188590668315922979e-07
5.162980232250904322e-09
1.807997288365585497e-10
5.298349027111530963e-12
1.302527114552416807e-13
2.588213419869442810e-15
3.871743228293409096e-17
3.976245119813568304e-19
2.538717060901013586e-21
9.157601140014930651e-24
1.711377971921795689e-26
1.535106221342371871e-29
6.178949909817432140e-33
1.050527679544121210e-36
7.134780773588772163e-41
1.835925336331420000e-45
1.700148956733055228e-50
5.380961249734216999e-56
5.516689441997703749e-62
1.720795296380655318e-68
1.482951972480472136e-75
3.277426042356815938e-83
1.197706899195960146e-91
2.439233959826134850e-105
0.000000000000000000e+00
0.000000000000000000e+00
5.857733882484240278e-50
2.348851403473515487e-49
1.294172383190152272e-48
1.122573407527829191e-47
1.922309452872420012e-46
8.789401575929785171e-45
1.349352930045329141e-42
6.536876595633090807e-40
6.874101116112587207e-37
9.875456391254926567e-34
1.364076626119949352e-30
1.491845817039492461e-27
1.193502587435344059e-24
6.853111386477001896e-22
2.824089945064059966e-19
8.305394849160110901e-17
1.707129500819879591e-14
2.367732718960042285e-12
2.123234066211795124e-10
1.179564930686793596e-08
3.912637493213943350e-07
7.533919552524488488e-06
8.266741163965161845e-05
5.121208310584967824e-04
1.789564907130950216e-03
3.551611854909768936e-03
4.060885136250386163e-03
2.734800631311571500e-03
1.118507766473510233e-03
2.891563232493532770e-04
4.965098527943033674e-05
5.997197240381113251e-06
5.411772614209252904e-07
3.850678030859358906e-08
2.239375466547790312e-09
1.071841726363620551e-10
4.109382259244314143e-12
1.190819986209137965e-13
2.409391980723933638e-15
3.115474433336058190e-17
2.358424046242902077e-19
9.641466282282198004e-22
1.981855420230697804e-24
1.924817134635641223e-27
8.366535652818825147e-31
1.552076991661544454e-34
1.178437012104162679e-38
3.529480538008467178e-43
4.035542666468567132e-48
1.707642315238810172e-53
2.586217069455301235e-59
1.333330954650431983e-65
2.155882821688626856e-72
9.503252882671085410e-80
7.470105005576708650e-88
7.638540344394374083e-97
0.000000000000000000e+00
0.000000000000000000e+00
3.110953943027783755e-52
1.122028593704453037e-51
5.509673049816681523e-51
4.234736976392023042e-50
6.450550745822981106e-49
2.693357619388606566e-47
4.012526202035153095e-45
2.060540343549640539e-42
2.514374119025758120e-39
4.522522348133453877e-36
8.315665944331390354e-33
1.273012607796761721e-29
1.481762232862468324e-26
1.266763987364770233e-23
7.799199717443217366e-21
3.370806896140608789e-18
9.858475095091240938e-16
1.867498686053915592e-13
2.193037017196902938e-11
1.537075804470009517e-09
6.248346550605731679e-08
1.446356314897979185e-06
1.890231586933618666e-05
1.395091460327444995e-04
5.862217191314017225e-04
1.424139293257872677e-03
2.045524139121622596e-03
1.789466004386156559e-03
9.897744130235286951e-04
3.620166951569609099e-04
9.212522483491396828e-05
1.719654709628932885e-05
2.470188955911551804e-06
2.824295068789076208e-07
2.597735931807534097e-08
1.888305234712186267e-09
1.036817510603849799e-10
4.025671531705308024e-12
1.023337536276789935e-13
1.573788218823659892e-15
1.359256096493513138e-17
6.169002013460868464e-20
1.389100831204084007e-22
1.478258842758285999e-25
7.141841596507903098e-29
1.517064984329162794e-32
1.383157343300120698e-36
5.322072768482838814e-41
8.541167826051570593e-46
5.639312365801325980e-51
1.489586732594073932e-56
1.483691366947358205e-62
4.943034425302744505e-69
4.547382280882433418e-76
8.051751432531802703e-84
1.502977904852660899e-92
0.000000000000000000e+00
0.000000000000000000e+00
7.055690542729205447e-54
2.087792091212999206e-53
8.153715548491867533e-53
4.808176127288332864e-52
5.413012475740920237e-51
1.638614333591780954e-49
1.838382183185137502e-47
7.975452892576490185e-45
9.601937587968797106e-42
1.966456610498353509e-38
4.596077025534263274e-35
9.668300441481086326e-32
1.624501598880335400e-28
2.048649886923263648e-25
1.852564744035773018e-22
1.146668473199415782e-19
4.623570481957571226e-17
1.157940447505177487e-14
1.729740125838739866e-12
1.495677613061912178e-10
7.348465354126361664e-09
2.035501498024653864e-07
3.183976118314733204e-06
2.839839833468101361e-05
1.468496715577211921e-04
4.504835346068131944e-04
8.439149337765401108e-04
9.997000871880049305e-04
7.796406662044004119e-04
4.184662126721667573e-04
1.617890495353983447e-04
4.697105674607666363e-05
1.056049498727941634e-05
1.862596492074528678e-06
2.551695265526786772e-07
2.626073528082438113e-08
1.925728677606873472e-09
9.427897204239279722e-11
2.874635699753644670e-12
5.102889626582964229e-14
4.960807702196816163e-16
2.505485001510439332e-18
6.295158223722171446e-21
7.609145445306089665e-24
4.322674240727780769e-27
1.139321911100023652e-30
1.388553187768343318e-34
7.846027586609202223e-39
2.057180121742571298e-43
2.461882263200239525e-48
1.281242262638860339e-53
2.612598411203365951e-59
1.761470196722591844e-65
3.103366281156084375e-72
1.019252812089258458e-79
3.935589868853124112e-88
4.756689364094610837e-98
0.000000000000000000e+00
1.918175616709576162e-54
4.381391505449627044e-54
1.242745096436292289e-53
4.888273793395890379e-53
3.263403768580636173e-52
5.128520719156908438e-51
2.786989364840461318e-49
6.430149371375529269e-47
5.251985886627725349e-44
9.603913016481680901e-41
2.492804433809746692e-37
6.722500696057155632e-34
1.568623103182526478e-30
2.832227557743342928e-27
3.646279359185372361e-24
3.123401113818142153e-21
1.677392114699698927e-18
5.385185640811486071e-16
9.991310297904065072e-14
1.050023551654236777e-11
6.203686271803647306e-10
2.066609620222162725e-08
3.926531001876997823e-07
4.333717269296384846e-06
2.845777354551300609e-05
1.144109912279042788e-04
2.909842606526731015e-04
4.853862098682750251e-04
5.517942190379835883e-04
4.442765630888222193e-04
2.624142677342649189e-04
1.168254083534485968e-04
3.974272268107112053e-05
1.029073843000510196e-05
1.981710201867931437e-06
2.725336543723556167e-07
2.538161804712640441e-08
1.508505499955773556e-09
5.390066841386405827e-11
1.095608429524122707e-12
1.207761367156309117e-14
6.949166457239327934e-17
2.030331200328161260e-19
2.965318075917969512e-22
2.157401686244187404e-25
7.877231583949021883e-29
1.463248199518608477e-32
1.396474674822508282e-36
6.782781016497842990e-41
1.600260251916806729e-45
1.661384296237548036e-50
6.484231465287330289e-56
7.767119061856443879e-62
2.187643370627593956e-68
1.041877681046760714e-75
5.388570392439391474e-84
1.208995076125873258e-93
0.000000000000000000e+00
7.092705252053255345e-54
1.303099818310542193e-53
2.778965399089720674e-53
7.394994374942816891e-53
2.816853040079268412e-52
1.966359793519625807e-51
3.632268547031059830e-50
2.564469516953208229e-48
7.782032083394239664e-46
7.844135607233226347e-43
1.656428986434596473e-39
4.784942206400908437e-36
1.396457276204155639e-32
3.367377939917855737e-29
5.844629604663812664e-26
6.616061416549962994e-23
4.555219584581354716e-20
1.821848072870874155e-17
4.124266413093109525e-15
5.234480039053578828e-13
3.737162809098806320e-11
1.520640729812080466e-09
3.598302854104700767e-08
5.078383818648546561e-07
4.399418727726837733e-06
2.413186839116966529e-05
8.657201185734015301e-05
2.098822417210724598e-04
3.549591406025032875e-04
4.309777240776645028e-04
3.842995133698023447e-04
2.549954092400821912e-04
1.259295870674700425e-04
4.560726062751192128e-05
1.176076205637057322e-05
2.071656187771372572e-06
2.373779418958046221e-07
1.681027294574026118e-08
7.007370576829051167e-10
1.647876072256289526e-11
2.114374785482877812e-13
1.447871039664533949e-15
5.242675034880305864e-18
1.007916929422546960e-20
1.044978246071145484e-23
5.966861897159499082e-27
1.904779699071775378e-30
3.374452306979975955e-34
3.167879571382698559e-38
1.432810178037609401e-42
2.701740025161055801e-47
1.761275055658463476e-52
3.161924424718328409e-58
1.209655438827323967e-64
7.270858722879554372e-72
4.498352728028200611e-80
1.419491035416290393e-89
0.000000000000000000e+00
1.468900581386767886e-52
2.379028318464889553e-52
4.271469729305487379e-52
8.856962297799186111e-52
2.288969820138861110e-51
8.519829328315711488e-51
5.875975569072858784e-50
1.076184160994597838e-48
7.438947052520397523e-47
2.187898655014166510e-44
2.168124952733175956e-41
4.601424052271142910e-38
1.328489372118779478e-34
3.693684374288383080e-31
7.839747748209975688e-28
1.096215971922536157e-24
9.242698502338302194e-22
4.478544438437290077e-19
1.222402425202997785e-16
1.878308088259912999e-14
1.645406859128786397e-12
8.394032288035173211e-11
2.560671257184399036e-09
4.808825732905073317e-08
5.727039644136857226e-07
4.452917695277575757e-06
2.323479735344445164e-05
8.344835691795976452e-05
2.109437729894129596e-04
3.820781786984572327e-04
5.015785867116687516e-04
4.784660576343761494e-04
3.289203308744746441e-04
1.597326201452409537e-04
5.314678540074720792e-05
1.165914984128216505e-05
1.616754423706411156e-06
1.359416880696768446e-07
6.680254624895411067e-09
1.864527069148137919e-10
2.905030304772611166e-12
2.516372669791024255e-14
1.223715822013129206e-16
3.412634821575966913e-19
5.599562215789585808e-22
5.501460866413361860e-25
3.213776882002294227e-28
1.065781681992661450e-31
1.829235327022977546e-35
1.418917621109044984e-39
4.199712473160630771e-44
3.909477004962960041e-49
9.225488109046184465e-55
4.287698805565798129e-61
2.944240659527056910e-68
2.086752930363876673e-76
7.670916327997236918e-86
1.031342790260704150e-96
6.123537880135337121e-51
9.357004811572736436e-51
1.549220296891474061e-50
2.845993770754161651e-50
6.040278205252833178e-50
1.595210426093632939e-49
6.013522561091540914e-49
4.093132864640645898e-48
7.058732676264107614e-47
4.375144493574618563e-45
1.132341972711119544e-42
9.949187808543390036e-40
1.858580632583608235e-36
4.514949649178350517e-33
9.845570574836598277e-30
1.526882107915582751e-26
1.479130899706329660e-23
8.404777430748318528e-21
2.741244200328333551e-18
5.148469933114783591e-16
5.668110293910396587e-14
3.752098567733153414e-12
1.536353087824086909e-10
4.001681414593367912e-09
6.802499159492071991e-08
7.717945303579801837e-07
5.956831205842046347e-06
3.177652914704141201e-05
1.186529403964955531e-04
3.128540264530099723e-04
5.845237121618131236e-04
7.710828260389096652e-04
7.096007404748012762e-04
4.462052773899987486e-04
1.863913984341799884e-04
5.005030654509089633e-05
8.351531880141411328e-06
8.397306311882642182e-07
4.968632938348430159e-08
1.707456818259153439e-09
3.407623963838038634e-11
4.003979783649184602e-13
2.839556203445491831e-15
1.250336921726793701e-17
3.483093300233529901e-20
6.096984919023691274e-23
6.408016667071810937e-26
3.700326282345678018e-29
1.034180190255572979e-32
1.199206237577688757e-36
4.860619409629678716e-41
5.725927839900105303e-46
1.603814402131445052e-51
8.483993264125333822e-58
6.328559624472396312e-65
4.620985108573341356e-73
1.897494171233785303e-82
2.551151452299324431e-93
2.620998943459078675e-49
3.907298253904393285e-49
6.250435742533548950e-49
1.090481311138415045e-48
2.125903361666117218e-48
4.819919988525285243e-48
1.364340839270108857e-47
5.479568363875117930e-47
3.884949656665654446e-46
6.687752215558313841e-45
3.900537991538486191e-43
8.852256724015479129e-41
6.299543632005870475e-38
8.784222428134104086e-35
1.483891469364065736e-31
2.144554145382078453e-28
2.161093612641410135e-25
1.371472814675190584e-22
5.271561049915428584e-20
1.222879788987883886e-17
1.737488773204171542e-15
1.546208744222352456e-13
8.822306002526697408e-12
3.294980898729497839e-10
8.189170351715263503e-09
1.371232432196403129e-07
1.561192051813839467e-06
1.217101945211333202e-05
6.531480136119619689e-05
2.419954831783787666e-04
6.186422408580816113e-04
1.084833140245648102e-03
1.289031773664898366e-03
1.018716663529982717e-03
5.229890988802934557e-04
1.699787802526566381e-04
3.413714984525559044e-05
4.157875784264783206e-06
3.042912460934308580e-07
1.342128268456257538e-08
3.626224353918298992e-10
6.165413991441342710e-12
6.796322749219985481e-14
4.954143264030335999e-16
2.374471770054752693e-18
7.166912687785816963e-21
1.252736966568221443e-23
1.126636339716391565e-26
4.525579295487970268e-30
6.958220493249264170e-34
3.482282495322025659e-38
4.781111821789616260e-43
1.493886204311512414e-48
8.558006751096686823e-55
6.802180347152891761e-62
5.190278188703513803e-70
2.132582316780016337e-79
2.867223813954404932e-90
7.974303920963376219e-48
1.176113196473368949e-47
1.854002545584288880e-47
3.165460159714092527e-47
5.958958594879093303e-47
1.269210725415138432e-46
3.186942647711350000e-46
1.012289834727410018e-45
4.606013232997174198e-45
3.695081661921644181e-44
6.990902093198690628e-43
4.122009059331759642e-41
8.181891005695524398e-39
4.327591996639678846e-36
3.974313154167266375e-33
4.184600706817337619e-30
3.773835984219380223e-27
2.468529233412050305e-24
1.082547491994878042e-21
3.096326772309005641e-19
5.766404470860288777e-17
7.051653776490069329e-15
5.718237609596652305e-13
3.096935971964363260e-11
1.124426303338760762e-09
2.740596786134856848e-08
4.486288242874407201e-07
4.935962487838600547e-06
3.653982255937311013e-05
1.820918946559470382e-04
6.098493328595720265e-04
1.365182355742144450e-03
2.021904564549347524e-03
1.952333400321594340e-03
1.207776815771536292e-03
4.704953053958142424e-04
1.138866247988153465e-04
1.703625879658000230e-05
1.583864945045351826e-06
9.318571274244407074e-08
3.568744391496223872e-09
9.176336073071270529e-11
1.618180216196380562e-12
1.950541980715546832e-14
1.545439140636797444e-16
7.446174809389601157e-19
1.954410874388550162e-21
2.451605446436129009e-24
1.276178347675980035e-27
2.383326989423557699e-31
1.375026944425040188e-35
2.092094713403002626e-40
7.041107314107922867e-46
4.261940778098575684e-52
3.579813260939753027e-59
2.927852175250633008e-67
1.078730429072080545e-76
1.450336313274314898e-87
1.409001333354731328e-46
2.067623378183189169e-46
3.237450677812694116e-46
5.474909561772139588e-46
1.015457947614630167e-45
2.108112155916632497e-45
5.042454307357853163e-45
1.453355001464668533e-44
5.437993448440527791e-44
2.995328018192349606e-43
2.952514814067386040e-42
6.653824961349400510e-41
4.164380880577924549e-39
7.260523509847085197e-37
2.798680405662703587e-34
1.677118244902406797e-31
1.128394561177003487e-28
6.783209803895001263e-26
3.185199457727865057e-23
1.089277583049224099e-20
2.621506024530531985e-18
4.361205363054785925e-16
4.954919929926244968e-14
3.803362671526872971e-12
1.952687222880205027e-10
6.649246781779867784e-09
1.493066139667603138e-07
2.204536704763423146e-06
2.139038426666355343e-05
1.364038369354470274e-04
5.710916316792668613e-04
1.564160973822819461e-03
2.783348635542154653e-03
3.187524909233605246e-03
2.325864441797146145e-03
1.073309663051916262e-03
3.128695527639101270e-04
5.809809423008311248e-05
7.009594139571359088e-06
5.658651539397125039e-07
3.157063661703494950e-08
1.246381629239498224e-09
3.483958330424286902e-11
6.667352367548537743e-13
8.137961256627510745e-15
5.720244393369775095e-17
2.049352336817824621e-19
3.282011206601064841e-22
2.055898235306429549e-25
4.404608835696718906e-29
2.811834096654286465e-33
4.613584191069168692e-38
1.645797236274624736e-43
1.044788012514845638e-49
9.157542760725690188e-57
7.789010024000594060e-65
3.679739742141598316e-74
3.263651258914311095e-85
1.280970729581640789e-45
1.874786907817458407e-45
2.925524314870030329e-45
4.924503249972876083e-45
9.071543158112918844e-45
1.862443418036982928e-44
4.365493269543103614e-44
1.208639175504329305e-43
4.161173738808023184e-43
1.933137848455877349e-42
1.375613047685662099e-41
1.785423218106872551e-40
5.086175084674549632e-39
3.543987218672716368e-37
5.733937866743970915e-35
1.750694397763335872e-32
7.678105229275199799e-30
3.780519988682874355e-27
1.743803573677032948e-24
6.685755776520108327e-22
1.971737141491761660e-19
4.242677737154807247e-17
6.406034974848112305e-15
6.585417818950861280e-13
4.503874763651733040e-11
2.015814035747582030e-09
5.844181427185947455e-08
1.091988105928087046e-06
1.313164752890903938e-05
1.016614943998228268e-04
5.067772719372166989e-04
1.624877885939980280e-03
3.342207949140003388e-03
4.396705823473898329e-03
3.694614668759804189e-03
1.990564849081336712e-03
6.958277782636654177e-04
1.613217419122881110e-04
2.558993515622402882e-05
2.875150260628584424e-06
2.351205203458258812e-07
1.407985541280974998e-08
6.012398978195056382e-10
1.718818166692576618e-11
2.993102694265642886e-13
2.830502480462098636e-15
1.284407553083617962e-17
2.468054175424956125e-20
1.775070364652712935e-23
4.223838893320485233e-27
2.925763135294856273e-31
5.130593028105020675e-36
1.939927769902072369e-41
1.301929714654039642e-47
1.209770353726340404e-54
1.114309047629025557e-62
6.105578430594452491e-72
3.470067296431715310e-83
5.531676907333581974e-45
8.083819781887244489e-45
1.259048565768710038e-44
2.114094550996927464e-44
3.881024757083281506e-44
7.928212907797526732e-44
1.841627573090324550e-43
5.011026874461405762e-43
1.664294380145979804e-42
7.167279155704917219e-42
4.375473189073436339e-41
4.285340868344488681e-40
7.792188352479785307e-39
2.979389639372564534e-37
2.490991569359653214e-35
4.188895053649320957e-33
1.181127287607884792e-30
4.496422000855841285e-28
1.895934462572644232e-25
7.564356568746900874e-23
2.537400759444436068e-20
6.555037035123250476e-18
1.221558042260814841e-15
1.564364366722565080e-13
1.329524806100524910e-11
7.323917516957899772e-10
2.577646055827436946e-08
5.753484022761008187e-07
8.123834317566270234e-06
7.258185015395378825e-05
4.109459241293142136e-04
1.477322912528186791e-03
3.380925304633412582e-03
4.948604224953298721e-03
4.674442211715605991e-03
2.895840817952635097e-03
1.206659655755152986e-03
3.498991984014002674e-04
7.335594516340806126e-05
1.148622457073232373e-05
1.361447481034673902e-06
1.200009138077612630e-07
7.450114013122936348e-09
2.987182703746569052e-10
6.939505682278512167e-12
8.297330031853532932e-14
4.531700610329851681e-16
1.006550123580068847e-18
8.117899671356120846e-22
2.121581259840724899e-25
1.594114300750316616e-29
3.016544152638051313e-34
1.232280615688012668e-39
8.999033146914491699e-46
9.242130142456884461e-53
9.576066433005213223e-61
6.087137845618260680e-70
1.217486363941571271e-80
1.071232037575723809e-44
1.564037206780564076e-44
2.433222995174518443e-44
4.079785263164857705e-44
7.475275113411662335e-44
1.522463508698358726e-43
3.520991223190590908e-43
9.504226223575902987e-43
3.105870273428994171e-42
1.292374213407521354e-41
7.346702494129436611e-41
6.274468824249116479e-40
9.037137049377713502e-39
2.459402325760377096e-37
1.356780416423642777e-35
1.496976022884617895e-33
2.968529358054993963e-31
8.918238819214086341e-29
3.355833705778749330e-26
1.326813383467283818e-23
4.761897198690163988e-21
1.382869372479235518e-18
2.978136952022007552e-16
4.460922579293939126e-14
4.441157034242891456e-12
2.850300538322071776e-10
1.157038638148632589e-08
2.940044432256575006e-07
4.656685493456048071e-06
4.597673117320886062e-05
2.838433617992049476e-04
1.102032177332761291e-03
2.715119594424436969e-03
4.303667551284104907e-03
4.480364476377902971e-03
3.154886153015015564e-03
1.561182657770090933e-03
5.669815143733411599e-04
1.572518171796091801e-04
3.408436130220630732e-05
5.735203504110375761e-06
7.172165311497369247e-07
6.164497353574092935e-08
3.286122997843908596e-09
9.689006992535718865e-11
1.407068113552757877e-12
8.999349523558202745e-15
2.278297775489092154e-17
2.057776157355101471e-20
5.968596809650243895e-24
4.970872113558198246e-28
1.048931990972216436e-32
4.846109862453952371e-38
4.101532031136731423e-44
5.046519442927335719e-51
6.609659270201497148e-59
5.662577834002362337e-68
1.587033782100378105e-78
8.874897524148663347e-45
1.295025052985582999e-44
2.013298767999146081e-44
3.372746341031654296e-44
6.172780998323794585e-44
1.255239714794452698e-43
2.896228233456238025e-43
7.786740191748500848e-43
2.525009252142188117e-42
1.033863094589385786e-41
5.682589185751472048e-41
4.543140590741167136e-40
5.824642774321293436e-39
1.325645158710047056e-37
5.789193000437105743e-36
4.945405209151512900e-34
7.777619038287287778e-32
1.971599585671650742e-29
6.770035832513470894e-27
2.630609293092710451e-24
9.839734488080920772e-22
3.101418396426230153e-19
7.428833189159080465e-17
1.252419099760426681e-14
1.406972815579402801e-12
1.014703334220985871e-10
4.587378320482032363e-09
1.282494879109538044e-07
2.204314632450863294e-06
2.329779365349206484e-05
1.522414449950114151e-04
6.216406074597126494e-04
1.612804116286082994e-03
2.724025499187901662e-03
3.097204922508238738e-03
2.474797308609015447e-03
1.460587663247644909e-03
6.685200002639768045e-04
2.457899173905067690e-04
7.312722229198117478e-05
1.708608774261265002e-05
2.930548731119543450e-06
3.352221694123804652e-07
2.288613252642916319e-08
8.319710567300195249e-10
1.442998565720285644e-11
1.077296558949219202e-13
3.140971683128743076e-16
3.252635840999684708e-19
1.085912906501353986e-22
1.053803338822171621e-26
2.647836380479566835e-31
1.505881814895440572e-36
1.649696035571368396e-42
2.848796313514951367e-49
6.060963167793713043e-57
1.177178596486552047e-65
9.281017326101568487e-76
3.020666117794639661e-45
4.406115548090689749e-45
6.846824545572646250e-45
1.146361201815379757e-44
2.096572440746786704e-44
4.259407354630481146e-44
9.814636872586241223e-44
2.633042047611725269e-43
8.504822865566342235e-43
3.454814669294664479e-42
1.868163651743814130e-41
1.446340238940586151e-40
1.750637392533877186e-39
3.638922295070612557e-38
1.405675136912823961e-36
1.044473015727465376e-34
1.442090662411232586e-32
3.323284781123812300e-30
1.090168312840562301e-27
4.257732541650464993e-25
1.670273000603797110e-22
5.691624365370392077e-20
1.501142105966361241e-17
2.809266205049447265e-15
3.503560098895330508e-13
2.788591225769170448e-11
1.377366149527369661e-09
4.154317538836454977e-08
7.600860434321304990e-07
8.448293333148875704e-06
5.756018092298228881e-05
2.444846399010137949e-04
6.643204173390006339e-04
1.197263582152415743e-03
1.499981792893038393e-03
1.381386014039116513e-03
9.911616796552732023e-04
5.816853113966183146e-04
2.860199531037787212e-04
1.163399654117727261e-04
3.712332433886612502e-05
8.524033512116130392e-06
1.266470111774161184e-06
1.088158829283017171e-07
4.848595785620797113e-09
1.012511744798195092e-10
9.025667170380314657e-13
3.145216553595581155e-15
3.931576537937826868e-18
1.614752410630754660e-21
1.984721254875902222e-25
6.586155676399275146e-30
5.249499578019572436e-35
8.775824707426696598e-41
2.635000656354847316e-47
1.215522324140784073e-54
8.213274391115817891e-63
1.088613373864561963e-71
4.062136508840900214e-46
5.923755749193991555e-46
9.202307586327872030e-46
1.540157215352233741e-45
2.815462505938851610e-45
5.716450801377990670e-45
1.316110261993768965e-44
3.526402335492921149e-44
1.136585146205957284e-43
4.598125190842077923e-43
2.466084784151234798e-42
1.879132445152393700e-41
2.210900027853149200e-40
4.394839322514072437e-39
1.598607449512875516e-37
1.111081347866625447e-35
1.448346847026610140e-33
3.234418399020460018e-31
1.066298545307036395e-28
4.344410015371151756e-26
1.833603871183200155e-23
6.864642922391580241e-21
2.010850572668463086e-18
4.188847400872913041e-16
5.789627132550421121e-14
5.061158687697752171e-12
2.713367640776310909e-10
8.769564988733477871e-09
1.698818311130216256e-07
1.981133478569842761e-06
1.410899287515390888e-05
6.290767093384515621e-05
1.821409348779965646e-04
3.596120447637271068e-04
5.140629290025719444e-04
5.682193621008501880e-04
5.161651052550358769e-04
4.014876267186923641e-04
2.692356324218110391e-04
1.503694613082549381e-04
6.506972188934377664e-05
1.978635483755367109e-05
3.793193511961229319e-06
4.116669696373846129e-07
2.287592056561083325e-08
5.939648773919523739e-10
6.625942977975315791e-12
2.934500036630913292e-14
4.777179033806179474e-17
2.644761144696835397e-20
4.592203737851116551e-24
2.293871430576362157e-28
3.002243960411005829e-33
9.327488474902291496e-39
6.312319197793114612e-45
9.355987433178932853e-52
4.613610136117979736e-59
5.865514680819411281e-66
2.074266369346865023e-47
3.024289504811249172e-47
4.697008845657977463e-47
7.858989097260217200e-47
1.436152450831875098e-46
2.914641228560629569e-46
6.706601149309749319e-46
1.795504631017776352e-45
5.779423331460375556e-45
2.332814230265646134e-44
1.245762576230115072e-43
9.416898992654608665e-43
1.092868097647972776e-41
2.128384995015596927e-40
7.550738686203714171e-39
5.133957745386215003e-37
6.646287880936995622e-35
1.514089508479928828e-32
5.261777841330936930e-30
2.330621078753272544e-27
1.094150854084858437e-24
4.614719444259750344e-22
1.527828942137957614e-19
3.582407007485746678e-17
5.523241452124648471e-15
5.323130705785993037e-13
3.107474698858352069e-11
1.081381221739767312e-09
2.237306786270713916e-08
2.778701564036305449e-07
2.117817713565869741e-06
1.025871008132085965e-05
3.315874113007038311e-05
7.604657938735549924e-05
1.327111276417766619e-04
1.888578068791056696e-04
2.314386563862763212e-04
2.503764733621472393e-04
2.356405416966974133e-04
1.827894732356838089e-04
1.074680639957283486e-04
4.334028980490572193e-05
1.081419924290860478e-05
1.513109001310134023e-06
1.084791352453775186e-07
3.671213280476438986e-09
5.438809861735125724e-11
3.285780000790847129e-13
7.561511148526212259e-16
6.200061711146287218e-19
1.694897883867946502e-22
1.445373021695451472e-26
3.605102353979016714e-31
2.502961602972073241e-36
4.916962801789841800e-42
3.479990427604911852e-48
2.006976675942581927e-54
1.042086548145146747e-59
3.857300941081202901e-49
5.622866015122618078e-49
8.730850777188527092e-49
1.460439776447915008e-48
2.667935534454154955e-48
5.412382087850681760e-48
1.244767907296471758e-47
3.330315352530272565e-47
1.070918369304015965e-46
4.316433803332166221e-46
2.299283085787012172e-45
1.731012377332442213e-44
1.996551479359443495e-43
3.860541148705293527e-42
1.363998701911343921e-40
9.344626615733195496e-39
1.247125843136740010e-36
3.024605432601120300e-34
1.157645194934388532e-31
5.806669557160807831e-29
3.139336889373200182e-26
1.532832157189071938e-23
5.852219459103157134e-21
1.567070713077723124e-18
2.725004696327424082e-16
2.925085676064801332e-14
1.881936965744755519e-12
7.171197788151247287e-11
1.624070033547318031e-09
2.225704766137897595e-08
1.906936780999086446e-07
1.070918877428294546e-06
4.190018295696172664e-06
1.225905184546806256e-05
2.883389193227524350e-05
5.797270094136402650e-05
1.033441978976030274e-04
1.635875862593927615e-04
2.219158126646653172e-04
2.414958030431613373e-04
1.936029036458652422e-04
1.042000235608081288e-04
3.433656981911012776e-05
6.350356221341520844e-06
6.082302886943862017e-07
2.801555356703119882e-08
5.794993380364191933e-10
5.051728504803062865e-12
1.749762613083299709e-14
2.280707549731980326e-17
1.064600283800787343e-20
1.704377427855007172e-24
9.092740466555202264e-29
1.643729716345024895e-33
1.174938065457153513e-38
5.400568205325346167e-44
4.207521125527901709e-49
4.689177347578712044e-53
2.500725547217112646e-51
3.644315515194441281e-51
5.656787886121178677e-51
9.458616057775806134e-51
1.727112250257495992e-50
3.501850319454694060e-50
8.048481405191393230e-50
2.151645334733177234e-49
6.911953982249189613e-49
2.782143868568106663e-48
1.479295084269717936e-47
1.111072813062339747e-46
1.278702076253236430e-45
2.473964833315522628e-44
8.826476204217196974e-43
6.227954002136982537e-41
8.837544192182869876e-39
2.370239966166807505e-36
1.041086021750622129e-33
6.149625154376490740e-31
3.958881695319958149e-28
2.297474847164963584e-25
1.032002729974339815e-22
3.206786437217892047e-20
6.383814682011143118e-18
7.763162137184382196e-16
5.630023225049804709e-14
2.424473625273692315e-12
6.282018889517372273e-11
1.008976614028082509e-09
1.051397006020573481e-08
7.545434857195238049e-08
3.997731589654660533e-07
1.679152517633214908e-06
5.946331423586376653e-06
1.847578496425230854e-05
5.086220922814317468e-05
1.213663694215155845e-04
2.390992823069045469e-04
3.637546272542170871e-04
3.959004994017808077e-04
2.846510092506022603e-04
1.249321054104335447e-04
3.101163760964787184e-05
4.049347732689537611e-06
2.599233126950682065e-07
7.708960603405266429e-09
9.997327152028944456e-11
5.406565830538705726e-13
1.172723919663127735e-15
9.906298186222679573e-19
3.208279730916235942e-22
4.047309437089591447e-26
2.203222933516102333e-30
7.051200741210603608e-35
2.455749389237255441e-39
2.028518595873507597e-43
2.062760452791842423e-46
5.431230461616168163e-54
7.909693427403641473e-54
1.226820109371437924e-53
2.049533378128228234e-53
3.738570307559721740e-53
7.571325231800482001e-53
1.737792210180313238e-52
4.638322157818290320e-52
1.487253943582032546e-51
5.973019656003007832e-51
3.168112831371711383e-50
2.373827879454220507e-49
2.729787569157007955e-48
5.307912513908304436e-47
1.931404021399726187e-45
1.429561315133270640e-43
2.218491709026949892e-41
6.824016920953497704e-39
3.579251404983590459e-36
2.584582310596984758e-33
2.044132180532541852e-30
1.445129808285474169e-27
7.790875129451211936e-25
2.861385244857625180e-22
6.656419159885644558e-20
9.417434993341287032e-18
7.985318672303052591e-16
4.087243268019309197e-14
1.296674308318447546e-12
2.663553436876562313e-11
3.753991470537692951e-10
3.881215449071225231e-09
3.148249986066303800e-08
2.120410428645940639e-07
1.229439786273753790e-06
6.197873605058412509e-06
2.674500342368390200e-05
9.532293127182025875e-05
2.672127816947172723e-04
5.566530412631082170e-04
8.103462573638488568e-04
7.725725917459004511e-04
4.510371110322311506e-04
1.506729208522534960e-04
2.696238680399951927e-05
2.431177103900233567e-06
1.047059282032918264e-07
2.062041586653938922e-09
1.797972127496063499e-11
6.801638208747094651e-14
1.108904551663165482e-16
7.914894513979922657e-20
2.649549324428394612e-23
5.062551046613515828e-27
8.374184951533558961e-31
2.073610197083611843e-34
1.121163928523192234e-37
5.655438692297294482e-40
3.926665915261856407e-57
5.705917652138885470e-57
8.827689233097751031e-57
1.470493586473038866e-56
2.673479178454613377e-56
5.393920856356595519e-56
1.232721444995672667e-55
3.274218381399801811e-55
1.044035352340566945e-54
4.167216556885437513e-54
2.195341677140474262e-53
1.633768405008259227e-52
1.871635001733055665e-51
3.656082792241627087e-50
1.364031872084485799e-48
1.074625384325533408e-46
1.871818645251499673e-44
6.839911286275941468e-42
4.451564288874002909e-39
4.070311923154831289e-36
4.071230028276788104e-33
3.589894039537796521e-30
2.373028500638332084e-27
1.054527021644435962e-24
2.953297191760114134e-22
5.061446383888415165e-20
5.301204616318450355e-18
3.467938563475710564e-16
1.476188900866916397e-14
4.321583616521286763e-13
9.266856192782813799e-12
1.547260451736802470e-10
2.112118617284417331e-09
2.424513643547042798e-08
2.351568752437313640e-07
1.898084039472787851e-06
1.239497195428694049e-05
6.325562574124251626e-05
2.429432073740355814e-04
6.741007457357665010e-04
1.290691456029900968e-03
1.618239059788504275e-03
1.253457035590259828e-03
5.643711302390632756e-04
1.392472741183069414e-04
1.786948488956332043e-05
1.144383506677037134e-06
3.555720949167852761e-08
5.283776043804562702e-10
3.752298231106991523e-12
1.293436356680620981e-14
2.268299302461672245e-17
2.285574078511260235e-20
1.728900799099537984e-23
1.490117298374440683e-26
1.990189453859078365e-29
4.326079069437383471e-32
7.336302339094395860e-34
1.121704859436947185e-60
1.615285600561849841e-60
2.473307937239704469e-60
4.071646713564731808e-60
7.303862390167410329e-60
1.451314515818619470e-59
3.260099283487366835e-59
8.492275707652859374e-59
2.649367907558763197e-58
1.032705358391224534e-57
5.297118874673952921e-57
3.835037355746387237e-56
4.283470207191113217e-55
8.248322193481684232e-54
3.115836911254127926e-52
2.610820103650847426e-50
5.177568874277698274e-48
2.307420374121599962e-45
1.923419688542690253e-42
2.294185044758242644e-39
2.976857312746129793e-36
3.351147345636002571e-33
2.785857484736829325e-30
1.546635026167539268e-27
5.444438679306624012e-25
1.197701793070279378e-22
1.670308478611756264e-20
1.531283136932216689e-18
9.713363442823879171e-17
4.515684804144598646e-15
1.623084893421687890e-13
4.691263657905963318e-12
1.110828561855929372e-10
2.149650027693963808e-09
3.340012085761547234e-08
4.065049980554385898e-07
3.780814839581134074e-06
2.628557691754134084e-05
1.337204928146548482e-04
4.853774546047593796e-04
1.215628989013015863e-03
2.011186115912217201e-03
2.087945999765287823e-03
1.288863859193865478e-03
4.501122517762957921e-04
8.547453567181295252e-05
8.600828616303250003e-06
4.535790878601390741e-07
1.256637700247581698e-08
1.855391245073627041e-10
1.506312055031382866e-12
7.219367702462905812e-15
2.394009038875522364e-17
7.298851004386840342e-20
2.786267617217921724e-22
1.384328625585624007e-24
8.201902932463265952e-27
3.791951853436896642e-28
3.325751753031780658e-64
4.618072709388533400e-64
6.782373497302268913e-64
1.064527343221651613e-63
1.808358215253372919e-63
3.377102753196499228e-63
7.069547211122736567e-63
1.700201420868625510e-62
4.847255081769604880e-62
1.705613596472196908e-61
7.829538173437253980e-61
5.019009633667539282e-60
4.943962127458552903e-59
8.474270999987044011e-58
2.942229392363787490e-56
2.420447875364405860e-54
5.178867013497826685e-52
2.743625157051374029e-49
2.913285284721428604e-46
4.559973242532083330e-43
7.776230044522215408e-40
1.140180349806146559e-36
1.227943010857432125e-33
8.887620434009420725e-31
4.167710515057333482e-28
1.267904614800681940e-25
2.573454832371307659e-23
3.643037525470747417e-21
3.781366755084633989e-19
3.008730280284268893e-17
1.889753854985031056e-15
9.456793779796305398e-14
3.735867213643711210e-12
1.141205638070415930e-10
2.634237951036140045e-09
4.511966526210723057e-08
5.674048665927069981e-07
5.211172193822699812e-06
3.474682180554424508e-05
1.659610938371455248e-04
5.535355021945640016e-04
1.241636034341444357e-03
1.790392139224660254e-03
1.586331964160954703e-03
8.318142314117619876e-04
2.518712328269472034e-04
4.360828672146185332e-05
4.329048200597136957e-06
2.491683965740481038e-07
8.467125254814262340e-09
1.759488469785665456e-10
2.427545144627086417e-12
2.635274312987274980e-14
2.877798129915304032e-16
3.697901086554275809e-18
4.803463804347379409e-20
5.965934849332691447e-22
6.905600814399826398e-23
1.967055688318978254e-66
2.484117728652783215e-66
3.268491164851694971e-66
4.516667919977226140e-66
6.620518896896497907e-66
1.042246408309075421e-65
1.790274508556717008e-65
3.424509497499641086e-65
7.492123458654645860e-65
1.942228429560291566e-64
6.274813016062038556e-64
2.700526727099576155e-63
1.703294610922146877e-62
1.810189016355990863e-61
3.910229473867414500e-60
2.136409726813813112e-58
3.484476042940214123e-56
1.683083642967643862e-53
1.910676342545612741e-50
3.555261866277527183e-47
7.615143978563009591e-44
1.443891198283084448e-40
2.058769916215589631e-37
2.033016955525643217e-34
1.355155395994957209e-31
6.167716865272070614e-29
1.979565729285800767e-26
4.660376924641250396e-24
8.326014634366259684e-22
1.150947388956448518e-19
1.232533648842809009e-17
1.007931493860931118e-15
6.154627618587755508e-14
2.746364049903905219e-12
8.835413347124591800e-11
2.044111716794647516e-09
3.423337517323431478e-08
4.190721813266140286e-07
3.768199716006171491e-06
2.471472961248542287e-05
1.157012776909130793e-04
3.738043744579068895e-04
8.019405838009237373e-04
1.103499533940883017e-03
9.508718372034006237e-04
5.076841508047677618e-04
1.680504110861525508e-04
3.469240220925673055e-05
4.493595353654155956e-06
3.683987873801489001e-07
1.969396910620832395e-08
7.468560733804648712e-10
2.359760299267335804e-11
7.444781614798769083e-13
2.403108321481690007e-14
6.203189413921700737e-16
1.384832368039353074e-17
4.006341888258579546e-18
3.102814982450125201e-66
3.546832593096864405e-66
4.150060338631656475e-66
4.992829459521313653e-66
6.229412940329544070e-66
8.068781931935122650e-66
1.097911684624891885e-65
1.587654887430061381e-65
2.477775170419401797e-65
4.261652333408558066e-65
8.316053080260862601e-65
1.932541716089004761e-64
5.699489703086271968e-64
2.387698624040841829e-63
1.709319645334632619e-62
2.716693431651393824e-61
1.307215692035067782e-59
2.308251799275476494e-57
1.362269854674072194e-54
1.863068151940817777e-51
3.807844043609680800e-48
8.157678764576714775e-45
1.471477813586462230e-41
1.999866817198089859e-38
1.971291294993903357e-35
1.411775941989783499e-32
7.485182788411211002e-30
2.993887066764136849e-27
9.108920990493562776e-25
2.095484872909499462e-22
3.581208964008261833e-20
4.446149549363936691e-18
3.934533886533731622e-16
2.459054319575487997e-14
1.089273357203072394e-12
3.470888341810680647e-11
8.121961402080604473e-10
1.421564288129746292e-08
1.875510502391828930e-07
1.850442876006245381e-06
1.334251974389120390e-05
6.809792373842145667e-05
2.382944689256246004e-04
5.581790503442568769e-04
8.644299008840022717e-04
8.826432402976468108e-04
5.944658648234288746e-04
2.631528770482198065e-04
7.586955864745736976e-05
1.419100311179497442e-05
1.768668964513988879e-06
1.601936596883159587e-07
1.219200144941263614e-08
8.774162567437766794e-10
5.574199082719418152e-11
2.374215428678728799e-12
8.884202131962949936e-14
6.770722554468789147e-14
8.897858743264907100e-65
9.767772402727391055e-65
1.089071112095135044e-64
1.236645695327136410e-64
1.434748989915217582e-64
1.707496146966906657e-64
2.094567252161899662e-64
2.664340648365283157e-64
3.541257515680866473e-64
4.967065345559626647e-64
7.450136731032774738e-64
1.219862051904186629e-63
2.242851818250941259e-63
4.880090565429769763e-63
1.369078440641756089e-62
5.843269261578678920e-62
4.928914647674276334e-61
1.163727101537684812e-59
1.011940272878621259e-57
3.217458185021230795e-55
2.703591302618348075e-52
3.880494241361685760e-49
6.631059081523780379e-46
1.071448018298633591e-42
1.457278483720725737e-39
1.581504986753291753e-36
1.337101489726977100e-33
8.662185508933996615e-31
4.218793215718204660e-28
1.510145643171630535e-25
3.886464735231354711e-23
7.079926425893421970e-21
9.089345451299315315e-19
8.296176506692594731e-17
5.493130409223884037e-15
2.708250047932368582e-13
1.018205370996514050e-11
2.957331629955322098e-10
6.612372454664884592e-09
1.115653336590879933e-07
1.377803729095465950e-06
1.206648059240445263e-05
7.312838959585925801e-05
3.026924028706095616e-04
8.527611142403577907e-04
1.634497137109761208e-03
2.119297202226764435e-03
1.830140223544040549e-03
1.031429071357975024e-03
3.767146074585050997e-04
9.220868554483592787e-05
1.661256597033786958e-05
2.509304405740996752e-06
3.391097584166339002e-07
3.588066142272484519e-08
2.268194205159485611e-09
1.414878103813118931e-10
3.073391907324228401e-10
1.433748706953916389e-63
1.557937381171616649e-63
1.715953906330261074e-63
1.920038698676861916e-63
2.188284034811580281e-63
2.548199334305129786e-63
3.042969992610850997e-63
3.742895234441897780e-63
4.767277431964540728e-63
6.328580357843198701e-63
8.827200752557297340e-63
1.307019238854611362e-62
2.087366560950504221e-62
3.667862827488936644e-62
7.352023048475801844e-62
1.790418713622208532e-61
5.959234107419334614e-61
3.283965183870146748e-60
3.971903774709079744e-59
1.414061542729949124e-57
1.705311283660431144e-55
6.124067793444124608e-53
4.742845501014324671e-50
5.580008200954736615e-47
7.619582295510498899e-44
1.012748040218015663e-40
1.170924280620199046e-37
1.094834280689389046e-34
7.875446074959378723e-32
4.216332933289373085e-29
1.650752150345657266e-26
4.714768590759824323e-24
9.934504174968802085e-22
1.576424819330241519e-19
1.927058685294808268e-17
1.843912778120649641e-15
1.383054068551083838e-13
7.999201200255888777e-12
3.457068544212570241e-10
1.074442404616099238e-08
2.318302060980671832e-07
3.389791997505705999e-06
3.326733758582898630e-05
2.197848649605113321e-04
9.860119474094991218e-04
3.018457368701569707e-03
6.262774331007427663e-03
8.641262558144761560e-03
7.769722302476731769e-03
4.556446917630895335e-03
1.828807323845735387e-03
5.576855513638187892e-04
1.452751180465061578e-04
3.288860225193032709e-05
5.356431552251552030e-06
4.863487672806614932e-07
5.273118579606669712e-08
3.479906971878005138e-07
2.981149194634843665e-63
3.231536590154790009e-63
3.549011716875003152e-63
3.957311818603227312e-63
4.491221255477401581e-63
5.203090197453236031e-63
6.174089878673780596e-63
7.534368407397598463e-63
9.500670834899918711e-63
1.244987850201795479e-62
1.707066035603949879e-62
2.469591535203061520e-62
3.808568522475279449e-62
6.357242737283694227e-62
1.169217367321752376e-61
2.442383640045745153e-61
6.084806996323364662e-61
1.964153559513280446e-60
9.451067579066027209e-60
8.268917432770626036e-59
1.678628213521053854e-57
9.641264173253934473e-56
1.607359997384622659e-53
6.631596446610112787e-51
5.059624879395548169e-48
5.406533815854656135e-45
6.475625032377225342e-42
7.462384902160472230e-39
7.524282878019041090e-36
6.303804315857421620e-33
4.295400650605411851e-30
2.373096778888547522e-27
1.066838026451204320e-24
3.898524667113678066e-22
1.141287661990149943e-19
2.593098614567828321e-17
4.367252282209768706e-15
5.173756057903120964e-13
4.104443542466098371e-11
2.099853527434307993e-09
6.784591780239673377e-08
1.380899076375800163e-06
1.795036502536116022e-05
1.526468514589999473e-04
8.706529346223775088e-04
3.383040371751742156e-03
8.950843472486006910e-03
1.590361101143865710e-02
1.875587189843340441e-02
1.493263430496370898e-02
8.615570341696616660e-03
4.070173360037088531e-03
1.750725085752601051e-03
6.604211531732927460e-04
1.688552665317967776e-04
2.285320044573172193e-05
4.578191252728586915e-06
9.060271525622276393e-05
3.730189057781355557e-64
4.040035864536564674e-64
4.432434282651275540e-64
4.936371259628674959e-64
5.594202477496453485e-64
6.469457238390767971e-64
7.660241298809119401e-64
9.444890086782692952e-64
1.187793283097866780e-63
1.551199628707330015e-63
2.117471744444174413e-63
3.045077094427928830e-63
4.657348142220551834e-63
7.665015210699922059e-63
1.377495843021350555e-62
2.769260068639805232e-62
6.382703960241953832e-62
1.765513814527517321e-61
6.277680786742593094e-61
3.194179627632118765e-60
2.709986080307087378e-59
4.672246844581620943e-58
1.950147311935547746e-56
2.164145744981508879e-54
6.011340634054926147e-52
3.458818429248567782e-49
3.272164972646703184e-46
4.149579986209917186e-43
6.083404078504839849e-40
9.329680936295820101e-37
1.396341584238344575e-33
1.921630805044424094e-30
2.283168808774005786e-27
2.180578091865809504e-24
1.549872204003224598e-21
7.600825156430976679e-19
2.405721155558268048e-16
4.662277917269968792e-14
5.340480281856843851e-12
3.555521594437594332e-10
1.378313648659269324e-08
3.171158251521495299e-07
4.476274582745379827e-06
4.038532069294851546e-05
2.422252722350516868e-04
9.927679494217418309e-04
2.808109295721061827e-03
5.469378848714406480e-03
7.380775838991544650e-03
7.229705507356504364e-03
5.746692556354258095e-03
4.323236982701347646e-03
3.362926237815885930e-03
2.386421055193781084e-03
1.073002958147138437e-03
2.358660857739661848e-04
9.024565053223627508e-05
4.655811019505910926e-03
1.263574448761218997e-66
1.368245828897131699e-66
1.500770981809710857e-66
1.670915289239415881e-66
1.892940142873899265e-66
2.188222770914570388e-66
2.589751005774197774e-66
3.150110041872513325e-66
3.956248424575703108e-66
5.157992091386248895e-66
7.025938802439950181e-66
1.007577106477654418e-65
1.535288511424672821e-65
2.513381124329129613e-65
4.489604242370767653e-65
8.868238855984404507e-65
2.028168331306584771e-64
5.360282647852226707e-64
1.738892855715477415e-63
7.397200122692782666e-63
4.538572429797695923e-62
4.637731324884865723e-61
9.229005877265420003e-60
4.240793849594832574e-58
5.060444598758192250e-56
1.588025517623219782e-53
1.185506107541561763e-50
1.772871135138606778e-47
4.341724183405571334e-44
1.427232332606034118e-40
5.219322751492163965e-37
1.791000970580310101e-33
4.970460958074309482e-30
9.861556623963635757e-27
1.268521922017617922e-23
9.829986582350820486e-21
4.357306214289534416e-18
1.069172203648987913e-15
1.429607170087965131e-13
1.041979250520935186e-11
4.206088873032480244e-10
9.696987224236979213e-09
1.333394838249828587e-07
1.150387575133105680e-06
6.542404729905086820e-06
2.549133778928412022e-05
6.966780409655262999e-05
1.359719822694506225e-04
1.973965054951925982e-04
2.364291258093061110e-04
2.807972393796890329e-04
4.016055673853143786e-04
7.098838791774341080e-04
1.161723086990856715e-03
1.052149176190395443e-03
4.025702344040122489e-04
2.880916730333457740e-04
3.164566068942494675e-02
