#Upper limit for the Conditional distribution of mass given radius from initial fitting w/o bootstrap
2.041118378301322256e+00
-9.916563814580424685e-01
-8.525689109188993031e-01
-4.967789426441670542e-01
-1.856020133302958286e-01
-1.710929915579657498e-02
8.566475189274619373e-02
1.541346072932935629e-01
2.025305033948892330e-01
2.383522457510351411e-01
2.659506590573777474e-01
2.880264624702200682e-01
3.063528130342674793e-01
3.221585810026737495e-01
3.363462850581878660e-01
3.496232689762688306e-01
3.625850085741917361e-01
3.757711865554676511e-01
3.897059447124066600e-01
4.049289671734437324e-01
4.220210657630091844e-01
4.416256514329174321e-01
4.644651189699180449e-01
4.913470554677010216e-01
5.231478927605394125e-01
5.607489538500520787e-01
6.048830740267640005e-01
6.558453593487131306e-01
7.130811401555571249e-01
7.748480064093837827e-01
8.383379827523831374e-01
9.004292510501652469e-01
9.586056085085715717e-01
1.011408266054261373e+00
1.058330701641631011e+00
1.099482509046913581e+00
1.135287134993951952e+00
1.166289439654875970e+00
1.193053654386883045e+00
1.216116045030084747e+00
1.235966255179540063e+00
1.253042460779373091e+00
1.267732756332039301e+00
1.280379165270351116e+00
1.291282651830601758e+00
1.300708455974483702e+00
1.308891511974589195e+00
1.316041920788860953e+00
1.322350561763821597e+00
1.327995016523890293e+00
1.333146071815286549e+00
1.337975192534914815e+00
1.342663537001913543e+00
1.347413362385887714e+00
1.352463105928390696e+00
1.358108150921318202e+00
1.364730537485092654e+00
1.372843160219062053e+00
1.383158428633791681e+00
1.396700661243080788e+00
1.415002864987999986e+00
1.440483771783698241e+00
1.477266630239811196e+00
1.533309701970353656e+00
1.627691378168781400e+00
1.823194494543515898e+00
2.089734967984606673e+00
2.214879854701319317e+00
2.280482306602579445e+00
2.320218967098980567e+00
2.345963082703816927e+00
2.363237884886131734e+00
2.375052755900445955e+00
2.383213056456398693e+00
2.388871155673688129e+00
2.392793387373255865e+00
2.395503305070581401e+00
2.397364833671327133e+00
2.398633533989386279e+00
2.399489760782856695e+00
2.400060908925173653e+00
2.400436754740263634e+00
2.400680246415431096e+00
2.400835194716760324e+00
2.400931798029973141e+00
2.400990625758798291e+00
2.401025490204045987e+00
2.401045510807735983e+00
2.401056589454117152e+00
2.401062456234878795e+00
2.401065402799633208e+00
2.401066789685753822e+00
2.401067391401574103e+00
2.401067626245241282e+00
2.401067705313285394e+00
2.401067725759228111e+00
2.401067726149683779e+00
2.401067714892834992e+00
2.401067654580125499e+00
1.439257556745144662e+00
