#Conditional distribution of radius given mass from initial fitting w/o bootstrap
-1.363997029230157032e-01
-1.404696045943414351e-01
-1.404676961741310182e-01
-1.404533640804244421e-01
-1.403946676304575203e-01
-1.402199041062114904e-01
-1.397923796763893556e-01
-1.388785789592849873e-01
-1.371138423270327755e-01
-1.339780899876190368e-01
-1.288079852595099828e-01
-1.208856605894905178e-01
-1.096378160274521785e-01
-9.492175037744861321e-02
-7.726706119390733263e-02
-5.787716706522132160e-02
-3.830762933429304740e-02
-1.998509280107011940e-02
-3.851302376645072360e-03
9.719665860144716465e-03
2.079385507698895338e-02
2.968423894020191106e-02
3.679162911099500416e-02
4.250888479228909916e-02
4.717765532763686098e-02
5.107719373228101351e-02
5.442881371810578961e-02
5.740609575120610847e-02
6.014590069830308416e-02
6.275815956449333488e-02
6.533386671085793240e-02
6.795133284713911204e-02
7.068096645896429497e-02
7.358887784031088730e-02
7.673955279361172055e-02
8.019777509987828512e-02
8.402990914607970374e-02
8.830459403823763542e-02
9.309285036740090613e-02
9.846756172549335495e-02
1.045022671810834636e-01
1.112691920219167213e-01
1.188364576934735212e-01
1.272644545267284655e-01
1.366014382822452744e-01
1.468785257872472216e-01
1.581044105396501587e-01
1.702602792170877788e-01
1.832955540268732808e-01
1.971251713964415064e-01
2.116290884418319529e-01
2.266545494342052935e-01
2.420213379530221087e-01
2.575298216078958369e-01
2.729711436183864248e-01
2.881385343639512597e-01
3.028385061729100269e-01
3.169007154141700311e-01
3.301855234621950963e-01
3.425886964708491633e-01
3.540431500378055096e-01
3.645180645917632245e-01
3.740159967986701472e-01
3.825687630909040959e-01
3.902328878793943634e-01
3.970853332528238022e-01
4.032201111251260683e-01
4.087462711481378852e-01
4.137876958445934616e-01
4.184851446117555662e-01
4.230010883352400830e-01
4.275280784555122171e-01
4.323017028038926846e-01
4.376195776105039625e-01
4.438682292186614808e-01
4.515598853687041725e-01
4.613805029029199312e-01
4.742474004912072827e-01
4.913668194301603065e-01
5.142638732872751861e-01
5.447244778333851789e-01
5.845438582101452063e-01
6.349536331447281912e-01
6.956964735353101670e-01
7.640548360845172970e-01
8.346110204876671101e-01
9.004957586274043857e-01
9.558046687341210657e-01
9.976057206127202370e-01
1.026236041415095279e+00
1.044141112253219372e+00
1.054409806157192930e+00
1.059799681256032189e+00
1.062360849155105536e+00
1.063437382098932682e+00
1.063821147281351465e+00
1.063928665762614356e+00
1.063949059420378207e+00
1.063950918961209746e+00
1.063950947493713661e+00
