-9.444192034646385903e-01
-9.444122447572148582e-01
-9.443027183159132809e-01
-9.437996437780102887e-01
-9.423517328199053633e-01
-9.390556766140736311e-01
-9.325000398998113393e-01
-9.204743293414313632e-01
-8.993686552742022888e-01
-8.627666758857848173e-01
-7.975478121143482202e-01
-6.717488503108953735e-01
-4.478416806470130185e-01
-2.644912479054248311e-01
-1.609710911388137489e-01
-9.702943943111311254e-02
-5.378511965829223945e-02
-2.248038687855540355e-02
1.463942179545247137e-03
2.064902463223695916e-02
3.663567850155397682e-02
5.039641102006439666e-02
6.255382007510661146e-02
7.351481888738552184e-02
8.354996194716214630e-02
9.284207467156603555e-02
1.015169065202500276e-01
1.096628624475382285e-01
1.173439011685789291e-01
1.246080579030385133e-01
1.314931152930128855e-01
1.380303923279172229e-01
1.442472824596703895e-01
1.501689595323287274e-01
1.558195335786121682e-01
1.612228492218612808e-01
1.664030601576084734e-01
1.713850735754416377e-01
1.761949319162834093e-01
1.808601818882797641e-01
1.854102695009181845e-01
1.898769932399584914e-01
1.942950442040109749e-01
1.987026612425541461e-01
2.031424302968738993e-01
2.076622598042364154e-01
2.123165677789251304e-01
2.171677205850533476e-01
2.222877678782002597e-01
2.277605218753164795e-01
2.336840307907184500e-01
2.401734942024243979e-01
2.473646598977654043e-01
2.554177243237123474e-01
2.645217285599590351e-01
2.748993952094063720e-01
2.868122864605667233e-01
3.005660808174545617e-01
3.165156729207751485e-01
3.350697145724959580e-01
3.566941646362645768e-01
3.819144396630089755e-01
4.113158911839261411e-01
4.455425786904179120e-01
4.852945557990629433e-01
5.313238081342203101e-01
5.844277644494384472e-01
6.454351511119820195e-01
7.151681180216927780e-01
7.943401107905535552e-01
8.833031911494313437e-01
9.815078493743979449e-01
1.086616021308300484e+00
1.193742542762977088e+00
1.296134705880333415e+00
1.387790667047735571e+00
1.465759038918244439e+00
1.530085959962765862e+00
1.582411361462782828e+00
1.624794402797529180e+00
1.659152258528431734e+00
1.687090260066055780e+00
1.709898630015829646e+00
1.728601330369367028e+00
1.744012267878183531e+00
1.756784818341227794e+00
1.767452122934153769e+00
1.776459374755297693e+00
1.784190349478123050e+00
1.790990729550007377e+00
1.797191182811979981e+00
1.803134295154897870e+00
1.809212311148668428e+00
1.815929622629522955e+00
1.824021962488700854e+00
1.834715710212796225e+00
1.850381004506240545e+00
1.876527539683090273e+00
1.929992706824138926e+00
1.700049521280549536e+00
