2.949601474222302011e-02
2.559117186296601745e-02
2.221565404106592631e-02
1.941995554819670247e-02
1.731724153456902504e-02
1.606717974515924768e-02
1.585865635967683568e-02
1.689268316336179146e-02
1.936645862486231426e-02
2.345925667845018964e-02
2.932057774299030167e-02
3.706080093090476785e-02
4.674441916036211481e-02
5.838581509217994486e-02
7.194744100854526259e-02
8.734019587791184980e-02
1.044257442347945875e-01
1.230204908280311954e-01
1.429009092753064369e-01
1.638099195379777440e-01
1.854640155239864752e-01
2.075608584360187081e-01
2.297870717584070133e-01
2.518259984053634604e-01
2.733652081372578424e-01
2.941035726923630911e-01
3.137577561629255052e-01
3.320679981176073992e-01
3.488030961398999596e-01
3.637645222539340750e-01
3.767896337083654901e-01
3.877539624593680512e-01
3.965725892064588254e-01
4.032006268475553101e-01
4.076328546645318629e-01
4.099025584246069887e-01
4.100796429374500285e-01
4.082680925398107230e-01
4.046028616222371865e-01
3.992462818284460147e-01
3.923840751306849617e-01
3.842210628124926863e-01
3.749766596800468421e-01
3.648802407844781714e-01
3.541664647772269636e-01
3.430706339392471937e-01
3.318241661125078679e-01
3.206502483947257232e-01
3.097597366945832320e-01
2.993473592249998871e-01
2.895882758554677583e-01
2.806350390482534873e-01
2.726149959419029711e-01
2.656281650704707120e-01
2.597456152471478985e-01
2.550083683036036275e-01
2.514268416478745993e-01
2.489808409518341481e-01
2.476201076552984048e-01
2.472654203150126129e-01
2.478102430597193540e-01
2.491229084566277396e-01
2.510493158663125168e-01
2.534161197800107734e-01
2.560343756194206621e-01
2.587036029699616435e-01
2.612162181667439520e-01
2.633622795343910084e-01
2.649344794033438033e-01
2.657333073291636150e-01
2.655722988145173269e-01
2.642832734144316964e-01
2.617214555924360919e-01
2.577703613545520578e-01
2.523463238629772842e-01
2.454025223506094144e-01
2.369323712455089215e-01
2.269721211001020089e-01
2.156025204475091606e-01
2.029493889462443135e-01
1.891829581300932539e-01
1.745158479045295641e-01
1.591995659350016745e-01
1.435194447359506020e-01
1.277879692539684031e-01
1.123364978991667346e-01
9.750544437633523742e-02
8.363306858102192987e-02
7.104312476556108591e-02
6.003173690078125735e-02
5.085401767260500777e-02
4.371112214184540851e-02
3.873863332773038598e-02
3.599741871702687168e-02
3.546837812976603999e-02
3.705282899501165933e-02
4.058064975280709780e-02
4.582873100432648117e-02
5.255277275512830470e-02
6.053602059585078132e-02
