nan
nan
nan
nan
nan
nan
1.508123494411576939e+04
nan
1.507797581172279388e+04
nan
1.498359775392531265e+04
1.493563967562474318e+04
1.487803009179422043e+04
nan
1.493235696020936848e+04
nan
1.490217278853773860e+04
nan
1.478295318506730655e+04
nan
nan
1.485799193961134188e+04
nan
1.495438306108056531e+04
nan
nan
1.485895398629369811e+04
nan
1.477927197091958988e+04
nan
1.505182607589628242e+04
1.482199222407656453e+04
nan
1.497568314102296426e+04
nan
nan
nan
nan
1.497223872272075641e+04
1.469671570587039059e+04
nan
nan
nan
nan
nan
1.497720807151258668e+04
1.492568025647928698e+04
nan
nan
1.485752527372968143e+04
nan
1.460142019766548219e+04
nan
1.490732760724725449e+04
1.486294304117139654e+04
nan
nan
1.474574296311366925e+04
nan
nan
1.487806618000639719e+04
nan
1.475760742094218404e+04
1.480820645023970610e+04
1.463829901431666258e+04
nan
1.486446746400101802e+04
nan
nan
nan
nan
nan
nan
1.472853933419971145e+04
nan
1.485391140984467893e+04
nan
nan
nan
nan
nan
nan
nan
1.485760722744637314e+04
1.471516271019440501e+04
nan
1.470825851488375338e+04
1.491233605509587505e+04
1.490800973512777455e+04
nan
nan
nan
nan
nan
1.497307401977888549e+04
1.464850019527377117e+04
nan
nan
nan
nan
