#Akaike Information Criterion from bootstrap run
3.192193363475196577e+01
2.727548626220887940e+01
3.005070238808453453e+01
2.953174642030070274e+01
2.890328004049358057e+01
3.174832946761632968e+01
3.102368605049679573e+01
2.963881080505409926e+01
3.189486632503572139e+01
3.013779615292818903e+01
2.842106628895770015e+01
2.607904398073273811e+01
3.031626674715811021e+01
2.979622765211523472e+01
3.058458741009669524e+01
2.773477896932549314e+01
2.797583585440317933e+01
2.952266552222236129e+01
2.999212172548676847e+01
3.035462383499660888e+01
2.566817515343089795e+01
3.123072443031717427e+01
3.041150809588723547e+01
2.985303490680384542e+01
2.919864699936468355e+01
2.885098575268244048e+01
3.201056979841993666e+01
2.968733252966935865e+01
3.173681724446700159e+01
3.184930502592752788e+01
3.160845029399589734e+01
3.146401954108434040e+01
2.825026422127744752e+01
3.095096218442217406e+01
2.936548158365014771e+01
2.962253555053890608e+01
2.850851101476626681e+01
3.180266197056864996e+01
2.930019225586646314e+01
2.837477331226292065e+01
3.115495102538876537e+01
2.980795811570702369e+01
3.206828742711896041e+01
3.000572989689220549e+01
2.964501827592258110e+01
3.108611805440968823e+01
3.070422908670203554e+01
3.050923180940466750e+01
3.071910759433406568e+01
2.724178728676143280e+01
3.160221267676283574e+01
3.043331642642124990e+01
2.678333552466929390e+01
3.008733270020915995e+01
3.096832370701448767e+01
2.858488770446407301e+01
3.209268394205784602e+01
2.923932906665549325e+01
2.974328916681472279e+01
3.031203941164443805e+01
2.925933142409783017e+01
2.910034770961857475e+01
2.951324221015623195e+01
2.998087593585344734e+01
2.970261042591385703e+01
2.982077585828457345e+01
2.835901339387766384e+01
2.907697497305832357e+01
3.135293543521624215e+01
3.103884943996625267e+01
3.040910760208544161e+01
2.906680109956552371e+01
3.115997880244345808e+01
2.781242097117858592e+01
2.902067968810319698e+01
2.935192222866286471e+01
3.176792192257787661e+01
3.138317475477789387e+01
2.743231507073939568e+01
2.914240829061590787e+01
3.112731305822577710e+01
2.857583808941045689e+01
3.023411182980588663e+01
3.071761126936469211e+01
2.919290412215055142e+01
3.175488189733820121e+01
3.192477580842708917e+01
3.140567206967766012e+01
3.078770424722929633e+01
2.929805888141796189e+01
3.026892973416117627e+01
2.928484560975734752e+01
3.064187614394323944e+01
3.188152497140413999e+01
2.972828590828698125e+01
2.942411114513017623e+01
3.124851464155539915e+01
3.115059782653191078e+01
3.087621033612031951e+01
2.966522581001001413e+01
