#Bayesian Information Criterion from bootstrap run
1.001824237097581545e+02
9.553597633721506099e+01
9.831119246309071968e+01
9.779223649530689499e+01
9.716377011549977283e+01
1.000088195426225184e+02
9.928417612550298088e+01
9.789930088006028086e+01
1.001553564000419101e+02
9.839828622793437773e+01
9.668155636396389241e+01
9.433953405573892326e+01
9.857675682216429891e+01
9.805671772712142342e+01
9.884507748510287684e+01
9.599526904433167829e+01
9.623632592940936092e+01
9.778315559722855710e+01
9.825261180049295717e+01
9.861511391000280469e+01
9.392866522843708310e+01
9.949121450532337008e+01
9.867199817089343128e+01
9.811352498181003057e+01
9.745913707437087226e+01
9.711147582768862208e+01
1.002710598734261254e+02
9.794782260467555091e+01
9.999730731947319384e+01
1.001097951009337237e+02
9.986894036900208960e+01
9.972450961609052911e+01
9.651075429628363622e+01
9.921145225942836987e+01
9.762597165865633997e+01
9.788302562554508768e+01
9.676900108977245907e+01
1.000631520455748387e+02
9.756068233087265185e+01
9.663526338726910581e+01
9.941544110039495763e+01
9.806844819071321240e+01
1.003287775021251491e+02
9.826621997189839419e+01
9.790550835092876980e+01
9.934660812941586983e+01
9.896471916170821714e+01
9.876972188441085621e+01
9.897959766934025083e+01
9.550227736176762505e+01
9.986270275176902089e+01
9.869380650142744571e+01
9.504382559967548616e+01
9.834782277521534866e+01
9.922881378202067992e+01
9.684537777947025461e+01
1.003531740170640347e+02
9.749981914166167485e+01
9.800377924182090794e+01
9.857252948665062320e+01
9.751982149910401176e+01
9.736083778462476346e+01
9.777373228516242420e+01
9.824136601085963605e+01
9.796310050092004929e+01
9.808126593329076570e+01
9.661950346888384900e+01
9.733746504806451583e+01
9.961342551022242731e+01
9.929933951497244493e+01
9.866959767709163032e+01
9.732729117457171242e+01
9.942046887744965034e+01
9.607291104618477107e+01
9.728116976310938924e+01
9.761241230366906052e+01
1.000284119975840724e+02
9.964366482978408612e+01
9.569280514574558083e+01
9.740289836562209302e+01
9.938780313323196935e+01
9.683632816441664204e+01
9.849460190481207178e+01
9.897810134437088436e+01
9.745339419715674012e+01
1.000153719723443828e+02
1.001852658834332743e+02
9.966616214468385238e+01
9.904819432223548858e+01
9.755854895642414704e+01
9.852941980916736497e+01
9.754533568476352912e+01
9.890236621894942459e+01
1.001420150464103358e+02
9.798877598329316641e+01
9.768460122013635782e+01
9.950900471656159141e+01
9.941108790153809593e+01
9.913670041112651177e+01
9.792571588501620283e+01
