#Variance for the Conditional distribution of Radius given Mass from initial fitting w/o bootstrap
nan
9.623196306805439915e-02
9.627970535200226776e-02
9.632362380776539335e-02
9.636386618030794160e-02
9.640057343351911279e-02
9.643388012799294917e-02
9.646391477391577651e-02
9.649080016095264167e-02
9.651465366686147462e-02
9.653558754641784756e-02
9.655370920209842278e-02
9.656912143785252589e-02
9.658192269718009204e-02
9.659220728663651945e-02
9.660006558579256608e-02
9.660558424459786409e-02
9.660884636901864719e-02
9.660993169575497752e-02
9.660891675677760193e-02
9.660587503437016721e-02
9.660087710730824728e-02
9.659399078876064471e-02
9.658528125645357565e-02
9.657481117559889305e-02
9.656264081505103181e-02
9.654882815712248489e-02
9.653342900145830963e-02
9.651649706334015921e-02
9.649808406676449457e-02
9.647823983261645531e-02
9.645701236223699904e-02
9.643444791666111460e-02
9.641059109178691522e-02
9.638548488971553085e-02
9.635917078648796597e-02
9.633168879642861615e-02
9.630307753329173104e-02
9.627337426839414902e-02
9.624261498590577779e-02
9.621083443545844216e-02
9.617806618222293769e-02
9.614434265459498308e-02
9.610969518962221569e-02
9.607415407629497917e-02
9.603774859681787901e-02
9.600050706596971462e-02
9.596245686865496893e-02
9.592362449574191874e-02
9.588403557827816781e-02
9.584371492016796612e-02
9.580268652939163965e-02
9.576097364784130761e-02
9.571859877984471854e-02
9.567558371944270834e-02
9.563194957648396555e-02
9.558771680159569573e-02
9.554290521008623749e-02
9.549753400483255994e-02
9.545162179820160242e-02
9.540518663305352920e-02
9.535824600287039210e-02
9.531081687105254219e-02
9.526291568942255039e-02
9.521455841597388503e-02
9.516576053190005380e-02
9.511653705793778057e-02
9.506690257005621925e-02
9.501687121452191687e-02
9.496645672236875280e-02
9.491567242329958243e-02
9.486453125904474593e-02
9.481304579620362938e-02
9.476122823859002564e-02
9.470909043910498426e-02
9.465664391115767573e-02
9.460389983965354632e-02
9.455086909156902586e-02
9.449756222613100998e-02
9.444398950461715958e-02
9.439016089979453128e-02
9.433608610501066638e-02
9.428177454295272319e-02
9.422723537408822514e-02
9.417247750480078894e-02
9.411750959523358662e-02
9.406234006685224025e-02
9.400697710973952848e-02
9.395142868963184124e-02
9.389570255470834625e-02
9.383980624214323385e-02
9.378374708442969998e-02
9.372753221548543734e-02
9.367116857654823880e-02
9.361466292186956806e-02
9.355802182421465996e-02
9.350125168017611732e-02
9.344435871530872018e-02
9.338734898909194226e-02
nan
