#Variance for the Conditional distribution of Mass given Radius from initial fitting w/o bootstrap
nan
1.044711836784518955e+00
1.045149216455816710e+00
1.045561123989016350e+00
1.045947119459618602e+00
1.046306814382398365e+00
1.046639873013761379e+00
1.046946013389936647e+00
1.047225008094317955e+00
1.047476684749801157e+00
1.047700926234531149e+00
1.047897670622068844e+00
1.048066910849485778e+00
1.048208694119374229e+00
1.048323121044083095e+00
1.048410344542686667e+00
1.048470568503220735e+00
1.048504046224534525e+00
1.048511078653708850e+00
1.048492012436373244e+00
1.048447237798357357e+00
1.048377186278004691e+00
1.048282328329073865e+00
1.048163170814538026e+00
1.048020254411696994e+00
1.047854150948918317e+00
1.047665460693993245e+00
1.047454809613547644e+00
1.047222846622246184e+00
1.046970240839642630e+00
1.046697678871506554e+00
1.046405862131331910e+00
1.046095504216488337e+00
1.045767328352182446e+00
1.045422064915049631e+00
1.045060449046800066e+00
1.044683218366978084e+00
1.044291110792497479e+00
1.043884862470273900e+00
1.043465205827961650e+00
1.043032867746542358e+00
1.042588567857332560e+00
1.042133016964834180e+00
1.041666915595837573e+00
1.041190952674208470e+00
1.040705804319933092e+00
1.040212132770216957e+00
1.039710585419729716e+00
1.039201793976505250e+00
1.038686373729474477e+00
1.038164922923183964e+00
1.037638022234897095e+00
1.037106234349001843e+00
1.036570103623426498e+00
1.036030155842645017e+00
1.035486898051739768e+00
1.034940818465987178e+00
1.034392386450428525e+00
1.033842052563958669e+00
1.033290248662561917e+00
1.032737388056451211e+00
1.032183865716022497e+00
1.031630058521727289e+00
1.031076325553144768e+00
1.030523008412769004e+00
1.029970431580233381e+00
1.029418902792934354e+00
1.028868713449252015e+00
1.028320139030797220e+00
1.027773439540356826e+00
1.027228859952442619e+00
1.026686630673581346e+00
1.026146968009703730e+00
1.025610074638213076e+00
1.025076140082527454e+00
1.024545341187083070e+00
1.024017842590989158e+00
1.023493797198696820e+00
1.022973346646235848e+00
1.022456621761713480e+00
1.021943743018944861e+00
1.021434820983215364e+00
1.020929956748312994e+00
1.020429242364091937e+00
1.019932761253947051e+00
1.019440588621679966e+00
1.018952791847339334e+00
1.018469430871696835e+00
1.017990558569120019e+00
1.017516221108657470e+00
1.017046458303225487e+00
1.016581303946848980e+00
1.016120786139958376e+00
1.015664927602792478e+00
1.015213745976995874e+00
1.014767254115547912e+00
1.014325460361175546e+00
1.013888368813449015e+00
1.013455979584766631e+00
nan
