#Variance for the Conditional distribution of Radius given Mass from initial fitting w/o bootstrap
nan
1.679641428732780561e-03
1.679688474221546074e-03
1.680269028627758661e-03
1.684035341265882916e-03
1.701083991898248802e-03
1.761452429053802626e-03
1.933732883740763584e-03
2.315314087946203445e-03
2.919686735943560763e-03
3.570417984682645093e-03
4.075336996689922150e-03
4.402390680808979453e-03
4.607808222033801630e-03
4.745910234643673301e-03
4.849180272647236195e-03
4.934428393368031109e-03
5.010044262016914197e-03
5.080284294598404714e-03
5.147451962612156588e-03
5.212978156872688507e-03
5.277978228908306382e-03
5.343571474412484208e-03
5.411099154928176135e-03
5.482303331120198103e-03
5.559488519984270502e-03
5.645658987836713050e-03
5.744594768774150678e-03
5.860795428686240392e-03
5.999188722411571452e-03
6.164494736990975589e-03
6.360196515735476279e-03
6.587235909656913475e-03
6.842810491160970787e-03
7.119851354833121176e-03
7.407677949282689446e-03
7.693843877158147888e-03
7.966551606870007907e-03
8.216705540424076512e-03
8.438937118576295138e-03
8.631522689958362124e-03
8.795574516361747211e-03
8.933999100549429653e-03
9.050575840217107634e-03
9.149305198752993168e-03
9.234029065805034533e-03
9.308259466473352284e-03
9.375139859118836183e-03
9.437475340027557183e-03
9.497784634777099375e-03
9.558339523566057594e-03
9.621165191961572605e-03
9.687980855681399550e-03
9.760069350705363744e-03
9.838083634988930432e-03
9.921830743101803587e-03
1.001011288975736657e-02
1.010072824957649641e-02
1.019070854519406669e-02
1.027678376614475295e-02
1.035595155764108474e-02
1.042596401395883866e-02
1.048557899127203902e-02
1.053453276485443249e-02
1.057329838454957628e-02
1.060273866260611625e-02
1.062373968621723071e-02
1.063685208689916888e-02
1.064190302050691678e-02
1.063748105126539542e-02
1.062013272401068908e-02
1.058304486886043130e-02
1.051398409351635838e-02
1.039259364800032559e-02
1.018855855403436907e-02
9.865781246314826725e-03
9.401907700810183469e-03
8.824057637781388200e-03
8.225862133086479788e-03
7.719800110216432087e-03
7.363793521210876963e-03
7.146911354177786641e-03
7.027081463339591647e-03
6.964194031484368871e-03
6.930846388664890258e-03
6.910895653549401461e-03
6.895316659007398423e-03
6.878814216553420617e-03
6.857638697198745019e-03
6.828292778115879584e-03
6.786880561400854099e-03
6.729177081865311653e-03
6.651896352715980579e-03
6.555643719728976825e-03
6.448500961673011428e-03
6.346068505034550486e-03
6.264365621117962656e-03
6.210601779413437058e-03
6.181228651818942987e-03
nan
