#Variance for the Conditional distribution of radius given mass from initial fitting w/o bootstrap
nan
1.702172318273059010e-03
1.700479768316074791e-03
1.700278997424276364e-03
1.700223298161000068e-03
1.700202063478899487e-03
1.700193362112992386e-03
1.700191010666649840e-03
1.700194234734247588e-03
1.700210888425093651e-03
1.700284813881747627e-03
1.700612474982099009e-03
1.701977291746698765e-03
1.707225020709116645e-03
1.725894912095996773e-03
1.787541516922300667e-03
1.974646098607882750e-03
2.475035935609298365e-03
3.540913067758469542e-03
5.102327721662424515e-03
6.557214105104600815e-03
7.515852136022409431e-03
8.082909351287111480e-03
8.457060597189872825e-03
8.754249128166399774e-03
9.023598035017616273e-03
9.281776804850604828e-03
9.531967397804985698e-03
9.772414363600110190e-03
1.000012992660344671e-02
1.021245803177381860e-02
1.040764963695470051e-02
1.058495825084805955e-02
1.074450822892358826e-02
1.088707505132144662e-02
1.101385572383166249e-02
1.112626908071237368e-02
1.122580116039369191e-02
1.131389628126675158e-02
1.139188716128184883e-02
1.146095485308886407e-02
1.152210932251442575e-02
1.157618270517337712e-02
1.162382871193611174e-02
1.166552279890853243e-02
1.170155828808991036e-02
1.173203343991430052e-02
1.175682337131518304e-02
1.177552849624817835e-02
1.178738768934406954e-02
1.179113976483744594e-02
1.178481218188674046e-02
1.176541464253781991e-02
1.172852645872353439e-02
1.166780972228947076e-02
1.157458959576821919e-02
1.143785730146149385e-02
1.124535342156773518e-02
1.098654971101248670e-02
1.065776862498739319e-02
1.026776690258318983e-02
9.839760216044282637e-03
9.406359060283683848e-03
8.999062179374985732e-03
8.638982566595407656e-03
8.334023206122587180e-03
8.081912172140937045e-03
7.875210394862426286e-03
7.705304819568973076e-03
7.564551365461169227e-03
7.446980661581362355e-03
7.348225820047733607e-03
7.265153391794209811e-03
7.195456753560361927e-03
7.137321643070813904e-03
7.089194101127345264e-03
7.049644973221871024e-03
7.017311831698356921e-03
6.990897508026595875e-03
6.969209263113459486e-03
6.951232243933447123e-03
6.936245860603007865e-03
6.924014595410745050e-03
6.915116923165812689e-03
6.911498800511166329e-03
6.917234801497994245e-03
6.938839866508411496e-03
6.982718853302066764e-03
7.046774124105253424e-03
7.112944019733166874e-03
7.157880730867475193e-03
7.171425859475459921e-03
7.155639262124789853e-03
7.113091005686722999e-03
7.041912612648592446e-03
6.940853435265315410e-03
6.823887985367059483e-03
6.728302338676332012e-03
6.683673578706767621e-03
nan
