#Lower limit for the Conditional distribution of Radius given Mass from initial fitting w/o bootstrap
9.964104086170753649e-09
-7.467503686793669493e-02
-7.449803727037168644e-02
-7.411857885132261403e-02
-7.345008630197612243e-02
-7.239795475162481841e-02
-7.086667799731774520e-02
-6.877082998478825648e-02
-6.604958274081441927e-02
-6.268302598985418805e-02
-5.870652293793059140e-02
-5.421724668261256042e-02
-4.936694251968609670e-02
-4.433883984516640703e-02
-3.931476186665368994e-02
-3.444446131242703130e-02
-2.982778153818306521e-02
-2.551236828034464735e-02
-2.150239975573660714e-02
-1.777156672682641408e-02
-1.427534265665833697e-02
-1.096024542171172150e-02
-7.769937056497418920e-03
-4.648691552179764520e-03
-1.543088458211279218e-03
1.597393598802491219e-03
4.820387725062730104e-03
8.170931893659014178e-03
1.169184675228798764e-02
1.542408259995589441e-02
1.940695117633381428e-02
2.367824686888754179e-02
2.827412703996946483e-02
3.322882814886998076e-02
3.857410215810969795e-02
4.433836894224951058e-02
5.054552084530968686e-02
5.721337970698700537e-02
6.435179184808285935e-02
7.196044855392814965e-02
8.002661432741710323e-02
8.852308658242412365e-02
9.740686104527360167e-02
1.066190252814690348e-01
1.160864009652026185e-01
1.257251032263377866e-01
1.354457906304987191e-01
1.451599079407468185e-01
1.547858004486461492e-01
1.642537505562106093e-01
1.735091847104383023e-01
1.825138952361006761e-01
1.912455119377677870e-01
1.996957559960783335e-01
2.078680464252630755e-01
2.157749404675055049e-01
2.234357705056109755e-01
2.308746054917406032e-01
2.381187263259020581e-01
2.451975442981870756e-01
2.521420181376198832e-01
2.589845578038186269e-01
2.657594497348745310e-01
2.725038885095786290e-01
2.792597346697971994e-01
2.860762928662592963e-01
2.930143825418862202e-01
3.001522784447596126e-01
3.075941944722661581e-01
3.154822644372136109e-01
3.240132070639021866e-01
3.334610465022909143e-01
3.442072600376576696e-01
3.567794452932176452e-01
3.718993071604984602e-01
3.905420998946135813e-01
4.140179333838797660e-01
4.441140707888233674e-01
4.834182583712652304e-01
5.361500698388257380e-01
6.100658495896194022e-01
7.122702834445957532e-01
8.012290820301267713e-01
8.482919471831634750e-01
8.733474009301899210e-01
8.876628608054565328e-01
8.961308828030487561e-01
9.011932758749717776e-01
9.042080732536609267e-01
9.059804252696118665e-01
9.070035433587343432e-01
9.075829522474594402e-01
9.079070555816840526e-01
9.080900290744585712e-01
9.081990398087262939e-01
9.082719099931454432e-01
9.083286456288713895e-01
9.083789008308256196e-01
9.084267107889933968e-01
9.964104086170753649e-09
