#Upper limit for the Conditional distribution of Radius given Mass from initial fitting w/o bootstrap
9.964104086170753649e-09
1.004135724249891060e-01
1.012928256113216630e-01
1.032063465434422678e-01
1.065762776053421346e-01
1.117873011911767189e-01
1.190811759127752417e-01
1.284343253360774872e-01
1.394805824223472601e-01
1.515585899076177800e-01
1.638972971334263229e-01
1.758383855434136056e-01
1.869692249902343562e-01
1.971315741280948719e-01
2.063566634339986383e-01
2.147871642361301459e-01
2.226169038956790636e-01
2.300537793960010791e-01
2.373006938573890001e-01
2.445476449491731374e-01
2.519696294268768955e-01
2.597268591485285549e-01
2.679651275195685800e-01
2.768149758578478670e-01
2.863887816779319695e-01
2.967752627649037911e-01
3.080314078166573322e-01
3.201726838750665882e-01
3.331636358128391429e-01
3.469121280309692690e-01
3.612709200377284824e-01
3.760487615611969314e-01
3.910299759057116464e-01
4.059979647657429025e-01
4.207566001709195924e-01
4.351448122630326987e-01
4.490428682598073817e-01
4.623716214457661011e-01
4.750873876556234165e-01
4.871749111491637252e-01
4.986402585047671754e-01
5.095045476096431436e-01
5.197988440960781276e-01
5.295602488226865967e-01
5.388289936084290632e-01
5.476463479554639635e-01
5.560531622852490363e-01
5.640888831323439545e-01
5.717909257535559453e-01
5.791943117600201196e-01
5.863315380483525852e-01
5.932325693559045154e-01
5.999250315550185286e-01
6.064345104275181697e-01
6.127850135544238297e-01
6.189996063719896968e-01
6.251012709833340120e-01
6.311140618870608732e-01
6.370646712132174150e-01
6.429845721674792847e-01
6.489129938197005787e-01
6.549011111272834418e-01
6.610180437290634758e-01
6.673595907639561231e-01
6.740612649483967989e-01
6.813181420594666138e-01
6.894162349879995322e-01
6.987840665301234822e-01
7.100823302265001358e-01
7.243716661071786245e-01
7.434585550804391207e-01
7.707000669086212508e-01
8.130646046974110419e-01
8.838190215602957922e-01
9.726779814026939031e-01
1.036299033355273069e+00
1.077588720635430430e+00
1.105944942849944823e+00
1.126060370136627631e+00
1.140456149490167936e+00
1.150707186408606919e+00
1.157917086330905398e+00
1.162908815416362485e+00
1.166307201487886580e+00
1.168582644481006794e+00
1.170082250617372921e+00
1.171056315499366951e+00
1.171681309198479903e+00
1.172079097953689919e+00
1.172332168301422728e+00
1.172495248436834947e+00
1.172603880437060875e+00
1.172680592193189097e+00
1.172739254670561282e+00
1.172788105781438661e+00
1.172831815147814316e+00
1.172872868754952336e+00
1.172912477986405078e+00
1.172951160110066837e+00
9.964104086170753649e-09
