#Conditional distribution of Radius given Mass from initial fitting w/o bootstrap
9.964104086170753649e-09
-6.297424985412196537e-03
-5.868732616154779744e-03
-4.943617729151159566e-03
-3.311470294037388139e-03
-7.533491710561112786e-04
2.928309653314010996e-03
7.865871360563160899e-03
1.407445209343993926e-02
2.140981519626333068e-02
2.956488032160240614e-02
3.812488589498621433e-02
4.666625130478889438e-02
5.485110306574603883e-02
6.247530768232580772e-02
6.946475222934550553e-02
7.584223003402111585e-02
8.168921765655820511e-02
8.711556076899668044e-02
9.223996938248568700e-02
9.717940336996917783e-02
1.020443604966887186e-01
1.069375661386761933e-01
1.119543643355240675e-01
1.171837677706378394e-01
1.227095518744737296e-01
1.286110604466628726e-01
1.349634066490565665e-01
1.418369762518689736e-01
1.492959610481838784e-01
1.573957949921946098e-01
1.661793652335324945e-01
1.756719951170218064e-01
1.858755829119569380e-01
1.967626788229417112e-01
2.082719054880749487e-01
2.203064700785714036e-01
2.327374804132021358e-01
2.454126514802461856e-01
2.581694121154972099e-01
2.708497323288052150e-01
2.833133975424466100e-01
2.954471373542718049e-01
3.071686409734815659e-01
3.184260300437797842e-01
3.291942438680454108e-01
3.394699171812265437e-01
3.492659870638470387e-01
3.586067848230680699e-01
3.675239571667355820e-01
3.760532879850382315e-01
3.842323461638159077e-01
3.920988273271267532e-01
3.996894510545309087e-01
4.070392937678220524e-01
4.141814658401276050e-01
4.211470720819069924e-01
4.279654232719760643e-01
4.346645101637892639e-01
4.412717351564746648e-01
4.478150294005102672e-01
4.543244091769886306e-01
4.608341832951988182e-01
4.673860626711650035e-01
4.740335642251046200e-01
4.808482890425971323e-01
4.879289424042455026e-01
4.954144089966897591e-01
5.035029063255399562e-01
5.124804160858336122e-01
5.227636683587522093e-01
5.349669532082920176e-01
5.500106855880148027e-01
5.693110443761839612e-01
5.951504218706645810e-01
6.315222386867418436e-01
6.863938659072830184e-01
7.760224495334158146e-01
8.867722018837168596e-01
9.547872635624534698e-01
9.926134138826863129e-01
1.015541126520768778e+00
1.030063945761346966e+00
1.039414072448817006e+00
1.045446655788097479e+00
1.049317118840458196e+00
1.051775420141685569e+00
1.053316999487893257e+00
1.054270500761221641e+00
1.054852986921801516e+00
1.055206360280988909e+00
1.055421971486850463e+00
1.055557425058742060e+00
1.055648080752738638e+00
1.055714896016334725e+00
1.055769728641756444e+00
1.055818875311136606e+00
1.055865389086918293e+00
1.055910557629372803e+00
9.964104086170753649e-09
