#Conditional distribution of Mass given Radius from initial fitting w/o bootstrap
9.110903009043410299e-09
-2.590739246931510475e-01
-2.071259852065876761e-01
-1.500942862590719795e-01
-9.297322400768538719e-02
-4.062394054316546821e-02
4.893349394678908441e-03
4.387599730695556505e-02
7.752141942919714424e-02
1.071049813790169031e-01
1.337223996612378341e-01
1.582616888053251514e-01
1.814383907076773661e-01
2.038377470273689540e-01
2.259489246656010975e-01
2.481890759771346877e-01
2.709180658854387636e-01
2.944449336273700091e-01
3.190267807393754596e-01
3.448605775699622455e-01
3.720687622202895062e-01
4.006807685257867679e-01
4.306148123060976607e-01
4.616667606104519206e-01
4.935140502132573381e-01
5.257402382882269132e-01
5.578790995017420817e-01
5.894688898242342878e-01
6.201026486230774015e-01
6.494625545727433780e-01
6.773336396253852865e-01
7.035996178038844695e-01
7.282275200869735565e-01
7.512479276880462686e-01
7.727356083787344510e-01
7.927930629958733766e-01
8.115377802010781405e-01
8.290930294863372296e-01
8.455816299980133399e-01
8.611220036415507817e-01
8.758259836317016100e-01
8.897978646725818175e-01
9.031343840304710824e-01
9.159253991016030882e-01
9.282551269049528209e-01
9.402038788373786593e-01
9.518503051769016121e-01
9.632741901751417091e-01
9.745599756549512271e-01
9.858011294448448814e-01
9.971057217322891741e-01
1.008603554200804497e+00
1.020455400062440843e+00
1.032865100468831621e+00
1.046095561749136316e+00
1.060490145880397694e+00
1.076501662431932349e+00
1.094732457824966643e+00
1.115991396347956188e+00
1.141378707576452545e+00
1.172420909803925992e+00
1.211306747751251356e+00
1.261354234923171225e+00
1.328090415369150623e+00
1.422279320990227358e+00
1.570203106521905312e+00
1.805807042803869944e+00
1.967237471007136973e+00
2.045502842887925610e+00
2.091300370187692437e+00
2.120990194013378627e+00
2.141245928113478580e+00
2.155448600347022126e+00
2.165558033119967973e+00
2.172811712742907631e+00
2.178035517112500319e+00
2.181800868143618288e+00
2.184512495663690324e+00
2.186461385102593358e+00
2.187858677112175076e+00
2.188858368261795029e+00
2.189573025009881935e+00
2.190084956950090866e+00
2.190454241770309451e+00
2.190724637561466626e+00
2.190927929038576583e+00
2.191087165260980463e+00
2.191219087233759577e+00
2.191335967569162602e+00
2.191447031741262208e+00
2.191559599347698395e+00
2.191680073020028541e+00
2.191814918482161367e+00
2.191971842856225372e+00
2.192161548784046676e+00
2.192400892679405189e+00
2.192719582061965600e+00
2.193177045427617156e+00
2.193917752709961366e+00
9.110903009043410299e-09
