#Lower limit for the Conditional distribution of Mass given Radius from initial fitting w/o bootstrap
9.110903009043410299e-09
-4.503226463100351573e-01
-4.359165118392817062e-01
-4.199717113808397739e-01
-4.023204192508008648e-01
-3.828082889062556227e-01
-3.613387170200959564e-01
-3.379410243647444911e-01
-3.128492864408477514e-01
-2.865470895908330817e-01
-2.597168842033448222e-01
-2.330811901918732332e-01
-2.072170529757135782e-01
-1.824509555826402951e-01
-1.588633325133446406e-01
-1.363554599534092804e-01
-1.147239042320117169e-01
-9.371637930121598514e-02
-7.306607968772334261e-02
-5.251029967344299221e-02
-3.179992161662868050e-02
-1.070447618232660096e-02
1.098405705445460942e-02
3.344676096286901962e-02
5.683138296234099135e-02
8.124322040103440501e-02
1.067332024635756077e-01
1.332840518543396413e-01
1.607969729328293795e-01
1.890831725384467810e-01
2.178657138584343955e-01
2.467963462506696237e-01
2.754878705044540022e-01
3.035564149797291833e-01
3.306631925461335220e-01
3.565451410052420389e-01
3.810288081958735917e-01
4.040282221495263837e-01
4.255318693480951153e-01
4.455849218493946329e-01
4.642714113610625914e-01
4.816990379612802187e-01
4.979875802047842304e-01
5.132607853275023002e-01
5.276412144012996297e-01
5.412473873021563797e-01
5.541926945607332788e-01
5.665855675034032757e-01
5.785307275249944592e-01
5.901312871612083288e-01
6.014916938178006545e-01
6.127215689276339639e-01
6.239405862018829740e-01
6.352846102410568685e-01
6.469133848291991340e-01
6.590201113047715609e-01
6.718432754957633923e-01
6.856810397013550773e-01
7.009083947990869534e-01
7.179969876389485917e-01
7.375372829571766875e-01
7.602624131545235864e-01
7.870735181229826516e-01
8.190683820021494865e-01
8.575808701211071750e-01
9.042515089592558786e-01
9.611770149067297986e-01
1.031248859888610703e+00
1.118954277349269333e+00
1.232398916264527466e+00
1.388231427902672621e+00
1.599471793100480710e+00
1.759800802694394317e+00
1.839113672251119880e+00
1.883162414630490389e+00
1.910363496571485520e+00
1.928151475782843072e+00
1.940155646664477818e+00
1.948398719997506578e+00
1.954111085488037247e+00
1.958086096418317545e+00
1.960855631169549529e+00
1.962785553252376136e+00
1.964131673412822909e+00
1.965074580450237640e+00
1.965742377705888666e+00
1.966226094854605755e+00
1.966590451354498281e+00
1.966881561029533820e+00
1.967132577831481433e+00
1.967367956594661571e+00
1.967606830740780355e+00
1.967865949797119596e+00
1.968162685606383189e+00
1.968518905022459409e+00
1.968967341610444510e+00
1.969564576476802831e+00
1.970423338486593234e+00
1.971818344093895892e+00
9.110903009043410299e-09
