#Variance for the Conditional distribution of radius given mass from initial fitting w/o bootstrap
nan
1.759883383332705485e-03
1.759772750839302350e-03
1.759751423100657528e-03
1.759744741791584256e-03
1.759743154029951148e-03
1.759744469953593770e-03
1.759748428840317855e-03
1.759756653164810990e-03
1.759778911378429792e-03
1.759868423761378137e-03
1.760287931059510008e-03
1.762202769185325715e-03
1.770302816021674568e-03
1.801864447417667178e-03
1.914669696506765811e-03
2.273899332912893232e-03
3.203696921433632321e-03
4.845075335023161026e-03
6.544921993140210247e-03
7.647662333437540115e-03
8.237542174882329579e-03
8.585292057482424646e-03
8.843716752031171441e-03
9.073949035935459026e-03
9.296691160348898378e-03
9.517099733021412017e-03
9.734665455167337833e-03
9.947049850475255667e-03
1.015162867977940052e-02
1.034612992695231777e-02
1.052887623492899591e-02
1.069883273518598688e-02
1.085555302624789838e-02
1.099907526727650700e-02
1.112980111947170503e-02
1.124837808192363266e-02
1.135559675111478921e-02
1.145230790205017599e-02
1.153935981519168749e-02
1.161755362087640679e-02
1.168761312986650591e-02
1.175016516786924620e-02
1.180572639395693034e-02
1.185469260268386810e-02
1.189732630049615200e-02
1.193373765385084828e-02
1.196385246806274186e-02
1.198735838464453675e-02
1.200361670334936827e-02
1.201152206095171260e-02
1.200928629266614402e-02
1.199411893453812897e-02
1.196178288097552063e-02
1.190603826754950065e-02
1.181808713937418549e-02
1.168634848421004450e-02
1.149724913979498393e-02
1.123803851040657345e-02
1.090229553758456996e-02
1.049685467044923944e-02
1.004568271715795477e-02
9.585503415423737503e-03
9.153553511808167065e-03
8.775366596759063761e-03
8.460288368207688134e-03
8.204935078162934464e-03
7.999598725974990318e-03
7.833408679356479096e-03
7.697030760408761670e-03
7.583469462543956062e-03
7.487877402687108039e-03
7.407012853708192825e-03
7.338676676652812481e-03
7.281261155564964366e-03
7.233442561585038538e-03
7.194005364740853684e-03
7.161770268024249091e-03
7.135596474150173243e-03
7.114434840515455188e-03
7.097420684967445728e-03
7.084012995756498732e-03
7.074212205189010609e-03
7.068920434876627135e-03
7.070520362687325762e-03
7.083607769367195398e-03
7.115092188400265819e-03
7.171093110244277161e-03
7.247885331223044569e-03
7.324696686122191512e-03
7.376037960092208211e-03
7.391505788163381385e-03
7.374248706736515578e-03
7.328077867780701145e-03
7.252421505548873812e-03
7.148192852073921230e-03
7.031966112354052015e-03
6.940309055899609135e-03
6.898496135268035977e-03
nan
