#Conditional distribution of mass given radius from initial fitting w/o bootstrap
1.138433500006630128e+00
-1.276627087666645455e+00
-1.197534047360277354e+00
-1.079054336565977934e+00
-9.422961188951068934e-01
-8.065813992830616064e-01
-6.839489263029977506e-01
-5.792271695226073325e-01
-4.925745769416914888e-01
-4.219286204347045266e-01
-3.645481633716469161e-01
-3.177681867985424069e-01
-2.792827625342149123e-01
-2.471973798370100950e-01
-2.199873751227788554e-01
-1.964285333548000112e-01
-1.755277936652411275e-01
-1.564638725373725114e-01
-1.385398871279654165e-01
-1.211472245884451099e-01
-1.037391963384537846e-01
-8.581314225132756490e-02
-6.690002413711372553e-02
-4.656090769767262660e-02
-2.438994871193637254e-02
-2.349755122668829984e-05
2.684533025233700951e-02
5.644781165091820874e-02
8.891846428140186276e-02
1.242744040345914319e-01
1.623987397678154088e-01
2.030317913612598169e-01
2.457734413301371212e-01
2.900985831533683390e-01
3.353855408295128293e-01
3.809549349821197417e-01
4.261143920924682638e-01
4.702033431902390426e-01
5.126322752300154217e-01
5.529121107707238858e-01
5.906714590520709685e-01
6.256616908907871588e-01
6.577515944937447623e-01
6.869144559368477454e-01
7.132107347957544752e-01
7.367692330580557503e-01
7.577690341320449940e-01
7.764237584740247833e-01
7.929690165615893571e-01
8.076534323514820146e-01
8.207332891307730360e-01
8.324707016959257411e-01
8.431352121250655918e-01
8.530088053295240558e-01
8.623945123387194434e-01
8.716289831790547948e-01
8.810996301929406860e-01
8.912671058913099742e-01
9.026938718945248796e-01
9.160792183179530257e-01
9.322999103114008035e-01
9.524530110598631305e-01
9.778923931824201610e-01
1.010241909955484241e+00
1.051355730800369148e+00
1.103182262649520240e+00
1.167481151930947370e+00
1.245361963195948274e+00
1.336683425790123891e+00
1.439480934258940081e+00
1.549721593878475190e+00
1.661685051502939103e+00
1.769019265878526648e+00
1.866117198382561737e+00
1.949224419801268038e+00
2.016851464722837051e+00
2.069483676144034501e+00
2.108901441722164094e+00
2.137466460007662494e+00
2.157585812166898709e+00
2.171403432680774070e+00
2.180675259681279066e+00
2.186759304131310255e+00
2.190662791176212210e+00
2.193108910738043260e+00
2.194603107817574283e+00
2.195490228534781263e+00
2.196000141026602126e+00
2.196282437796566622e+00
2.196431954340523518e+00
2.196507046623686676e+00
2.196542384840909801e+00
2.196557709775209588e+00
2.196563681871054108e+00
2.196565677917688308e+00
2.196566166228893113e+00
2.196566108924815630e+00
2.196565640644069006e+00
2.196563191058392039e+00
1.511769766458128106e-01
