#Lower limit for the Conditional distribution of mass given radius from initial fitting w/o bootstrap
2.439821651881936004e-01
-1.574884000178733423e+00
-1.566576162273625838e+00
-1.551827155409660763e+00
-1.529894553238744681e+00
-1.499803560576363770e+00
-1.459992974979565705e+00
-1.407746324407056271e+00
-1.338202390528851149e+00
-1.243126637154712277e+00
-1.116023934847341303e+00
-9.820958141454755319e-01
-8.804207742432136330e-01
-8.102132286681760220e-01
-7.600576526540618882e-01
-7.224605487375311830e-01
-6.930707684383961009e-01
-6.692534519500998869e-01
-6.493137479092088160e-01
-6.320968070797481353e-01
-6.167723243747161854e-01
-6.027117283454715979e-01
-5.894143907817959160e-01
-5.764612275089203708e-01
-5.634844173957332947e-01
-5.501470909164327683e-01
-5.361295030626564984e-01
-5.211196488864945353e-01
-5.048070880208876954e-01
-4.868792108946519148e-01
-4.670194692338597853e-01
-4.449073217146150561e-01
-4.202199197663764041e-01
-3.926360060749099490e-01
-3.618432851545615447e-01
-3.275518543774799674e-01
-2.895183246319636416e-01
-2.475878611239943072e-01
-2.017632404518067135e-01
-1.523070164996233600e-01
-9.986650631624829910e-02
-4.557341706829722700e-02
8.975101812803719381e-03
6.193705968879054113e-02
1.116072193250026018e-01
1.567683372334260083e-01
1.968312461890637799e-01
2.317533918836824081e-01
2.618534215446701729e-01
2.876331222285284372e-01
3.096534292001143496e-01
3.284643182215630230e-01
3.445726403971702823e-01
3.584324485966809970e-01
3.704473522035749422e-01
3.809789176113206888e-01
3.903581402104743248e-01
3.988988349689377433e-01
4.069128335832514209e-01
4.147275502119103230e-01
4.227069170635431306e-01
4.312770256999994833e-01
4.409580345617954977e-01
4.524039654803604371e-01
4.664517514093855510e-01
4.841803517781799737e-01
5.069801212598832318e-01
5.366334982335942971e-01
5.754145442523530551e-01
6.262367199924978589e-01
6.929368754831660704e-01
7.809350487046288203e-01
8.989465131879934567e-01
1.063919554588391048e+00
1.314248805001319687e+00
1.630140949327603117e+00
1.798104593690935449e+00
1.876213081871928479e+00
1.918958390944696113e+00
1.944370451208560890e+00
1.960067073036114493e+00
1.969914049999587302e+00
1.976104825361945094e+00
1.979970981843997002e+00
1.982353363406570423e+00
1.983793813080857893e+00
1.984643853088191578e+00
1.985130762532751669e+00
1.985399819105679198e+00
1.985542190374093074e+00
1.985613667149164652e+00
1.985647303306142808e+00
1.985661895713580760e+00
1.985667591300566359e+00
1.985669509828085877e+00
1.985670007772789347e+00
1.985670021771752447e+00
1.985669761385977283e+00
1.985668364671747010e+00
-1.145098170873112720e+00
