#Marginalized radius distribution from initial fitting w/o bootstrap
2.188378068012971721e-11
3.065204371381044166e-02
5.723199971352204568e-02
8.085787732448715404e-02
1.024862911694331274e-01
1.229263389426037828e-01
1.428527859003708156e-01
1.628185663817381390e-01
1.832666135475961855e-01
2.045410293828117676e-01
2.268976078183846945e-01
2.505137246019540354e-01
2.754976082739125642e-01
3.018970072932644633e-01
3.297072690021596308e-01
3.588788467207465471e-01
3.893242518246062822e-01
4.209244681755687778e-01
4.535348467531487016e-01
4.869904987682160402e-01
5.211112059327817070e-01
5.557058669099552706e-01
5.905764992762585486e-01
6.255218165944597120e-01
6.603404004190523979e-01
6.948334872383085115e-01
7.288073904966146932e-01
7.620755779384648099e-01
7.944604245710270574e-01
8.257946615557495429e-01
8.559225413108229041e-01
8.847007390356744772e-01
9.119990107558666459e-01
9.377006278319454102e-01
9.617026076788255384e-01
9.839157602032724270e-01
1.004264569185920442e+00
1.022686927511079258e+00
1.039133744782260838e+00
1.053568445454025282e+00
1.065966375161224722e+00
1.076314132435217674e+00
1.084608842462983613e+00
1.090857388969300734e+00
1.095075619684404700e+00
1.097287540199578526e+00
1.097524510311200574e+00
1.095824456209647080e+00
1.092231111083345807e+00
1.086793295879960874e+00
1.079564251096429173e+00
1.070601029557095130e+00
1.059963959184699656e+00
1.047716183772398724e+00
1.033923288726281031e+00
1.018653017667100702e+00
1.001975084657101167e+00
9.839610856528159255e-01
9.646845115777662460e-01
9.442208641598117680e-01
9.226478743867200238e-01
9.000458221002590742e-01
8.764979538736847875e-01
8.520909949000967654e-01
8.269157491595247045e-01
8.010677806310232407e-01
7.746481667722897591e-01
7.477643139035239361e-01
7.205308225043653980e-01
6.930703887627198689e-01
6.655147270022669925e-01
6.380054958612276783e-01
6.106952092987768532e-01
5.837481116671040526e-01
5.573409942067553136e-01
5.316639284003332744e-01
5.069208896550894128e-01
4.833302427782124044e-01
4.611250586598942269e-01
4.405532294883732214e-01
4.218773476882148321e-01
4.053743115980821821e-01
3.913346186871128896e-01
3.800613048498223123e-01
3.718684860181767915e-01
3.670794559860840467e-01
3.660242919561091934e-01
3.690369168906534325e-01
3.764515652802111756e-01
3.885985964295950446e-01
4.057995968092010797e-01
4.283617104225022620e-01
4.565711335029599138e-01
4.906857071734883058e-01
5.309265389794290968e-01
5.774685814417748198e-01
6.304300929710184853e-01
6.898609036336205147e-01
7.557294053725407412e-01
8.279081833507379029e-01
