7.044325964722467688e+03
7.183301981997967232e+03
6.817054472928031828e+03
6.865999355387841206e+03
7.105933003047728562e+03
7.079832130882765341e+03
6.754573277184988001e+03
6.967200119184821233e+03
6.811289087305371140e+03
6.809269626996341685e+03
6.757963916304240229e+03
6.863192164996553402e+03
6.886077117329546127e+03
7.114175535546011815e+03
6.921788079467932221e+03
6.772132101672463250e+03
6.823431478908858480e+03
6.727008480007696562e+03
6.669995977435215536e+03
6.849451702223018401e+03
6.973229363162670779e+03
6.789596838191971983e+03
6.828982809092664866e+03
6.831887355970667159e+03
6.818348454743691036e+03
6.748478325999089066e+03
6.840814476145138542e+03
6.789079339087659719e+03
6.655930603433051147e+03
7.108428171462855971e+03
7.062080795292355106e+03
6.938797124574325608e+03
6.967056217156979073e+03
6.817944876323294011e+03
6.794771065512548375e+03
6.809421515108053427e+03
6.835300976917074877e+03
6.975932390192021558e+03
6.943956270236632008e+03
6.956052313904080620e+03
7.028899254876010673e+03
6.939951820276064609e+03
7.057346503016075076e+03
7.042394360491374755e+03
6.874391983707051622e+03
6.948105057279460198e+03
7.022677967522648942e+03
6.765543563542749325e+03
6.919999288985855856e+03
6.929084301012058859e+03
