-8.553215251038932543e-01
-8.553215093913125733e-01
-8.553207683332482159e-01
-8.552733151029402459e-01
-8.543127886228525369e-01
-8.435323537631891355e-01
-2.740518148841478152e-01
3.607777221340801588e-01
4.643863670313825853e-01
4.898328353330768103e-01
4.955712843822946412e-01
4.970294773196121674e-01
4.986672680175183170e-01
5.026718932889420177e-01
5.112445895775358240e-01
5.273713871824450283e-01
5.549824669191989468e-01
5.978700254517694823e-01
6.558767587777232233e-01
7.207220999591100741e-01
7.805322514804310385e-01
8.286957889185906367e-01
8.646280338096663520e-01
8.904034849535644724e-01
9.085991666726415117e-01
9.214977080967414746e-01
9.309099054258652695e-01
9.382258462161807699e-01
9.445299681641885492e-01
9.507120787335510137e-01
9.575446449719209330e-01
9.657078801350886810e-01
9.757466041509852417e-01
9.879549554627029551e-01
1.002224443874056625e+00
1.017951299005486643e+00
1.034119327904301056e+00
1.049580152735401395e+00
1.063393070642293381e+00
1.075036419282740852e+00
1.084418990055658227e+00
1.091759246677661110e+00
1.097438264483298509e+00
1.101891220954489992e+00
1.105552946720050445e+00
1.108848014280540362e+00
1.112211722642791001e+00
1.116133333804793626e+00
1.121219435095079708e+00
1.128280071729680811e+00
1.138440607286741013e+00
1.153270182966519952e+00
1.174868133568196304e+00
1.205701722673459431e+00
1.247694493487811140e+00
1.300091252933819330e+00
1.357592032395946946e+00
1.412448690949953622e+00
1.459152569290644186e+00
1.496138732589368248e+00
1.524576115013813737e+00
1.546918822399179438e+00
1.566077822535340669e+00
1.585106876238619344e+00
1.607225879709835548e+00
1.636079869213160842e+00
1.676214576805222123e+00
1.733803889372927287e+00
1.817223052274083095e+00
1.933198607846429162e+00
2.069260127543532946e+00
2.196713000523277337e+00
2.306634749189906852e+00
2.403963513361534243e+00
2.493826757233045033e+00
2.578296247033196043e+00
2.656233121132235642e+00
2.725137108852655476e+00
2.783690980994012687e+00
2.832377927179892119e+00
2.872576233227358333e+00
2.905751485532076739e+00
2.933137518368493790e+00
2.955690734471189351e+00
2.974135085997222649e+00
2.989014737046650882e+00
3.000715011217963468e+00
3.009413036177027045e+00
3.014880384935891389e+00
3.015948553546237587e+00
3.009198113567482569e+00
2.986113581723209620e+00
2.928601912079192182e+00
2.808685900091050680e+00
2.646151408787826398e+00
2.554085477256308856e+00
2.525927936347281300e+00
2.520314912755397430e+00
2.519744184796739006e+00
2.755026992297900712e+00
