-9.860441727166798787e-01
-9.860441716183154792e-01
-9.860441433031230662e-01
-9.860423729932817904e-01
-9.860067757921180398e-01
-9.856346609190618224e-01
-9.830221864281758481e-01
-9.679124091887272296e-01
-8.006983766937655345e-01
-8.919394043756651014e-02
-5.424603843053047575e-02
-4.628829248303525240e-02
-4.445416973980223507e-02
-4.380654893151313817e-02
-4.261167134069621804e-02
-3.979509606056255699e-02
-3.424099582701770061e-02
-2.455929755489745514e-02
-9.046101127065078046e-03
1.418079849180847729e-02
4.679899096951947723e-02
8.945830917567908214e-02
1.402445224821932124e-01
1.932715487332936910e-01
2.407606601075882036e-01
2.781891804165998461e-01
3.056380179345968284e-01
3.253243414516168164e-01
3.396521666169171061e-01
3.505947894067071857e-01
3.596728743375235959e-01
3.680709518745198250e-01
3.767357552427971767e-01
3.864110050096442595e-01
3.975982805987203772e-01
4.104607444014249373e-01
4.247284095927114089e-01
4.397001868541259850e-01
4.544118983978191473e-01
4.679265128681173169e-01
4.795950995296736630e-01
4.891597169873360684e-01
4.966958732363784823e-01
5.024818409171628586e-01
5.068774791763565046e-01
5.102477189313848749e-01
5.129298893226296174e-01
5.152315365928409330e-01
5.174465326787713870e-01
5.198822797915615412e-01
5.228950418089075569e-01
5.269322799981933647e-01
5.325791729548405851e-01
5.405988081728396732e-01
5.519374515694466243e-01
5.676337280131805718e-01
5.885307096983211084e-01
6.146910588613300197e-01
6.445891832861878612e-01
6.746444818679396827e-01
7.000844901070819581e-01
7.171987486223541097e-01
7.251117434533953521e-01
7.255805921877581666e-01
7.216143610772506323e-01
7.162808007462655446e-01
7.121727094765040178e-01
7.113846872490152684e-01
7.157427815384674874e-01
7.271277913621252420e-01
7.478576134783559981e-01
7.812036980722730783e-01
8.322470205950023292e-01
9.094213850218352269e-01
1.026151280074679262e+00
1.193021605843375132e+00
1.391901062836503389e+00
1.587301020185926115e+00
1.740756099548178781e+00
1.844958020065037063e+00
1.918032052895708661e+00
1.973750184832167243e+00
2.019712591507206056e+00
2.060044720984084865e+00
2.096845694826194872e+00
2.130848071332910543e+00
2.161760001768719963e+00
2.188462668697731317e+00
2.208987033225734642e+00
2.219971457089191080e+00
2.215260265543458562e+00
2.184655736372150603e+00
2.120832913392811214e+00
2.041785139858784071e+00
1.983278088546285955e+00
1.955967003928508197e+00
1.947482812206212444e+00
1.945793517235284487e+00
1.945627224846085968e+00
2.032431971264645476e+00
