6.016091652717151482e-03
6.016092442155445731e-03
6.016209374738093647e-03
6.023835713487467845e-03
6.176611767448975283e-03
7.725261538905618675e-03
1.666466398776099075e-02
3.967470424715222738e-02
5.980605825342137638e-02
6.762830447964336689e-02
6.991165540869909156e-02
7.056446009913752704e-02
7.077549466830460045e-02
7.089816336636642347e-02
7.106613338146709757e-02
7.136134385513011325e-02
7.185770464319642115e-02
7.262212108946412836e-02
7.369218052125088569e-02
7.504409158335030583e-02
7.657650349276598489e-02
7.813483276448029979e-02
7.956845500632020451e-02
8.078068486147374494e-02
8.174186067413165280e-02
8.247165525909753991e-02
8.301337967827343567e-02
8.341515637726389099e-02
8.372066688390776557e-02
8.396649090353004719e-02
8.418254174281557256e-02
8.439322140994208465e-02
8.461795028896421100e-02
8.487044704562868302e-02
8.515686876825849516e-02
8.547388491352761464e-02
8.580853842365555872e-02
8.614132306491617541e-02
8.645188880204147941e-02
8.672470948844986094e-02
8.695206043199926738e-02
8.713369354543024081e-02
8.727451535503982782e-02
8.738196515252449892e-02
8.746409573707847329e-02
8.752857578621561774e-02
8.758242699355486827e-02
8.763223225452618226e-02
8.768461696163060148e-02
8.774688381631216838e-02
8.782771053348686907e-02
8.793776313079688933e-02
8.808989598255881348e-02
8.829828125969116370e-02
8.857545265801206047e-02
8.892638312794087785e-02
8.934038182305846509e-02
8.978523651077695289e-02
9.021066959082733872e-02
9.056370421186328568e-02
9.080750500825458815e-02
9.093060526050551762e-02
9.094243916483324419e-02
9.086198072412458859e-02
9.070754184629818695e-02
9.049078187962758535e-02
9.021411425078093571e-02
8.986988183047749101e-02
8.944043857119790553e-02
8.889928687574094601e-02
8.821414177029143766e-02
8.735292457478827099e-02
8.629282407348887185e-02
8.503050244495616306e-02
8.358914384159514543e-02
8.201762653495592303e-02
8.038046984139293749e-02
7.874270526352054878e-02
7.715678620440377666e-02
7.565651542796224260e-02
7.425819799714228342e-02
7.296593128305467468e-02
7.177759635756061907e-02
7.068950976050528134e-02
6.969925285494184275e-02
6.880725723959715823e-02
6.801843242895219688e-02
6.734601781361959638e-02
6.682183024401293359e-02
6.652171849641767831e-02
6.662337366554670071e-02
6.751104815068760534e-02
6.981981855070532039e-02
7.385212053308194691e-02
7.823557234066658150e-02
8.095955200369170379e-02
8.196432315493890064e-02
8.219262207081784455e-02
8.221921713308491531e-02
7.668849416038288347e-02
