-2.403506532845428034e-01
-2.403506423099953382e-01
-2.403506217707886972e-01
-2.403505318242171451e-01
-2.403487275522785960e-01
-2.403210757048394319e-01
-2.400517690141518445e-01
-2.381181926950299010e-01
-2.249308056976550285e-01
-2.304785287112275441e-02
6.802555268191483318e-02
1.039608252326821580e-01
1.237947988562893287e-01
1.418461417845595651e-01
1.640538786058415022e-01
1.924782068799510693e-01
2.257016712968841765e-01
2.605395226547786991e-01
2.952009990155995411e-01
3.294349096050650516e-01
3.630215551651472250e-01
3.949187614380041955e-01
4.237362270510314222e-01
4.487422711665323138e-01
4.700568585370069052e-01
4.882233874996505518e-01
5.038572637524398878e-01
5.175081136984382990e-01
5.296351956597168398e-01
5.406214512925157090e-01
5.507964707240644575e-01
5.604597264810118329e-01
5.699030800527602469e-01
5.794343186726829131e-01
5.894049448253232404e-01
6.002468785123667994e-01
6.125237819262474570e-01
6.269981456492680350e-01
6.446782618283798394e-01
6.666421121903672864e-01
6.930783939913833791e-01
7.217846056691596957e-01
7.493298483122775577e-01
7.740464007775937905e-01
7.960622874266234383e-01
8.161238304027342849e-01
8.350984870995372678e-01
8.539320636450302704e-01
8.737576835484829330e-01
8.960623939882600419e-01
9.228086367059661344e-01
9.559179751699141692e-01
9.944932373451256247e-01
1.032518204440721066e+00
1.065089877539101115e+00
1.091884204252204338e+00
1.114050514409637538e+00
1.132543389758288388e+00
1.147949843339628240e+00
1.160638030193894998e+00
1.170903427428556132e+00
1.179045674505261543e+00
1.185379048632490440e+00
1.190210753899819451e+00
1.193819006979602415e+00
1.196443473931685819e+00
1.198286235988970772e+00
1.199517490140636911e+00
1.200281653511894753e+00
1.200701939788082928e+00
1.200883136454881983e+00
1.200913080234879970e+00
1.200863483526232178e+00
1.200790608636493007e+00
1.200736037646741305e+00
1.200727560575021835e+00
1.200780033059573260e+00
1.200895910349918827e+00
1.201064991108020896e+00
1.201262634388415629e+00
1.201445287703749365e+00
1.201541633089078687e+00
1.201437576371447769e+00
1.200955991474200513e+00
1.199844379076351997e+00
1.197816465366011940e+00
1.194731252675612421e+00
1.190898458114994840e+00
1.187145952907384894e+00
1.184303033830828911e+00
1.182663931101668009e+00
1.182081799973692116e+00
1.182377318538249344e+00
1.183652055281605442e+00
1.186519268033078944e+00
1.192079774232237543e+00
1.200079224260493627e+00
1.206207433624241210e+00
1.208077918133196427e+00
1.208206115965711147e+00
