1.015593703950116696e-03
1.015594113653359816e-03
1.015594893819888418e-03
1.015598510224748020e-03
1.015673609467132718e-03
1.016827695374673086e-03
1.028011687267949698e-03
1.104832710594904135e-03
1.496330471636417130e-03
2.837892030252016449e-03
5.200172685726849736e-03
7.050311197893026696e-03
7.903805419055066547e-03
8.284759625651994669e-03
8.524918534571636342e-03
8.743524609450574123e-03
8.977666825943026244e-03
9.235608764516192726e-03
9.514134934661340123e-03
9.804850319225373936e-03
1.009743076938542268e-02
1.038187473838039776e-02
1.065003838094730725e-02
1.089640048439162977e-02
1.111812243214056056e-02
1.131462503513593933e-02
1.148695027012923073e-02
1.163712012454326365e-02
1.176761072772314516e-02
1.188097883001146098e-02
1.197962854522676215e-02
1.206568593734240642e-02
1.214094669641324446e-02
1.220686802995944731e-02
1.226458386586293248e-02
1.231492959541216452e-02
1.235846791800571283e-02
1.239551084864311953e-02
1.242613488299470006e-02
1.245018694162495186e-02
1.246727817088449236e-02
1.247676097781024937e-02
1.247768181470730077e-02
1.246869842168720800e-02
1.244794639699212981e-02
1.241283856990458082e-02
1.235978712097731899e-02
1.228386290337339995e-02
1.217846492042567834e-02
1.203518301170457619e-02
1.184419779853512072e-02
1.159570427510869632e-02
1.128275966288217087e-02
1.090531509724434675e-02
1.047390821889640500e-02
1.001039691580950762e-02
9.543868514000462475e-03
9.102937997700767669e-03
8.708494016066381516e-03
8.370471248541490328e-03
8.089057862435789642e-03
7.858241123500402797e-03
7.669404083471627505e-03
7.513818872183958102e-03
7.383924623384518528e-03
7.273738165400251733e-03
7.178786951215561547e-03
7.095840549322435589e-03
7.022597215291048224e-03
6.957400020004820586e-03
6.899010909693733228e-03
6.846448142912890493e-03
6.798882056919136954e-03
6.755579700035320781e-03
6.715887536710096750e-03
6.679242146245096927e-03
6.645201484488983540e-03
6.613494168980163339e-03
6.584091986489732165e-03
6.557322280927395039e-03
6.534052417007663038e-03
6.515993679226073261e-03
6.506161659063759185e-03
6.509405102301908490e-03
6.532459499389624280e-03
6.582027428614479689e-03
6.659100094860247523e-03
6.752124276278245046e-03
6.839322693319681290e-03
6.902956213600885266e-03
6.938782695452153440e-03
6.951360627853482056e-03
6.944955656833849515e-03
6.917128528816476538e-03
6.853002784745778307e-03
6.721388467277224742e-03
6.509709127144692152e-03
6.322922632321562215e-03
6.260437838766703435e-03
6.256048754586177561e-03
