7.882954999256720080e-03
8.982105574910977737e-10
4.514855355050996147e-10
1.819276482924700214e-10
8.489650071568061568e-11
1.287595199029936965e-10
2.216236493949899475e-10
3.535401866500324321e-10
4.287833204343475202e-10
4.521621510061542496e-10
4.692444787818654225e-10
5.271207392048932368e-10
4.748022879138903242e-10
4.528570367409335876e-10
4.202456675727298096e-10
3.729114290182412186e-10
2.804684373893779133e-10
2.507113926084951857e-10
1.685022273806850996e-10
1.619942189296652851e-10
1.064941661623835414e-10
5.105535260778810745e-11
0.000000000000000000e+00
0.000000000000000000e+00
0.000000000000000000e+00
0.000000000000000000e+00
0.000000000000000000e+00
0.000000000000000000e+00
0.000000000000000000e+00
0.000000000000000000e+00
0.000000000000000000e+00
0.000000000000000000e+00
0.000000000000000000e+00
0.000000000000000000e+00
0.000000000000000000e+00
4.060286697395510338e-13
2.010290857653571574e-11
5.463172538892019728e-11
5.194214047563252106e-11
0.000000000000000000e+00
1.173655581971156882e-11
0.000000000000000000e+00
0.000000000000000000e+00
0.000000000000000000e+00
0.000000000000000000e+00
0.000000000000000000e+00
0.000000000000000000e+00
0.000000000000000000e+00
0.000000000000000000e+00
0.000000000000000000e+00
0.000000000000000000e+00
0.000000000000000000e+00
0.000000000000000000e+00
0.000000000000000000e+00
0.000000000000000000e+00
0.000000000000000000e+00
0.000000000000000000e+00
0.000000000000000000e+00
0.000000000000000000e+00
0.000000000000000000e+00
8.512149083852136327e-10
5.277571348285897745e-10
2.559649802224202004e-10
5.016150301380645180e-11
5.075585482526469297e-11
1.434495071496701758e-10
2.539298584355340422e-10
3.186519030820291744e-10
4.441519932917944938e-10
4.952160802588418573e-10
5.015642209148744277e-10
4.639718763799265098e-10
4.952442936484049138e-10
4.777146236346397819e-10
3.948002036259255699e-10
3.238854859207586798e-10
2.972010777030681457e-10
2.492125377431673631e-10
2.008280817811024293e-10
1.411040291204388950e-10
8.535758125929215381e-11
5.262810668460257504e-11
0.000000000000000000e+00
0.000000000000000000e+00
0.000000000000000000e+00
0.000000000000000000e+00
0.000000000000000000e+00
0.000000000000000000e+00
0.000000000000000000e+00
0.000000000000000000e+00
0.000000000000000000e+00
0.000000000000000000e+00
0.000000000000000000e+00
0.000000000000000000e+00
0.000000000000000000e+00
0.000000000000000000e+00
0.000000000000000000e+00
1.950865738475639206e-11
1.764389715677565525e-11
0.000000000000000000e+00
0.000000000000000000e+00
0.000000000000000000e+00
0.000000000000000000e+00
0.000000000000000000e+00
0.000000000000000000e+00
0.000000000000000000e+00
0.000000000000000000e+00
0.000000000000000000e+00
0.000000000000000000e+00
0.000000000000000000e+00
0.000000000000000000e+00
0.000000000000000000e+00
0.000000000000000000e+00
0.000000000000000000e+00
0.000000000000000000e+00
0.000000000000000000e+00
0.000000000000000000e+00
0.000000000000000000e+00
0.000000000000000000e+00
0.000000000000000000e+00
4.465269867505114258e-10
2.594625402718960195e-10
1.004674109582181005e-10
1.644556764085121524e-11
4.881211046317132529e-11
1.096981211828846712e-10
2.460728060383022759e-10
3.809239200597447248e-10
4.952525840595632220e-10
5.046601757702656714e-10
5.246779661354249435e-10
5.398288399458602932e-10
4.988390886809368347e-10
4.527619957706529930e-10
4.508956932725208342e-10
3.713852521894774765e-10
3.491660008312591420e-10
2.490815777256009270e-10
1.768427473482814979e-10
1.548499032368454253e-10
1.097870363190418283e-10
4.320715968166575869e-11
5.816068901009444657e-11
0.000000000000000000e+00
0.000000000000000000e+00
0.000000000000000000e+00
0.000000000000000000e+00
0.000000000000000000e+00
0.000000000000000000e+00
0.000000000000000000e+00
0.000000000000000000e+00
0.000000000000000000e+00
0.000000000000000000e+00
0.000000000000000000e+00
0.000000000000000000e+00
1.025593711222989238e-12
0.000000000000000000e+00
5.907119499509487804e-11
1.056052954052478561e-11
1.039759131336636130e-11
2.130980401848153348e-11
0.000000000000000000e+00
0.000000000000000000e+00
0.000000000000000000e+00
0.000000000000000000e+00
0.000000000000000000e+00
0.000000000000000000e+00
0.000000000000000000e+00
0.000000000000000000e+00
0.000000000000000000e+00
0.000000000000000000e+00
0.000000000000000000e+00
0.000000000000000000e+00
0.000000000000000000e+00
0.000000000000000000e+00
0.000000000000000000e+00
0.000000000000000000e+00
0.000000000000000000e+00
0.000000000000000000e+00
0.000000000000000000e+00
1.870572769315487072e-10
5.738022257100026176e-11
0.000000000000000000e+00
0.000000000000000000e+00
1.264737265689421595e-11
1.732115166341428284e-10
2.666033373082644646e-10
4.113366089837783665e-10
5.121171663961001057e-10
5.438945709550638307e-10
5.501409130325337147e-10
5.147424678967670073e-10
5.566155999858629979e-10
5.459953111168926301e-10
4.802457223576037448e-10
4.328757751175753031e-10
3.818030826940745579e-10
2.731766417974239275e-10
2.105522595167580086e-10
1.707836694535870695e-10
1.150090214361325249e-10
1.009776014438234487e-10
3.414439842517105321e-12
1.626847899222649910e-11
0.000000000000000000e+00
0.000000000000000000e+00
0.000000000000000000e+00
0.000000000000000000e+00
0.000000000000000000e+00
0.000000000000000000e+00
0.000000000000000000e+00
0.000000000000000000e+00
0.000000000000000000e+00
0.000000000000000000e+00
3.257011303734830342e-12
0.000000000000000000e+00
2.013790083658594092e-11
6.001505089359653572e-11
3.985705843189920583e-11
0.000000000000000000e+00
3.167374924860122788e-11
4.240115594074742295e-12
8.765117418272959165e-12
0.000000000000000000e+00
0.000000000000000000e+00
0.000000000000000000e+00
0.000000000000000000e+00
0.000000000000000000e+00
0.000000000000000000e+00
0.000000000000000000e+00
0.000000000000000000e+00
0.000000000000000000e+00
0.000000000000000000e+00
0.000000000000000000e+00
0.000000000000000000e+00
0.000000000000000000e+00
0.000000000000000000e+00
0.000000000000000000e+00
0.000000000000000000e+00
0.000000000000000000e+00
4.273397384467556332e-12
0.000000000000000000e+00
0.000000000000000000e+00
0.000000000000000000e+00
6.341346733991292389e-11
1.384668787255824723e-10
2.896785796760286734e-10
4.526608528333554816e-10
5.399212133843254614e-10
5.846580919314404637e-10
6.015740446884892086e-10
6.252469735290252897e-10
5.542170281346385244e-10
5.409896181612247231e-10
5.040809721525157145e-10
4.576175118689985571e-10
3.696709102452625640e-10
2.893926865896336580e-10
2.063769360766430185e-10
1.798887897999728626e-10
1.310982734979034269e-10
7.759480315050318665e-11
5.406755260503817905e-11
0.000000000000000000e+00
0.000000000000000000e+00
0.000000000000000000e+00
0.000000000000000000e+00
0.000000000000000000e+00
0.000000000000000000e+00
0.000000000000000000e+00
0.000000000000000000e+00
0.000000000000000000e+00
0.000000000000000000e+00
0.000000000000000000e+00
0.000000000000000000e+00
2.429629581003625364e-12
2.148412212711994472e-11
2.217962074003190209e-11
5.722306972449323988e-11
2.266115140198753228e-11
4.553714745430258464e-11
1.911774260174192925e-11
3.991718356046978393e-12
0.000000000000000000e+00
0.000000000000000000e+00
0.000000000000000000e+00
0.000000000000000000e+00
0.000000000000000000e+00
0.000000000000000000e+00
0.000000000000000000e+00
0.000000000000000000e+00
0.000000000000000000e+00
0.000000000000000000e+00
0.000000000000000000e+00
0.000000000000000000e+00
0.000000000000000000e+00
0.000000000000000000e+00
0.000000000000000000e+00
0.000000000000000000e+00
0.000000000000000000e+00
0.000000000000000000e+00
0.000000000000000000e+00
0.000000000000000000e+00
0.000000000000000000e+00
4.350503180246703537e-11
1.831903052347407566e-10
3.394785847365628313e-10
4.910431333871377009e-10
6.136686488225435483e-10
5.930674281788208761e-10
6.647446334895337607e-10
6.162141171633592811e-10
6.080677589184776855e-10
5.683567030588824439e-10
4.975415556913435143e-10
4.669036073891555261e-10
3.800285011299007656e-10
3.143871623179160014e-10
2.442887560660203056e-10
1.759842476270456319e-10
1.189093789181718459e-10
8.814703804552460562e-11
6.653471540905318487e-11
2.228341798997004575e-11
2.164828440368067831e-11
0.000000000000000000e+00
0.000000000000000000e+00
0.000000000000000000e+00
0.000000000000000000e+00
0.000000000000000000e+00
0.000000000000000000e+00
0.000000000000000000e+00
0.000000000000000000e+00
0.000000000000000000e+00
0.000000000000000000e+00
9.202809428296744601e-12
4.291748439176817069e-11
5.449316662698038570e-11
2.155994297786427243e-11
2.657060163419215686e-11
4.975024693124114459e-11
8.345895706346610855e-12
1.017941555869730423e-11
9.531940006116996060e-12
0.000000000000000000e+00
0.000000000000000000e+00
0.000000000000000000e+00
0.000000000000000000e+00
0.000000000000000000e+00
0.000000000000000000e+00
0.000000000000000000e+00
0.000000000000000000e+00
0.000000000000000000e+00
0.000000000000000000e+00
0.000000000000000000e+00
0.000000000000000000e+00
0.000000000000000000e+00
0.000000000000000000e+00
0.000000000000000000e+00
0.000000000000000000e+00
0.000000000000000000e+00
0.000000000000000000e+00
0.000000000000000000e+00
0.000000000000000000e+00
5.235274803315040235e-11
1.700141185223168148e-10
3.547887792347026467e-10
5.296597123342287871e-10
6.224951392807523257e-10
7.061585086574103341e-10
6.803850703820744403e-10
7.091633044439571966e-10
6.489164389034866205e-10
6.392266715184155674e-10
5.790951040802963479e-10
5.284315723081710556e-10
4.124368166834385392e-10
3.056140671762076624e-10
2.716211579239863388e-10
1.999985688550398825e-10
1.548482422671879910e-10
1.117346104991596819e-10
1.090820632789250003e-10
5.812885483914085069e-11
1.729849742366727186e-11
2.301567856658972101e-11
0.000000000000000000e+00
0.000000000000000000e+00
0.000000000000000000e+00
0.000000000000000000e+00
0.000000000000000000e+00
0.000000000000000000e+00
0.000000000000000000e+00
0.000000000000000000e+00
0.000000000000000000e+00
0.000000000000000000e+00
1.287158578973923737e-11
6.763791896673292113e-11
4.403897356177979604e-11
4.165595915661844340e-11
1.409437500773005484e-11
6.342308445615168662e-12
0.000000000000000000e+00
0.000000000000000000e+00
0.000000000000000000e+00
0.000000000000000000e+00
0.000000000000000000e+00
0.000000000000000000e+00
0.000000000000000000e+00
0.000000000000000000e+00
0.000000000000000000e+00
0.000000000000000000e+00
0.000000000000000000e+00
0.000000000000000000e+00
0.000000000000000000e+00
0.000000000000000000e+00
0.000000000000000000e+00
0.000000000000000000e+00
0.000000000000000000e+00
0.000000000000000000e+00
0.000000000000000000e+00
0.000000000000000000e+00
0.000000000000000000e+00
0.000000000000000000e+00
9.257495633281441470e-11
2.499606762874381135e-10
3.804349449066095542e-10
5.614401631111152742e-10
6.844373671172499592e-10
6.947421118705083915e-10
7.285404134993954554e-10
7.177540797466645696e-10
6.847358470817439969e-10
6.411456967156344806e-10
6.194458968345800791e-10
5.230134794293469439e-10
4.827679492869723248e-10
3.889119281749930887e-10
3.067392441112973277e-10
1.958736646991253893e-10
1.763902701269942851e-10
1.104032046477883531e-10
7.438647983391199284e-11
8.438794846027631236e-11
5.685185749583727720e-11
1.698035618188891400e-11
0.000000000000000000e+00
0.000000000000000000e+00
0.000000000000000000e+00
0.000000000000000000e+00
0.000000000000000000e+00
0.000000000000000000e+00
0.000000000000000000e+00
0.000000000000000000e+00
7.545245913703070434e-12
1.528101799941802745e-11
4.958692865256157424e-11
8.134314816706006713e-11
6.633477351091393539e-11
2.498520119999253406e-11
4.185872858441231864e-11
7.003980604428966280e-12
0.000000000000000000e+00
8.592250478945285327e-12
0.000000000000000000e+00
0.000000000000000000e+00
0.000000000000000000e+00
0.000000000000000000e+00
0.000000000000000000e+00
0.000000000000000000e+00
0.000000000000000000e+00
0.000000000000000000e+00
0.000000000000000000e+00
0.000000000000000000e+00
0.000000000000000000e+00
0.000000000000000000e+00
0.000000000000000000e+00
0.000000000000000000e+00
0.000000000000000000e+00
0.000000000000000000e+00
0.000000000000000000e+00
0.000000000000000000e+00
0.000000000000000000e+00
0.000000000000000000e+00
6.817265399772931430e-11
2.585497187425561653e-10
4.677864026814208146e-10
6.201628048744685608e-10
7.574759680449262503e-10
7.732326436780456695e-10
7.863982379284052664e-10
8.051203187294725881e-10
7.406352981869132476e-10
6.814786540499934201e-10
6.501899872654413585e-10
5.255551370428443591e-10
4.867007292066070577e-10
4.090878597319342978e-10
3.118441031647265333e-10
2.404392119232299712e-10
1.689635511581725642e-10
1.620854072490152505e-10
9.917238855106035753e-11
6.879726326651573316e-11
4.221836802233892245e-11
4.868765509408133103e-11
5.720507062892527642e-12
0.000000000000000000e+00
0.000000000000000000e+00
0.000000000000000000e+00
0.000000000000000000e+00
0.000000000000000000e+00
0.000000000000000000e+00
0.000000000000000000e+00
2.247550140968368439e-11
3.431169443929887723e-11
5.638803315555430678e-11
6.261886452048618748e-11
7.570154364419763683e-11
4.035776571199911059e-11
4.359562086280204863e-11
1.313071724673372351e-11
4.199333859614614944e-11
0.000000000000000000e+00
0.000000000000000000e+00
0.000000000000000000e+00
0.000000000000000000e+00
0.000000000000000000e+00
0.000000000000000000e+00
0.000000000000000000e+00
0.000000000000000000e+00
0.000000000000000000e+00
0.000000000000000000e+00
0.000000000000000000e+00
0.000000000000000000e+00
0.000000000000000000e+00
0.000000000000000000e+00
0.000000000000000000e+00
0.000000000000000000e+00
0.000000000000000000e+00
0.000000000000000000e+00
0.000000000000000000e+00
0.000000000000000000e+00
0.000000000000000000e+00
1.023009715911814050e-10
2.784922481460967349e-10
5.190000392718046162e-10
6.783021132120367362e-10
8.231796732142370448e-10
8.456967063073825222e-10
9.064732958933046753e-10
9.026513365590373779e-10
7.791650201645104593e-10
7.066700347967480251e-10
7.206967498904728094e-10
6.204432345848659857e-10
4.989922289372035640e-10
4.175074798668523885e-10
3.539917444945181506e-10
2.510036660277518020e-10
2.292963894631972343e-10
1.747939106091895374e-10
1.329679379974925500e-10
1.036572523572984530e-10
8.182185208362064890e-11
8.760849011277495081e-11
5.252465915998036665e-11
3.100005871672664004e-11
1.102063675094117677e-11
0.000000000000000000e+00
0.000000000000000000e+00
0.000000000000000000e+00
4.996779341315590559e-13
0.000000000000000000e+00
5.010054916804153994e-12
5.148815419679968555e-11
7.521788159546845085e-11
5.766293904475798816e-11
8.344572433173664258e-11
1.060643335888171522e-10
7.680639125028341938e-11
3.536704513055691136e-11
1.828735751158255645e-11
1.182045051327084234e-11
1.702560146268361320e-11
0.000000000000000000e+00
0.000000000000000000e+00
0.000000000000000000e+00
0.000000000000000000e+00
0.000000000000000000e+00
0.000000000000000000e+00
0.000000000000000000e+00
0.000000000000000000e+00
0.000000000000000000e+00
0.000000000000000000e+00
0.000000000000000000e+00
0.000000000000000000e+00
0.000000000000000000e+00
0.000000000000000000e+00
0.000000000000000000e+00
0.000000000000000000e+00
0.000000000000000000e+00
0.000000000000000000e+00
0.000000000000000000e+00
1.404306791203839996e-10
3.675242261511535934e-10
5.976549316527216899e-10
7.921893571662759601e-10
9.119266561131697916e-10
9.851014658328712550e-10
9.691734657731164004e-10
9.043232770171102662e-10
4.334471797860055197e-10
1.480252401327143951e-09
7.445826230524153831e-10
6.460604862283936394e-10
5.268336022452707645e-10
4.342260144631718181e-10
3.680752942198546495e-10
2.821434121760570178e-10
2.168966251234758661e-10
2.026923104159541323e-10
1.783618847627683107e-10
1.344249124499877054e-10
1.352557905756414696e-10
7.018270642322055790e-11
6.947305178681651590e-11
3.137762912912500084e-11
0.000000000000000000e+00
1.066316765569964111e-11
3.813689080120721612e-13
0.000000000000000000e+00
0.000000000000000000e+00
6.987095054707820055e-12
1.378426886829331446e-11
3.288473235442754271e-11
7.571853671071847380e-11
8.661144432237249110e-11
9.258700968869950067e-11
9.226001877025542307e-11
8.402914391174653962e-11
6.886020991991535897e-11
4.822888391263002347e-11
7.619088500867109953e-11
3.238210320334893255e-11
2.690790884521933907e-12
0.000000000000000000e+00
0.000000000000000000e+00
0.000000000000000000e+00
0.000000000000000000e+00
0.000000000000000000e+00
0.000000000000000000e+00
0.000000000000000000e+00
0.000000000000000000e+00
0.000000000000000000e+00
0.000000000000000000e+00
0.000000000000000000e+00
0.000000000000000000e+00
0.000000000000000000e+00
0.000000000000000000e+00
0.000000000000000000e+00
0.000000000000000000e+00
0.000000000000000000e+00
0.000000000000000000e+00
1.794885712472813024e-10
3.927339156316557067e-10
6.300189613346660319e-10
8.933136663438828901e-10
1.013984340505212911e-09
1.091564108819587220e-09
1.095916452876609483e-09
9.728259712518963714e-10
9.481173627652714627e-10
8.222038150396991378e-10
7.906721604938046224e-10
6.656238378389689019e-10
5.692003402052393544e-10
4.694880662735767597e-10
3.895188267116274071e-10
3.038034563390517221e-10
2.838180132906373193e-10
2.711912035724768377e-10
2.066641562615979967e-10
1.550077345964728184e-10
1.557212854299107267e-10
1.099211260913356005e-10
8.888516861184314449e-11
6.551812835759152509e-11
1.747053006241929245e-11
4.381771616865218471e-11
1.703647341464777508e-15
0.000000000000000000e+00
0.000000000000000000e+00
2.836516979193352680e-11
5.608797623044445849e-11
7.632561032080409538e-11
8.509266516563184836e-11
1.248198108473833829e-10
1.116524441213810508e-10
1.217636637945925684e-10
1.174557655997753550e-10
9.203181338737693724e-11
6.408371947938075741e-11
3.424372955009379986e-11
0.000000000000000000e+00
6.223428911381274216e-12
0.000000000000000000e+00
0.000000000000000000e+00
0.000000000000000000e+00
0.000000000000000000e+00
0.000000000000000000e+00
0.000000000000000000e+00
0.000000000000000000e+00
0.000000000000000000e+00
0.000000000000000000e+00
0.000000000000000000e+00
0.000000000000000000e+00
0.000000000000000000e+00
0.000000000000000000e+00
0.000000000000000000e+00
0.000000000000000000e+00
0.000000000000000000e+00
0.000000000000000000e+00
0.000000000000000000e+00
1.725676547260692416e-10
4.347501988897764674e-10
7.068038280206606883e-10
9.568646453609924289e-10
1.096036584757874990e-09
1.195449940825941686e-09
1.145829283196988403e-09
1.065124081010067885e-09
0.000000000000000000e+00
8.881978778038978845e-10
8.409804946018093751e-10
7.185756604974973529e-10
6.079754082954433133e-10
5.316348154368716127e-10
4.351212069616084001e-10
3.768066001342147242e-10
3.218609065940249259e-10
2.646456072958565676e-10
2.456782071270248314e-10
1.926512523118189674e-10
1.787692052422497363e-10
1.781122781525693306e-10
9.510429889666283993e-11
5.912839713425630445e-11
7.505092162074799437e-11
2.666562114002178235e-11
4.187446576674566501e-11
5.765080233676796214e-11
1.795715556439525259e-11
1.726124993294988155e-11
7.165463528197311379e-11
1.006097500584981353e-10
9.691114257093104934e-11
1.204305597473292854e-10
1.167039822365694220e-10
1.439716933173374600e-10
1.540340547838093466e-10
1.396696257100469305e-10
1.174124526187806048e-10
7.397928619843721766e-11
5.385931469169355945e-11
5.320352506152245666e-11
6.404134115032463444e-15
0.000000000000000000e+00
0.000000000000000000e+00
0.000000000000000000e+00
0.000000000000000000e+00
0.000000000000000000e+00
0.000000000000000000e+00
0.000000000000000000e+00
0.000000000000000000e+00
0.000000000000000000e+00
0.000000000000000000e+00
0.000000000000000000e+00
0.000000000000000000e+00
0.000000000000000000e+00
0.000000000000000000e+00
0.000000000000000000e+00
0.000000000000000000e+00
0.000000000000000000e+00
1.867151433992091995e-10
4.603312639300925441e-10
7.529038224624122657e-10
1.022439023442143183e-09
1.169150172149817362e-09
1.242268744144114137e-09
1.191450852361770963e-09
0.000000000000000000e+00
0.000000000000000000e+00
9.526011767244910045e-10
8.932913943357377104e-10
7.764638777240996477e-10
6.598495166850851550e-10
5.667435379282800412e-10
4.873074644586787631e-10
4.336478081321366465e-10
3.692845949430443107e-10
3.175637147506003332e-10
2.918929995621171435e-10
2.235667036631209443e-10
2.012947390589031300e-10
1.639491832127846000e-10
1.317811383263458680e-10
6.539762887666480807e-11
8.472885282379746721e-11
6.615712719788015908e-11
5.063594678175715713e-11
8.715560879795171760e-11
5.387844043030999489e-11
1.168900833930442764e-10
1.080841092433973688e-10
1.023964702017896710e-10
1.664393121054293772e-10
1.700027679385206050e-10
1.770976274224587887e-10
1.592801542163746962e-10
1.778767853374053007e-10
2.089881886396192516e-10
1.371987559747191191e-10
1.465502789642000755e-10
1.199837633011500589e-10
6.916694156318562631e-11
1.389132337247187973e-11
0.000000000000000000e+00
0.000000000000000000e+00
0.000000000000000000e+00
0.000000000000000000e+00
0.000000000000000000e+00
0.000000000000000000e+00
0.000000000000000000e+00
0.000000000000000000e+00
0.000000000000000000e+00
0.000000000000000000e+00
0.000000000000000000e+00
0.000000000000000000e+00
0.000000000000000000e+00
0.000000000000000000e+00
0.000000000000000000e+00
0.000000000000000000e+00
2.898225807860032486e-11
1.768692443224413961e-10
4.809452429026696941e-10
7.942683927281520391e-10
1.062783830540074106e-09
1.250592169094238749e-09
1.278936857530800113e-09
0.000000000000000000e+00
1.988274707548725803e-02
1.072218090539125114e-09
1.011565961223203719e-09
9.086491931909177351e-10
8.261986288178649145e-10
6.977117270722364248e-10
5.951214086450905469e-10
5.471624832942427417e-10
4.569495585607648913e-10
4.210133098386536005e-10
3.665355396710033279e-10
2.966599715882660903e-10
2.906687121355265342e-10
2.535380189801178460e-10
1.927048729310813077e-10
1.548321843829717415e-10
1.248415948040467309e-10
1.140268239826727841e-10
1.059928607712874729e-10
5.151361788916687714e-11
7.596835166370730733e-11
8.293113118593008283e-11
9.254092834518737174e-11
1.264584710654268310e-10
1.491810360204901159e-10
1.761375580619035841e-10
2.092591409072569991e-10
1.910873478695155187e-10
1.754282689563881796e-10
2.058379326778257910e-10
3.028931992296349723e-10
2.182763563822531225e-10
2.024677645555556974e-10
1.482054204276909864e-10
1.575857904566930417e-10
1.043421234577467739e-10
7.837794569841114599e-11
1.222041940106066910e-11
0.000000000000000000e+00
0.000000000000000000e+00
0.000000000000000000e+00
0.000000000000000000e+00
0.000000000000000000e+00
0.000000000000000000e+00
0.000000000000000000e+00
0.000000000000000000e+00
0.000000000000000000e+00
0.000000000000000000e+00
0.000000000000000000e+00
0.000000000000000000e+00
0.000000000000000000e+00
0.000000000000000000e+00
0.000000000000000000e+00
1.729057503396632779e-10
4.627472446209215922e-10
8.204928189734180670e-10
1.084931932289984396e-09
1.229639068713094839e-09
6.718658841842617236e-10
1.385212634380530300e-02
1.167819836806354417e-09
1.088647589550273250e-09
1.001595753236982135e-09
8.754326185010385424e-10
8.549065140244782793e-10
7.510010607187761724e-10
6.802081183132258801e-10
6.027884874297413235e-10
5.279690267222660192e-10
4.682668625655568654e-10
4.074598519121866091e-10
3.488141804134777753e-10
3.040994322345466980e-10
2.890326948283921739e-10
1.831591367779080059e-10
1.970312914384226746e-10
1.711239115292072939e-10
1.594102793769603009e-10
8.946710893778825733e-11
7.954679564057298707e-11
8.678872289391240411e-11
7.632923524546544686e-11
1.192847904192306310e-10
1.429061623931816621e-10
2.121132404097517886e-10
1.855949656010634694e-10
2.489576279583495301e-10
2.798811453459430645e-10
2.578670920581172562e-10
3.677726430223088746e-10
3.083942034759983795e-10
2.954049688105384697e-10
2.712163690272646865e-10
2.681207590159535539e-10
1.962094899680357150e-10
1.903403772026881399e-10
1.221597630661720388e-10
2.868401056796004736e-11
0.000000000000000000e+00
0.000000000000000000e+00
0.000000000000000000e+00
0.000000000000000000e+00
0.000000000000000000e+00
0.000000000000000000e+00
0.000000000000000000e+00
0.000000000000000000e+00
0.000000000000000000e+00
0.000000000000000000e+00
0.000000000000000000e+00
0.000000000000000000e+00
0.000000000000000000e+00
0.000000000000000000e+00
0.000000000000000000e+00
1.575986980710585000e-10
4.407352275323974166e-10
7.388729683044787319e-10
1.013800467743715138e-09
0.000000000000000000e+00
7.814691651400999750e-08
1.171433998137393150e-09
1.125284048408974458e-09
1.062388378491946252e-09
9.808870225152416642e-10
8.971103012156738551e-10
8.407862067044140263e-10
7.652443945107154001e-10
7.317253913803779689e-10
6.374655364093601871e-10
5.592410369680114492e-10
5.088335508523816874e-10
4.519545919251689914e-10
4.165331036223811325e-10
3.600569729905004761e-10
3.026200730905970288e-10
2.451984567113478014e-10
1.935669837696684055e-10
1.528369362284375852e-10
1.127321285035338761e-10
1.662251466532714788e-10
1.214401064978069273e-10
1.208729965280120704e-10
1.387294597996671635e-10
1.758146554691724138e-10
2.125395692526450252e-10
2.329625527243560289e-10
2.502189694592908031e-10
2.899835596733394516e-10
3.469278741934847944e-10
3.395021783092162633e-10
3.869523085854311396e-10
3.856016736988222613e-10
4.106744310742727225e-10
3.673365665239673128e-10
3.603475265711051227e-10
2.817752522020059399e-10
2.269262305325748543e-10
2.086978540830523998e-10
1.202854237481422448e-10
6.323577038301519745e-11
0.000000000000000000e+00
0.000000000000000000e+00
0.000000000000000000e+00
0.000000000000000000e+00
0.000000000000000000e+00
0.000000000000000000e+00
0.000000000000000000e+00
0.000000000000000000e+00
0.000000000000000000e+00
0.000000000000000000e+00
0.000000000000000000e+00
0.000000000000000000e+00
0.000000000000000000e+00
0.000000000000000000e+00
1.274566093650730282e-10
3.903468800613750535e-10
6.573411140108004829e-10
9.000591746920576541e-10
1.062366246414359160e-09
1.060751457746654517e-09
1.093292040544730119e-09
1.010692710922172408e-09
9.753915339049611335e-10
9.147324825209053867e-10
8.887912284085143117e-10
8.440780548676213910e-10
8.037841282571287772e-10
7.323565419147763301e-10
6.740979267219621873e-10
6.023873627817833274e-10
5.646054204584510461e-10
4.996112094996999767e-10
4.186211616719622281e-10
3.635860037893020813e-10
2.843325756251502609e-10
2.540562190609376924e-10
2.123618922224846084e-10
1.609122167223860859e-10
1.348977394443922514e-10
1.565829329907245366e-10
1.677077870561297142e-10
1.626870499565376292e-10
1.640220984354461262e-10
2.158251340648657087e-10
2.745850824135932756e-10
3.128073092055464668e-10
3.387119625866057758e-10
3.957941262878311438e-10
4.234599037738723953e-10
4.805498530990011600e-10
5.095115759732180230e-10
5.042769391540559910e-10
5.363611146046616412e-10
4.816163168343814325e-10
4.844822964005055475e-10
4.173138851236144570e-10
4.014408460812116579e-10
2.877705367007567877e-10
2.381215196095425744e-10
1.171197538580316946e-10
7.480586348674850650e-11
0.000000000000000000e+00
0.000000000000000000e+00
0.000000000000000000e+00
0.000000000000000000e+00
0.000000000000000000e+00
0.000000000000000000e+00
0.000000000000000000e+00
0.000000000000000000e+00
0.000000000000000000e+00
0.000000000000000000e+00
0.000000000000000000e+00
0.000000000000000000e+00
0.000000000000000000e+00
1.058051512761312350e-10
3.151867708899313698e-10
5.335344528882611569e-10
7.677000780793373763e-10
9.032543458601654506e-10
9.479340356252657600e-10
9.339341810268627451e-10
8.967309573819119432e-10
9.015936880763739943e-10
8.689082699320556923e-10
8.495262040809090870e-10
8.228585798657242593e-10
8.385242525129983023e-10
7.432338497823303311e-10
7.076742237018001027e-10
6.741118000304517408e-10
6.129126903411693981e-10
5.231088490847741914e-10
4.795410138217242860e-10
3.580229264558864461e-10
3.165661874029462766e-10
2.510038355507891028e-10
1.642025296454430528e-10
1.924463507866797477e-10
1.691613053654931507e-10
1.863204562764133756e-10
1.378435906019086262e-10
1.595968569947060555e-10
1.963155544871079278e-10
2.581817700183363788e-10
2.953124066608583134e-10
3.402975219789135196e-10
4.237775380203686729e-10
4.767709280144411433e-10
5.198122845707493361e-10
5.160414908048209155e-10
5.430615601431222071e-10
5.977143261652407781e-10
6.107414944017905737e-10
6.456497846658411724e-10
6.014670737034667583e-10
4.981921191587658440e-10
4.876925736709134805e-10
4.103206163791749187e-10
3.332356807129191221e-10
2.084819795798833092e-10
5.697213662317411481e-11
6.053943696888812628e-12
0.000000000000000000e+00
0.000000000000000000e+00
0.000000000000000000e+00
0.000000000000000000e+00
0.000000000000000000e+00
0.000000000000000000e+00
0.000000000000000000e+00
0.000000000000000000e+00
0.000000000000000000e+00
0.000000000000000000e+00
0.000000000000000000e+00
0.000000000000000000e+00
0.000000000000000000e+00
1.798044214931360022e-10
3.522048174165103229e-10
5.556221880039165316e-10
6.697381809029271585e-10
7.444515001943479576e-10
7.093623943399847696e-10
7.329498196120674525e-10
7.260116703307143085e-10
7.503870654021089215e-10
8.023880358188771579e-10
0.000000000000000000e+00
2.190400874174800975e-09
1.281536083152770761e-07
7.406576051608288154e-10
6.979843825525427545e-10
6.133177853960337749e-10
5.440591204205915523e-10
4.611240747935461750e-10
4.038260173476403958e-10
3.285017757851922010e-10
2.680824067619455558e-10
2.013903863179037254e-10
1.451553953357985228e-10
1.461547126599580773e-10
1.560511631981559489e-10
1.762848005348819864e-10
2.383643755794925355e-10
2.458814667996819121e-10
3.204837705129686701e-10
3.273255367452017443e-10
4.178914629583101637e-10
4.401658497433146492e-10
5.308094250525217016e-10
5.981334730466460218e-10
6.398677884085125278e-10
6.553673890432942127e-10
4.198854845880896280e-08
7.565118598169853794e-10
7.562062070914806503e-10
7.655393962262906246e-10
6.518315651211807753e-10
6.222121878544757811e-10
5.539013010405089632e-10
4.028590639488335231e-10
2.488225845297015120e-10
1.878272106960744671e-10
3.362525512218804925e-11
0.000000000000000000e+00
0.000000000000000000e+00
0.000000000000000000e+00
0.000000000000000000e+00
0.000000000000000000e+00
0.000000000000000000e+00
0.000000000000000000e+00
0.000000000000000000e+00
0.000000000000000000e+00
0.000000000000000000e+00
0.000000000000000000e+00
0.000000000000000000e+00
0.000000000000000000e+00
4.057414853159938091e-11
2.094806663837955902e-10
3.292541545102751385e-10
4.390165573818701490e-10
5.506906395571613577e-10
5.381739768095232879e-10
5.992201310294349420e-10
6.297139452315136737e-10
6.547411707003373212e-10
7.041255674953472960e-10
7.451750502340942632e-10
7.914978975163469484e-10
7.533282756706032752e-10
1.659926922571538233e-01
7.453234580397405905e-03
1.114351006712589170e-08
3.736541736269366943e-09
4.720380092170156290e-10
3.649814060244410287e-10
3.198701760005091307e-10
2.402342262962629602e-10
2.187777485595016432e-10
1.697334113484581077e-10
1.775420676155461678e-10
2.126176950976215608e-10
2.381434187620338449e-10
2.948269116515538689e-10
2.998225524674858065e-10
3.547078876229914246e-10
4.210363304407558113e-10
4.728873099398966621e-10
5.277912930794133557e-10
5.916660404923003922e-10
6.375462093241382328e-10
7.316971568482854574e-10
7.343940326005251997e-10
8.429915745106849143e-10
8.473078387934783262e-10
8.672611657658963320e-10
8.168612903790290124e-10
7.765606031267834949e-10
6.940633243514482188e-10
6.134342229013156306e-10
4.601330061469528059e-10
3.207911382118069975e-10
2.245240086012608666e-10
1.082268036247745898e-10
0.000000000000000000e+00
0.000000000000000000e+00
0.000000000000000000e+00
0.000000000000000000e+00
0.000000000000000000e+00
0.000000000000000000e+00
0.000000000000000000e+00
0.000000000000000000e+00
0.000000000000000000e+00
0.000000000000000000e+00
0.000000000000000000e+00
0.000000000000000000e+00
0.000000000000000000e+00
0.000000000000000000e+00
1.474124825930498118e-11
1.347537064040382639e-10
2.007448500354341084e-10
2.834774714091150333e-10
3.334162422596485427e-10
4.190932796898615318e-10
4.711321160854595052e-10
5.495565124168025229e-10
6.227804323082522004e-10
7.036350417418794081e-10
7.154829107961365568e-10
7.139859776838440472e-10
7.273036763657137524e-10
6.839998592987664374e-10
6.321344440259777870e-10
5.523431882158930358e-10
4.931758009413430060e-09
1.046783145292489439e-09
2.895121274825196388e-10
2.087458554075344859e-10
2.032753945918723484e-10
1.747603805126030103e-10
1.851920700475555974e-10
2.205137996743547538e-10
2.999042995218243043e-10
3.111600094220082520e-10
3.878480781724418761e-10
4.425764239190518875e-10
5.311442374432477529e-10
5.605426098083461342e-10
6.220261041008875450e-10
6.878107401042468988e-10
6.930564691811495874e-10
7.860046774728067238e-10
8.825349845434607479e-10
1.804231073380522382e-02
0.000000000000000000e+00
9.734757287102534091e-10
9.520114791343545375e-10
8.621321475669780568e-10
8.193448240610852501e-10
6.559008702794935008e-10
5.584042691039982205e-10
4.090089137298522709e-10
2.419854172570327205e-10
6.801765404435978760e-11
0.000000000000000000e+00
0.000000000000000000e+00
0.000000000000000000e+00
0.000000000000000000e+00
0.000000000000000000e+00
0.000000000000000000e+00
0.000000000000000000e+00
0.000000000000000000e+00
0.000000000000000000e+00
0.000000000000000000e+00
0.000000000000000000e+00
0.000000000000000000e+00
0.000000000000000000e+00
0.000000000000000000e+00
0.000000000000000000e+00
0.000000000000000000e+00
1.204218165746513098e-12
9.830826056746321748e-11
1.771423419392706126e-10
2.494201010825414356e-10
3.236091693122826140e-10
3.957855762578472053e-10
4.903936362452806660e-10
5.985539458566927234e-10
6.388820587422338752e-10
6.983006907616665955e-10
6.795189845182508112e-10
6.151230667772787613e-10
5.867024284565271127e-10
4.867293143438333773e-10
4.211718148266696007e-10
3.317891003578564497e-10
0.000000000000000000e+00
1.891637343872219591e-07
4.496945546912695796e-02
2.582145454424915054e-01
0.000000000000000000e+00
2.357494014943824294e-10
2.908759187984466494e-10
3.591245778452854721e-10
4.667924749788235157e-10
5.244117024765660110e-10
5.745811461204303342e-10
6.550223753346073900e-10
7.156286717440583218e-10
7.128550655178146455e-10
7.568510776403951108e-10
8.285010829721905692e-10
3.050728055645086304e-09
2.545514340685937210e-02
0.000000000000000000e+00
9.592792159128425457e-10
1.009931574885479875e-09
1.012164354894664970e-09
8.722392762812390298e-10
7.716257170729126411e-10
5.961794809762063636e-10
4.649387338538760683e-10
2.325288642346535758e-10
1.170542328288922424e-10
0.000000000000000000e+00
0.000000000000000000e+00
0.000000000000000000e+00
0.000000000000000000e+00
0.000000000000000000e+00
0.000000000000000000e+00
0.000000000000000000e+00
0.000000000000000000e+00
0.000000000000000000e+00
0.000000000000000000e+00
0.000000000000000000e+00
0.000000000000000000e+00
0.000000000000000000e+00
0.000000000000000000e+00
0.000000000000000000e+00
0.000000000000000000e+00
0.000000000000000000e+00
0.000000000000000000e+00
1.224961300314606762e-11
7.661405844554396785e-11
2.238594325329904396e-10
2.980900150027119800e-10
4.068993173333686228e-10
4.949068695304689321e-10
5.493730231092492386e-10
5.715867059903103406e-10
5.922868588157699788e-10
5.622662322357002657e-10
5.488342827327871908e-10
4.673271418017846176e-10
3.775683097089529746e-10
3.486944121664748552e-10
2.640253848545847341e-10
1.973692789106944435e-10
2.095320403828430084e-10
2.131612445730138965e-10
2.529456698426707120e-08
5.369086444947646891e-08
5.483954366917511961e-09
3.576841644373330463e-09
8.698763448522080246e-09
6.224745147084350407e-10
6.496310921136538345e-10
7.686015834898793679e-10
7.893986253017698180e-10
8.267713774222698528e-10
8.103445932371300620e-10
8.294780338575775968e-10
9.329654348886655921e-10
9.231548221506328119e-10
1.016101994754566549e-09
9.911649197405501631e-10
1.070065607235198530e-09
1.046573670643366033e-09
9.278671389159246968e-10
8.241015123326849822e-10
6.289171394935443120e-10
4.989839932361100107e-10
3.272204476514461834e-10
9.833366193711681744e-11
0.000000000000000000e+00
0.000000000000000000e+00
0.000000000000000000e+00
0.000000000000000000e+00
0.000000000000000000e+00
0.000000000000000000e+00
0.000000000000000000e+00
0.000000000000000000e+00
0.000000000000000000e+00
0.000000000000000000e+00
0.000000000000000000e+00
0.000000000000000000e+00
0.000000000000000000e+00
0.000000000000000000e+00
0.000000000000000000e+00
0.000000000000000000e+00
0.000000000000000000e+00
0.000000000000000000e+00
0.000000000000000000e+00
1.148574930560303794e-11
1.104648685641263643e-10
2.281399730259968688e-10
2.931281613390784113e-10
3.588601343338674937e-10
4.647517119110293618e-10
4.931352998233405524e-10
4.880167958333383808e-10
4.879557852220144274e-10
4.707921829366226722e-10
4.094636065257650717e-10
3.467176453676345006e-10
3.178186152058015826e-10
2.405964768318917515e-10
2.013697797276321466e-10
1.878678536624201556e-10
2.231151966385149773e-10
2.658181879404248306e-10
3.536335741646127736e-10
4.281054134011815539e-10
5.520073928299270418e-10
6.174469804346025155e-10
7.601910408380816317e-10
7.785363321512691646e-10
8.054982996409873143e-10
8.736446244194438249e-10
8.598026499242486456e-10
8.285857827149836306e-10
8.746835423790598199e-10
8.698236982612794236e-10
9.628954211442136318e-10
0.000000000000000000e+00
1.062662603559595918e-09
1.125049328905137404e-09
1.099803886898455715e-09
9.968748569510900481e-10
8.757840567279230373e-10
6.763805080115789814e-10
4.601456848598771737e-10
3.194187859003617824e-10
1.056946685856091633e-10
3.653801465455975234e-12
0.000000000000000000e+00
0.000000000000000000e+00
0.000000000000000000e+00
0.000000000000000000e+00
0.000000000000000000e+00
0.000000000000000000e+00
0.000000000000000000e+00
0.000000000000000000e+00
0.000000000000000000e+00
0.000000000000000000e+00
0.000000000000000000e+00
0.000000000000000000e+00
0.000000000000000000e+00
0.000000000000000000e+00
0.000000000000000000e+00
0.000000000000000000e+00
0.000000000000000000e+00
0.000000000000000000e+00
0.000000000000000000e+00
2.694325925630439497e-14
1.074496681927924105e-10
2.268997577359167884e-10
3.107359820963326512e-10
3.736182811113977906e-10
3.736662354687237990e-10
4.061850497092623974e-10
4.003309353625457974e-10
3.474920297569513325e-10
3.451801652814337816e-10
3.139029309581006542e-10
2.804278458615088645e-10
2.245999720383998326e-10
2.079582392957126452e-10
2.005339177729223826e-10
2.643218104777557106e-10
3.168976053933696624e-10
3.758517660767520192e-10
5.111960701315311484e-10
6.030444156821936760e-10
7.154080175270550332e-10
8.166026279256766794e-10
9.078032364396684053e-10
9.466225708760002507e-10
9.369147391994240443e-10
1.005573427835874381e-08
8.889753343645425517e-10
9.165661222732665003e-10
9.272948344754450076e-10
9.870408895682216153e-10
1.028667081331056179e-09
1.082685765728318432e-09
1.095152988388044157e-09
1.157936988064003077e-09
1.082413067080036323e-09
9.092424729995904730e-10
6.987678757708395855e-10
5.027605463518912365e-10
3.075570641379518903e-10
1.379482153620389981e-10
0.000000000000000000e+00
0.000000000000000000e+00
0.000000000000000000e+00
0.000000000000000000e+00
0.000000000000000000e+00
0.000000000000000000e+00
0.000000000000000000e+00
0.000000000000000000e+00
0.000000000000000000e+00
0.000000000000000000e+00
0.000000000000000000e+00
0.000000000000000000e+00
0.000000000000000000e+00
0.000000000000000000e+00
0.000000000000000000e+00
0.000000000000000000e+00
0.000000000000000000e+00
0.000000000000000000e+00
0.000000000000000000e+00
0.000000000000000000e+00
0.000000000000000000e+00
4.165840597147240720e-11
1.127828534430772881e-10
1.994303425722202382e-10
2.486147363851486592e-10
3.010934237062617570e-10
2.916816505885934225e-10
3.121949490778285099e-10
3.056383972519974872e-10
3.002046075727126478e-10
2.394802036551123407e-10
2.114772114203210510e-10
1.958393459603436589e-10
2.218419131339797289e-10
2.131546064764673726e-10
2.641326246845929369e-10
3.231198524208973192e-10
4.709472677666906703e-10
5.785804041934517809e-10
6.945189442100616965e-10
8.198661238600269202e-10
9.643681587513060588e-10
1.043761610084921524e-09
1.021330836286676677e-09
0.000000000000000000e+00
5.173830520675898657e-08
0.000000000000000000e+00
9.158752012111605054e-10
9.153699675968024902e-10
9.973719487961064898e-10
1.103084151234826137e-09
1.129710056085415602e-09
1.233333837378272001e-09
1.144703384104135552e-09
1.070761726494145505e-09
9.502594838082269858e-10
7.145879434023177663e-10
4.971557111274952393e-10
3.092362576201082642e-10
1.054593438490694196e-10
0.000000000000000000e+00
0.000000000000000000e+00
0.000000000000000000e+00
0.000000000000000000e+00
0.000000000000000000e+00
0.000000000000000000e+00
0.000000000000000000e+00
0.000000000000000000e+00
0.000000000000000000e+00
0.000000000000000000e+00
0.000000000000000000e+00
0.000000000000000000e+00
0.000000000000000000e+00
0.000000000000000000e+00
0.000000000000000000e+00
0.000000000000000000e+00
0.000000000000000000e+00
0.000000000000000000e+00
0.000000000000000000e+00
0.000000000000000000e+00
0.000000000000000000e+00
0.000000000000000000e+00
4.008024974137512593e-11
1.111509325405628732e-10
1.437656396394770024e-10
1.880546265634201229e-10
2.283102598919468758e-10
2.301976142187384227e-10
2.816268408544022210e-10
2.119988034045026467e-10
2.034901459878916334e-10
1.748448291567881331e-10
1.494052780615904004e-10
1.601244851941877149e-10
2.278836456768608246e-10
3.280153953026081874e-10
3.282003181282653699e-10
5.107731892717088593e-10
6.395591019730366243e-10
7.745745555718576353e-10
9.330716509637618561e-10
1.034157300879484320e-09
1.063248427849124295e-09
1.103341945363375394e-09
1.101281466549815478e-09
0.000000000000000000e+00
4.975793465283011686e-08
0.000000000000000000e+00
0.000000000000000000e+00
1.050236691892085100e-09
1.102684181016621485e-09
1.164218207486289135e-09
1.222540429461561102e-09
1.211416847600404432e-09
1.165733582124853171e-09
9.364486193122663864e-10
7.824045129110189100e-10
5.872630249173240518e-10
3.595127130654498292e-10
1.316177349360950742e-10
0.000000000000000000e+00
0.000000000000000000e+00
0.000000000000000000e+00
0.000000000000000000e+00
0.000000000000000000e+00
0.000000000000000000e+00
0.000000000000000000e+00
0.000000000000000000e+00
0.000000000000000000e+00
0.000000000000000000e+00
0.000000000000000000e+00
0.000000000000000000e+00
0.000000000000000000e+00
0.000000000000000000e+00
0.000000000000000000e+00
0.000000000000000000e+00
0.000000000000000000e+00
0.000000000000000000e+00
0.000000000000000000e+00
0.000000000000000000e+00
0.000000000000000000e+00
0.000000000000000000e+00
6.626730351824993652e-15
3.965846641604375473e-12
5.015242603762233986e-11
8.242651300347937051e-11
1.448490086412273786e-10
1.432923207101198204e-10
1.194386241864540683e-10
1.488630263042414937e-10
1.550120792999506386e-10
1.031741940029877717e-10
1.551153576743927067e-10
1.765153013346062642e-10
2.391942522845758013e-10
3.062056124703066124e-10
4.272599954790304872e-10
5.634726862762623303e-10
6.835619171744740055e-10
8.672197376933673739e-10
9.453791497256101645e-10
1.093282195049947574e-09
1.135317200641246232e-09
1.174888713251706861e-09
1.138260392847104835e-09
5.422624448582100132e-02
9.922952063845380295e-10
9.268199796232436581e-10
9.548364540480762189e-10
0.000000000000000000e+00
1.165761946461763794e-09
1.264037092277263974e-09
1.275931727032546433e-09
1.215878393800188923e-09
1.167893880665982243e-09
9.882160833639618166e-10
7.877692493221384425e-10
5.241615375802878578e-10
2.858900227382618058e-10
3.750940650876577331e-11
5.149424069834828198e-12
0.000000000000000000e+00
0.000000000000000000e+00
0.000000000000000000e+00
0.000000000000000000e+00
0.000000000000000000e+00
0.000000000000000000e+00
0.000000000000000000e+00
0.000000000000000000e+00
0.000000000000000000e+00
0.000000000000000000e+00
0.000000000000000000e+00
0.000000000000000000e+00
0.000000000000000000e+00
0.000000000000000000e+00
0.000000000000000000e+00
0.000000000000000000e+00
0.000000000000000000e+00
0.000000000000000000e+00
0.000000000000000000e+00
0.000000000000000000e+00
0.000000000000000000e+00
0.000000000000000000e+00
0.000000000000000000e+00
0.000000000000000000e+00
2.225094124862345475e-11
4.027657052340444514e-11
3.520974466725687462e-11
6.470779075259794298e-11
7.056089485782586957e-11
6.205249134260916733e-11
9.364677948773301477e-11
1.064651423346518356e-10
1.143483901653391219e-10
1.987714897768088569e-10
3.154014699827446504e-10
4.485296014758871104e-10
5.468784672677851990e-10
7.596040260914294398e-10
8.945600238481268724e-10
1.056902518744205204e-09
1.134913807241617125e-09
1.235346282434312981e-09
1.181551050921482142e-09
1.165277806913675704e-09
0.000000000000000000e+00
9.830699654312143684e-10
9.447136310740950356e-10
9.594869578520744398e-10
0.000000000000000000e+00
1.147070365301230355e-09
1.236321275286351027e-09
1.313550775649477523e-09
1.329214455266878758e-09
1.155676395040392525e-09
1.013664534713065139e-09
7.573621541468020167e-10
5.153484223857710491e-10
3.218607712577763878e-10
1.965326487612661009e-10
0.000000000000000000e+00
0.000000000000000000e+00
0.000000000000000000e+00
0.000000000000000000e+00
0.000000000000000000e+00
0.000000000000000000e+00
0.000000000000000000e+00
0.000000000000000000e+00
0.000000000000000000e+00
0.000000000000000000e+00
0.000000000000000000e+00
0.000000000000000000e+00
0.000000000000000000e+00
0.000000000000000000e+00
0.000000000000000000e+00
0.000000000000000000e+00
0.000000000000000000e+00
0.000000000000000000e+00
0.000000000000000000e+00
0.000000000000000000e+00
0.000000000000000000e+00
0.000000000000000000e+00
0.000000000000000000e+00
0.000000000000000000e+00
0.000000000000000000e+00
0.000000000000000000e+00
0.000000000000000000e+00
0.000000000000000000e+00
1.758878038575642598e-11
8.559998891100560940e-12
0.000000000000000000e+00
3.537266689704062686e-11
3.437168288951562676e-11
9.445411926173440900e-11
1.587027224367097843e-10
2.960739069292972590e-10
4.339313755748164348e-10
5.839288524071067642e-10
7.414288041997026998e-10
9.117760092976063438e-10
1.058781061546429773e-09
1.171794636675902469e-09
1.215537733279170743e-09
1.170234975910295239e-09
1.122621827541460071e-09
0.000000000000000000e+00
9.677883775424524441e-10
9.465218539333020516e-10
9.803248274264376186e-10
1.030683429430770057e-09
3.791839972193049562e-03
1.203494811283611089e-09
1.316320895834193880e-09
1.180609815034175611e-09
1.124876211432492999e-09
1.009966970269161804e-09
7.610722831559463912e-10
5.186738038386449566e-10
3.609494131921481839e-10
1.161121846558453166e-10
6.726847455265336663e-11
0.000000000000000000e+00
0.000000000000000000e+00
0.000000000000000000e+00
0.000000000000000000e+00
0.000000000000000000e+00
0.000000000000000000e+00
0.000000000000000000e+00
0.000000000000000000e+00
0.000000000000000000e+00
0.000000000000000000e+00
0.000000000000000000e+00
0.000000000000000000e+00
0.000000000000000000e+00
0.000000000000000000e+00
0.000000000000000000e+00
0.000000000000000000e+00
0.000000000000000000e+00
0.000000000000000000e+00
0.000000000000000000e+00
0.000000000000000000e+00
0.000000000000000000e+00
0.000000000000000000e+00
0.000000000000000000e+00
0.000000000000000000e+00
0.000000000000000000e+00
0.000000000000000000e+00
0.000000000000000000e+00
0.000000000000000000e+00
0.000000000000000000e+00
0.000000000000000000e+00
6.919434006604308580e-12
3.947179328406881004e-11
7.152796474912407430e-11
1.343721552504974123e-10
2.751337498291458613e-10
4.223530421158198444e-10
5.693510340177250519e-10
7.745444016129112581e-10
9.190934128505570028e-10
1.054838334736250128e-09
1.153028981736960486e-09
1.151318601515543857e-09
1.160482678239243139e-09
1.084708963947995948e-09
9.889991183615144447e-10
9.295580023844447168e-10
8.630460521342020964e-10
8.834254470309337455e-10
9.973557764101446842e-10
1.057433853131469354e-09
3.378948147591596951e-02
1.206465412412528605e-09
1.229919657139396198e-09
1.101474292966037451e-09
9.664360071220050058e-10
7.994352596817380828e-10
5.387780825388946150e-10
3.520802994014543118e-10
1.601490948304240310e-10
7.160113205676984267e-11
2.230584313635176344e-11
5.288206575702419908e-12
3.726644857707903142e-12
0.000000000000000000e+00
0.000000000000000000e+00
0.000000000000000000e+00
0.000000000000000000e+00
0.000000000000000000e+00
0.000000000000000000e+00
0.000000000000000000e+00
0.000000000000000000e+00
0.000000000000000000e+00
0.000000000000000000e+00
0.000000000000000000e+00
0.000000000000000000e+00
0.000000000000000000e+00
0.000000000000000000e+00
0.000000000000000000e+00
0.000000000000000000e+00
0.000000000000000000e+00
0.000000000000000000e+00
0.000000000000000000e+00
0.000000000000000000e+00
0.000000000000000000e+00
0.000000000000000000e+00
0.000000000000000000e+00
0.000000000000000000e+00
0.000000000000000000e+00
0.000000000000000000e+00
0.000000000000000000e+00
0.000000000000000000e+00
0.000000000000000000e+00
0.000000000000000000e+00
8.651460683927413848e-11
2.147552154801143689e-10
3.624522313202638360e-10
5.522420634442971693e-10
6.715121168021967044e-10
8.503595080595259314e-10
1.002323080298380981e-09
1.081795321015120974e-09
1.075421385635168274e-09
1.070558956172849537e-09
1.021138404852449673e-09
9.247322392813652547e-10
8.476765932128606148e-10
8.161148477027543984e-10
8.558154202686502881e-10
9.046051799704946493e-10
9.527759986951025853e-10
0.000000000000000000e+00
1.127371374460623677e-09
1.091279628600586578e-09
1.042476202216759391e-09
8.716992889514625880e-10
7.202267360177216015e-10
5.312263990377836258e-10
4.156058617838762423e-10
2.382623438306969331e-10
1.748838009831708406e-10
8.727862952455872922e-11
1.028645698425073921e-10
1.549548590146989855e-10
1.255500872006850548e-10
2.893572960246671005e-11
0.000000000000000000e+00
0.000000000000000000e+00
0.000000000000000000e+00
0.000000000000000000e+00
0.000000000000000000e+00
0.000000000000000000e+00
0.000000000000000000e+00
0.000000000000000000e+00
0.000000000000000000e+00
0.000000000000000000e+00
0.000000000000000000e+00
0.000000000000000000e+00
0.000000000000000000e+00
0.000000000000000000e+00
0.000000000000000000e+00
0.000000000000000000e+00
0.000000000000000000e+00
0.000000000000000000e+00
0.000000000000000000e+00
0.000000000000000000e+00
0.000000000000000000e+00
0.000000000000000000e+00
0.000000000000000000e+00
0.000000000000000000e+00
0.000000000000000000e+00
0.000000000000000000e+00
0.000000000000000000e+00
0.000000000000000000e+00
7.167578426908155685e-11
1.644732217155374864e-10
3.447897894892704113e-10
4.977062590170214884e-10
6.732148101146028935e-10
8.055569717637755103e-10
9.198750064091131459e-10
1.028604943522400395e-09
1.038054956922551994e-09
9.770727411203427507e-10
9.348820686658067857e-10
8.304083422344773381e-10
7.099241212487695643e-10
7.232161281657754205e-10
7.236184646922775584e-10
8.332014938257878778e-10
8.591339058512409532e-10
9.482070894147896093e-10
7.827966299856193265e-04
1.092396160949471126e-09
1.012898437007628604e-09
8.582454100101514020e-10
7.623358083342856426e-10
5.642041783621363591e-10
4.155487542443431239e-10
3.483589043171348561e-10
2.559343419336730922e-10
1.720948449234410697e-10
2.314584151923802554e-10
2.869742636159302428e-10
2.154233738111116142e-10
1.686768357450890578e-10
7.194204036283667691e-15
0.000000000000000000e+00
0.000000000000000000e+00
0.000000000000000000e+00
0.000000000000000000e+00
0.000000000000000000e+00
0.000000000000000000e+00
0.000000000000000000e+00
0.000000000000000000e+00
0.000000000000000000e+00
0.000000000000000000e+00
0.000000000000000000e+00
0.000000000000000000e+00
0.000000000000000000e+00
0.000000000000000000e+00
0.000000000000000000e+00
0.000000000000000000e+00
0.000000000000000000e+00
0.000000000000000000e+00
0.000000000000000000e+00
0.000000000000000000e+00
0.000000000000000000e+00
0.000000000000000000e+00
0.000000000000000000e+00
0.000000000000000000e+00
0.000000000000000000e+00
0.000000000000000000e+00
0.000000000000000000e+00
3.699492392644517287e-11
1.372677896057032020e-10
2.620756624746809336e-10
4.443556097590993015e-10
5.662423375798578998e-10
7.325364564518089528e-10
8.298799825670351377e-10
9.250104707783844203e-10
9.279208802678982904e-10
8.856691510224467715e-10
8.161797852210817430e-10
7.291752468907036551e-10
6.083411731805980990e-10
5.971638571152427313e-10
6.452293564882380001e-10
7.054447614026126350e-10
7.492715071733698302e-10
8.372935792577890698e-10
8.537934885652624049e-10
8.780785860234042270e-10
9.091932218735108514e-10
8.200762773435962116e-10
7.554415888096242113e-10
5.575728255800862951e-10
5.074074573140602461e-10
3.398636521615400675e-10
3.304953186125814702e-10
2.612515346800744210e-10
3.535252795068682471e-10
4.266372862261684824e-10
4.148722064087881915e-10
2.382181581555137959e-10
1.124356043750210815e-10
0.000000000000000000e+00
0.000000000000000000e+00
0.000000000000000000e+00
0.000000000000000000e+00
0.000000000000000000e+00
0.000000000000000000e+00
0.000000000000000000e+00
0.000000000000000000e+00
0.000000000000000000e+00
0.000000000000000000e+00
0.000000000000000000e+00
0.000000000000000000e+00
0.000000000000000000e+00
0.000000000000000000e+00
0.000000000000000000e+00
0.000000000000000000e+00
0.000000000000000000e+00
0.000000000000000000e+00
0.000000000000000000e+00
0.000000000000000000e+00
0.000000000000000000e+00
0.000000000000000000e+00
0.000000000000000000e+00
0.000000000000000000e+00
0.000000000000000000e+00
0.000000000000000000e+00
0.000000000000000000e+00
4.228933313253217144e-12
8.112533592405449722e-11
1.862847483647060545e-10
3.643769676548827167e-10
5.182945795898977159e-10
6.496563849655421722e-10
7.410613237069917275e-10
7.493428101398824720e-10
8.016663451976934127e-10
7.271265678785532230e-10
6.620152104187486235e-10
5.574275813850485691e-10
5.744353726458058309e-10
5.045194175022211572e-10
5.021521103714167700e-10
5.913242436835058348e-10
6.346981194140549195e-10
7.077398547427111094e-10
7.893250713868282292e-10
3.667634155307973488e-08
8.370333280392321544e-10
7.312493953887332458e-10
7.709367143582566074e-10
6.105353252607609350e-10
5.009062837545595171e-10
4.457567356923295477e-10
3.563853904599991044e-10
4.218943967518456628e-10
4.652980140426861279e-10
5.540329635094613501e-10
5.302735300822070480e-10
4.349418706476702765e-10
2.411668317403390482e-10
1.578126564630386258e-14
0.000000000000000000e+00
0.000000000000000000e+00
0.000000000000000000e+00
0.000000000000000000e+00
0.000000000000000000e+00
0.000000000000000000e+00
0.000000000000000000e+00
0.000000000000000000e+00
0.000000000000000000e+00
0.000000000000000000e+00
0.000000000000000000e+00
0.000000000000000000e+00
0.000000000000000000e+00
0.000000000000000000e+00
0.000000000000000000e+00
0.000000000000000000e+00
0.000000000000000000e+00
0.000000000000000000e+00
0.000000000000000000e+00
0.000000000000000000e+00
0.000000000000000000e+00
0.000000000000000000e+00
0.000000000000000000e+00
0.000000000000000000e+00
0.000000000000000000e+00
0.000000000000000000e+00
0.000000000000000000e+00
6.642574316254406822e-11
1.575601872381341391e-10
2.902501937751551470e-10
4.008068105510533424e-10
4.517339323225674246e-10
6.030593934881942311e-10
6.223861745221734107e-10
6.130022797426320330e-10
5.966706704829152327e-10
5.500673188905418296e-10
4.551869689970889532e-10
4.185427783192891549e-10
3.916715696786730232e-10
3.586164002386392683e-10
4.686102016110937436e-10
4.906190602573179570e-10
6.285752219030962148e-10
6.948177162730608870e-10
7.148601945261614672e-10
4.765931725511238930e-08
7.376656860686127204e-10
6.993669702024660839e-10
6.441026161363428252e-10
4.828763956659810609e-10
4.806336629319871680e-10
5.275386960637975891e-10
5.540202340641803066e-10
6.366430781775026887e-10
8.087275256681899796e-10
7.707510154560702946e-10
5.619859569678079934e-10
2.480319590119235713e-10
8.445425479839882742e-11
0.000000000000000000e+00
0.000000000000000000e+00
0.000000000000000000e+00
0.000000000000000000e+00
0.000000000000000000e+00
0.000000000000000000e+00
0.000000000000000000e+00
0.000000000000000000e+00
0.000000000000000000e+00
0.000000000000000000e+00
0.000000000000000000e+00
0.000000000000000000e+00
0.000000000000000000e+00
0.000000000000000000e+00
0.000000000000000000e+00
0.000000000000000000e+00
0.000000000000000000e+00
0.000000000000000000e+00
0.000000000000000000e+00
0.000000000000000000e+00
0.000000000000000000e+00
0.000000000000000000e+00
0.000000000000000000e+00
0.000000000000000000e+00
0.000000000000000000e+00
0.000000000000000000e+00
0.000000000000000000e+00
0.000000000000000000e+00
6.598760074864813090e-11
1.758437517115623060e-10
3.102032933448689488e-10
4.299073214912098488e-10
4.909031459716609209e-10
5.223281277528711577e-10
5.042240071508380239e-10
4.817191473298416526e-10
4.041883278228261263e-10
3.281976211961260788e-10
2.959133283377372472e-10
3.056618517199796821e-10
3.091412637505552958e-10
3.790819649351644087e-10
3.681591836122688516e-10
5.151194145587330114e-10
6.052442629585546912e-10
6.940721583799391310e-10
2.645773652528881529e-08
6.782404309847058686e-10
6.326245609312988485e-10
6.181251084311699192e-10
5.299749667193510188e-10
5.557070974042886707e-10
5.731529166795822613e-10
6.767751634136632993e-10
7.918171619046512160e-10
9.260846623735084801e-10
9.150122216848779771e-10
6.459115661028217375e-10
3.414499805872991742e-10
8.139109380155707144e-11
0.000000000000000000e+00
0.000000000000000000e+00
0.000000000000000000e+00
0.000000000000000000e+00
0.000000000000000000e+00
0.000000000000000000e+00
0.000000000000000000e+00
0.000000000000000000e+00
0.000000000000000000e+00
0.000000000000000000e+00
0.000000000000000000e+00
0.000000000000000000e+00
0.000000000000000000e+00
0.000000000000000000e+00
0.000000000000000000e+00
0.000000000000000000e+00
0.000000000000000000e+00
0.000000000000000000e+00
0.000000000000000000e+00
0.000000000000000000e+00
0.000000000000000000e+00
0.000000000000000000e+00
0.000000000000000000e+00
0.000000000000000000e+00
0.000000000000000000e+00
0.000000000000000000e+00
0.000000000000000000e+00
0.000000000000000000e+00
1.744604513547220912e-11
7.404780844814956992e-11
1.692556842400445910e-10
2.889759997041177903e-10
3.250938178108656496e-10
3.590117614421124356e-10
3.621934334701762097e-10
3.239723975912501689e-10
2.988147217182860636e-10
2.756075588344953621e-10
2.317777860280455342e-10
2.275300264157908043e-10
2.326103878201672154e-10
3.260930968016146171e-10
3.483168649980594717e-10
4.616752327738713451e-10
6.078192598287919020e-10
6.029876927193592116e-10
6.602957729037953726e-10
1.223720886729130070e-02
6.324185207924672519e-10
6.072491514709576901e-10
5.782093021439328229e-10
6.047297130488707848e-10
6.674735231032971464e-10
7.535109840259269587e-10
9.218748081010604568e-10
1.029879990127955247e-09
1.030214329279803161e-09
8.092879621947464443e-10
4.011700782883313566e-10
1.337207346571950243e-10
0.000000000000000000e+00
0.000000000000000000e+00
0.000000000000000000e+00
0.000000000000000000e+00
0.000000000000000000e+00
0.000000000000000000e+00
0.000000000000000000e+00
0.000000000000000000e+00
0.000000000000000000e+00
0.000000000000000000e+00
0.000000000000000000e+00
0.000000000000000000e+00
0.000000000000000000e+00
0.000000000000000000e+00
0.000000000000000000e+00
0.000000000000000000e+00
0.000000000000000000e+00
0.000000000000000000e+00
0.000000000000000000e+00
0.000000000000000000e+00
0.000000000000000000e+00
0.000000000000000000e+00
0.000000000000000000e+00
0.000000000000000000e+00
0.000000000000000000e+00
0.000000000000000000e+00
0.000000000000000000e+00
0.000000000000000000e+00
0.000000000000000000e+00
2.875253421023999845e-11
7.266375940856488960e-11
1.415083367350346118e-10
1.771453715840090807e-10
2.457564343238282167e-10
2.758072224535489857e-10
1.785166388374413541e-10
2.320213153620487149e-10
1.988901537618033609e-10
1.584745502392955959e-10
1.458137902449223782e-10
2.169375165510146973e-10
2.524489307054074069e-10
3.379520346372019166e-10
3.763704804822171721e-10
4.476709302311083929e-10
5.358052165707639932e-10
6.314988341158989407e-10
6.427744813227546975e-10
9.759777156645052520e-02
5.852543121058554174e-10
5.819551217692231113e-10
6.651188089859106362e-10
7.098603425667728034e-10
8.392575520500961138e-10
9.949293027401782406e-10
1.162664731560169314e-09
1.069147813084069439e-09
4.931473607314242038e-09
5.306508149380042958e-10
2.652605699652522909e-10
0.000000000000000000e+00
0.000000000000000000e+00
0.000000000000000000e+00
0.000000000000000000e+00
0.000000000000000000e+00
0.000000000000000000e+00
0.000000000000000000e+00
0.000000000000000000e+00
0.000000000000000000e+00
0.000000000000000000e+00
0.000000000000000000e+00
0.000000000000000000e+00
0.000000000000000000e+00
0.000000000000000000e+00
0.000000000000000000e+00
0.000000000000000000e+00
0.000000000000000000e+00
0.000000000000000000e+00
0.000000000000000000e+00
0.000000000000000000e+00
0.000000000000000000e+00
0.000000000000000000e+00
0.000000000000000000e+00
0.000000000000000000e+00
0.000000000000000000e+00
0.000000000000000000e+00
0.000000000000000000e+00
0.000000000000000000e+00
0.000000000000000000e+00
0.000000000000000000e+00
0.000000000000000000e+00
4.781342787427300169e-11
6.497001743417125760e-11
8.825785001197369827e-11
4.362141011035872149e-11
9.228591266189289550e-11
6.091704419075879101e-11
1.109302661662876631e-10
1.068490094580466383e-10
1.163971368303441206e-10
1.797761780307410324e-10
2.150696905039824603e-10
2.898083036535364429e-10
4.390376092311896137e-10
4.249000500820836823e-10
5.109105928310890174e-10
5.260545215779636836e-10
5.401349363256448573e-10
5.785260157018353476e-10
0.000000000000000000e+00
5.685404137640072602e-10
6.358018305784584667e-10
6.848823910948250467e-10
8.501913280204415758e-10
1.078422994450881824e-09
1.134813875224039313e-09
1.079443725171815024e-09
2.534438677054549893e-02
5.429032462115588672e-10
3.054225391245360890e-10
0.000000000000000000e+00
0.000000000000000000e+00
0.000000000000000000e+00
0.000000000000000000e+00
0.000000000000000000e+00
0.000000000000000000e+00
0.000000000000000000e+00
0.000000000000000000e+00
0.000000000000000000e+00
0.000000000000000000e+00
0.000000000000000000e+00
0.000000000000000000e+00
0.000000000000000000e+00
0.000000000000000000e+00
0.000000000000000000e+00
0.000000000000000000e+00
0.000000000000000000e+00
0.000000000000000000e+00
0.000000000000000000e+00
0.000000000000000000e+00
0.000000000000000000e+00
0.000000000000000000e+00
0.000000000000000000e+00
0.000000000000000000e+00
0.000000000000000000e+00
0.000000000000000000e+00
0.000000000000000000e+00
0.000000000000000000e+00
0.000000000000000000e+00
0.000000000000000000e+00
0.000000000000000000e+00
0.000000000000000000e+00
0.000000000000000000e+00
0.000000000000000000e+00
0.000000000000000000e+00
0.000000000000000000e+00
1.045786137210845367e-11
0.000000000000000000e+00
1.148869942102461701e-11
8.899325807015131494e-11
1.353099634898658265e-10
2.187721211591225251e-10
2.401040285497936612e-10
2.865889729269371892e-10
3.798044129375989464e-10
4.003266519722001221e-10
4.811982210425279696e-10
4.966329363754401776e-10
5.310066161667122247e-10
4.693578118910033143e-10
1.473597162002021890e-08
6.146198582833187706e-10
7.277735623237376950e-10
9.167791280907895608e-10
1.006630721857638967e-09
1.071961832919042391e-09
1.058089986255426542e-09
8.246455558603742233e-10
4.859214755548214365e-10
3.257816096331655839e-10
0.000000000000000000e+00
0.000000000000000000e+00
0.000000000000000000e+00
0.000000000000000000e+00
0.000000000000000000e+00
0.000000000000000000e+00
0.000000000000000000e+00
0.000000000000000000e+00
0.000000000000000000e+00
0.000000000000000000e+00
0.000000000000000000e+00
0.000000000000000000e+00
0.000000000000000000e+00
0.000000000000000000e+00
0.000000000000000000e+00
0.000000000000000000e+00
0.000000000000000000e+00
0.000000000000000000e+00
0.000000000000000000e+00
0.000000000000000000e+00
0.000000000000000000e+00
0.000000000000000000e+00
0.000000000000000000e+00
0.000000000000000000e+00
0.000000000000000000e+00
0.000000000000000000e+00
0.000000000000000000e+00
0.000000000000000000e+00
0.000000000000000000e+00
0.000000000000000000e+00
0.000000000000000000e+00
0.000000000000000000e+00
0.000000000000000000e+00
0.000000000000000000e+00
0.000000000000000000e+00
0.000000000000000000e+00
0.000000000000000000e+00
0.000000000000000000e+00
0.000000000000000000e+00
2.997978633287321627e-11
8.726198352089996110e-11
1.935085873449911883e-10
2.230165624013445841e-10
2.713497156372161249e-10
3.476408992784848642e-10
4.003363677177427697e-10
4.000840702713147370e-10
4.678111585753571276e-10
4.152122408407676816e-10
4.335014748254261755e-10
0.000000000000000000e+00
6.702431167494193875e-02
6.850403966498953244e-10
8.018984565487896478e-10
9.466308469818947706e-10
1.056684881993661344e-09
9.393619616026386502e-10
7.577824731307043778e-10
4.703406789186644021e-10
3.833567949544682563e-10
0.000000000000000000e+00
0.000000000000000000e+00
0.000000000000000000e+00
0.000000000000000000e+00
0.000000000000000000e+00
0.000000000000000000e+00
0.000000000000000000e+00
0.000000000000000000e+00
0.000000000000000000e+00
0.000000000000000000e+00
0.000000000000000000e+00
0.000000000000000000e+00
0.000000000000000000e+00
0.000000000000000000e+00
0.000000000000000000e+00
0.000000000000000000e+00
0.000000000000000000e+00
0.000000000000000000e+00
0.000000000000000000e+00
0.000000000000000000e+00
0.000000000000000000e+00
0.000000000000000000e+00
0.000000000000000000e+00
0.000000000000000000e+00
0.000000000000000000e+00
0.000000000000000000e+00
0.000000000000000000e+00
0.000000000000000000e+00
0.000000000000000000e+00
0.000000000000000000e+00
0.000000000000000000e+00
0.000000000000000000e+00
0.000000000000000000e+00
0.000000000000000000e+00
0.000000000000000000e+00
0.000000000000000000e+00
0.000000000000000000e+00
0.000000000000000000e+00
0.000000000000000000e+00
0.000000000000000000e+00
7.683319017386902296e-11
1.796691265136072324e-10
2.306951640790190797e-10
2.466938090108367106e-10
2.687175870140164851e-10
3.545783679786704434e-10
3.493274422716847649e-10
3.082097225128984528e-10
4.038558698405897290e-10
3.923202771156264277e-10
4.795602991983259554e-10
1.469246897723997995e-07
7.156505312775474602e-10
8.080674380708775543e-10
8.997038271034877114e-10
9.320154347203011656e-10
7.857339488085914488e-10
5.846029684879166560e-10
4.005820300478383074e-10
3.523595911401429961e-10
0.000000000000000000e+00
0.000000000000000000e+00
0.000000000000000000e+00
0.000000000000000000e+00
0.000000000000000000e+00
0.000000000000000000e+00
0.000000000000000000e+00
0.000000000000000000e+00
0.000000000000000000e+00
0.000000000000000000e+00
0.000000000000000000e+00
0.000000000000000000e+00
0.000000000000000000e+00
0.000000000000000000e+00
0.000000000000000000e+00
0.000000000000000000e+00
0.000000000000000000e+00
0.000000000000000000e+00
0.000000000000000000e+00
0.000000000000000000e+00
0.000000000000000000e+00
0.000000000000000000e+00
0.000000000000000000e+00
0.000000000000000000e+00
0.000000000000000000e+00
0.000000000000000000e+00
0.000000000000000000e+00
0.000000000000000000e+00
0.000000000000000000e+00
0.000000000000000000e+00
0.000000000000000000e+00
0.000000000000000000e+00
0.000000000000000000e+00
0.000000000000000000e+00
0.000000000000000000e+00
0.000000000000000000e+00
0.000000000000000000e+00
0.000000000000000000e+00
0.000000000000000000e+00
0.000000000000000000e+00
1.496805598143125680e-14
1.332183624412127146e-10
2.122950204201475486e-10
2.315150735354947419e-10
2.245353307458354254e-10
2.361248773534161210e-10
3.405699939472640076e-10
3.152902570310425284e-10
3.183625080277765181e-10
4.048575229391978143e-10
4.222181286968177450e-10
4.961808036610916547e-10
6.541094471843195453e-10
7.923250003988292179e-10
8.351409574916125416e-10
8.535748208689437687e-10
7.081488325277670056e-10
5.169040770341493126e-10
3.508510631199185271e-10
2.908796578804185097e-10
0.000000000000000000e+00
0.000000000000000000e+00
0.000000000000000000e+00
0.000000000000000000e+00
0.000000000000000000e+00
0.000000000000000000e+00
0.000000000000000000e+00
0.000000000000000000e+00
0.000000000000000000e+00
0.000000000000000000e+00
0.000000000000000000e+00
0.000000000000000000e+00
0.000000000000000000e+00
0.000000000000000000e+00
0.000000000000000000e+00
0.000000000000000000e+00
0.000000000000000000e+00
0.000000000000000000e+00
0.000000000000000000e+00
0.000000000000000000e+00
0.000000000000000000e+00
0.000000000000000000e+00
0.000000000000000000e+00
0.000000000000000000e+00
0.000000000000000000e+00
0.000000000000000000e+00
0.000000000000000000e+00
0.000000000000000000e+00
0.000000000000000000e+00
0.000000000000000000e+00
0.000000000000000000e+00
0.000000000000000000e+00
0.000000000000000000e+00
0.000000000000000000e+00
0.000000000000000000e+00
0.000000000000000000e+00
0.000000000000000000e+00
0.000000000000000000e+00
0.000000000000000000e+00
0.000000000000000000e+00
0.000000000000000000e+00
5.898957771963418504e-11
7.459382487718243497e-11
9.227772941439400702e-11
2.075962010181519713e-10
2.358108972300966552e-10
2.071107601713997541e-10
2.463143708943674041e-10
3.617078972606628655e-10
3.169582242265927056e-10
4.161335325900628133e-10
2.024404330770416970e-08
6.769357915922858730e-10
7.241810542988689129e-10
8.270971700609000096e-10
7.592270316043478977e-10
6.144969308973773010e-10
4.654511567456281531e-10
2.706962457144940337e-10
2.257153284703745118e-10
0.000000000000000000e+00
0.000000000000000000e+00
0.000000000000000000e+00
0.000000000000000000e+00
0.000000000000000000e+00
0.000000000000000000e+00
0.000000000000000000e+00
0.000000000000000000e+00
0.000000000000000000e+00
0.000000000000000000e+00
0.000000000000000000e+00
0.000000000000000000e+00
0.000000000000000000e+00
0.000000000000000000e+00
0.000000000000000000e+00
0.000000000000000000e+00
0.000000000000000000e+00
0.000000000000000000e+00
0.000000000000000000e+00
0.000000000000000000e+00
0.000000000000000000e+00
0.000000000000000000e+00
0.000000000000000000e+00
0.000000000000000000e+00
0.000000000000000000e+00
0.000000000000000000e+00
0.000000000000000000e+00
0.000000000000000000e+00
0.000000000000000000e+00
0.000000000000000000e+00
0.000000000000000000e+00
0.000000000000000000e+00
0.000000000000000000e+00
0.000000000000000000e+00
0.000000000000000000e+00
0.000000000000000000e+00
0.000000000000000000e+00
0.000000000000000000e+00
0.000000000000000000e+00
0.000000000000000000e+00
0.000000000000000000e+00
4.251847458893774098e-12
2.735889382493222627e-11
1.552924878048487865e-10
1.370561888642459162e-10
1.602326884150289022e-10
1.663198918081026698e-10
2.368968585445454175e-10
2.604317106326055707e-10
3.478264588227114460e-10
4.465968422371169711e-10
1.130568766127182934e-01
6.997407839754385703e-10
7.950880072967223883e-10
7.628086619207405783e-10
6.346653954580520931e-10
5.406567169768274742e-10
3.186512796701057879e-10
1.945209950973396709e-10
1.786096060348827327e-10
0.000000000000000000e+00
0.000000000000000000e+00
0.000000000000000000e+00
0.000000000000000000e+00
0.000000000000000000e+00
0.000000000000000000e+00
0.000000000000000000e+00
0.000000000000000000e+00
0.000000000000000000e+00
0.000000000000000000e+00
0.000000000000000000e+00
0.000000000000000000e+00
0.000000000000000000e+00
0.000000000000000000e+00
0.000000000000000000e+00
0.000000000000000000e+00
0.000000000000000000e+00
0.000000000000000000e+00
0.000000000000000000e+00
0.000000000000000000e+00
0.000000000000000000e+00
0.000000000000000000e+00
0.000000000000000000e+00
0.000000000000000000e+00
0.000000000000000000e+00
0.000000000000000000e+00
0.000000000000000000e+00
0.000000000000000000e+00
0.000000000000000000e+00
0.000000000000000000e+00
0.000000000000000000e+00
0.000000000000000000e+00
0.000000000000000000e+00
0.000000000000000000e+00
0.000000000000000000e+00
0.000000000000000000e+00
0.000000000000000000e+00
0.000000000000000000e+00
0.000000000000000000e+00
0.000000000000000000e+00
0.000000000000000000e+00
0.000000000000000000e+00
2.160109930911945917e-11
1.513808671834981876e-11
1.114720796050037342e-10
1.532056396984856327e-10
1.589904696244411173e-10
2.066701292488803310e-10
2.867278866542303645e-10
3.529090331010495502e-10
4.567813078230416690e-10
0.000000000000000000e+00
3.784012167649527985e-08
8.290019840584131570e-10
8.121372104435833888e-10
6.250917960166879936e-10
5.093066568639178802e-10
2.551886947494503554e-10
1.158223701512134419e-10
8.334162798079496264e-11
0.000000000000000000e+00
0.000000000000000000e+00
0.000000000000000000e+00
0.000000000000000000e+00
0.000000000000000000e+00
0.000000000000000000e+00
0.000000000000000000e+00
0.000000000000000000e+00
0.000000000000000000e+00
0.000000000000000000e+00
0.000000000000000000e+00
0.000000000000000000e+00
0.000000000000000000e+00
0.000000000000000000e+00
0.000000000000000000e+00
0.000000000000000000e+00
0.000000000000000000e+00
0.000000000000000000e+00
0.000000000000000000e+00
0.000000000000000000e+00
0.000000000000000000e+00
0.000000000000000000e+00
0.000000000000000000e+00
0.000000000000000000e+00
0.000000000000000000e+00
0.000000000000000000e+00
0.000000000000000000e+00
0.000000000000000000e+00
0.000000000000000000e+00
0.000000000000000000e+00
0.000000000000000000e+00
0.000000000000000000e+00
0.000000000000000000e+00
0.000000000000000000e+00
0.000000000000000000e+00
0.000000000000000000e+00
0.000000000000000000e+00
0.000000000000000000e+00
0.000000000000000000e+00
0.000000000000000000e+00
0.000000000000000000e+00
0.000000000000000000e+00
0.000000000000000000e+00
4.574889446262394164e-15
9.279592168282242941e-15
1.225837439803260984e-10
1.319862549300648949e-10
1.694646534516619594e-10
2.612754330745920410e-10
3.769076730708123874e-10
5.126886738299207700e-10
6.901824914498119879e-10
7.812685248377243040e-10
8.202537567332700299e-10
7.334942079547882378e-10
6.316582981985860635e-10
3.948135080741988123e-10
2.392198995130447666e-10
8.258805254216315954e-11
9.144649208278345616e-11
0.000000000000000000e+00
0.000000000000000000e+00
0.000000000000000000e+00
0.000000000000000000e+00
0.000000000000000000e+00
0.000000000000000000e+00
0.000000000000000000e+00
0.000000000000000000e+00
0.000000000000000000e+00
0.000000000000000000e+00
0.000000000000000000e+00
0.000000000000000000e+00
0.000000000000000000e+00
0.000000000000000000e+00
0.000000000000000000e+00
0.000000000000000000e+00
0.000000000000000000e+00
0.000000000000000000e+00
0.000000000000000000e+00
0.000000000000000000e+00
0.000000000000000000e+00
0.000000000000000000e+00
0.000000000000000000e+00
0.000000000000000000e+00
0.000000000000000000e+00
0.000000000000000000e+00
0.000000000000000000e+00
0.000000000000000000e+00
0.000000000000000000e+00
0.000000000000000000e+00
0.000000000000000000e+00
0.000000000000000000e+00
0.000000000000000000e+00
0.000000000000000000e+00
0.000000000000000000e+00
0.000000000000000000e+00
0.000000000000000000e+00
0.000000000000000000e+00
0.000000000000000000e+00
0.000000000000000000e+00
0.000000000000000000e+00
0.000000000000000000e+00
0.000000000000000000e+00
0.000000000000000000e+00
0.000000000000000000e+00
3.543185545691215772e-11
1.216635231302316722e-10
2.013400013957016403e-10
2.844109747483411592e-10
4.301694714954062601e-10
5.581656696240950001e-10
0.000000000000000000e+00
7.666326361794695159e-10
7.299434262398813069e-10
6.542634929106925578e-10
5.498535121391958125e-10
3.685746444441117383e-10
1.930688197705139668e-10
1.710779313426507670e-11
0.000000000000000000e+00
0.000000000000000000e+00
0.000000000000000000e+00
0.000000000000000000e+00
0.000000000000000000e+00
0.000000000000000000e+00
0.000000000000000000e+00
0.000000000000000000e+00
0.000000000000000000e+00
0.000000000000000000e+00
0.000000000000000000e+00
0.000000000000000000e+00
0.000000000000000000e+00
0.000000000000000000e+00
0.000000000000000000e+00
0.000000000000000000e+00
0.000000000000000000e+00
0.000000000000000000e+00
0.000000000000000000e+00
0.000000000000000000e+00
0.000000000000000000e+00
0.000000000000000000e+00
0.000000000000000000e+00
0.000000000000000000e+00
0.000000000000000000e+00
0.000000000000000000e+00
0.000000000000000000e+00
0.000000000000000000e+00
0.000000000000000000e+00
0.000000000000000000e+00
0.000000000000000000e+00
0.000000000000000000e+00
0.000000000000000000e+00
0.000000000000000000e+00
0.000000000000000000e+00
0.000000000000000000e+00
0.000000000000000000e+00
0.000000000000000000e+00
0.000000000000000000e+00
0.000000000000000000e+00
0.000000000000000000e+00
0.000000000000000000e+00
0.000000000000000000e+00
0.000000000000000000e+00
5.714323067614660464e-13
0.000000000000000000e+00
3.892834191583958218e-11
9.994002172048142077e-11
1.984023017794370771e-10
3.375453723593717489e-10
4.328879059822198661e-10
6.007248425178398897e-10
6.703810537232824591e-10
7.533788214534534825e-10
6.802671900835484087e-10
5.307092638410678018e-10
4.120225061240825994e-10
2.437923801705463891e-10
8.983629520784737570e-11
0.000000000000000000e+00
0.000000000000000000e+00
0.000000000000000000e+00
0.000000000000000000e+00
0.000000000000000000e+00
0.000000000000000000e+00
0.000000000000000000e+00
0.000000000000000000e+00
0.000000000000000000e+00
0.000000000000000000e+00
0.000000000000000000e+00
0.000000000000000000e+00
0.000000000000000000e+00
0.000000000000000000e+00
0.000000000000000000e+00
0.000000000000000000e+00
0.000000000000000000e+00
0.000000000000000000e+00
0.000000000000000000e+00
0.000000000000000000e+00
0.000000000000000000e+00
0.000000000000000000e+00
0.000000000000000000e+00
0.000000000000000000e+00
0.000000000000000000e+00
0.000000000000000000e+00
0.000000000000000000e+00
0.000000000000000000e+00
0.000000000000000000e+00
0.000000000000000000e+00
0.000000000000000000e+00
0.000000000000000000e+00
0.000000000000000000e+00
0.000000000000000000e+00
0.000000000000000000e+00
0.000000000000000000e+00
0.000000000000000000e+00
0.000000000000000000e+00
0.000000000000000000e+00
0.000000000000000000e+00
0.000000000000000000e+00
0.000000000000000000e+00
0.000000000000000000e+00
0.000000000000000000e+00
0.000000000000000000e+00
0.000000000000000000e+00
0.000000000000000000e+00
2.536535138710561170e-11
1.919455245802027520e-10
2.207515556828089671e-10
3.224459836240787916e-10
4.816003537194459341e-10
6.036774917465657183e-10
6.800241038732786559e-10
6.639629648011572833e-10
6.176109684557885021e-10
5.257725750978111388e-10
3.544178283253761103e-10
2.377060629446721195e-10
1.336052682369767926e-11
0.000000000000000000e+00
0.000000000000000000e+00
0.000000000000000000e+00
0.000000000000000000e+00
0.000000000000000000e+00
0.000000000000000000e+00
0.000000000000000000e+00
0.000000000000000000e+00
0.000000000000000000e+00
0.000000000000000000e+00
0.000000000000000000e+00
0.000000000000000000e+00
0.000000000000000000e+00
0.000000000000000000e+00
0.000000000000000000e+00
0.000000000000000000e+00
0.000000000000000000e+00
0.000000000000000000e+00
0.000000000000000000e+00
0.000000000000000000e+00
0.000000000000000000e+00
0.000000000000000000e+00
0.000000000000000000e+00
0.000000000000000000e+00
0.000000000000000000e+00
0.000000000000000000e+00
0.000000000000000000e+00
0.000000000000000000e+00
0.000000000000000000e+00
0.000000000000000000e+00
0.000000000000000000e+00
0.000000000000000000e+00
0.000000000000000000e+00
0.000000000000000000e+00
0.000000000000000000e+00
0.000000000000000000e+00
0.000000000000000000e+00
0.000000000000000000e+00
0.000000000000000000e+00
0.000000000000000000e+00
0.000000000000000000e+00
0.000000000000000000e+00
0.000000000000000000e+00
0.000000000000000000e+00
0.000000000000000000e+00
0.000000000000000000e+00
4.193501956008615744e-11
8.639263538757269807e-11
1.969570839641441319e-10
3.676855977443443778e-10
5.701941047123565842e-10
6.519611934464453519e-10
7.338967571829659689e-10
7.087132364162788580e-10
7.119556283219478703e-10
5.733524821885866986e-10
3.844502927027921275e-10
2.261469284115982999e-10
1.285307876557143334e-10
0.000000000000000000e+00
0.000000000000000000e+00
0.000000000000000000e+00
0.000000000000000000e+00
0.000000000000000000e+00
0.000000000000000000e+00
0.000000000000000000e+00
0.000000000000000000e+00
0.000000000000000000e+00
0.000000000000000000e+00
0.000000000000000000e+00
0.000000000000000000e+00
0.000000000000000000e+00
0.000000000000000000e+00
0.000000000000000000e+00
0.000000000000000000e+00
0.000000000000000000e+00
0.000000000000000000e+00
0.000000000000000000e+00
0.000000000000000000e+00
0.000000000000000000e+00
0.000000000000000000e+00
0.000000000000000000e+00
0.000000000000000000e+00
0.000000000000000000e+00
0.000000000000000000e+00
0.000000000000000000e+00
0.000000000000000000e+00
0.000000000000000000e+00
0.000000000000000000e+00
0.000000000000000000e+00
0.000000000000000000e+00
0.000000000000000000e+00
0.000000000000000000e+00
0.000000000000000000e+00
0.000000000000000000e+00
0.000000000000000000e+00
0.000000000000000000e+00
0.000000000000000000e+00
0.000000000000000000e+00
0.000000000000000000e+00
0.000000000000000000e+00
0.000000000000000000e+00
0.000000000000000000e+00
0.000000000000000000e+00
0.000000000000000000e+00
0.000000000000000000e+00
2.764965845063155993e-11
1.763122977877923504e-10
2.857711361112379261e-10
3.988902629225644257e-10
5.992441649193695717e-10
7.193567819996146387e-10
8.274693766284712420e-10
8.053566843844606984e-10
6.949276703903946727e-10
5.692249526462972433e-10
3.292260464514658875e-10
1.425316004494691012e-10
1.378072575297475510e-11
0.000000000000000000e+00
0.000000000000000000e+00
0.000000000000000000e+00
0.000000000000000000e+00
0.000000000000000000e+00
0.000000000000000000e+00
0.000000000000000000e+00
0.000000000000000000e+00
0.000000000000000000e+00
0.000000000000000000e+00
0.000000000000000000e+00
0.000000000000000000e+00
0.000000000000000000e+00
0.000000000000000000e+00
0.000000000000000000e+00
0.000000000000000000e+00
0.000000000000000000e+00
0.000000000000000000e+00
0.000000000000000000e+00
0.000000000000000000e+00
0.000000000000000000e+00
0.000000000000000000e+00
0.000000000000000000e+00
0.000000000000000000e+00
0.000000000000000000e+00
0.000000000000000000e+00
0.000000000000000000e+00
0.000000000000000000e+00
0.000000000000000000e+00
0.000000000000000000e+00
0.000000000000000000e+00
0.000000000000000000e+00
0.000000000000000000e+00
0.000000000000000000e+00
0.000000000000000000e+00
0.000000000000000000e+00
0.000000000000000000e+00
0.000000000000000000e+00
0.000000000000000000e+00
0.000000000000000000e+00
0.000000000000000000e+00
0.000000000000000000e+00
0.000000000000000000e+00
0.000000000000000000e+00
0.000000000000000000e+00
0.000000000000000000e+00
0.000000000000000000e+00
1.205423380340232023e-10
2.576413157032264262e-10
4.068600434512543567e-10
5.972452184393436421e-10
7.845628004331097949e-10
9.460694213777662170e-10
1.882346045427296666e-02
8.548907709968972389e-10
7.532647627900261807e-10
5.379826140865287367e-10
3.491673056837289179e-10
1.452737523689060360e-10
0.000000000000000000e+00
0.000000000000000000e+00
0.000000000000000000e+00
0.000000000000000000e+00
0.000000000000000000e+00
0.000000000000000000e+00
0.000000000000000000e+00
0.000000000000000000e+00
0.000000000000000000e+00
0.000000000000000000e+00
0.000000000000000000e+00
0.000000000000000000e+00
0.000000000000000000e+00
0.000000000000000000e+00
0.000000000000000000e+00
0.000000000000000000e+00
0.000000000000000000e+00
0.000000000000000000e+00
0.000000000000000000e+00
0.000000000000000000e+00
0.000000000000000000e+00
0.000000000000000000e+00
0.000000000000000000e+00
0.000000000000000000e+00
0.000000000000000000e+00
0.000000000000000000e+00
0.000000000000000000e+00
0.000000000000000000e+00
0.000000000000000000e+00
0.000000000000000000e+00
0.000000000000000000e+00
0.000000000000000000e+00
0.000000000000000000e+00
0.000000000000000000e+00
0.000000000000000000e+00
0.000000000000000000e+00
0.000000000000000000e+00
0.000000000000000000e+00
0.000000000000000000e+00
0.000000000000000000e+00
0.000000000000000000e+00
0.000000000000000000e+00
0.000000000000000000e+00
0.000000000000000000e+00
0.000000000000000000e+00
0.000000000000000000e+00
0.000000000000000000e+00
0.000000000000000000e+00
1.662200474077023606e-10
3.253896759307583078e-10
4.973874012134704165e-10
6.993801338478644822e-10
9.049408212030436376e-10
1.028855233974205333e-09
3.362038641298852916e-03
1.003605739890129175e-09
7.713553746064347913e-10
4.467763067181618857e-10
2.252537415489211698e-10
1.051393416452057366e-10
0.000000000000000000e+00
0.000000000000000000e+00
0.000000000000000000e+00
0.000000000000000000e+00
0.000000000000000000e+00
0.000000000000000000e+00
0.000000000000000000e+00
0.000000000000000000e+00
0.000000000000000000e+00
0.000000000000000000e+00
0.000000000000000000e+00
0.000000000000000000e+00
0.000000000000000000e+00
0.000000000000000000e+00
0.000000000000000000e+00
0.000000000000000000e+00
0.000000000000000000e+00
0.000000000000000000e+00
0.000000000000000000e+00
0.000000000000000000e+00
0.000000000000000000e+00
0.000000000000000000e+00
0.000000000000000000e+00
0.000000000000000000e+00
0.000000000000000000e+00
0.000000000000000000e+00
0.000000000000000000e+00
0.000000000000000000e+00
0.000000000000000000e+00
0.000000000000000000e+00
0.000000000000000000e+00
0.000000000000000000e+00
0.000000000000000000e+00
0.000000000000000000e+00
0.000000000000000000e+00
0.000000000000000000e+00
0.000000000000000000e+00
0.000000000000000000e+00
0.000000000000000000e+00
0.000000000000000000e+00
0.000000000000000000e+00
0.000000000000000000e+00
0.000000000000000000e+00
0.000000000000000000e+00
0.000000000000000000e+00
0.000000000000000000e+00
0.000000000000000000e+00
0.000000000000000000e+00
1.207180482023773190e-10
3.331219200195673766e-10
4.902148844775510210e-10
6.741622746987880507e-10
8.725312067941903964e-10
9.750509145692720631e-10
9.875681187146304320e-10
8.568918368789671598e-10
6.849725055572841473e-10
3.741636821334259094e-10
2.373448212258403556e-10
4.268259353320798902e-11
0.000000000000000000e+00
0.000000000000000000e+00
0.000000000000000000e+00
0.000000000000000000e+00
0.000000000000000000e+00
0.000000000000000000e+00
0.000000000000000000e+00
0.000000000000000000e+00
0.000000000000000000e+00
0.000000000000000000e+00
0.000000000000000000e+00
0.000000000000000000e+00
0.000000000000000000e+00
0.000000000000000000e+00
0.000000000000000000e+00
0.000000000000000000e+00
0.000000000000000000e+00
0.000000000000000000e+00
0.000000000000000000e+00
0.000000000000000000e+00
0.000000000000000000e+00
0.000000000000000000e+00
0.000000000000000000e+00
0.000000000000000000e+00
0.000000000000000000e+00
0.000000000000000000e+00
0.000000000000000000e+00
0.000000000000000000e+00
0.000000000000000000e+00
0.000000000000000000e+00
0.000000000000000000e+00
0.000000000000000000e+00
0.000000000000000000e+00
0.000000000000000000e+00
0.000000000000000000e+00
0.000000000000000000e+00
0.000000000000000000e+00
0.000000000000000000e+00
0.000000000000000000e+00
0.000000000000000000e+00
0.000000000000000000e+00
0.000000000000000000e+00
0.000000000000000000e+00
0.000000000000000000e+00
0.000000000000000000e+00
0.000000000000000000e+00
0.000000000000000000e+00
0.000000000000000000e+00
2.453816101821153622e-11
1.854817957833308873e-10
2.989692313773356825e-10
4.994677936901268606e-10
6.256853631477360908e-10
7.326852392121780601e-10
6.908297750494068904e-10
6.173862038645427442e-10
4.847775244971648589e-10
3.146336816071477541e-10
1.306800594800470273e-10
2.444813266278744312e-11
0.000000000000000000e+00
0.000000000000000000e+00
0.000000000000000000e+00
0.000000000000000000e+00
0.000000000000000000e+00
0.000000000000000000e+00
0.000000000000000000e+00
0.000000000000000000e+00
0.000000000000000000e+00
0.000000000000000000e+00
0.000000000000000000e+00
0.000000000000000000e+00
0.000000000000000000e+00
0.000000000000000000e+00
0.000000000000000000e+00
0.000000000000000000e+00
0.000000000000000000e+00
0.000000000000000000e+00
0.000000000000000000e+00
0.000000000000000000e+00
0.000000000000000000e+00
0.000000000000000000e+00
0.000000000000000000e+00
0.000000000000000000e+00
0.000000000000000000e+00
0.000000000000000000e+00
0.000000000000000000e+00
0.000000000000000000e+00
0.000000000000000000e+00
0.000000000000000000e+00
0.000000000000000000e+00
0.000000000000000000e+00
0.000000000000000000e+00
0.000000000000000000e+00
0.000000000000000000e+00
0.000000000000000000e+00
0.000000000000000000e+00
0.000000000000000000e+00
0.000000000000000000e+00
0.000000000000000000e+00
0.000000000000000000e+00
0.000000000000000000e+00
0.000000000000000000e+00
0.000000000000000000e+00
0.000000000000000000e+00
0.000000000000000000e+00
0.000000000000000000e+00
0.000000000000000000e+00
0.000000000000000000e+00
1.728953043188696238e-11
1.413431160931263608e-10
2.220071473455361462e-10
3.833152611531219352e-10
5.246453525793992782e-10
5.447386521689328167e-10
5.514229158411236755e-10
4.199223183768007663e-10
3.707323606499179667e-10
1.984517765419504244e-10
5.635402118056021447e-11
0.000000000000000000e+00
0.000000000000000000e+00
0.000000000000000000e+00
0.000000000000000000e+00
0.000000000000000000e+00
0.000000000000000000e+00
0.000000000000000000e+00
0.000000000000000000e+00
0.000000000000000000e+00
0.000000000000000000e+00
0.000000000000000000e+00
0.000000000000000000e+00
0.000000000000000000e+00
0.000000000000000000e+00
0.000000000000000000e+00
0.000000000000000000e+00
0.000000000000000000e+00
0.000000000000000000e+00
0.000000000000000000e+00
0.000000000000000000e+00
0.000000000000000000e+00
0.000000000000000000e+00
0.000000000000000000e+00
0.000000000000000000e+00
0.000000000000000000e+00
0.000000000000000000e+00
0.000000000000000000e+00
0.000000000000000000e+00
0.000000000000000000e+00
0.000000000000000000e+00
0.000000000000000000e+00
0.000000000000000000e+00
0.000000000000000000e+00
0.000000000000000000e+00
0.000000000000000000e+00
0.000000000000000000e+00
0.000000000000000000e+00
0.000000000000000000e+00
0.000000000000000000e+00
0.000000000000000000e+00
0.000000000000000000e+00
0.000000000000000000e+00
0.000000000000000000e+00
0.000000000000000000e+00
0.000000000000000000e+00
0.000000000000000000e+00
0.000000000000000000e+00
0.000000000000000000e+00
0.000000000000000000e+00
6.641002519536450081e-11
1.812076819770025759e-10
3.411052281106708047e-10
5.789064266562214689e-10
8.371502726158266613e-10
1.058046003753828594e-09
1.260271504092943535e-09
8.217892173191134256e-03
1.138250000757111253e-09
8.215073802547316155e-10
5.149020194854061362e-10
2.403285332109988189e-10
0.000000000000000000e+00
0.000000000000000000e+00
0.000000000000000000e+00
