#Variance for the Conditional distribution of mass given radius from initial fitting w/o bootstrap
6.016069369506818997e-03
6.016072626023395362e-03
6.016211143555602776e-03
6.023965129627427764e-03
6.177313800964698461e-03
7.728308419965637492e-03
1.667453381548894553e-02
3.968809646839648736e-02
5.981194088989520014e-02
6.762944954066126002e-02
6.991141723000579566e-02
7.056391166864704745e-02
7.077492445448610447e-02
7.089765760285550444e-02
7.106573404349808554e-02
7.136108895985480982e-02
7.185763204486474154e-02
7.262225431509876372e-02
7.369250511626593281e-02
7.504453860357677975e-02
7.657696149494919169e-02
7.813518997961946266e-02
7.956864222844055312e-02
8.078068889454032009e-02
8.174170888049057948e-02
8.247139183762687564e-02
8.301304889933253106e-02
8.341479554296629684e-02
8.372030564038983325e-02
8.396615315067156027e-02
8.418224774933351362e-02
8.439298882703938354e-02
8.461779332868260561e-02
8.487037361499753796e-02
8.515687635265002664e-02
8.547395745070490714e-02
8.580864712473545985e-02
8.614143248855687940e-02
8.645196587613912520e-02
8.672473089366655730e-02
8.695201522676042349e-02
8.713358134593686410e-02
8.727434246032385323e-02
8.738174081042211772e-02
8.746382955970809225e-02
8.752827637640807346e-02
8.758210145850212069e-02
8.763188627000033371e-02
8.768425517612793429e-02
8.774651052272945673e-02
8.782733063807941776e-02
8.793738348080656908e-02
8.808952699918008722e-02
8.829793842104756429e-02
8.857515658915467160e-02
8.892615627070381279e-02
8.934024041384372450e-02
8.978518076791137947e-02
9.021068037200598300e-02
9.056375238343833400e-02
9.080756781686814827e-02
9.093067639229951427e-02
9.094252637062599787e-02
9.086209582860248213e-02
9.070769047734693336e-02
9.049095655768163438e-02
9.021429098234831634e-02
8.987001907184841154e-02
8.944047757739753690e-02
8.889915333711187473e-02
8.821375020178892634e-02
8.735218878268141696e-02
8.629167727768446983e-02
8.502892613140557165e-02
8.358719465961117479e-02
8.201544281874513509e-02
8.037824507013632824e-02
7.874063547014131803e-02
7.715501539945951448e-02
7.565510204797493143e-02
7.425710999470312712e-02
7.296506294161789197e-02
7.177679489311032668e-02
7.068860230084587915e-02
6.969806901865507887e-02
6.880564597732136134e-02
6.801627352304608076e-02
6.734322930384700756e-02
6.681837426439514449e-02
6.651761115481415187e-02
6.661871234887420390e-02
6.750608356869558513e-02
6.981508805200481449e-02
7.384845255156988197e-02
7.823345879829721183e-02
8.095856864646373829e-02
8.196379952143749426e-02
8.219220677149305376e-02
8.221877394653344384e-02
7.815408687607902638e-02
