#Variance for the Conditional distribution of radius given mass from initial fitting w/o bootstrap
7.145535549170909436e-04
7.145862545627204229e-04
7.146481527481538800e-04
7.147669662625519933e-04
7.150092337941515303e-04
7.157845297844575311e-04
7.214690841469339685e-04
7.704107255739090247e-04
1.103081753999519618e-03
2.517701717857806845e-03
4.941318813371810108e-03
6.344933782096988384e-03
6.778030163792383295e-03
6.904477553593565096e-03
6.962877897216793177e-03
7.019295925455069397e-03
7.096332596367747186e-03
7.206079240492550136e-03
7.356923157444421671e-03
7.553376176862762817e-03
7.794064929837722297e-03
8.070273413661092562e-03
8.366706806950799380e-03
8.664848917289516214e-03
8.947517796899579628e-03
9.202428710580506238e-03
9.423449609094343080e-03
9.609776721866351845e-03
9.764122622281745309e-03
9.890914655836257480e-03
9.994989014235318783e-03
1.008083918840888688e-02
1.015228284532017182e-02
1.021238135816105938e-02
1.026348429438068283e-02
1.030731916548836315e-02
1.034508344261375438e-02
1.037751870887624814e-02
1.040495944933588456e-02
1.042735557609110984e-02
1.044427155839373379e-02
1.045486803153608188e-02
1.045787494848181287e-02
1.045156833902822179e-02
1.043376335137568243e-02
1.040183036985989525e-02
1.035272461512659441e-02
1.028299476412845338e-02
1.018871989590558469e-02
1.006535275112154654e-02
9.907561115263549198e-03
9.709359958656058054e-03
9.465020662787666100e-03
9.171200012471566326e-03
8.830143384198862327e-03
8.452630771828062439e-03
8.058337728652843410e-03
7.672011140613835961e-03
7.316698606184875685e-03
7.007761217152369375e-03
6.750719181803126884e-03
6.542957903752764752e-03
6.377185025868101556e-03
6.244609479965243688e-03
6.136972137285435711e-03
6.047479221058361422e-03
5.971025154525782391e-03
5.904063935226488459e-03
5.844353351878620040e-03
5.790677838424923389e-03
5.742582588356932166e-03
5.700117926061593933e-03
5.663587791017124506e-03
5.633309551723235213e-03
5.609412404339693056e-03
5.591713341882859588e-03
5.579701142450296629e-03
5.572631355637442004e-03
5.569706105606833831e-03
5.570303209963046488e-03
5.574239386338290282e-03
5.582093855531030345e-03
5.595653213474566061e-03
5.618485231120194483e-03
5.656266196603951073e-03
5.715352311854916822e-03
5.796967420705033402e-03
5.888930330343455401e-03
5.968553041199679658e-03
6.020653732250025314e-03
6.046055339940961497e-03
6.052293171203741544e-03
6.043248211980588661e-03
6.012804228159972751e-03
5.934404939936061170e-03
5.743309118263574542e-03
5.399332294881433250e-03
5.121939126300548845e-03
5.052602941779575120e-03
5.049244450323804763e-03
