#Marginalized radius distribution from initial fitting w/o bootstrap
2.851844946383377266e-01
1.566716165830966401e-01
8.554381320357998253e-02
4.641595440632512171e-02
2.502498032264920125e-02
1.340532004316038507e-02
7.138731880118491697e-03
3.802184888965152477e-03
2.109007963414229452e-03
1.451265325973355924e-03
1.667889662427636055e-03
2.925883531440349409e-03
5.640685200198522140e-03
1.039451472088088330e-02
1.784391490679755610e-02
2.863582858730226791e-02
4.336721972888128024e-02
6.262019530353860053e-02
8.708276080405419339e-02
1.177318102257618043e-01
1.560216202691429854e-01
2.040005878650453797e-01
2.642802204565334323e-01
3.398059135362235805e-01
4.334239421863969599e-01
5.472925350759116903e-01
6.822331828027993206e-01
8.371485810519398996e-01
1.008637152014751237e+00
1.190908641830356052e+00
1.376055469649204666e+00
1.554670610953973409e+00
1.716738305613985771e+00
1.852672253766980859e+00
1.954347628047890639e+00
2.015973402377069679e+00
2.034679298385285495e+00
2.010740650398179952e+00
1.947424425246112367e+00
1.850498821317284381e+00
1.727496714466997929e+00
1.586852233426127246e+00
1.437036725817955274e+00
1.285806523721179317e+00
1.139645071919965114e+00
1.003443196701098827e+00
8.804211862800955801e-01
7.722616007264604399e-01
6.793969936506677465e-01
6.013841800280541605e-01
5.372960946732965315e-01
4.860715618568155483e-01
4.467792585236338154e-01
4.187713299584983617e-01
4.017213867078850420e-01
3.955585943150908834e-01
4.003227422292581772e-01
4.159737901174729857e-01
4.421932383046160431e-01
4.782138869301812423e-01
5.227094545985683238e-01
5.737665960179432201e-01
6.289497948696153307e-01
6.854554794919109906e-01
7.403370464118580463e-01
7.907692732241993205e-01
8.343111431739225203e-01
8.691226184743966465e-01
8.940950736497812468e-01
9.088675411126604375e-01
9.137207039339015902e-01
9.093650083472823997e-01
8.966640285344559258e-01
8.763538609341020580e-01
8.488282778574651743e-01
8.140532138635557802e-01
7.716510655228019377e-01
7.211572585462182605e-01
6.624050517255373194e-01
5.959501599533788552e-01
5.234173542146258740e-01
4.476487233246427277e-01
3.725647378154589573e-01
3.027126543938979397e-01
2.425591141429014885e-01
1.956625495244178059e-01
1.639105756299630845e-01
1.470091025080472458e-01
1.423617280354962378e-01
1.453998291773095086e-01
1.503496126603887095e-01
1.513792312273394558e-01
1.440492500491039329e-01
1.269358763789456279e-01
1.031283001392093446e-01
8.101281541613908344e-02
7.358118586517427284e-02
9.607388630050127387e-02
1.640070294999605438e-01
2.975595254285212654e-01
