#Variance for the Conditional distribution of radius given mass from initial fitting w/o bootstrap
8.152072614730557915e-03
8.962737620764746815e-04
8.961783404736667000e-04
8.961656483980753396e-04
8.961620621575610429e-04
8.961609612472990014e-04
8.961609985084872769e-04
8.961619789104405829e-04
8.961652228835770284e-04
8.961804071288697899e-04
8.962639005967867152e-04
8.966996486339115979e-04
8.987550607853345532e-04
9.075416266181361670e-04
9.419050491740189575e-04
1.064963502899712259e-03
1.458108331360654904e-03
2.484185735910596649e-03
4.324834604941252963e-03
6.265281672283709753e-03
7.530776756039836081e-03
8.194799202745305794e-03
8.569683598505526204e-03
8.835907643745127132e-03
9.066565824466375767e-03
9.287044113343917093e-03
9.504384037924421685e-03
9.718910531613592432e-03
9.928695578666912533e-03
1.013132232143827346e-02
1.032460499961635435e-02
1.050686924160565590e-02
1.067702497505887936e-02
1.083453337242784933e-02
1.097932099388322473e-02
1.111167327764480371e-02
1.123212749455182458e-02
1.134137683744215926e-02
1.144019112369148994e-02
1.152935530025999723e-02
1.160962426622511728e-02
1.168169108533204451e-02
1.174616502937919464e-02
1.180355568121535872e-02
1.185425920259354331e-02
1.189854255901678058e-02
1.193652073860691429e-02
1.196812054733419062e-02
1.199302213296666794e-02
1.201056573755332479e-02
1.201960628691011584e-02
1.201829308881595219e-02
1.200374914017571064e-02
1.197163257447227125e-02
1.191560043452500467e-02
1.182679781969728575e-02
1.169371150850288116e-02
1.150306520295554455e-02
1.124270304404314212e-02
1.090699112739242083e-02
1.050333571036800827e-02
1.005549654999547508e-02
9.599028516102779338e-03
9.169614882922387522e-03
8.791755426507849927e-03
8.474719661428200754e-03
8.215783264698611060e-03
8.006154828990355229e-03
7.835778050234094502e-03
7.695879548019498792e-03
7.579759422077636880e-03
7.482648940613684761e-03
7.401231178007108488e-03
7.333137917342516174e-03
7.276549414963493466e-03
7.229926798921157763e-03
7.191864331373950918e-03
7.161034326422057068e-03
7.136197320080980323e-03
7.116257824904472819e-03
7.100359336817393952e-03
7.088031370738287137e-03
7.079427632770191395e-03
7.075724290228757075e-03
7.079742486156320042e-03
7.096650436217131347e-03
7.133733135486227880e-03
7.196510482701987468e-03
7.279650518992302616e-03
7.362550731489769622e-03
7.423467950627594437e-03
7.455811335852552055e-03
7.464454797260822172e-03
7.453294737866387847e-03
7.416196780233243364e-03
7.329040366196708581e-03
7.159932770686543158e-03
6.971488237477746312e-03
6.897654273862535539e-03
6.892229342890722477e-03
