-1.342858069767200568e+00
-1.342792888859048128e+00
-1.340666666231467241e+00
-1.325546334850963071e+00
-1.269507765561762369e+00
-1.134210622879753938e+00
-9.127346404070773023e-01
-6.634649616444938669e-01
-4.575127178672095396e-01
-3.182432035827594818e-01
-2.329855912498615678e-01
-1.825191025777188614e-01
-1.526042197903837994e-01
-1.345411386048662172e-01
-1.233262959178580143e-01
-1.161011792322702713e-01
-1.111972659607114999e-01
-1.075961712008271232e-01
-1.046283952813270302e-01
-1.018009353427607594e-01
-9.869285895201818093e-02
-9.488614366155248558e-02
-8.991453052786002598e-02
-8.322191051401545137e-02
-7.412751713541528009e-02
-6.180004689337005586e-02
-4.524791422428973975e-02
-2.333839219337316070e-02
5.136771699346872125e-03
4.133085331975016458e-02
8.613721912492049160e-02
1.399249116639400548e-01
2.022697440750864106e-01
2.717765833211444049e-01
3.460983654672707410e-01
4.222068750363914269e-01
4.968664161041941307e-01
5.671621835602049799e-01
6.309100366111901614e-01
6.868406431757083652e-01
7.345574631246988284e-01
7.743462049903986344e-01
8.069328548867045203e-01
8.332628327359323794e-01
8.543360076693792271e-01
8.711025045059052063e-01
8.844085931064392669e-01
8.949775173015824814e-01
9.034117189745061172e-01
9.102065953776253826e-01
9.157695972243300453e-01
9.204413746969752896e-01
9.245177512592412938e-01
9.282727643012669283e-01
9.319841251184625142e-01
9.359634554648919025e-01
9.405947250421096140e-01
9.463855020194483769e-01
9.540367544080383677e-01
9.645372642192538981e-01
9.792862656824614653e-01
1.000238267633186906e+00
1.030038750933482294e+00
1.072066394539390233e+00
1.130210328876535941e+00
1.208123276417771175e+00
1.307740451887784650e+00
1.427285648872868906e+00
1.559848221568452598e+00
1.694138350596442466e+00
1.817909058816016943e+00
1.922148552943744759e+00
2.003286401051044940e+00
2.062559276594575941e+00
2.103872620939496674e+00
2.131796549634105364e+00
2.150399260239299615e+00
2.162832662190687039e+00
2.171343912047784208e+00
2.177450882837531410e+00
2.182141276348552594e+00
2.186040498002169929e+00
2.189536435914844148e+00
2.192866047803951446e+00
2.196172917410629477e+00
2.199544376558007386e+00
2.203034887211308579e+00
2.206680471053693360e+00
2.210507451272750945e+00
2.214537665560628810e+00
2.218791545966102063e+00
2.223289950480675792e+00
2.228055297294938786e+00
2.233112338534041896e+00
2.238488774556220307e+00
2.244215818608195523e+00
2.250328714764335825e+00
2.256866663368966908e+00
2.263860438230237637e+00
9.890666697828456866e-02
