-1.048246642351139402e+00
-1.048180014149122652e+00
-1.045995172555338470e+00
-1.029797360524806304e+00
-9.568431840480172701e-01
-5.855012947497364451e-01
-6.741793293467376880e-02
1.290044743557868523e-01
2.217138734864350647e-01
2.683549029920296869e-01
2.927457261688075074e-01
3.060210657162172332e-01
3.135664601387243011e-01
3.180720167779094165e-01
3.209417152662869532e-01
3.229548859147940432e-01
3.245864670816255293e-01
3.261705135669928923e-01
3.279913545285775833e-01
3.303423327719635649e-01
3.335724211544824347e-01
3.381326673888458978e-01
3.446316673260043095e-01
3.539099942873082383e-01
3.671474209339715133e-01
3.860244669394306549e-01
4.129704112573852059e-01
4.515272503661100223e-01
5.067364001187453226e-01
5.846942566937302077e-01
6.879167905484545598e-01
8.049311409652637472e-01
9.142246366773549848e-01
1.004618077092281903e+00
1.076252138243810386e+00
1.132473531940003886e+00
1.176528581716511201e+00
1.211020814540729518e+00
1.237990657599765010e+00
1.259049968634593730e+00
1.275481449847951865e+00
1.288306778521965956e+00
1.298336394152842077e+00
1.306209122883841278e+00
1.312425405978229653e+00
1.317375593968119318e+00
1.321363928902493434e+00
1.324628700493169609e+00
1.327359165509648165e+00
1.329709963630523628e+00
1.331813899533020651e+00
1.333794115029179217e+00
1.335776905954960236e+00
1.337906835620303658e+00
1.340366501815255296e+00
1.343404581866939118e+00
1.347378115137446430e+00
1.352819482168403198e+00
1.360547821783647082e+00
1.371865647978360414e+00
1.388935310469599616e+00
1.415592866554139295e+00
1.459477434996140133e+00
1.539735254856392066e+00
1.737886825930628820e+00
2.062696205512176917e+00
2.189596148530152497e+00
2.255410121859922068e+00
2.295310306285677893e+00
2.320921068767843654e+00
2.337771558816511774e+00
2.349023553372393103e+00
2.356657653955691600e+00
2.361961091961767512e+00
2.365777512075247113e+00
2.368657415323574433e+00
2.370956633122500712e+00
2.372902523228320959e+00
2.374638485839390967e+00
2.376253646256571983e+00
2.377802436510733752e+00
2.379317372298384914e+00
2.380817297325994009e+00
2.382312641079342708e+00
2.383808729791630832e+00
2.385307842791942523e+00
2.386810470428666786e+00
2.388316071149535258e+00
2.389823519600021484e+00
2.391331367781457828e+00
2.392837995660186401e+00
2.394341698123461981e+00
2.395840736387506276e+00
2.397333370191554014e+00
2.398817879866547376e+00
2.400292582900551253e+00
2.401755846203424749e+00
2.403206085823241800e+00
2.404641575272615572e+00
1.521419272331379746e+00
