1.130858457575969700e+00
-1.907757144808640282e-01
-1.907787568048770477e-01
-1.907790620957080796e-01
-1.907787830701547505e-01
-1.907770060528467260e-01
-1.907704453761841223e-01
-1.907507824563419163e-01
-1.906995410708471617e-01
-1.905791425729151944e-01
-1.903178423574878320e-01
-1.897845650609718826e-01
-1.887458892109908637e-01
-1.867878542121869656e-01
-1.831579345910246126e-01
-1.763929649491411400e-01
-1.632452156077702776e-01
-1.347680812604162004e-01
-6.903626862174691570e-02
7.965083142290937251e-03
6.086296954493132516e-02
9.732758122834485326e-02
1.230848101570861941e-01
1.413160486359944512e-01
1.541337034497256564e-01
1.630785931911802322e-01
1.692941988463939063e-01
1.736162142854872081e-01
1.766425966050788332e-01
1.787945129086090101e-01
1.803667669601423940e-01
1.815668405026783228e-01
1.825437085142038451e-01
1.834085798250401356e-01
1.842497949634630816e-01
1.851437874688241503e-01
1.861636166702757278e-01
1.873862601806527139e-01
1.888996665619032400e-01
1.908105353609911015e-01
1.932539460871203763e-01
1.964063768146340760e-01
2.005045025003450720e-01
2.058737714601885926e-01
2.129737218011371336e-01
2.224721252865602683e-01
2.353666675359890326e-01
2.531663353933708560e-01
2.780247366578122437e-01
3.120647180634355533e-01
3.541193285426854076e-01
3.973838589486874406e-01
4.358213361939503594e-01
4.680582085074624366e-01
4.947992130909147357e-01
5.170082157960579350e-01
5.354849035037126948e-01
5.508506367581147423e-01
5.635979886695106078e-01
5.741326443293492954e-01
5.827999137295885035e-01
5.898996665583814414e-01
5.956942807036111898e-01
6.004130558847026178e-01
6.042552949971793375e-01
6.073932754186898153e-01
6.099756869944303883e-01
6.121317767321636794e-01
6.139763547647874020e-01
6.156159311159733472e-01
6.171565559676509549e-01
6.187144852538705164e-01
6.204317691952251357e-01
6.225006937692562081e-01
6.252047138263591153e-01
6.289917157696535144e-01
6.346156981384152296e-01
6.434409712004210968e-01
6.582080237856280380e-01
6.855616657523788682e-01
7.504276713418223110e-01
9.290481224303116514e-01
1.019753668773365041e+00
1.066392824657335980e+00
1.095317820274043230e+00
1.113915827534904368e+00
1.125758587236337149e+00
1.133172687080044705e+00
1.137831559546422122e+00
1.140911140264378565e+00
1.143188875780110747e+00
1.145151260628515910e+00
1.147094592601907825e+00
1.149204493051237508e+00
1.151612679530238603e+00
1.154436227469142429e+00
1.157806159077212405e+00
1.161891980258977775e+00
1.166928705173786884e+00
1.173254228863730431e+00
