#Upper limit for the Conditional distribution of Radius given Mass from initial fitting w/o bootstrap
9.964104086170753649e-09
7.300023726875597141e-02
-8.453537100535622045e-03
-1.008895652414974926e-02
-1.028532616226985642e-02
-1.032425465559277944e-02
-1.032637802967411970e-02
-1.030798300550537540e-02
-1.026583475249246216e-02
-1.018879840325258128e-02
-1.005916757316833825e-02
-9.851701654853097997e-03
-9.531760392821213290e-03
-9.052771234743952830e-03
-8.352983365612623098e-03
-7.351357202270146149e-03
-5.942378879524747200e-03
-3.989571595534602451e-03
-1.317570886933930275e-03
2.296955978115692437e-03
7.134038287858850136e-03
1.353415906315163023e-02
2.188563434643809105e-02
3.257273213705763615e-02
4.585336334290315841e-02
6.166318439289978498e-02
7.944856663696174548e-02
9.822536603731574223e-02
1.169049735094645909e-01
1.346344696501141913e-01
1.509239803637146271e-01
1.655921914912510395e-01
1.786588885719394004e-01
1.902563601935154947e-01
2.005725538623321924e-01
2.098182116225338345e-01
2.182087996241126593e-01
2.259551016571610949e-01
2.332589329855042914e-01
2.403119458252453433e-01
2.472962698793433611e-01
2.543860995673214997e-01
2.617494839609239565e-01
2.695495686365235732e-01
2.779444111224112501e-01
2.870842729406037352e-01
2.971050876530167417e-01
3.081169512291221380e-01
3.201873808213976380e-01
3.333215386005450309e-01
3.474452410767309152e-01
3.623995023338458243e-01
3.779538344344841594e-01
3.938376265724024550e-01
4.097792885623298131e-01
4.255393334915780201e-01
4.409287975346507515e-01
4.558128853152779159e-01
4.701049879150735467e-01
4.837568566252581359e-01
4.967488457288160575e-01
5.090820187985357625e-01
5.207725529379455542e-01
5.318482156194830335e-01
5.423465187751030925e-01
5.523142644309347871e-01
5.618082495473784022e-01
5.708972478169737075e-01
5.796655148237901400e-01
5.882184569383458461e-01
5.966915860379334857e-01
6.052647231373061709e-01
6.141849492824823509e-01
6.238048438555708897e-01
6.346491094582712433e-01
6.475383200999188515e-01
6.638408428416913143e-01
6.860583467019544246e-01
7.194757417378058184e-01
7.780291194927304588e-01
8.876671611894358938e-01
9.805053223212932823e-01
1.033650311809608979e+00
1.068036944556239209e+00
1.091684665305872715e+00
1.108148991386051163e+00
1.119463479380256254e+00
1.127033356378305040e+00
1.131927683128822304e+00
1.134972391826743587e+00
1.136787649839255288e+00
1.137819193543661678e+00
1.138373065390306138e+00
1.138650203554328444e+00
1.138776622320702980e+00
1.138827338136447320e+00
1.138844140726797516e+00
1.138848205948885361e+00
1.138848744662733781e+00
9.964104086170753649e-09
