#Conditional distribution of Radius given Mass from initial fitting w/o bootstrap
9.964104086170753649e-09
-9.535838955589671928e-02
-1.099194181015614447e-01
-1.103366280196679955e-01
-1.103870257009077899e-01
-1.103967809255336219e-01
-1.103967073794237252e-01
-1.103906893466276018e-01
-1.103774216042302803e-01
-1.103533418096791507e-01
-1.103129027209625856e-01
-1.102482400819188718e-01
-1.101485928888572552e-01
-1.099995362348795275e-01
-1.097820158407687569e-01
-1.094711468701402290e-01
-1.090347214334059789e-01
-1.084313497744266164e-01
-1.076081358512466779e-01
-1.064977571434633508e-01
-1.050147819608399646e-01
-1.030510239643230297e-01
-1.004697344902617251e-01
-9.709856810968542362e-02
-9.272174077498629430e-02
-8.707347869475765001e-02
-7.983881999060894741e-02
-7.067738910110932249e-02
-5.930116912577654276e-02
-4.564261487238091552e-02
-3.008323606870911063e-02
-1.353996145482647823e-02
2.814773305837165937e-03
1.802115488003976779e-02
3.157176941354209593e-02
4.335023107502119361e-02
5.346862928620318978e-02
6.213894578550998443e-02
6.960041970712363413e-02
7.608536702431092924e-02
8.180577672937547340e-02
8.695000823649716437e-02
9.168408088143047141e-02
9.615487996178689878e-02
1.004940221550374435e-01
1.048218140677373289e-01
1.092510716239546154e-01
1.138907248594454719e-01
1.188491952823892694e-01
1.242375342891079565e-01
1.301722554618724159e-01
1.367776621740016962e-01
1.441872210505144025e-01
1.525431009069943278e-01
1.619922808842965134e-01
1.726767309129918770e-01
1.847143172547709156e-01
1.981676345669037831e-01
2.130024383162958390e-01
2.290476541769241314e-01
2.459813871738390778e-01
2.633664072823539981e-01
2.807318431492768496e-01
2.976635618639857372e-01
3.138615439057902412e-01
3.291514328692232150e-01
3.434651871618101815e-01
3.568118317888818725e-01
3.692515272203628629e-01
3.808775583528373199e-01
3.918062484520730138e-01
4.021735348869815430e-01
4.121372309570919823e-01
4.218849503505348597e-01
4.316488670339078126e-01
4.417301084844743042e-01
4.525380701679109774e-01
4.646543406606150617e-01
4.789397964239697214e-01
4.967241499840117647e-01
5.201750743493602780e-01
5.531429819420345950e-01
6.036576799560016138e-01
6.941674777772661731e-01
8.464009353283338255e-01
9.307714669433643229e-01
9.712619067696413033e-01
9.940432230689593140e-01
1.007484299758027335e+00
1.015429436026859200e+00
1.020031277993223684e+00
1.022604307297990678e+00
1.023973739642489944e+00
1.024655829801280671e+00
1.024966278628222760e+00
1.025090698134957456e+00
1.025131902702819175e+00
1.025141870271867317e+00
1.025143191129452624e+00
9.964104086170753649e-09
