#Weights for Beta densities from initial fitting w/o bootstrap
0.000000000000000000e+00
0.000000000000000000e+00
0.000000000000000000e+00
0.000000000000000000e+00
0.000000000000000000e+00
0.000000000000000000e+00
0.000000000000000000e+00
0.000000000000000000e+00
0.000000000000000000e+00
0.000000000000000000e+00
0.000000000000000000e+00
0.000000000000000000e+00
0.000000000000000000e+00
0.000000000000000000e+00
0.000000000000000000e+00
0.000000000000000000e+00
0.000000000000000000e+00
0.000000000000000000e+00
0.000000000000000000e+00
0.000000000000000000e+00
0.000000000000000000e+00
0.000000000000000000e+00
0.000000000000000000e+00
0.000000000000000000e+00
0.000000000000000000e+00
0.000000000000000000e+00
0.000000000000000000e+00
0.000000000000000000e+00
0.000000000000000000e+00
0.000000000000000000e+00
0.000000000000000000e+00
0.000000000000000000e+00
0.000000000000000000e+00
0.000000000000000000e+00
0.000000000000000000e+00
0.000000000000000000e+00
0.000000000000000000e+00
0.000000000000000000e+00
0.000000000000000000e+00
0.000000000000000000e+00
0.000000000000000000e+00
0.000000000000000000e+00
0.000000000000000000e+00
0.000000000000000000e+00
0.000000000000000000e+00
0.000000000000000000e+00
0.000000000000000000e+00
0.000000000000000000e+00
0.000000000000000000e+00
0.000000000000000000e+00
0.000000000000000000e+00
0.000000000000000000e+00
0.000000000000000000e+00
0.000000000000000000e+00
0.000000000000000000e+00
0.000000000000000000e+00
0.000000000000000000e+00
0.000000000000000000e+00
0.000000000000000000e+00
0.000000000000000000e+00
0.000000000000000000e+00
0.000000000000000000e+00
0.000000000000000000e+00
0.000000000000000000e+00
7.523667666088397399e-10
1.674674283649244385e-09
2.267452675665424706e-09
2.645245838224960794e-09
2.877470108806716140e-09
3.019187076155920895e-09
3.112222602326335699e-09
3.165417255851148469e-09
3.189614549333279929e-09
3.209770144409697751e-09
3.222819670640307092e-09
3.238095356441642118e-09
3.234540006788854383e-09
3.236266505309896263e-09
3.246682029249624707e-09
3.238488089935125902e-09
3.238931915587243695e-09
3.247735551085520309e-09
3.248465491821415335e-09
3.240473261106530387e-09
3.248957477232563305e-09
3.246993346357912602e-09
3.248527758911355143e-09
3.248454879444073531e-09
3.239057463055046047e-09
3.246903513105368522e-09
3.239080184499437281e-09
3.248098416781862073e-09
3.248037854733673013e-09
3.239177654926006598e-09
3.247699716920473433e-09
3.240149270048014607e-09
3.248460920621175968e-09
3.248296250869219674e-09
3.239703701896964438e-09
3.249078117022184964e-09
3.248232203535493952e-09
3.248388283332070427e-09
3.240025664887680093e-09
3.239164167558813798e-09
3.240165604797509655e-09
3.239553144419099072e-09
3.248540519158482562e-09
3.248693634063215100e-09
3.249612441856753733e-09
0.000000000000000000e+00
0.000000000000000000e+00
0.000000000000000000e+00
0.000000000000000000e+00
0.000000000000000000e+00
4.371899839577372132e-02
0.000000000000000000e+00
0.000000000000000000e+00
0.000000000000000000e+00
0.000000000000000000e+00
1.511130487147554039e-10
1.005323902734250479e-09
1.635041484777576375e-09
2.076490166103702896e-09
2.414289626592043742e-09
2.651818992883462588e-09
2.843110442917818413e-09
2.975714412258660353e-09
3.062958689588364833e-09
3.128540490614042581e-09
3.171800544101410948e-09
3.198763359167984828e-09
3.216198097653887825e-09
3.234438528912651353e-09
3.232122959272235076e-09
3.235546219246651227e-09
3.237647719811513724e-09
3.246711793719551795e-09
3.238650772371258909e-09
3.239313397685695784e-09
3.248401476325128582e-09
3.248385180088377861e-09
3.239176935564700975e-09
3.247322911737279307e-09
3.249369641298108151e-09
3.248489420329263915e-09
3.248259466391458933e-09
3.248132560660654949e-09
3.248636788113031898e-09
3.239452831110844428e-09
3.238964681612686122e-09
3.249640509796485400e-09
3.248820222638030041e-09
3.247322067641497793e-09
3.248339127244156412e-09
3.239038628388506906e-09
3.248471757201995853e-09
3.247611768137273160e-09
3.239770505579109092e-09
3.238903794692623927e-09
3.238823222020100438e-09
3.239567325782152816e-09
3.239851957115385229e-09
3.247736074387115606e-09
3.247953332431905091e-09
0.000000000000000000e+00
0.000000000000000000e+00
2.520762534215121622e-10
0.000000000000000000e+00
0.000000000000000000e+00
1.085565350563725585e-02
0.000000000000000000e+00
0.000000000000000000e+00
0.000000000000000000e+00
0.000000000000000000e+00
0.000000000000000000e+00
0.000000000000000000e+00
2.614777304803957709e-10
8.781857177734979056e-10
1.398524149670728685e-09
1.858821092828358086e-09
2.227793231849519945e-09
2.538841901511857526e-09
2.759198518591049789e-09
2.932633044005769698e-09
3.047963462695751419e-09
3.124515365875196185e-09
3.164467807174234289e-09
3.195663394288118472e-09
3.222785759313140576e-09
3.225174015415042150e-09
3.240471491727938835e-09
3.244104277787087998e-09
3.237761691321622525e-09
3.247176154288204345e-09
3.239517648337536202e-09
3.248270767305868929e-09
3.239606916151857432e-09
3.248659970072434861e-09
3.240265792935800563e-09
3.239519649074824426e-09
3.248488528876403438e-09
3.248170419627114603e-09
3.248527990702088663e-09
3.240382271243203566e-09
3.248151696002055279e-09
3.239002799975623138e-09
3.247448437772838192e-09
3.248506594009695456e-09
3.239620184888904188e-09
3.248054961415572315e-09
3.238921800421089085e-09
3.248055659402497822e-09
3.247788248875789449e-09
3.239244372128784773e-09
3.248201653334572383e-09
3.248581726181341814e-09
3.239146934913715159e-09
3.248500645573708464e-09
3.248374346715406164e-09
0.000000000000000000e+00
0.000000000000000000e+00
6.195732023761834794e-10
0.000000000000000000e+00
0.000000000000000000e+00
0.000000000000000000e+00
0.000000000000000000e+00
0.000000000000000000e+00
0.000000000000000000e+00
0.000000000000000000e+00
0.000000000000000000e+00
0.000000000000000000e+00
0.000000000000000000e+00
0.000000000000000000e+00
0.000000000000000000e+00
4.581236169144249904e-10
1.142410135471307319e-09
1.725692730571010041e-09
2.171845102654693685e-09
2.515319433144226522e-09
2.772037220246610558e-09
2.933692185906666613e-09
3.049448160548319544e-09
3.133147085678323074e-09
3.171219102714970405e-09
3.208723786310891295e-09
3.218131086577290849e-09
3.236604308372531388e-09
3.242715180459578012e-09
3.245165285895976665e-09
3.239120940620597970e-09
3.247846453828809172e-09
3.238605882240552379e-09
3.248438132155761041e-09
3.239457907239636148e-09
3.238960562638978465e-09
3.239501999794352195e-09
3.240355695107804504e-09
3.239443585772616345e-09
3.239428729708902919e-09
3.249425335028171309e-09
3.247915320610998951e-09
3.239940006436705814e-09
3.248864258377116969e-09
3.248160988701743074e-09
3.239303773836272823e-09
3.239347726074311248e-09
3.239615733277676118e-09
3.247891495398977934e-09
3.248150585205616232e-09
3.248929872376557220e-09
3.248075694688557989e-09
3.239972978395421367e-09
3.248312458405827045e-09
3.247899827065533133e-09
0.000000000000000000e+00
0.000000000000000000e+00
7.792136040746862696e-10
0.000000000000000000e+00
0.000000000000000000e+00
0.000000000000000000e+00
0.000000000000000000e+00
0.000000000000000000e+00
0.000000000000000000e+00
0.000000000000000000e+00
0.000000000000000000e+00
0.000000000000000000e+00
0.000000000000000000e+00
0.000000000000000000e+00
0.000000000000000000e+00
0.000000000000000000e+00
0.000000000000000000e+00
4.386114521939664440e-10
1.211334427534844279e-09
1.817215129405808327e-09
2.272261546928252643e-09
2.601467172103190791e-09
2.829644025107993601e-09
2.982855396837038724e-09
3.090977013364154024e-09
3.147953600987260308e-09
3.186186056037852802e-09
3.218931429328602032e-09
3.232547267785580019e-09
3.231716286321459469e-09
3.245036878686210904e-09
3.237451486070229976e-09
3.247818880042132066e-09
3.239182306485759696e-09
3.239463288332957551e-09
3.248271193521369202e-09
3.248428324273902930e-09
3.249008837044419911e-09
3.247949029573078601e-09
3.246945100701807670e-09
3.239530083581035089e-09
3.247588423201525988e-09
3.248756214434350789e-09
3.239952144139020483e-09
3.248275487885412279e-09
3.239232214265355497e-09
3.247675001254777729e-09
3.248197946737963809e-09
3.239785634313635028e-09
3.248501461330860804e-09
3.239264528820896178e-09
3.239603496313152757e-09
3.240880644579650759e-09
3.248273367474253125e-09
3.247671381908839370e-09
0.000000000000000000e+00
0.000000000000000000e+00
7.818617185686632500e-10
0.000000000000000000e+00
0.000000000000000000e+00
0.000000000000000000e+00
0.000000000000000000e+00
7.056783795808692543e-08
0.000000000000000000e+00
0.000000000000000000e+00
0.000000000000000000e+00
0.000000000000000000e+00
0.000000000000000000e+00
0.000000000000000000e+00
0.000000000000000000e+00
0.000000000000000000e+00
0.000000000000000000e+00
0.000000000000000000e+00
0.000000000000000000e+00
7.819887273325083058e-10
1.523863442354594190e-09
2.064654782972072031e-09
2.470195919693656589e-09
2.737575699898464661e-09
2.934172049911250390e-09
3.056973305802885264e-09
3.136499882940269692e-09
3.184528890871369615e-09
3.204779765970243835e-09
3.220845504960192173e-09
3.230674879238322782e-09
3.234384838161136764e-09
3.237163094796876961e-09
3.246805260677687836e-09
3.248668648848154818e-09
3.248203287658560623e-09
3.248877376703872994e-09
3.248053187710489910e-09
3.248632248324647488e-09
3.248943275425155492e-09
3.239679739818289310e-09
3.239847528968708118e-09
3.240276988531073162e-09
3.239526994509929643e-09
3.247979110592745377e-09
3.248986446534840399e-09
3.239512644377728785e-09
3.240128268162138687e-09
3.248690853694881937e-09
3.248337863182549648e-09
3.239077696764384638e-09
3.247655768095433501e-09
3.239981435326381994e-09
3.247944877958581609e-09
3.248375826720847747e-09
0.000000000000000000e+00
0.000000000000000000e+00
7.184379220293349057e-10
0.000000000000000000e+00
0.000000000000000000e+00
0.000000000000000000e+00
0.000000000000000000e+00
0.000000000000000000e+00
1.111711825574429324e-01
0.000000000000000000e+00
0.000000000000000000e+00
0.000000000000000000e+00
0.000000000000000000e+00
0.000000000000000000e+00
0.000000000000000000e+00
0.000000000000000000e+00
0.000000000000000000e+00
0.000000000000000000e+00
0.000000000000000000e+00
0.000000000000000000e+00
4.689608133036354875e-10
1.292869714246380327e-09
1.908487135755992673e-09
2.355856966401578340e-09
2.669489230437761903e-09
2.882152969946697117e-09
3.031092974110170631e-09
3.112028897932388974e-09
3.176018952959217585e-09
3.200880551644559945e-09
3.219891615598784869e-09
3.238907557383249932e-09
3.243202638972917857e-09
3.245595128647508888e-09
3.238783615137113388e-09
3.247830863480539493e-09
3.248860440142155314e-09
3.239982720192641195e-09
3.239837775785477853e-09
3.248312508350152015e-09
3.239119189926860471e-09
3.238947093962575152e-09
3.238791972979235348e-09
3.239437485043699536e-09
3.248760638724608073e-09
3.240338342355277317e-09
3.239112670685461928e-09
3.248018831429637012e-09
3.249155571206625617e-09
3.239473443790909813e-09
3.239857572053308520e-09
3.238807845203936956e-09
3.249291857738176015e-09
3.247920992080050448e-09
3.248016128801557201e-09
0.000000000000000000e+00
0.000000000000000000e+00
7.411395588204386796e-10
0.000000000000000000e+00
0.000000000000000000e+00
0.000000000000000000e+00
0.000000000000000000e+00
0.000000000000000000e+00
0.000000000000000000e+00
0.000000000000000000e+00
1.015863664886849897e-07
0.000000000000000000e+00
0.000000000000000000e+00
0.000000000000000000e+00
0.000000000000000000e+00
0.000000000000000000e+00
0.000000000000000000e+00
0.000000000000000000e+00
0.000000000000000000e+00
0.000000000000000000e+00
0.000000000000000000e+00
2.743995748900666342e-10
1.158223607385726394e-09
1.808622232172627633e-09
2.294535712212157170e-09
2.624516631124134349e-09
2.863818875387066548e-09
3.015648391127998994e-09
3.112685070218161123e-09
3.171011834307138835e-09
3.198696128049778659e-09
3.227242349368722679e-09
3.229653678637483153e-09
3.251303218538874374e-09
3.237020595958479321e-09
3.247072914494972627e-09
3.248521458585771537e-09
3.247628741689553267e-09
3.247617861106811479e-09
3.248129841081819625e-09
3.247687909132695313e-09
3.248797334138352434e-09
3.239649671369595669e-09
3.239158863317709869e-09
3.239390343329676365e-09
3.248266201756027948e-09
3.248713090878513741e-09
3.238633921217146745e-09
3.248082573515004222e-09
3.239352628501712368e-09
3.248608077008574253e-09
3.248551334257727996e-09
3.248034778266881870e-09
3.248209727923840905e-09
3.248049380460624929e-09
0.000000000000000000e+00
0.000000000000000000e+00
8.773013030469442510e-10
0.000000000000000000e+00
0.000000000000000000e+00
0.000000000000000000e+00
0.000000000000000000e+00
0.000000000000000000e+00
0.000000000000000000e+00
0.000000000000000000e+00
0.000000000000000000e+00
1.180044272083872636e-08
0.000000000000000000e+00
0.000000000000000000e+00
0.000000000000000000e+00
0.000000000000000000e+00
0.000000000000000000e+00
0.000000000000000000e+00
0.000000000000000000e+00
0.000000000000000000e+00
0.000000000000000000e+00
0.000000000000000000e+00
1.699253671855912789e-10
1.069550874792135677e-09
1.749319063084727797e-09
2.236795157409639159e-09
2.596915921909209146e-09
2.839328564364839930e-09
2.996199391108047334e-09
3.098183247087491220e-09
3.167934119702484629e-09
3.196009720106966864e-09
3.215709318103587658e-09
3.235750424966325322e-09
3.242226156143801585e-09
3.246528256431813801e-09
3.246626358216214688e-09
3.247161632069160669e-09
3.248082269145841094e-09
3.240093158654752592e-09
3.248483016029868632e-09
3.239308936868406168e-09
3.248907575854695695e-09
3.240785947119647800e-09
3.239878273834970341e-09
3.239316262249617583e-09
3.248079357563932684e-09
3.240023679755375396e-09
3.240689803242630143e-09
3.248626127749420748e-09
3.248015878552607189e-09
3.248599727692306264e-09
3.239319301653592486e-09
3.239821104382439307e-09
3.248043589718993047e-09
0.000000000000000000e+00
0.000000000000000000e+00
1.160216725926286095e-09
0.000000000000000000e+00
0.000000000000000000e+00
0.000000000000000000e+00
0.000000000000000000e+00
0.000000000000000000e+00
0.000000000000000000e+00
0.000000000000000000e+00
0.000000000000000000e+00
0.000000000000000000e+00
0.000000000000000000e+00
0.000000000000000000e+00
0.000000000000000000e+00
0.000000000000000000e+00
0.000000000000000000e+00
0.000000000000000000e+00
0.000000000000000000e+00
0.000000000000000000e+00
0.000000000000000000e+00
0.000000000000000000e+00
0.000000000000000000e+00
1.175045661125575619e-10
1.032759154750440559e-09
1.723140086356145629e-09
2.230695360627306241e-09
2.589427565731574695e-09
2.825832803606131119e-09
2.997422194626079344e-09
3.090848382507258627e-09
3.163705608935954268e-09
3.201071445030701342e-09
3.222125734779362437e-09
3.234808743674850054e-09
3.232239412239643264e-09
3.235997727989467224e-09
3.246418715200982770e-09
3.238764947104017946e-09
3.248048805088955953e-09
3.238917584023485694e-09
3.239453816315756239e-09
3.247353697919505412e-09
3.238563294592359943e-09
3.248736367420963194e-09
3.247392714370628556e-09
3.240826396814969130e-09
3.248427144485710918e-09
3.248092746979323911e-09
3.248674055366700417e-09
3.248668489374703368e-09
3.248966703717112668e-09
3.238946010543286930e-09
3.239438220043568496e-09
3.248735085031344372e-09
0.000000000000000000e+00
0.000000000000000000e+00
1.558457537343171161e-09
1.192392082321598728e-10
0.000000000000000000e+00
0.000000000000000000e+00
0.000000000000000000e+00
0.000000000000000000e+00
0.000000000000000000e+00
0.000000000000000000e+00
0.000000000000000000e+00
0.000000000000000000e+00
0.000000000000000000e+00
2.435327863534920537e-07
0.000000000000000000e+00
0.000000000000000000e+00
0.000000000000000000e+00
0.000000000000000000e+00
0.000000000000000000e+00
0.000000000000000000e+00
0.000000000000000000e+00
0.000000000000000000e+00
0.000000000000000000e+00
0.000000000000000000e+00
8.711245742619646132e-11
9.969507836399306504e-10
1.690054538973944210e-09
2.201384900453423615e-09
2.563253720046233028e-09
2.820007971874244360e-09
2.985548162196944937e-09
3.082704358913934705e-09
3.157413882041325905e-09
3.197012364095021805e-09
3.211505628575053988e-09
3.233223460169283582e-09
3.231737066641513356e-09
3.243960295087309953e-09
3.246073331060273374e-09
3.248135937831292103e-09
3.248073743406935307e-09
3.248374746651988421e-09
3.247999270767036111e-09
3.238710228041391682e-09
3.248251816438861388e-09
3.239393547245890790e-09
3.248932258137968056e-09
3.249080904232423450e-09
3.248780561280755627e-09
3.240164568090579283e-09
3.247776950172144957e-09
3.248109566978972014e-09
3.239524634440078203e-09
3.248388784848025884e-09
3.248487429969671987e-09
0.000000000000000000e+00
0.000000000000000000e+00
1.984167804879922562e-09
8.965337353924002099e-10
0.000000000000000000e+00
0.000000000000000000e+00
0.000000000000000000e+00
0.000000000000000000e+00
0.000000000000000000e+00
0.000000000000000000e+00
0.000000000000000000e+00
0.000000000000000000e+00
0.000000000000000000e+00
0.000000000000000000e+00
9.637414835273004632e-02
0.000000000000000000e+00
0.000000000000000000e+00
0.000000000000000000e+00
0.000000000000000000e+00
0.000000000000000000e+00
0.000000000000000000e+00
0.000000000000000000e+00
0.000000000000000000e+00
0.000000000000000000e+00
0.000000000000000000e+00
5.703201913476082560e-11
9.638328258965016990e-10
1.659045403587072196e-09
2.180331138169202979e-09
2.536424305463093615e-09
2.798991880746444650e-09
2.960447126131547883e-09
3.080039250042269151e-09
3.148906800936528771e-09
3.191820450058760000e-09
3.208483262242751456e-09
3.223378430538358016e-09
3.239986819747251651e-09
3.236366152605176052e-09
3.237102963626626438e-09
3.247655399921161119e-09
3.238270477898195579e-09
3.248263907675845771e-09
3.239443795038940544e-09
3.247831925252961898e-09
3.239832340074687017e-09
3.249130875086677152e-09
3.248525129668844206e-09
3.248111737513311198e-09
3.239298965697003904e-09
3.239626297860838525e-09
3.239518288578917800e-09
3.248238927308939035e-09
3.240229229632917272e-09
3.249373923147751870e-09
0.000000000000000000e+00
0.000000000000000000e+00
2.376239285286899815e-09
1.629104867066277472e-09
7.076493853381556551e-10
0.000000000000000000e+00
0.000000000000000000e+00
0.000000000000000000e+00
0.000000000000000000e+00
0.000000000000000000e+00
0.000000000000000000e+00
0.000000000000000000e+00
0.000000000000000000e+00
0.000000000000000000e+00
0.000000000000000000e+00
2.163823309939960398e-07
0.000000000000000000e+00
0.000000000000000000e+00
0.000000000000000000e+00
0.000000000000000000e+00
0.000000000000000000e+00
0.000000000000000000e+00
0.000000000000000000e+00
0.000000000000000000e+00
0.000000000000000000e+00
0.000000000000000000e+00
7.381053975687273806e-12
9.029319404627277934e-10
1.607908050696904714e-09
2.126806423913323025e-09
2.500591264297696048e-09
2.772478526956988840e-09
2.951657808730074361e-09
3.059159152477043784e-09
3.135162842301303311e-09
3.188848749515827426e-09
3.215882507155071182e-09
3.230778229525683116e-09
3.229844821567151212e-09
3.242735475381063618e-09
3.246308686721541077e-09
3.246300756660437695e-09
3.239089450091092913e-09
3.238901863347826655e-09
3.248174164664671120e-09
3.248688683049914377e-09
3.248486452386662901e-09
3.249340988920216146e-09
3.240828343988719418e-09
3.248459807850221230e-09
3.247656019969169722e-09
3.239665684195237172e-09
3.248535640062267311e-09
3.248909246167792857e-09
3.248488611631938457e-09
0.000000000000000000e+00
0.000000000000000000e+00
2.702431874093392183e-09
2.213871556002671453e-09
1.608168784438812864e-09
9.024233862082565745e-10
7.278702929412415069e-11
0.000000000000000000e+00
0.000000000000000000e+00
0.000000000000000000e+00
0.000000000000000000e+00
0.000000000000000000e+00
0.000000000000000000e+00
0.000000000000000000e+00
0.000000000000000000e+00
0.000000000000000000e+00
2.461863814799765771e-07
0.000000000000000000e+00
0.000000000000000000e+00
0.000000000000000000e+00
0.000000000000000000e+00
0.000000000000000000e+00
0.000000000000000000e+00
0.000000000000000000e+00
0.000000000000000000e+00
0.000000000000000000e+00
0.000000000000000000e+00
0.000000000000000000e+00
8.322022890977723372e-10
1.539624994176781297e-09
2.073016455399679165e-09
2.462589315901531557e-09
2.739500863868884204e-09
2.928188818987038462e-09
3.051790325366374801e-09
3.130888650226007368e-09
3.186698573262283090e-09
3.205248475034783152e-09
3.220221440580132033e-09
3.229137300676478071e-09
3.242351136047381744e-09
3.244580042316831721e-09
3.245465176670796554e-09
3.256136505307812445e-09
3.248032721772530717e-09
3.239849277382216793e-09
3.239972190503735173e-09
3.240026472951119264e-09
3.240468226373850560e-09
3.248799508430734441e-09
3.240613508522442181e-09
3.239699249628239037e-09
3.247904955528147139e-09
3.248066867661655377e-09
3.239962113031612952e-09
0.000000000000000000e+00
0.000000000000000000e+00
2.929740669959972879e-09
2.634615382655499826e-09
2.258274151445341347e-09
1.786704509076232685e-09
1.177860923382851552e-09
3.073097546448706226e-10
0.000000000000000000e+00
0.000000000000000000e+00
0.000000000000000000e+00
0.000000000000000000e+00
0.000000000000000000e+00
0.000000000000000000e+00
0.000000000000000000e+00
0.000000000000000000e+00
0.000000000000000000e+00
0.000000000000000000e+00
0.000000000000000000e+00
0.000000000000000000e+00
0.000000000000000000e+00
0.000000000000000000e+00
0.000000000000000000e+00
0.000000000000000000e+00
0.000000000000000000e+00
0.000000000000000000e+00
0.000000000000000000e+00
0.000000000000000000e+00
0.000000000000000000e+00
7.414349908596222135e-10
1.472243417425383396e-09
2.028579931593712691e-09
2.445408955530824685e-09
2.725634669348783188e-09
2.922609757683415625e-09
3.058253388620073589e-09
3.127953994189344233e-09
3.184209111170340289e-09
3.202240333954004722e-09
3.226111015421393320e-09
3.226030765257931738e-09
3.240548788729476355e-09
3.243449445549793361e-09
3.246045531917670718e-09
3.237919064592521932e-09
3.247487754888748291e-09
3.247977732669572612e-09
3.238877036844047815e-09
3.239991692720878253e-09
3.247859930440664640e-09
3.248731166776104766e-09
3.238966536309320622e-09
3.239345093237829590e-09
3.247544596520738503e-09
3.240197109723761160e-09
0.000000000000000000e+00
0.000000000000000000e+00
3.075383564132235262e-09
2.905375936472135753e-09
2.683660387922720865e-09
2.375071704061088167e-09
1.923050978850860132e-09
1.231268517376325426e-09
1.916768770521852005e-10
0.000000000000000000e+00
0.000000000000000000e+00
0.000000000000000000e+00
0.000000000000000000e+00
0.000000000000000000e+00
0.000000000000000000e+00
0.000000000000000000e+00
0.000000000000000000e+00
0.000000000000000000e+00
0.000000000000000000e+00
0.000000000000000000e+00
0.000000000000000000e+00
0.000000000000000000e+00
0.000000000000000000e+00
0.000000000000000000e+00
0.000000000000000000e+00
0.000000000000000000e+00
0.000000000000000000e+00
0.000000000000000000e+00
0.000000000000000000e+00
0.000000000000000000e+00
6.629693465524406983e-10
1.430810576242121831e-09
2.009285903293599658e-09
2.430679167713682248e-09
2.732675170002618346e-09
2.919834736387694261e-09
3.046149333274245547e-09
3.123094406890075331e-09
3.168319851758456971e-09
3.196145307123089368e-09
3.212718107303484782e-09
3.231482500487643302e-09
3.237393122604989411e-09
3.241762424870438420e-09
3.235503373370651563e-09
3.246261855725477524e-09
3.247728422694366212e-09
3.239738120617617012e-09
3.248119188956133282e-09
3.248588952337135049e-09
3.239465673777684772e-09
3.239788219451128407e-09
3.248674761941629284e-09
3.239001987531551249e-09
3.248101207834620856e-09
0.000000000000000000e+00
0.000000000000000000e+00
3.153589604149679282e-09
3.076047104701876010e-09
2.939104249128157863e-09
2.738785354702447725e-09
2.411953950621376988e-09
1.881576741353652933e-09
1.035117556848782175e-09
0.000000000000000000e+00
0.000000000000000000e+00
0.000000000000000000e+00
0.000000000000000000e+00
0.000000000000000000e+00
0.000000000000000000e+00
0.000000000000000000e+00
0.000000000000000000e+00
0.000000000000000000e+00
0.000000000000000000e+00
0.000000000000000000e+00
0.000000000000000000e+00
0.000000000000000000e+00
0.000000000000000000e+00
0.000000000000000000e+00
0.000000000000000000e+00
0.000000000000000000e+00
0.000000000000000000e+00
0.000000000000000000e+00
0.000000000000000000e+00
0.000000000000000000e+00
0.000000000000000000e+00
6.505277057282573995e-10
1.430260713117281052e-09
2.016664018178269182e-09
2.446843580054810666e-09
2.724988985671561101e-09
2.914662384245325200e-09
3.034323571703688800e-09
3.118291053950502436e-09
3.164442108952472094e-09
3.194244647151145052e-09
3.213981895460934779e-09
3.218734708264239448e-09
3.235906271659440503e-09
3.240716919959378280e-09
3.236398254443108400e-09
3.238367157187943694e-09
3.248563988871797184e-09
3.247658154922532553e-09
3.239472829326147420e-09
3.239772945828029361e-09
3.249241754535226964e-09
3.248439987270759507e-09
3.248665568058579005e-09
3.240415583237344230e-09
0.000000000000000000e+00
0.000000000000000000e+00
3.207750761595197428e-09
3.154344884353561074e-09
3.090094390678440242e-09
2.953117476657507256e-09
2.728330155973830838e-09
2.323252412950085887e-09
1.659950841892558698e-09
6.654401331641266156e-10
0.000000000000000000e+00
0.000000000000000000e+00
0.000000000000000000e+00
0.000000000000000000e+00
0.000000000000000000e+00
0.000000000000000000e+00
0.000000000000000000e+00
0.000000000000000000e+00
0.000000000000000000e+00
1.366249059539591377e-08
4.205307198431691013e-02
0.000000000000000000e+00
0.000000000000000000e+00
0.000000000000000000e+00
0.000000000000000000e+00
0.000000000000000000e+00
0.000000000000000000e+00
0.000000000000000000e+00
0.000000000000000000e+00
0.000000000000000000e+00
0.000000000000000000e+00
0.000000000000000000e+00
6.910316376880416720e-10
1.460948911934367353e-09
2.042982020318862217e-09
2.446463409419709989e-09
2.712052057269909033e-09
2.891848492693914454e-09
3.018166973867070270e-09
3.085753024570528810e-09
3.137887122730735580e-09
3.173029719529079610e-09
3.199061494495793355e-09
3.214235452762763450e-09
3.225954243954005093e-09
3.233390851381423883e-09
3.236774608594153033e-09
3.238994690579221442e-09
3.239278492467988173e-09
3.247592326602702832e-09
3.247952572364876501e-09
3.240292682256294489e-09
3.239143845941882966e-09
3.248092253923445024e-09
3.248033647226424866e-09
0.000000000000000000e+00
0.000000000000000000e+00
3.229980566800100503e-09
3.208210072382078880e-09
3.157892406368274608e-09
3.074914794171648557e-09
2.912753415784278383e-09
2.616378283715257946e-09
2.125053414851832752e-09
1.352119299161838011e-09
2.525536555131289492e-10
0.000000000000000000e+00
0.000000000000000000e+00
0.000000000000000000e+00
0.000000000000000000e+00
0.000000000000000000e+00
0.000000000000000000e+00
0.000000000000000000e+00
0.000000000000000000e+00
0.000000000000000000e+00
7.802644701919010661e-02
2.031317884326344636e-02
0.000000000000000000e+00
0.000000000000000000e+00
0.000000000000000000e+00
0.000000000000000000e+00
0.000000000000000000e+00
0.000000000000000000e+00
0.000000000000000000e+00
0.000000000000000000e+00
0.000000000000000000e+00
0.000000000000000000e+00
0.000000000000000000e+00
7.352564952275770339e-10
1.485061153892676800e-09
2.036435049667243980e-09
2.416939378426149772e-09
2.677628586342671909e-09
2.854630115385194324e-09
2.969884902402235479e-09
3.065370647814943614e-09
3.126750824195616523e-09
3.162272019487835389e-09
3.202007305119631491e-09
3.213933625107513423e-09
3.235178270489475376e-09
3.242115336947257577e-09
3.246596022897981771e-09
3.247123562923871282e-09
3.238848952981394585e-09
3.238778852047381930e-09
3.247577576558390200e-09
3.248405665213788942e-09
3.247615379006797720e-09
3.248772896131009339e-09
0.000000000000000000e+00
0.000000000000000000e+00
3.239932932894048560e-09
3.229134829552005395e-09
3.197021142226701863e-09
3.153077020102930214e-09
3.043427398771411490e-09
2.833411527685666552e-09
2.460040074505790747e-09
1.885977292329737920e-09
1.038593788387085442e-09
0.000000000000000000e+00
0.000000000000000000e+00
0.000000000000000000e+00
0.000000000000000000e+00
0.000000000000000000e+00
0.000000000000000000e+00
0.000000000000000000e+00
0.000000000000000000e+00
0.000000000000000000e+00
0.000000000000000000e+00
9.717268452416174686e-08
0.000000000000000000e+00
0.000000000000000000e+00
0.000000000000000000e+00
0.000000000000000000e+00
0.000000000000000000e+00
0.000000000000000000e+00
0.000000000000000000e+00
0.000000000000000000e+00
0.000000000000000000e+00
0.000000000000000000e+00
0.000000000000000000e+00
0.000000000000000000e+00
7.565291418581692918e-10
1.458808973799845236e-09
1.969536953903232112e-09
2.342062243806924365e-09
2.594040686825326553e-09
2.792642785317621105e-09
2.932974694314742056e-09
3.037375878506996855e-09
3.121490070428416943e-09
3.167286633055760910e-09
3.194134803150660944e-09
3.216039295522880153e-09
3.237841345429031445e-09
3.235397850473109624e-09
3.238333178567295493e-09
3.248507485143643892e-09
3.248501672326286960e-09
3.247836806014663539e-09
3.248500590293376192e-09
3.241143229668118133e-09
3.248884829015838977e-09
0.000000000000000000e+00
0.000000000000000000e+00
3.246017558142901163e-09
3.239637913270883268e-09
3.217022940931619597e-09
3.183780145520135787e-09
3.111497305191777842e-09
2.967216078079001579e-09
2.717648465514125120e-09
2.291675397936725629e-09
1.643000720964991916e-09
7.394534325907334452e-10
0.000000000000000000e+00
0.000000000000000000e+00
0.000000000000000000e+00
0.000000000000000000e+00
0.000000000000000000e+00
0.000000000000000000e+00
0.000000000000000000e+00
0.000000000000000000e+00
0.000000000000000000e+00
0.000000000000000000e+00
0.000000000000000000e+00
0.000000000000000000e+00
0.000000000000000000e+00
0.000000000000000000e+00
0.000000000000000000e+00
0.000000000000000000e+00
0.000000000000000000e+00
0.000000000000000000e+00
0.000000000000000000e+00
0.000000000000000000e+00
0.000000000000000000e+00
0.000000000000000000e+00
0.000000000000000000e+00
7.071052671701962784e-10
1.358926024612672425e-09
1.862561575492089657e-09
2.232264197566394931e-09
2.515210259564819414e-09
2.722791631900432037e-09
2.889473322974792795e-09
3.014810350278516223e-09
3.103958148316941327e-09
3.171384139618602011e-09
3.200360018605105466e-09
3.230056884932405685e-09
3.240307923531611012e-09
3.237848709666917718e-09
3.238681634418987688e-09
3.240147849518438982e-09
3.238555463759736137e-09
3.249343579626715820e-09
3.239174679756885265e-09
3.248349272785925807e-09
0.000000000000000000e+00
0.000000000000000000e+00
3.255075177440091823e-09
3.243488196898440570e-09
3.227465781632615930e-09
3.214980568091527911e-09
3.168988693454923717e-09
3.072685691703449944e-09
2.885420191675796750e-09
2.580840997363897253e-09
2.110151125800835887e-09
1.414029487906415102e-09
4.432631346680601069e-10
0.000000000000000000e+00
0.000000000000000000e+00
0.000000000000000000e+00
0.000000000000000000e+00
0.000000000000000000e+00
0.000000000000000000e+00
0.000000000000000000e+00
0.000000000000000000e+00
0.000000000000000000e+00
0.000000000000000000e+00
0.000000000000000000e+00
0.000000000000000000e+00
0.000000000000000000e+00
0.000000000000000000e+00
0.000000000000000000e+00
0.000000000000000000e+00
0.000000000000000000e+00
0.000000000000000000e+00
0.000000000000000000e+00
0.000000000000000000e+00
0.000000000000000000e+00
0.000000000000000000e+00
0.000000000000000000e+00
5.598989894232049413e-10
1.207312522987781644e-09
1.716817630359290099e-09
2.122076958387997329e-09
2.437062767174560297e-09
2.700119506340219686e-09
2.893330272301418027e-09
3.032413824729057254e-09
3.126665984730099363e-09
3.178462984412759836e-09
3.219261634419885261e-09
3.227580987619033605e-09
3.244692211254409899e-09
3.238455817338776742e-09
3.238861497146131951e-09
3.248535203446412611e-09
3.248968373477498498e-09
3.248365005095541845e-09
3.247365663511366633e-09
0.000000000000000000e+00
0.000000000000000000e+00
3.239346367362722539e-09
3.237901505365377402e-09
3.242275589418584773e-09
3.229561806539610428e-09
3.189499066254035245e-09
3.128071187904081141e-09
3.016352885411495224e-09
2.804652963977375326e-09
2.459496329207979965e-09
1.932774389168689739e-09
1.194557095423254302e-09
2.033451921769825729e-10
0.000000000000000000e+00
0.000000000000000000e+00
0.000000000000000000e+00
0.000000000000000000e+00
0.000000000000000000e+00
0.000000000000000000e+00
0.000000000000000000e+00
0.000000000000000000e+00
0.000000000000000000e+00
0.000000000000000000e+00
0.000000000000000000e+00
0.000000000000000000e+00
0.000000000000000000e+00
0.000000000000000000e+00
0.000000000000000000e+00
0.000000000000000000e+00
0.000000000000000000e+00
0.000000000000000000e+00
0.000000000000000000e+00
0.000000000000000000e+00
0.000000000000000000e+00
0.000000000000000000e+00
0.000000000000000000e+00
3.748645979205950717e-10
1.050446464879471406e-09
1.609401950037264741e-09
2.062246474421007590e-09
2.431779613470110529e-09
2.717041256140084287e-09
2.925699607584408506e-09
3.066647669834561928e-09
3.154624769685569170e-09
3.204456684282978270e-09
3.229861056026712806e-09
3.233668339538667424e-09
3.245909315014461145e-09
3.238745863298303254e-09
3.247813042271781318e-09
3.239740236625409216e-09
3.248122934733826610e-09
3.240423255888063574e-09
0.000000000000000000e+00
0.000000000000000000e+00
3.247145468433958693e-09
3.247600481869199367e-09
3.244347185181446246e-09
3.237352448856132203e-09
3.218838513257286088e-09
3.179065843379252358e-09
3.092133378744547364e-09
2.956235276197349171e-09
2.712904585674668839e-09
2.331496864925634040e-09
1.780990750951791133e-09
1.009626102975372132e-09
1.756391597284770012e-11
0.000000000000000000e+00
0.000000000000000000e+00
0.000000000000000000e+00
0.000000000000000000e+00
0.000000000000000000e+00
0.000000000000000000e+00
0.000000000000000000e+00
0.000000000000000000e+00
0.000000000000000000e+00
0.000000000000000000e+00
0.000000000000000000e+00
9.435903044837677918e-08
0.000000000000000000e+00
0.000000000000000000e+00
0.000000000000000000e+00
0.000000000000000000e+00
0.000000000000000000e+00
0.000000000000000000e+00
0.000000000000000000e+00
0.000000000000000000e+00
0.000000000000000000e+00
0.000000000000000000e+00
0.000000000000000000e+00
2.223939316331552361e-10
9.637784296010038389e-10
1.581915694168004582e-09
2.103970314490731347e-09
2.496314429063686266e-09
2.781635669099825110e-09
2.989620079898459243e-09
3.105952140923903701e-09
3.177195906152043397e-09
3.213298963644792262e-09
3.238798527219688683e-09
3.246064933258313750e-09
3.238493921752650279e-09
3.247825731747725251e-09
3.248753343754231552e-09
3.248557703330399017e-09
3.238627645598058373e-09
0.000000000000000000e+00
0.000000000000000000e+00
3.240264828743975401e-09
3.238922014860968517e-09
3.246625240977404758e-09
3.234114030084437847e-09
3.222026399167856695e-09
3.205709357668042329e-09
3.146689173976711163e-09
3.059000237987662838e-09
2.892937645676348668e-09
2.624743859534300216e-09
2.227539550546159859e-09
1.651376645356532406e-09
8.774192556082446669e-10
0.000000000000000000e+00
0.000000000000000000e+00
0.000000000000000000e+00
0.000000000000000000e+00
0.000000000000000000e+00
0.000000000000000000e+00
0.000000000000000000e+00
0.000000000000000000e+00
0.000000000000000000e+00
0.000000000000000000e+00
0.000000000000000000e+00
0.000000000000000000e+00
3.555571245138994405e-08
0.000000000000000000e+00
0.000000000000000000e+00
0.000000000000000000e+00
0.000000000000000000e+00
0.000000000000000000e+00
0.000000000000000000e+00
0.000000000000000000e+00
0.000000000000000000e+00
0.000000000000000000e+00
0.000000000000000000e+00
0.000000000000000000e+00
2.154687005867250304e-10
1.029767975854627321e-09
1.700106439861649594e-09
2.233623406510484072e-09
2.628422732410574569e-09
2.897591062723105343e-09
3.057670013060735452e-09
3.153266447650844610e-09
3.203011007767321071e-09
3.234456689542095514e-09
3.234460713618609200e-09
3.247160248749890068e-09
3.248520696707300951e-09
3.239218716803138831e-09
3.238973946353753171e-09
3.231387672615878974e-09
0.000000000000000000e+00
0.000000000000000000e+00
3.248399022020067130e-09
3.239740539129664701e-09
3.239123580166129819e-09
3.244250353873544066e-09
3.237692113061171182e-09
3.222150163286455961e-09
3.190887311136605037e-09
3.120532492375062501e-09
3.018555999256726039e-09
2.835405536933534575e-09
2.549715784326790684e-09
2.129681668366057962e-09
1.545979581065505679e-09
7.794616230902814153e-10
0.000000000000000000e+00
0.000000000000000000e+00
0.000000000000000000e+00
0.000000000000000000e+00
0.000000000000000000e+00
0.000000000000000000e+00
0.000000000000000000e+00
0.000000000000000000e+00
0.000000000000000000e+00
0.000000000000000000e+00
0.000000000000000000e+00
3.548454406472784578e-08
5.818200457466196629e-02
0.000000000000000000e+00
0.000000000000000000e+00
0.000000000000000000e+00
0.000000000000000000e+00
0.000000000000000000e+00
0.000000000000000000e+00
0.000000000000000000e+00
0.000000000000000000e+00
0.000000000000000000e+00
0.000000000000000000e+00
0.000000000000000000e+00
4.188434595967625104e-10
1.273579657823055218e-09
1.951715194980649098e-09
2.447906560594830601e-09
2.784397108398840726e-09
3.002633417399071118e-09
3.135355639532617965e-09
3.199916795566503887e-09
3.229071441248525841e-09
3.232922106834241790e-09
3.246768130528749245e-09
3.239053993547133778e-09
3.248429458742398224e-09
3.238873355170826195e-09
3.239946316107239968e-09
0.000000000000000000e+00
0.000000000000000000e+00
3.248486029947882362e-09
3.240720387732847488e-09
3.248086518442642976e-09
3.246423134370640924e-09
3.242952253872305156e-09
3.224901554331849719e-09
3.205684386025517047e-09
3.175513308361464382e-09
3.095044150084474346e-09
2.973725040345690419e-09
2.785247413436683067e-09
2.486986452873950547e-09
2.055794421063246621e-09
1.458321835493918220e-09
6.609327235081296710e-10
0.000000000000000000e+00
0.000000000000000000e+00
0.000000000000000000e+00
0.000000000000000000e+00
0.000000000000000000e+00
0.000000000000000000e+00
0.000000000000000000e+00
0.000000000000000000e+00
0.000000000000000000e+00
0.000000000000000000e+00
0.000000000000000000e+00
0.000000000000000000e+00
7.134869486214841239e-02
0.000000000000000000e+00
0.000000000000000000e+00
0.000000000000000000e+00
0.000000000000000000e+00
0.000000000000000000e+00
0.000000000000000000e+00
0.000000000000000000e+00
0.000000000000000000e+00
0.000000000000000000e+00
0.000000000000000000e+00
0.000000000000000000e+00
8.126577401819863803e-10
1.646169184965108180e-09
2.253298178603796698e-09
2.677818829370297304e-09
2.947552678699149472e-09
3.094301146261231633e-09
3.176142686276622190e-09
3.222648279190147189e-09
3.239635558435293432e-09
3.244968230079664511e-09
3.246881030644002394e-09
3.239550179130429712e-09
3.240038536699110145e-09
3.248159424391858367e-09
0.000000000000000000e+00
0.000000000000000000e+00
3.240147572516747425e-09
3.239440003885339853e-09
3.248269023536939689e-09
3.247091942820800619e-09
3.237409157271008190e-09
3.240233739712143422e-09
3.228282080644713775e-09
3.204551924556554942e-09
3.151738278810685822e-09
3.081564154406975046e-09
2.949372842385645917e-09
2.740535168663454719e-09
2.426351321466030076e-09
1.971990646143402465e-09
1.339615599828720690e-09
5.041993741198826028e-10
0.000000000000000000e+00
0.000000000000000000e+00
0.000000000000000000e+00
0.000000000000000000e+00
0.000000000000000000e+00
0.000000000000000000e+00
0.000000000000000000e+00
0.000000000000000000e+00
0.000000000000000000e+00
0.000000000000000000e+00
0.000000000000000000e+00
0.000000000000000000e+00
0.000000000000000000e+00
0.000000000000000000e+00
0.000000000000000000e+00
0.000000000000000000e+00
0.000000000000000000e+00
0.000000000000000000e+00
0.000000000000000000e+00
0.000000000000000000e+00
0.000000000000000000e+00
0.000000000000000000e+00
0.000000000000000000e+00
3.611385974541141857e-10
1.331019473026158315e-09
2.045575288172334707e-09
2.549120805014939865e-09
2.862401363820940623e-09
3.052189702942331370e-09
3.161819459310031508e-09
3.202559387257585791e-09
3.233591835668137979e-09
3.242537564875606989e-09
3.238349899579712900e-09
3.247458129600418427e-09
3.240079459602624415e-09
3.247699083542408728e-09
0.000000000000000000e+00
0.000000000000000000e+00
3.248034460214545025e-09
3.239526685027020576e-09
3.239882404863801864e-09
3.247759067752200538e-09
3.247021402935211375e-09
3.244420108513590896e-09
3.237725100438310842e-09
3.214278184028315349e-09
3.195358921170617900e-09
3.137756810246770088e-09
3.058242610978802222e-09
2.915131458542496938e-09
2.689172655458880997e-09
2.340749267418969492e-09
1.857886609835758199e-09
1.179871088086701130e-09
2.849056619647239440e-10
0.000000000000000000e+00
0.000000000000000000e+00
0.000000000000000000e+00
0.000000000000000000e+00
0.000000000000000000e+00
0.000000000000000000e+00
0.000000000000000000e+00
0.000000000000000000e+00
0.000000000000000000e+00
0.000000000000000000e+00
0.000000000000000000e+00
0.000000000000000000e+00
0.000000000000000000e+00
0.000000000000000000e+00
0.000000000000000000e+00
0.000000000000000000e+00
0.000000000000000000e+00
0.000000000000000000e+00
0.000000000000000000e+00
0.000000000000000000e+00
0.000000000000000000e+00
0.000000000000000000e+00
0.000000000000000000e+00
9.967033650135002893e-10
1.810634959391236171e-09
2.391324066259140308e-09
2.770452380693574748e-09
2.990248034068445037e-09
3.126293396064537083e-09
3.192641906070441978e-09
3.215415643990454171e-09
3.238240013248508272e-09
3.236709990097889629e-09
3.246661628968350739e-09
3.248330371830928598e-09
3.239508448976107603e-09
0.000000000000000000e+00
0.000000000000000000e+00
3.248471312161876955e-09
3.239639693645281000e-09
3.248443232378015344e-09
3.248144470975330079e-09
3.239204765360398220e-09
3.245733128384458158e-09
3.233807927658785739e-09
3.225454705614849174e-09
3.208922915314756676e-09
3.178045635182359716e-09
3.130924136483218895e-09
3.032100631786887985e-09
2.872806240974725159e-09
2.624577299377623534e-09
2.253275035801180059e-09
1.725226568614599518e-09
1.006877979888631337e-09
1.084868245986126895e-10
0.000000000000000000e+00
0.000000000000000000e+00
0.000000000000000000e+00
0.000000000000000000e+00
0.000000000000000000e+00
0.000000000000000000e+00
0.000000000000000000e+00
0.000000000000000000e+00
0.000000000000000000e+00
0.000000000000000000e+00
0.000000000000000000e+00
0.000000000000000000e+00
6.857262805720701349e-02
0.000000000000000000e+00
0.000000000000000000e+00
0.000000000000000000e+00
0.000000000000000000e+00
0.000000000000000000e+00
0.000000000000000000e+00
0.000000000000000000e+00
0.000000000000000000e+00
0.000000000000000000e+00
6.093107987830261210e-10
1.516703617886721805e-09
2.176749395113477443e-09
2.621090864589672632e-09
2.899872689158352438e-09
3.063349976370463912e-09
3.145539926359819428e-09
3.203123670483468467e-09
3.220015550689663945e-09
3.231339979680158254e-09
3.236408691986939272e-09
3.246885812210881611e-09
3.239090188486564344e-09
0.000000000000000000e+00
0.000000000000000000e+00
3.248123417579887575e-09
3.239533059011736161e-09
3.239621736993600403e-09
3.239401530073924917e-09
3.248473471900474756e-09
3.238933756427385325e-09
3.244963484747613593e-09
3.240602627136791742e-09
3.230757583207787899e-09
3.211520043780182170e-09
3.176108732998461100e-09
3.111019853385350218e-09
3.009228499194739567e-09
2.814100357244026500e-09
2.550862373685890370e-09
2.149815099437528366e-09
1.619594691914984737e-09
9.217494800305323803e-10
6.304885126281590242e-11
0.000000000000000000e+00
0.000000000000000000e+00
0.000000000000000000e+00
0.000000000000000000e+00
0.000000000000000000e+00
0.000000000000000000e+00
0.000000000000000000e+00
0.000000000000000000e+00
0.000000000000000000e+00
0.000000000000000000e+00
0.000000000000000000e+00
0.000000000000000000e+00
0.000000000000000000e+00
0.000000000000000000e+00
0.000000000000000000e+00
0.000000000000000000e+00
0.000000000000000000e+00
0.000000000000000000e+00
0.000000000000000000e+00
0.000000000000000000e+00
0.000000000000000000e+00
1.013212180175110104e-10
1.107366192192883368e-09
1.847516188130322039e-09
2.374166296818786140e-09
2.723150435287242629e-09
2.953218978079724887e-09
3.078120485848663429e-09
3.156708570655836755e-09
3.199896184974548838e-09
3.230768993045532863e-09
3.241494242978947469e-09
3.237235528439028730e-09
3.248514604659088805e-09
0.000000000000000000e+00
0.000000000000000000e+00
3.239557820809526238e-09
3.239001038915635042e-09
3.238927910997870260e-09
3.240123548691930565e-09
3.248004410674966095e-09
3.247992772748025313e-09
3.247324567454774974e-09
3.235454481595605480e-09
3.239698621277147370e-09
3.227085297015622947e-09
3.203712384388315724e-09
3.153067603265690251e-09
3.087527920704647687e-09
2.957489749166095870e-09
2.775128047022299007e-09
2.495883700896321961e-09
2.107663204501173950e-09
1.587851066257934855e-09
9.503983070972992205e-10
2.004342013450033734e-10
0.000000000000000000e+00
0.000000000000000000e+00
0.000000000000000000e+00
0.000000000000000000e+00
0.000000000000000000e+00
0.000000000000000000e+00
0.000000000000000000e+00
0.000000000000000000e+00
0.000000000000000000e+00
0.000000000000000000e+00
0.000000000000000000e+00
0.000000000000000000e+00
0.000000000000000000e+00
0.000000000000000000e+00
0.000000000000000000e+00
0.000000000000000000e+00
0.000000000000000000e+00
0.000000000000000000e+00
0.000000000000000000e+00
0.000000000000000000e+00
0.000000000000000000e+00
5.079298014944336715e-10
1.364567438806378112e-09
2.000170712228740336e-09
2.442759969616420241e-09
2.759424457431200105e-09
2.963765994544669372e-09
3.093732002646834075e-09
3.170997447887571302e-09
3.222565754770792160e-09
3.226247049979116161e-09
3.244488250896311500e-09
3.229794028329020130e-09
0.000000000000000000e+00
0.000000000000000000e+00
3.239433130120767889e-09
3.240151771545009654e-09
3.249050055677324851e-09
3.248464416215003095e-09
3.248451410476660926e-09
3.239380105473843784e-09
3.247774264838535708e-09
3.246121198522975467e-09
3.243143080871060580e-09
3.235829981514961332e-09
3.222163398742727877e-09
3.187457870440965741e-09
3.139286556479435977e-09
3.067317629479221667e-09
2.932030038764942861e-09
2.742890805948393586e-09
2.486284276616592922e-09
2.123352665841673949e-09
1.681333435361081008e-09
1.133077387282527780e-09
4.754944734976521948e-10
0.000000000000000000e+00
0.000000000000000000e+00
0.000000000000000000e+00
0.000000000000000000e+00
0.000000000000000000e+00
0.000000000000000000e+00
0.000000000000000000e+00
0.000000000000000000e+00
0.000000000000000000e+00
0.000000000000000000e+00
0.000000000000000000e+00
0.000000000000000000e+00
0.000000000000000000e+00
0.000000000000000000e+00
0.000000000000000000e+00
0.000000000000000000e+00
0.000000000000000000e+00
0.000000000000000000e+00
0.000000000000000000e+00
0.000000000000000000e+00
0.000000000000000000e+00
6.155519677085837614e-10
1.396233093485328777e-09
2.001485457662067390e-09
2.441389597489433077e-09
2.755226991094181940e-09
2.967619344139421984e-09
3.093956203197920329e-09
3.173239086666404615e-09
3.212822742681029140e-09
3.239840466764031059e-09
3.237396941045091858e-09
0.000000000000000000e+00
0.000000000000000000e+00
3.239311735287291438e-09
3.248138749196032897e-09
3.239544197686539875e-09
3.247600462873953648e-09
3.248416609276927752e-09
3.248460057101321761e-09
3.239280651054486749e-09
3.247072039597828121e-09
3.244900801451561023e-09
3.233236578401112773e-09
3.233978894613890880e-09
3.217379886540618218e-09
3.188014127111954342e-09
3.128796670711549080e-09
3.058126144466961253e-09
2.937061045638534000e-09
2.756407897770874136e-09
2.523341908507311767e-09
2.221045824332325256e-09
1.848399303325252136e-09
1.382274618916801744e-09
8.193106903364180872e-10
1.374388558505402034e-10
0.000000000000000000e+00
0.000000000000000000e+00
0.000000000000000000e+00
0.000000000000000000e+00
0.000000000000000000e+00
0.000000000000000000e+00
0.000000000000000000e+00
0.000000000000000000e+00
0.000000000000000000e+00
0.000000000000000000e+00
0.000000000000000000e+00
0.000000000000000000e+00
0.000000000000000000e+00
0.000000000000000000e+00
0.000000000000000000e+00
0.000000000000000000e+00
0.000000000000000000e+00
0.000000000000000000e+00
0.000000000000000000e+00
0.000000000000000000e+00
5.294171614208429500e-10
1.302392209833085301e-09
1.937029770372857336e-09
2.411198738994709492e-09
2.752700157907174016e-09
2.970341813559188914e-09
3.123737305894957826e-09
3.198133588952274905e-09
3.222736544846666557e-09
3.235295928989698609e-09
0.000000000000000000e+00
0.000000000000000000e+00
3.239841822310106270e-09
3.239220677784020814e-09
3.247629600131085958e-09
3.248211365478397090e-09
3.240368244677064954e-09
3.239460414237876095e-09
3.239607562716834222e-09
3.247160055332719464e-09
3.245937522769500135e-09
3.235583834208656915e-09
3.230909999594470944e-09
3.231914971860703777e-09
3.213678109091225535e-09
3.185545491352478761e-09
3.136642355845164225e-09
3.063816985488089484e-09
2.949738671032978042e-09
2.812983054535189431e-09
2.617965707328173043e-09
2.365005774826174800e-09
2.041246616072742075e-09
1.620239865829688520e-09
1.111626689196766841e-09
4.565856813863194070e-10
0.000000000000000000e+00
0.000000000000000000e+00
0.000000000000000000e+00
0.000000000000000000e+00
0.000000000000000000e+00
0.000000000000000000e+00
0.000000000000000000e+00
0.000000000000000000e+00
0.000000000000000000e+00
0.000000000000000000e+00
2.351416002361444812e-07
0.000000000000000000e+00
0.000000000000000000e+00
0.000000000000000000e+00
0.000000000000000000e+00
0.000000000000000000e+00
0.000000000000000000e+00
0.000000000000000000e+00
0.000000000000000000e+00
0.000000000000000000e+00
3.274794521837108267e-10
1.205011465441550221e-09
1.910611232022693359e-09
2.423662260707239858e-09
2.785710552645285610e-09
3.038880152220645144e-09
3.155717822562605687e-09
3.206665002071423322e-09
3.230392411705867519e-09
0.000000000000000000e+00
0.000000000000000000e+00
3.248559649154034209e-09
3.239704456388664592e-09
3.239546242875277996e-09
3.239307803750063194e-09
3.248747403805273154e-09
3.248256273340615474e-09
3.248398497612462698e-09
3.247816186020201061e-09
3.239251326592009969e-09
3.237410555251974499e-09
3.244002571209885275e-09
3.229752602996447645e-09
3.229017817708116501e-09
3.204758866029427322e-09
3.187177246135503273e-09
3.136843024524770498e-09
3.084792870554674045e-09
2.988675014587977910e-09
2.868800856446245522e-09
2.706744783097779706e-09
2.496262010486448251e-09
2.195389671941643723e-09
1.807377621961720410e-09
1.301895085213663385e-09
6.530914280580923134e-10
0.000000000000000000e+00
0.000000000000000000e+00
0.000000000000000000e+00
0.000000000000000000e+00
0.000000000000000000e+00
0.000000000000000000e+00
0.000000000000000000e+00
0.000000000000000000e+00
0.000000000000000000e+00
1.552469369632647338e-07
4.177902208326609835e-08
0.000000000000000000e+00
0.000000000000000000e+00
0.000000000000000000e+00
0.000000000000000000e+00
0.000000000000000000e+00
0.000000000000000000e+00
0.000000000000000000e+00
0.000000000000000000e+00
0.000000000000000000e+00
2.076419528462340286e-10
1.191758439376324540e-09
1.963627522328146452e-09
2.512311623006414160e-09
2.875814632761203709e-09
3.086707861521108595e-09
3.188594346589284721e-09
3.220572329855887780e-09
0.000000000000000000e+00
0.000000000000000000e+00
3.239227907051665446e-09
3.239906885885464495e-09
3.247939517090103289e-09
3.239350474454791333e-09
3.249367002984629564e-09
3.248699262744917150e-09
3.239390015138888674e-09
3.239539845055638851e-09
3.246989588839042298e-09
3.247092171303558633e-09
3.247058167215990544e-09
3.235356744554954661e-09
3.238645141924573876e-09
3.221764748084475224e-09
3.207510679674201629e-09
3.194506393960853665e-09
3.161004979506668654e-09
3.111864776406619305e-09
3.031749234972856486e-09
2.931517228832232828e-09
2.787362554134261693e-09
2.584833457061947277e-09
2.304119741092609823e-09
1.927745210867629383e-09
1.408382962375453032e-09
7.488314430250268922e-10
0.000000000000000000e+00
0.000000000000000000e+00
0.000000000000000000e+00
0.000000000000000000e+00
0.000000000000000000e+00
0.000000000000000000e+00
0.000000000000000000e+00
0.000000000000000000e+00
0.000000000000000000e+00
1.036693582333268054e-01
5.658582226150395134e-02
0.000000000000000000e+00
0.000000000000000000e+00
0.000000000000000000e+00
0.000000000000000000e+00
0.000000000000000000e+00
0.000000000000000000e+00
0.000000000000000000e+00
0.000000000000000000e+00
0.000000000000000000e+00
2.738720675953449875e-10
1.334616359807493365e-09
2.109858202832587195e-09
2.643933558955850871e-09
2.972420846817956353e-09
3.134153411844542941e-09
3.212083764580040049e-09
0.000000000000000000e+00
0.000000000000000000e+00
3.248786435130640613e-09
3.248223542257070485e-09
3.249077339402982241e-09
3.239567363345784317e-09
3.248278490588919478e-09
3.239766584395763027e-09
3.248401003242637315e-09
3.239870609185248530e-09
3.239831225006137625e-09
3.248424700787614585e-09
3.239106758155821128e-09
3.245753500196646230e-09
3.243992475176755309e-09
3.231919604087835617e-09
3.224338904373184076e-09
3.212584716848480351e-09
3.195458479944097787e-09
3.168519776338642582e-09
3.136189818753476172e-09
3.058146167402884829e-09
2.984549277529051963e-09
2.839210427697901568e-09
2.651287769552571849e-09
2.370300091267493983e-09
1.981778775988973188e-09
1.454783753660638141e-09
7.842549566467885969e-10
0.000000000000000000e+00
0.000000000000000000e+00
0.000000000000000000e+00
0.000000000000000000e+00
0.000000000000000000e+00
0.000000000000000000e+00
0.000000000000000000e+00
0.000000000000000000e+00
0.000000000000000000e+00
0.000000000000000000e+00
2.517032109830810050e-07
0.000000000000000000e+00
0.000000000000000000e+00
0.000000000000000000e+00
0.000000000000000000e+00
0.000000000000000000e+00
0.000000000000000000e+00
0.000000000000000000e+00
0.000000000000000000e+00
0.000000000000000000e+00
5.548454025008643464e-10
1.608693831092433504e-09
2.356330919412796305e-09
2.808130751960768085e-09
3.060159067237942710e-09
3.165087939338677994e-09
0.000000000000000000e+00
0.000000000000000000e+00
3.239218705956628824e-09
3.248039327361846814e-09
3.239645642112075921e-09
3.239656848442470799e-09
3.239303930938823218e-09
3.247815376768004502e-09
3.239499557881321551e-09
3.247915279717785986e-09
3.239885761016534041e-09
3.239790336049085440e-09
3.248187740031049457e-09
3.240187369736812041e-09
3.246189547963951788e-09
3.236041889694475327e-09
3.233234952055369635e-09
3.236006686128794956e-09
3.226913506737427712e-09
3.203494889409020124e-09
3.181399308471280295e-09
3.154235647752730101e-09
3.088956549957244469e-09
3.000851278101573291e-09
2.866529304290076511e-09
2.678271710704436588e-09
2.396163793994549325e-09
1.996863269952738991e-09
1.480645136647099603e-09
7.832477223620158276e-10
0.000000000000000000e+00
0.000000000000000000e+00
0.000000000000000000e+00
0.000000000000000000e+00
0.000000000000000000e+00
0.000000000000000000e+00
0.000000000000000000e+00
0.000000000000000000e+00
0.000000000000000000e+00
0.000000000000000000e+00
9.360550257689843516e-08
0.000000000000000000e+00
0.000000000000000000e+00
0.000000000000000000e+00
0.000000000000000000e+00
0.000000000000000000e+00
0.000000000000000000e+00
0.000000000000000000e+00
0.000000000000000000e+00
0.000000000000000000e+00
9.946079102707981878e-10
1.971483625145249832e-09
2.578736301163394572e-09
2.944568632135004647e-09
3.129368937622435751e-09
0.000000000000000000e+00
0.000000000000000000e+00
3.248234772197248558e-09
3.239831620233330020e-09
3.239695473870544115e-09
3.239604518640834445e-09
3.239631351897089027e-09
3.239779239862863049e-09
3.240043356804308458e-09
3.239936616121084706e-09
3.247874765790392482e-09
3.247681110988856248e-09
3.239396786210960002e-09
3.247109255471473571e-09
3.247704902458644831e-09
3.238966324294422900e-09
3.245537805819450595e-09
3.234754218861832981e-09
3.229562209068288453e-09
3.231261293469695958e-09
3.210474998292160225e-09
3.190004111956962767e-09
3.155821477459047923e-09
3.100851125367434503e-09
3.022729573847042816e-09
2.881254619320731747e-09
2.692293734963967813e-09
2.410749715200135776e-09
2.009776377249519479e-09
1.480195432701486709e-09
7.897699579807641138e-10
0.000000000000000000e+00
0.000000000000000000e+00
0.000000000000000000e+00
0.000000000000000000e+00
0.000000000000000000e+00
0.000000000000000000e+00
0.000000000000000000e+00
0.000000000000000000e+00
0.000000000000000000e+00
0.000000000000000000e+00
0.000000000000000000e+00
0.000000000000000000e+00
0.000000000000000000e+00
0.000000000000000000e+00
0.000000000000000000e+00
0.000000000000000000e+00
0.000000000000000000e+00
0.000000000000000000e+00
0.000000000000000000e+00
2.402285979804201039e-10
1.481440201819828228e-09
2.297126582614704653e-09
2.772794203543115648e-09
3.033859574392145887e-09
0.000000000000000000e+00
0.000000000000000000e+00
3.249800117954510355e-09
3.250023903648500860e-09
3.249693856641663261e-09
3.241091053643428622e-09
3.250713076375050440e-09
3.250112328314322437e-09
3.249809025402324591e-09
3.240966337039162065e-09
3.241428934404543236e-09
3.250245948140810628e-09
3.241724169603739143e-09
3.249746193719413547e-09
3.249415668979638468e-09
3.240832140718047247e-09
3.248278782605311859e-09
3.238312931909157856e-09
3.245479004255818957e-09
3.241926691531783947e-09
3.227159604321860840e-09
3.224018877851611951e-09
3.204731862998051992e-09
3.171504934364883921e-09
3.109608690702582949e-09
3.031741616816802928e-09
2.893249708787982978e-09
2.698102813014137714e-09
2.426439449517951377e-09
2.024827999072280661e-09
1.490477698886988468e-09
7.855599078366976396e-10
0.000000000000000000e+00
0.000000000000000000e+00
0.000000000000000000e+00
0.000000000000000000e+00
0.000000000000000000e+00
0.000000000000000000e+00
0.000000000000000000e+00
0.000000000000000000e+00
0.000000000000000000e+00
0.000000000000000000e+00
0.000000000000000000e+00
0.000000000000000000e+00
0.000000000000000000e+00
0.000000000000000000e+00
0.000000000000000000e+00
0.000000000000000000e+00
0.000000000000000000e+00
0.000000000000000000e+00
0.000000000000000000e+00
8.826027811042871614e-10
1.893183308400200365e-09
2.518841299538355836e-09
2.893672083388261406e-09
0.000000000000000000e+00
0.000000000000000000e+00
3.249619933985148664e-09
3.249637498426936968e-09
3.249986242240340173e-09
3.250015026280965670e-09
3.241032476615803326e-09
3.249958306835891399e-09
3.250023554943737375e-09
3.250317017589439732e-09
3.240904671404526795e-09
3.242639734712664381e-09
3.250554862480917158e-09
3.241044432648994103e-09
3.240909021171528361e-09
3.241915564271882849e-09
3.249535984186211164e-09
3.249876449530334764e-09
3.248898917524593740e-09
3.238234434147921149e-09
3.234699111191605343e-09
3.237295393966665959e-09
3.217164642284668792e-09
3.207602903895521545e-09
3.175565690225541192e-09
3.114665562079905977e-09
3.031322124585556961e-09
2.903725763691719475e-09
2.721314578861472861e-09
2.433999652626414212e-09
2.049466879124084919e-09
1.511154501302391827e-09
8.061609524685425170e-10
0.000000000000000000e+00
0.000000000000000000e+00
0.000000000000000000e+00
0.000000000000000000e+00
0.000000000000000000e+00
0.000000000000000000e+00
0.000000000000000000e+00
0.000000000000000000e+00
0.000000000000000000e+00
0.000000000000000000e+00
0.000000000000000000e+00
8.186799983236356608e-08
0.000000000000000000e+00
0.000000000000000000e+00
0.000000000000000000e+00
0.000000000000000000e+00
0.000000000000000000e+00
0.000000000000000000e+00
1.939373099757006544e-10
1.368631329532012010e-09
2.158683802802352884e-09
2.669548872255251982e-09
0.000000000000000000e+00
0.000000000000000000e+00
3.250001759910920225e-09
3.250073387378348378e-09
3.250480478706955192e-09
3.249422992146503927e-09
3.242006590966060892e-09
3.250335002877247905e-09
3.249917013464509098e-09
3.251031822115532958e-09
3.249071601057607409e-09
3.241643927669900371e-09
3.241035596356140828e-09
3.249326689557338355e-09
3.241215166192014795e-09
3.249858454189423413e-09
3.241069744863608937e-09
3.249887463749038228e-09
3.240363154801842948e-09
3.239572763844343923e-09
3.237185940907063692e-09
3.236164315440908370e-09
3.238089964499398236e-09
3.227852363702742844e-09
3.210397393493952750e-09
3.179662061698185496e-09
3.121256587476258657e-09
3.057759176252289555e-09
2.924233397430680021e-09
2.728772646207962013e-09
2.462752839171925449e-09
2.064333083399213646e-09
1.540188987604116522e-09
8.548193919101711961e-10
0.000000000000000000e+00
0.000000000000000000e+00
0.000000000000000000e+00
0.000000000000000000e+00
0.000000000000000000e+00
0.000000000000000000e+00
0.000000000000000000e+00
0.000000000000000000e+00
0.000000000000000000e+00
0.000000000000000000e+00
0.000000000000000000e+00
1.102033071710529881e-02
6.192248025713029125e-02
0.000000000000000000e+00
0.000000000000000000e+00
0.000000000000000000e+00
0.000000000000000000e+00
0.000000000000000000e+00
7.218019312676526803e-10
1.698969659969779899e-09
2.401436308436718220e-09
0.000000000000000000e+00
0.000000000000000000e+00
3.250118824806668017e-09
3.249743368471002864e-09
3.250256462032529850e-09
3.249847909939451513e-09
3.249755748929168421e-09
3.250362486497349253e-09
3.241520894051278582e-09
3.249942570990383885e-09
3.249366496728292269e-09
3.249661210291302342e-09
3.241601526895412951e-09
3.249886180913658805e-09
3.241814815045556187e-09
3.241126804413738728e-09
3.240618524792700544e-09
3.249711932522970408e-09
3.241696315213467923e-09
3.249626438469558639e-09
3.248576979983262986e-09
3.238430666456394486e-09
3.236243780926201855e-09
3.230158917488252098e-09
3.228942991034915546e-09
3.204927733692805606e-09
3.184256582039215265e-09
3.136512534354363383e-09
3.059826620914247170e-09
2.931487218301632145e-09
2.750244597610447703e-09
2.502413994835209861e-09
2.129112826783089526e-09
1.624278535035279964e-09
9.697972243092163477e-10
1.764123600472558010e-10
0.000000000000000000e+00
0.000000000000000000e+00
0.000000000000000000e+00
0.000000000000000000e+00
0.000000000000000000e+00
0.000000000000000000e+00
0.000000000000000000e+00
0.000000000000000000e+00
0.000000000000000000e+00
0.000000000000000000e+00
2.919010924379543057e-02
0.000000000000000000e+00
0.000000000000000000e+00
0.000000000000000000e+00
0.000000000000000000e+00
0.000000000000000000e+00
0.000000000000000000e+00
1.112934591786935506e-09
2.031447127718892592e-09
0.000000000000000000e+00
0.000000000000000000e+00
3.250210460523462711e-09
3.250212088373810574e-09
3.250006292752034287e-09
3.250530875197609119e-09
3.250517735509431590e-09
3.250252819225090760e-09
3.250461110616737329e-09
3.250108139480070296e-09
3.249010655162148756e-09
3.241795070488158026e-09
3.250029745520686410e-09
3.249771638928796871e-09
3.250029046804925033e-09
3.241366216257131040e-09
3.241146738558816531e-09
3.241242879852187245e-09
3.241163269005756916e-09
3.249311272241777222e-09
3.249867793766527986e-09
3.249180339822621879e-09
3.247639678298880309e-09
3.244432067526705620e-09
3.248573393385222271e-09
3.222819697592612164e-09
3.215939725984449026e-09
3.189129652116760171e-09
3.144170471252110050e-09
3.072693578616309113e-09
2.960829371485179511e-09
2.792250443291297937e-09
2.557975680644458979e-09
2.221891344806538751e-09
1.774934552979660690e-09
1.216253106781721490e-09
5.473306086915891154e-10
0.000000000000000000e+00
0.000000000000000000e+00
0.000000000000000000e+00
0.000000000000000000e+00
0.000000000000000000e+00
0.000000000000000000e+00
0.000000000000000000e+00
0.000000000000000000e+00
0.000000000000000000e+00
0.000000000000000000e+00
8.904734283959827411e-08
0.000000000000000000e+00
0.000000000000000000e+00
0.000000000000000000e+00
0.000000000000000000e+00
0.000000000000000000e+00
4.596556422607138846e-10
1.610221419401319104e-09
0.000000000000000000e+00
0.000000000000000000e+00
3.250837515074082822e-09
3.250238449261910109e-09
3.249996257153650039e-09
3.249961789190526973e-09
3.249220685442897032e-09
3.250621096707933275e-09
3.249870272985922485e-09
3.241113484981629459e-09
3.241281073435099320e-09
3.241130046363809949e-09
3.241571844090742240e-09
3.241789181268226178e-09
3.250281752125531789e-09
3.249491701795674940e-09
3.240613244727917053e-09
3.249605602325782646e-09
3.250007651614214122e-09
3.249574025925652762e-09
3.249281970608123809e-09
3.240962363012225465e-09
3.240403146942560822e-09
3.248073232076312310e-09
3.245971979439978295e-09
3.232776882916549334e-09
3.224606035500128609e-09
3.220141424092478692e-09
3.186747673881074094e-09
3.145316406307106320e-09
3.091128319683674364e-09
2.983804685809533189e-09
2.855465530316247285e-09
2.640595260560863341e-09
2.368331118481242478e-09
2.005611095185029221e-09
1.586261966816339346e-09
1.045356312943601308e-09
4.602929129029403224e-10
0.000000000000000000e+00
0.000000000000000000e+00
0.000000000000000000e+00
0.000000000000000000e+00
0.000000000000000000e+00
0.000000000000000000e+00
0.000000000000000000e+00
0.000000000000000000e+00
0.000000000000000000e+00
0.000000000000000000e+00
0.000000000000000000e+00
0.000000000000000000e+00
0.000000000000000000e+00
0.000000000000000000e+00
0.000000000000000000e+00
1.135974391690143477e-09
0.000000000000000000e+00
0.000000000000000000e+00
3.250628466733034435e-09
3.249665097736052259e-09
3.250146293436381448e-09
3.249417680302922782e-09
3.249727728015052037e-09
3.249526829429852310e-09
3.249787563906518529e-09
3.241366691578902796e-09
3.249681322382146138e-09
3.250727538820680126e-09
3.241607800865947733e-09
3.249668984899662097e-09
3.241532603401079311e-09
3.250677239134963360e-09
3.242079343902091356e-09
3.241474940964907486e-09
3.241235138370431579e-09
3.249913335412159353e-09
3.240887859284434945e-09
3.249931109603066162e-09
3.250119162960191473e-09
3.240481228643969591e-09
3.248069697410524163e-09
3.246463937782731356e-09
3.242757312507778237e-09
3.244035964935645363e-09
3.215483883818681429e-09
3.203132676234343215e-09
3.169247937616663852e-09
3.116826391194039895e-09
3.037854529401930556e-09
2.931482740259214517e-09
2.762301714636221842e-09
2.565966337481992125e-09
2.291772754618475564e-09
1.961051880415261692e-09
1.581221737035301079e-09
1.130042300663637149e-09
6.208877044663985315e-10
3.306865764217788370e-11
0.000000000000000000e+00
0.000000000000000000e+00
0.000000000000000000e+00
0.000000000000000000e+00
0.000000000000000000e+00
0.000000000000000000e+00
0.000000000000000000e+00
2.879562113225087386e-02
0.000000000000000000e+00
0.000000000000000000e+00
0.000000000000000000e+00
0.000000000000000000e+00
5.930668993551601292e-10
0.000000000000000000e+00
0.000000000000000000e+00
3.249740168991783177e-09
3.250177168337458834e-09
3.249656481792223447e-09
3.249605140535847365e-09
3.250548075760752545e-09
3.250073473824702906e-09
3.249730050353626455e-09
3.249874522735947791e-09
3.242014951050064823e-09
3.241345212710611458e-09
3.241169648497533722e-09
3.250300396115937822e-09
3.241300462390088280e-09
3.241152600867193119e-09
3.240965587889513009e-09
3.250336742256302751e-09
3.249633935015817688e-09
3.250251179229525828e-09
3.250133860776982800e-09
3.249991731407287666e-09
3.249611784394755565e-09
3.241605913828158080e-09
3.240823272658392505e-09
3.239688163073583209e-09
3.247512534124534279e-09
3.235498786438144185e-09
3.230528852593935061e-09
3.220847019741471792e-09
3.204612654268209131e-09
3.180506697457770809e-09
3.149402784375818402e-09
3.083120691052440889e-09
3.008564751992873377e-09
2.894311882765802668e-09
2.750708896240917377e-09
2.570528692159676731e-09
2.320728230061198836e-09
2.039896823641882529e-09
1.677063913132273496e-09
1.236083597807162855e-09
7.014841729245494853e-10
4.850256393578598920e-11
0.000000000000000000e+00
0.000000000000000000e+00
0.000000000000000000e+00
0.000000000000000000e+00
0.000000000000000000e+00
6.511674585583990260e-02
0.000000000000000000e+00
0.000000000000000000e+00
0.000000000000000000e+00
0.000000000000000000e+00
0.000000000000000000e+00
0.000000000000000000e+00
0.000000000000000000e+00
3.249925736178046940e-09
3.249689774903490464e-09
3.250525769467656666e-09
3.249775142140289905e-09
3.250280306977426212e-09
3.250081575713661339e-09
3.250032398173716455e-09
3.249049080506230916e-09
3.249849695258617902e-09
3.249255243608184888e-09
3.249976296907719737e-09
3.241167934036028829e-09
3.240558984425789988e-09
3.250458729994083891e-09
3.241394577803070997e-09
3.250199334865922543e-09
3.249631348119593156e-09
3.250511677570555460e-09
3.249883668374285654e-09
3.250652746504032176e-09
3.249312918044429228e-09
3.250083020946599665e-09
3.249528718468357359e-09
3.249252720180638711e-09
3.248597123254850785e-09
3.239159914612169281e-09
3.237365907724508996e-09
3.250390638694971974e-09
3.234386998402236034e-09
3.224875071316671661e-09
3.207270153136287424e-09
3.181647967501450836e-09
3.134147147471751305e-09
3.087133370089129319e-09
3.007585154491597816e-09
2.917112338964511064e-09
2.770008682519140862e-09
2.581525156330565411e-09
2.327772412575426734e-09
1.992129291088958220e-09
1.530830674382280321e-09
9.292891681952395836e-10
1.443154794802861440e-10
0.000000000000000000e+00
0.000000000000000000e+00
0.000000000000000000e+00
0.000000000000000000e+00
0.000000000000000000e+00
0.000000000000000000e+00
0.000000000000000000e+00
0.000000000000000000e+00
0.000000000000000000e+00
0.000000000000000000e+00
0.000000000000000000e+00
0.000000000000000000e+00
3.250504470463453325e-09
3.249515979566621097e-09
3.249701308188878847e-09
3.250252925373292261e-09
3.250474800230811231e-09
3.249706112231642076e-09
3.249827998655874434e-09
3.250541620625231089e-09
3.250361003393625345e-09
3.249807252794723917e-09
3.249913234557676786e-09
3.249769786181820457e-09
3.241136283049056612e-09
3.249799742510785739e-09
3.249767040949782516e-09
3.249820157753370158e-09
3.250044119948894122e-09
3.250394713218760017e-09
3.249659607417085363e-09
3.259172154229473205e-09
3.250684066281231218e-09
3.250280709149280027e-09
3.240926208994925270e-09
3.249296744812000680e-09
3.241277499511869376e-09
3.240877179130162439e-09
3.248857892383338332e-09
3.247386066242592824e-09
3.245513708057899943e-09
3.241014135927026352e-09
3.216842782769771067e-09
3.215018003151316299e-09
3.198229578805627108e-09
3.173013904752332105e-09
3.134009737639073189e-09
3.084303887054018529e-09
3.014929894545037529e-09
2.886443052627228974e-09
2.698255127604352354e-09
2.425418045619915996e-09
2.035407301974875176e-09
1.512366459963533917e-09
7.483454643900416357e-10
0.000000000000000000e+00
0.000000000000000000e+00
0.000000000000000000e+00
0.000000000000000000e+00
0.000000000000000000e+00
0.000000000000000000e+00
0.000000000000000000e+00
0.000000000000000000e+00
0.000000000000000000e+00
0.000000000000000000e+00
0.000000000000000000e+00
0.000000000000000000e+00
3.250652326980380045e-09
3.250833827611362470e-09
3.249819225823320588e-09
3.250220131104972606e-09
3.249890288121841423e-09
3.250256527847153220e-09
3.250109878918973727e-09
3.249440379330008867e-09
3.250064066485451830e-09
3.250359260261695073e-09
3.250322035470901585e-09
3.249811243090028419e-09
3.241650910231509231e-09
3.250475878021398014e-09
3.250876693573694236e-09
3.250111756908435250e-09
3.250150856599075134e-09
3.249761647418924205e-09
3.241483964281459677e-09
3.241011361094320264e-09
3.242346918083106958e-09
3.249606172390147489e-09
3.241363104031600363e-09
3.250818921498680350e-09
3.241337911906939473e-09
3.241491022936304786e-09
3.258072321293997608e-09
3.248886507348114688e-09
3.239008481859450129e-09
3.247002594698833606e-09
3.235936162567351229e-09
3.223211448657646055e-09
3.234252192599932589e-09
3.223159059985007986e-09
3.203262059356037448e-09
3.163182485087184874e-09
3.119191056122514392e-09
3.034525945526508622e-09
2.900277607879790238e-09
2.697905277171296154e-09
2.373436790344833395e-09
1.924549575090980155e-09
1.288217619026742672e-09
4.380656517861651940e-10
0.000000000000000000e+00
0.000000000000000000e+00
0.000000000000000000e+00
0.000000000000000000e+00
0.000000000000000000e+00
0.000000000000000000e+00
0.000000000000000000e+00
0.000000000000000000e+00
0.000000000000000000e+00
0.000000000000000000e+00
0.000000000000000000e+00
3.249677717484381286e-09
3.250226851474353161e-09
3.250721787641377234e-09
3.249952763322486965e-09
3.250015504701675705e-09
3.250410809829809075e-09
3.249396040789509677e-09
3.250265213086388450e-09
3.250272656418668646e-09
3.250825303482171247e-09
3.250770931918097983e-09
3.250666418948141087e-09
3.250398678987352856e-09
3.241663445600729263e-09
3.250250912525490916e-09
3.258373113146031934e-09
3.249849168440318825e-09
3.242257223628884725e-09
3.250041266459505005e-09
3.240673091014118107e-09
3.250026524157615729e-09
3.249990152633226816e-09
3.240998718827133952e-09
3.241921887106470365e-09
3.241207188925529103e-09
3.249992755099618842e-09
3.241652982596885047e-09
3.240860219976154515e-09
3.240549093529619608e-09
3.249129300323989391e-09
3.239787009263182826e-09
3.246914879248050361e-09
3.244834767722489087e-09
3.230004497211372323e-09
3.220209439947455394e-09
3.204134593181684624e-09
3.172941659031876865e-09
3.128584939484580915e-09
3.039076530504443962e-09
2.884755961707185049e-09
2.659370871280059142e-09
2.322460984150991337e-09
1.850059127103386759e-09
1.217367149971851278e-09
4.208084349660337670e-10
0.000000000000000000e+00
0.000000000000000000e+00
0.000000000000000000e+00
0.000000000000000000e+00
0.000000000000000000e+00
0.000000000000000000e+00
0.000000000000000000e+00
0.000000000000000000e+00
0.000000000000000000e+00
0.000000000000000000e+00
3.249787455035862973e-09
3.250060860188811780e-09
3.249904500993240743e-09
3.250465396116545871e-09
3.249858796043329000e-09
3.249635628539464286e-09
3.249795838158811104e-09
3.249702721061517339e-09
3.250855508004160561e-09
3.249677549071468189e-09
3.250385460630593718e-09
3.250313094768950207e-09
3.249595206337257886e-09
3.250138607709847820e-09
3.250245747242583408e-09
3.249853125273600808e-09
3.250183765397788427e-09
3.249560679668201959e-09
3.250166533152721363e-09
3.250147943432933458e-09
3.249768143680763499e-09
3.241338657781544738e-09
3.241441701038913673e-09
3.241295951124064747e-09
3.241491306566097397e-09
3.249713938636813500e-09
3.241043309964102707e-09
3.249815294473218383e-09
3.241525194625710153e-09
3.232578487518848708e-09
3.249332634313761285e-09
3.249064813951456748e-09
3.248239164983346214e-09
3.245668974026288587e-09
3.241303984626892981e-09
3.223437797012079190e-09
3.207600391699301790e-09
3.178307392755162962e-09
3.125833322251596022e-09
3.039729906189439086e-09
2.907720880246898685e-09
2.692559595531990055e-09
2.357190209288282333e-09
1.928648058122917082e-09
1.352027538453505955e-09
7.000822942293669156e-10
8.131422409353228163e-11
0.000000000000000000e+00
0.000000000000000000e+00
0.000000000000000000e+00
1.191120966774556617e-02
3.117353487639078560e-02
1.041546165206211954e-09
0.000000000000000000e+00
0.000000000000000000e+00
0.000000000000000000e+00
0.000000000000000000e+00
0.000000000000000000e+00
0.000000000000000000e+00
0.000000000000000000e+00
0.000000000000000000e+00
0.000000000000000000e+00
0.000000000000000000e+00
0.000000000000000000e+00
0.000000000000000000e+00
0.000000000000000000e+00
0.000000000000000000e+00
0.000000000000000000e+00
0.000000000000000000e+00
0.000000000000000000e+00
0.000000000000000000e+00
0.000000000000000000e+00
0.000000000000000000e+00
0.000000000000000000e+00
0.000000000000000000e+00
0.000000000000000000e+00
0.000000000000000000e+00
0.000000000000000000e+00
0.000000000000000000e+00
0.000000000000000000e+00
0.000000000000000000e+00
0.000000000000000000e+00
0.000000000000000000e+00
0.000000000000000000e+00
0.000000000000000000e+00
0.000000000000000000e+00
0.000000000000000000e+00
0.000000000000000000e+00
0.000000000000000000e+00
0.000000000000000000e+00
0.000000000000000000e+00
0.000000000000000000e+00
0.000000000000000000e+00
0.000000000000000000e+00
0.000000000000000000e+00
0.000000000000000000e+00
0.000000000000000000e+00
0.000000000000000000e+00
0.000000000000000000e+00
0.000000000000000000e+00
0.000000000000000000e+00
0.000000000000000000e+00
0.000000000000000000e+00
0.000000000000000000e+00
0.000000000000000000e+00
0.000000000000000000e+00
0.000000000000000000e+00
0.000000000000000000e+00
0.000000000000000000e+00
