#Lower limit for the Conditional distribution of radius given mass from initial fitting w/o bootstrap
2.660494163456014194e-01
-1.739570861211965636e-01
-1.707815327850348841e-01
-1.675483405878087917e-01
-1.642629337830093517e-01
-1.609311488441528548e-01
-1.575591510141057805e-01
-1.541533405189027817e-01
-1.507202519416917796e-01
-1.472664506477498747e-01
-1.437984302644346180e-01
-1.403225150390060849e-01
-1.368447704503196749e-01
-1.333709247944259435e-01
-1.299063036779602720e-01
-1.264557785076934893e-01
-1.230237292693194123e-01
-1.196140211510088591e-01
-1.162299939976177143e-01
-1.128744631453903746e-01
-1.095497299234979571e-01
-1.062575999802463644e-01
-1.029994076010360415e-01
-9.977604427594090331e-02
-9.658798994136316707e-02
-9.343534552248622393e-02
-9.031786562352538128e-02
-8.723499043225525773e-02
-8.418587611142025473e-02
-8.116942313425744293e-02
-7.818430218009835009e-02
-7.522897733736987058e-02
-7.230172646583726825e-02
-6.940065864949244989e-02
-6.652372872871198384e-02
-6.366874893809036651e-02
-6.083339769758001198e-02
-5.801522561190276123e-02
-5.521165872894313875e-02
-5.241999909388364576e-02
-4.963742261366321101e-02
-4.686097421694174897e-02
-4.408756025875070622e-02
-4.131393807658580164e-02
-3.853670255565782438e-02
-3.575226950477795179e-02
-3.295685557990706005e-02
-3.014645441835420853e-02
-2.731680856105759767e-02
-2.446337664091433051e-02
-2.158129519867671778e-02
-1.866533435068115643e-02
-1.570984636985512176e-02
-1.270870604713354897e-02
-9.655241467205271169e-03
-6.542153551160670259e-03
-3.361422377501299078e-03
-1.041978774593755095e-04
3.239328007924234705e-03
6.680071246666819881e-03
1.023023202055044038e-02
1.390350268363206403e-02
1.771531384125165504e-02
2.168312650587884277e-02
2.582678019951355902e-02
3.016890925153677475e-02
3.473544263635423845e-02
3.955620665451709678e-02
4.466565492366388057e-02
5.010375693787035706e-02
5.591708547597777634e-02
6.216015529801006273e-02
6.889708217210767371e-02
7.620365431318626426e-02
8.416994082019405021e-02
9.290360844468603663e-02
1.025341864641124562e-01
1.132186218323850829e-01
1.251486229337799017e-01
1.385605333982767862e-01
1.537488631171670117e-01
1.710852253736521722e-01
1.910454412600507967e-01
2.142492125469350195e-01
2.415193095688462077e-01
2.739705528578997851e-01
3.131400495122703131e-01
3.611514766928752840e-01
4.207802422493278072e-01
4.947016164166461172e-01
5.816721286313157879e-01
6.700080899074619678e-01
7.439160472727341933e-01
7.986163367602255869e-01
8.374397864622052934e-01
8.645571427194628233e-01
8.830112187692085168e-01
8.948153138042046484e-01
9.012897496493884608e-01
9.033069081063214156e-01
