#Conditional distribution of radius given mass from initial fitting w/o bootstrap
7.055422807885330938e-01
1.182444012132542570e-02
2.517714421100744268e-02
3.741940146487038321e-02
4.870153165912607246e-02
5.914825221141900569e-02
6.886392589307685497e-02
7.793657043952265107e-02
8.644095808035223705e-02
9.444103737278984612e-02
1.019918443175707873e-01
1.091410243362672811e-01
1.159300547212856469e-01
1.223952343597061732e-01
1.285684910552126470e-01
1.344780447336492990e-01
1.401489559278919217e-01
1.456035823078299096e-01
1.508619610309140380e-01
1.559421308999200950e-01
1.608604054147356466e-01
1.656316055687439281e-01
1.702692595037956225e-01
1.747857747803884532e-01
1.791925879523895426e-01
1.835002952918749763e-01
1.877187678394264814e-01
1.918572534206305358e-01
1.959244678417359498e-01
1.999286771343231350e-01
2.038777724433998850e-01
2.077793389323796813e-01
2.116407199016762386e-01
2.154690771771908542e-01
2.192714487145392133e-01
2.230548042796047792e-01
2.268261000021125906e-01
2.305923325534389723e-01
2.343605936705228932e-01
2.381381257327468137e-01
2.419323790966738386e-01
2.457510719035072566e-01
2.496022530952877183e-01
2.534943694074946463e-01
2.574363371472916939e-01
2.614376196175220435e-01
2.655083111059781675e-01
2.696592284264088812e-01
2.739020110706978373e-01
2.782492311085332792e-01
2.827145140485070596e-01
2.873126719484881963e-01
2.920598501268595881e-01
2.969736888708515710e-01
3.020735015512485688e-01
3.073804705171060414e-01
3.129178620364634344e-01
3.187112613380082005e-01
3.247888284522318925e-01
3.311815749932118802e-01
3.379236611907131538e-01
3.450527112819088971e-01
3.526101436806544642e-01
3.606415100052206557e-01
3.691968338697299568e-01
3.783309360945029676e-01
3.881037273859759829e-01
3.985804422574203421e-01
4.098317786616281211e-01
4.219338961473038108e-01
4.349682110611305941e-01
4.490209102969420218e-01
4.641820855752561981e-01
4.805443690307190652e-01
4.982009297204295639e-01
5.172426726356668114e-01
5.377544718862106166e-01
5.598102753248855867e-01
5.834669491310393585e-01
6.087568004798533661e-01
6.356788384547931159e-01
6.641890203702764950e-01
6.941899885603309839e-01
7.255211230763037866e-01
7.579500867572179779e-01
7.911673574132084275e-01
8.247854307549670194e-01
8.583443185377831464e-01
8.913245481717795293e-01
9.231680368457944041e-01
9.533060167943795404e-01
9.811918210664630768e-01
1.006335117826961278e+00
1.028333466472298063e+00
1.046897137137824174e+00
1.061864055894460090e+00
1.073203320226643109e+00
1.081007576025992289e+00
1.085476196609573840e+00
1.086892292414773920e+00
