#Upper limit for the Conditional distribution of radius given mass from initial fitting w/o bootstrap
1.132111291156532751e+00
2.078363034437973045e-01
2.323897022221475539e-01
2.544919794344605579e-01
2.743356434041873682e-01
2.921657197133947781e-01
3.082348809647577625e-01
3.227799855444034582e-01
3.360122259770049746e-01
3.481148138516251822e-01
3.592443540715067329e-01
3.695337387751668756e-01
3.790954394396062188e-01
3.880246688602883021e-01
3.964021986602437875e-01
4.042967744006937814e-01
4.117671425080264291e-01
4.188637321839165373e-01
4.256300433239279535e-01
4.321037897066498101e-01
4.383178411374419881e-01
4.443010016305369292e-01
4.500786543667048001e-01
4.556732985429228777e-01
4.611049985301639009e-01
4.663917618306060442e-01
4.715498592017417501e-01
4.765940977725132699e-01
4.815380559623490542e-01
4.863942874096037206e-01
4.911744998452482469e-01
4.958897138447543318e-01
5.005504056036947924e-01
5.051666372701332230e-01
5.097481778961174825e-01
5.143046177208584480e-01
5.188454782468608917e-01
5.233803204091621586e-01
5.279188530561147452e-01
5.324710439547665208e-01
5.370472356044679874e-01
5.416582682924847569e-01
5.463156130630497653e-01
5.510315176091594713e-01
5.558191685531552739e-01
5.606928741836362251e-01
5.656682724981455523e-01
5.707625704113820087e-01
5.759948212935477319e-01
5.813862496818480441e-01
5.869606342158364409e-01
5.927447626609005926e-01
5.987689766661227209e-01
6.050678288023275675e-01
6.116808810196500135e-01
6.186536824232962140e-01
6.260389761239182338e-01
6.338982009541754836e-01
6.423033756762016599e-01
6.513394830302547955e-01
6.611075112494233519e-01
6.717283643716329689e-01
6.833479216209844553e-01
6.961436069184843145e-01
7.103329019164706937e-01
7.261842303577229485e-01
7.440303523265268115e-01
7.642832607163663194e-01
7.874460377526747434e-01
8.141073794126456598e-01
8.448804661411358774e-01
8.802011282917939772e-01
9.198663594736445903e-01
9.623864204647536447e-01
1.004874997143668569e+00
1.044255697671960359e+00
1.078741607231869626e+00
1.108029745115545639e+00
1.132624707650342843e+00
1.153257455430932277e+00
1.170621733372059659e+00
1.185298678356056401e+00
1.197754637787841414e+00
1.208359652618238966e+00
1.217408010196586510e+00
1.225135645375178717e+00
1.231733669331064096e+00
1.237358574989525950e+00
1.242139874470493677e+00
1.246185827680792668e+00
1.249587770075132109e+00
1.252423413260771667e+00
1.254759388626266681e+00
1.256653228550181467e+00
1.258154925747405617e+00
1.259308172956127070e+00
1.260151357917970616e+00
1.260718369138221995e+00
1.261039253905937851e+00
1.261140759887564577e+00
