#Upper limit for the Conditional distribution of radius given mass from initial fitting w/o bootstrap
1.307942619931615313e+00
-1.155590760325970745e-01
-1.155320118718414224e-01
-1.153852132136301278e-01
-1.148984355508832628e-01
-1.136514101632524754e-01
-1.109192661507459876e-01
-1.055098913588147780e-01
-9.549391651692314131e-02
-7.780821602127035996e-02
-4.820455563716730119e-02
-4.083352616596726964e-03
4.852685122256505251e-02
9.800223239605418413e-02
1.385056065881021814e-01
1.698519780233113396e-01
1.936356994023543943e-01
2.116090021482237016e-01
2.252689973404540802e-01
2.357964584188048940e-01
2.440890128130011882e-01
2.508166373598030296e-01
2.564763396112801352e-01
2.614383367620872201e-01
2.659822136836534900e-01
2.703240465537077308e-01
2.746362559212259802e-01
2.790619568735227540e-01
2.837252111336960314e-01
2.887383508421358380e-01
2.942070018537926157e-01
3.002333219660209274e-01
3.069176074951168176e-01
3.143582321015290226e-01
3.226496842762331951e-01
3.318783380105334579e-01
3.421155960922656614e-01
3.534082930741043738e-01
3.657669976465771078e-01
3.791538757949791116e-01
3.934733499185572581e-01
4.085694613448859758e-01
4.242331669186242826e-01
4.402198584710950158e-01
4.562735685902443716e-01
4.721516011830725335e-01
4.876437414913517010e-01
5.025829986325053289e-01
5.168481765587062959e-01
5.303606137821540445e-01
5.430778907574473902e-01
5.549867372193094672e-01
5.660964720148918827e-01
5.764335894297971663e-01
5.860376335355794719e-01
5.949583103912965409e-01
6.032536458712405292e-01
6.109891141113419355e-01
6.182376334689236863e-01
6.250804511916058237e-01
6.316090197233248382e-01
6.379280889362884954e-01
6.441604009193837577e-01
6.504536133915411744e-01
6.569904542054993968e-01
6.640037310768139855e-01
6.717988902646919724e-01
6.807887250467824503e-01
6.915483317468767988e-01
7.049048860077261613e-01
7.220880341369093625e-01
7.449797982819903464e-01
7.764667424191762368e-01
8.204465747913403106e-01
8.788761337110325700e-01
9.437291734016665101e-01
1.001393505136687567e+00
1.047271963563163988e+00
1.082909025293882888e+00
1.110551656277187327e+00
1.131936089489495645e+00
1.148339923264098505e+00
1.160750821316112624e+00
1.169975503747970436e+00
1.176693063932010563e+00
1.181476595385600348e+00
1.184801997917337202e+00
1.187054559872985804e+00
1.188537524151290103e+00
1.189482926744047653e+00
1.190063521661604895e+00
1.190404476740724915e+00
1.190593940608279055e+00
1.190692053752735902e+00
1.190738322985764652e+00
1.190757477114134932e+00
1.190764009204378526e+00
1.190765630989965906e+00
1.190765850687662830e+00
5.484657149725330472e-01
