#Weights for Beta densities from initial fitting w/o bootstrap
0.000000000000000000e+00
0.000000000000000000e+00
0.000000000000000000e+00
0.000000000000000000e+00
2.559557194046999286e-13
4.008721909416510794e-13
5.103417379202665361e-13
5.297493526872798595e-13
6.408160481992744885e-13
6.608785780486208910e-13
6.764521311117734232e-13
5.790634715082276350e-13
6.551514255209938372e-13
6.537894402022337286e-13
5.994053230449859810e-13
6.777970487581960275e-13
6.376383627926930544e-13
3.965306324394787113e-02
0.000000000000000000e+00
0.000000000000000000e+00
0.000000000000000000e+00
2.789204178007797795e-13
3.836527688765425474e-13
5.071846183558681344e-13
5.600057205283796573e-13
5.747656442002238385e-13
5.994502430638425492e-13
6.068762032628993126e-13
6.011975299407292889e-13
6.665244093842537723e-13
5.994753970488982192e-13
6.228433320886754182e-13
6.447165770445418205e-13
5.945747623819477180e-13
0.000000000000000000e+00
0.000000000000000000e+00
0.000000000000000000e+00
0.000000000000000000e+00
1.574262363144089707e-13
4.000491102654543634e-13
4.779284181078730394e-13
5.729853948435682437e-13
5.581107760945392552e-13
5.814996938169631797e-13
6.143003768320630185e-13
6.591300023133328017e-13
5.609791615554262016e-13
6.288870977670090750e-13
5.710638638280554375e-13
6.772135836646451673e-13
6.984199874921863740e-13
0.000000000000000000e+00
0.000000000000000000e+00
0.000000000000000000e+00
0.000000000000000000e+00
1.086133985459419157e-13
3.265169929629705521e-13
4.738059011110320358e-13
5.293129399178375938e-13
5.547373613304391226e-13
6.309705052851541736e-13
5.643925809854135351e-13
4.653654728256074069e-13
6.196919989159217484e-13
7.232639691098954185e-13
6.332315000290351062e-13
6.544914249020691520e-13
6.125064139272764496e-13
0.000000000000000000e+00
0.000000000000000000e+00
0.000000000000000000e+00
0.000000000000000000e+00
5.212069019734628933e-14
3.742170694612938598e-13
5.050086394747334735e-13
4.801703336065930881e-13
5.016079434872943690e-13
6.384437620516196453e-13
5.992986760844884338e-13
6.286864806255396343e-13
6.025510694452979157e-13
5.691350489580699985e-13
6.545580558268784148e-13
6.416810361316093513e-13
6.749235488101812111e-13
0.000000000000000000e+00
0.000000000000000000e+00
4.413334916858164397e-02
0.000000000000000000e+00
1.119737279953378313e-13
3.639987001546332172e-13
4.426463383767050661e-13
5.253303164538012732e-13
4.864894288525468018e-13
5.245040236173287691e-13
5.476777460083553968e-13
6.317663870713970297e-13
6.426945993249416489e-13
6.303134185648623191e-13
6.543077969771243993e-13
5.437682335308707727e-13
6.058620644920322490e-13
0.000000000000000000e+00
0.000000000000000000e+00
0.000000000000000000e+00
4.339984446541822471e-01
2.446785906186346046e-13
3.989878640899785403e-13
3.981628187849574719e-13
3.875476033491292210e-13
4.215109016256102393e-13
5.345024917302376161e-13
4.571334121108034871e-13
4.913711546177143761e-13
5.800334628758460335e-13
6.150952537984208033e-13
6.070186125331720218e-13
6.283546973957112342e-13
6.607967064605474436e-13
1.911549530975765999e-13
0.000000000000000000e+00
0.000000000000000000e+00
2.073952847631059428e-13
3.964577859317617306e-13
3.124331177921774537e-13
2.962436954758597098e-13
2.059424911630086433e-13
2.724063203922565828e-13
2.793780608678277124e-13
3.898576384608724332e-13
5.559575252153878259e-13
5.581991815618728559e-13
6.153179673328300752e-13
5.596127653101408050e-13
6.367728502183986546e-13
6.276027771262825654e-13
4.331357528053841385e-13
3.277475867253497111e-13
3.672650846712922169e-13
4.039994844628161478e-13
2.951471550876809662e-13
1.639642657021216460e-13
1.703128981359621880e-14
0.000000000000000000e+00
0.000000000000000000e+00
0.000000000000000000e+00
1.177983093972798517e-14
3.348443095479279824e-13
4.386701991670375062e-13
5.537777800936275758e-13
5.687303185894253036e-13
6.416008410073727130e-13
6.028980642469233396e-13
5.909708552974208914e-13
4.886103161555664439e-13
4.705905233274410208e-13
4.353724988631806234e-13
2.478448539025935548e-13
1.543406521665095140e-14
2.111328401113760911e-01
0.000000000000000000e+00
0.000000000000000000e+00
0.000000000000000000e+00
0.000000000000000000e+00
2.686253815721357525e-14
3.017610673869135140e-13
5.545958261572903942e-13
6.263510124349566949e-13
5.693644641790494771e-13
6.570113580723871538e-13
5.597759054741446958e-13
6.078898268294400276e-13
5.683483061558723881e-13
4.459530835502718451e-13
1.878501699960964481e-13
0.000000000000000000e+00
0.000000000000000000e+00
1.452175598579594495e-01
0.000000000000000000e+00
0.000000000000000000e+00
0.000000000000000000e+00
0.000000000000000000e+00
1.276742264029027776e-13
4.117477874342743536e-13
5.374423812574015513e-13
5.574806661451411495e-13
6.983228543572944665e-13
6.113226909521395344e-13
5.854826644757022810e-13
5.399636857547225798e-13
4.694442491868040073e-13
2.273460112221000171e-13
0.000000000000000000e+00
0.000000000000000000e+00
0.000000000000000000e+00
0.000000000000000000e+00
0.000000000000000000e+00
0.000000000000000000e+00
0.000000000000000000e+00
0.000000000000000000e+00
1.061926725321651107e-13
4.000803361345637547e-13
6.320122198642677385e-13
6.159607562295131082e-13
6.351894609191660995e-13
5.999371553696016853e-13
6.321015573197456648e-13
5.317417869464769631e-13
2.757413554425917201e-13
0.000000000000000000e+00
0.000000000000000000e+00
0.000000000000000000e+00
0.000000000000000000e+00
0.000000000000000000e+00
0.000000000000000000e+00
0.000000000000000000e+00
0.000000000000000000e+00
0.000000000000000000e+00
7.728837856565476293e-14
4.117872827361810793e-13
5.615025082971585345e-13
6.439896619088204911e-13
6.881337502750601325e-13
6.014384255923766408e-13
5.385115803525338735e-13
4.139907638165560634e-13
1.025741300412405246e-13
0.000000000000000000e+00
0.000000000000000000e+00
0.000000000000000000e+00
0.000000000000000000e+00
0.000000000000000000e+00
0.000000000000000000e+00
0.000000000000000000e+00
0.000000000000000000e+00
0.000000000000000000e+00
1.859547192116105319e-13
5.864135080851271762e-13
6.469750061361914597e-13
6.293997434725558046e-13
5.909115085060767723e-13
6.194932782982462674e-13
4.315513071187640691e-13
3.135121029353182023e-13
1.536140394426030704e-13
0.000000000000000000e+00
0.000000000000000000e+00
0.000000000000000000e+00
0.000000000000000000e+00
0.000000000000000000e+00
0.000000000000000000e+00
0.000000000000000000e+00
0.000000000000000000e+00
0.000000000000000000e+00
4.269643252984959827e-13
6.627114669631420003e-13
5.733864860843771505e-13
5.520597686352666968e-13
5.890072633883820485e-13
5.606309904320551456e-13
4.738038560934611836e-13
3.065681563167450756e-13
1.943658485874983649e-13
0.000000000000000000e+00
0.000000000000000000e+00
0.000000000000000000e+00
0.000000000000000000e+00
1.258647429571697063e-01
4.167095296668229986e-12
0.000000000000000000e+00
0.000000000000000000e+00
1.980322965524532071e-13
6.316767701593242592e-13
5.949557976732307233e-13
5.486959987346826457e-13
5.163669414975623551e-13
5.784376021013319193e-13
4.893459693579151718e-13
4.695662543634773358e-13
3.751756430464579810e-13
2.217126474465711854e-13
2.036836326826429668e-14
0.000000000000000000e+00
0.000000000000000000e+00
0.000000000000000000e+00
0.000000000000000000e+00
0.000000000000000000e+00
0.000000000000000000e+00
2.524412211726987004e-13
