#Weights for Beta densities from initial fitting w/o bootstrap
0.000000000000000000e+00
0.000000000000000000e+00
0.000000000000000000e+00
0.000000000000000000e+00
0.000000000000000000e+00
0.000000000000000000e+00
0.000000000000000000e+00
0.000000000000000000e+00
0.000000000000000000e+00
0.000000000000000000e+00
0.000000000000000000e+00
0.000000000000000000e+00
0.000000000000000000e+00
0.000000000000000000e+00
0.000000000000000000e+00
0.000000000000000000e+00
0.000000000000000000e+00
0.000000000000000000e+00
0.000000000000000000e+00
0.000000000000000000e+00
0.000000000000000000e+00
0.000000000000000000e+00
0.000000000000000000e+00
0.000000000000000000e+00
1.537376620187660767e-10
2.102975861572947291e-10
2.300986149453713840e-10
2.522251147569559525e-10
2.792306268602702291e-10
3.054317008336505329e-10
3.257322551571427956e-10
3.387791502680951100e-10
3.460950458752682162e-10
3.493909858498782560e-10
3.505603251437909539e-10
3.509243911364863745e-10
3.509749154214002397e-10
3.511042306645176973e-10
3.509894777939413125e-10
0.000000000000000000e+00
0.000000000000000000e+00
3.618459707995354269e-02
0.000000000000000000e+00
0.000000000000000000e+00
1.245980169422632074e-10
1.936241506900415672e-10
2.212095366318708572e-10
2.472867110016325455e-10
2.764807504029393135e-10
3.037480173573132255e-10
3.248269660038413469e-10
3.385437501767912521e-10
3.458787543245057881e-10
3.493857631262851325e-10
3.504456678173583874e-10
3.509595451766820416e-10
3.510201232623202655e-10
3.509814704556191412e-10
3.510585513932308818e-10
0.000000000000000000e+00
0.000000000000000000e+00
0.000000000000000000e+00
0.000000000000000000e+00
0.000000000000000000e+00
7.901848270852953297e-11
1.659725907459808725e-10
2.065758980823397517e-10
2.391055089087604025e-10
2.714484320116411744e-10
3.007944218159481610e-10
3.232417552079113543e-10
3.377523644823312298e-10
3.457287954081869173e-10
3.491094590140695939e-10
3.505674423902958348e-10
3.509543101026725338e-10
3.509579510370113778e-10
3.510205922806891868e-10
3.510388696324997231e-10
0.000000000000000000e+00
0.000000000000000000e+00
0.000000000000000000e+00
0.000000000000000000e+00
0.000000000000000000e+00
2.572172574564557794e-11
1.314577351248790132e-10
1.860336379672348810e-10
2.257826055479840134e-10
2.623219545324953049e-10
2.946514928429219826e-10
3.192114254394589492e-10
3.352554461180556909e-10
3.443275185825084619e-10
3.486431317147849931e-10
3.503236330825876335e-10
3.507614429075561801e-10
3.508680610472577956e-10
3.509248621438728071e-10
3.509746930070326044e-10
0.000000000000000000e+00
0.000000000000000000e+00
0.000000000000000000e+00
0.000000000000000000e+00
0.000000000000000000e+00
0.000000000000000000e+00
9.943895966116919364e-11
1.599262099641123363e-10
2.033254490548704706e-10
2.433639684664093458e-10
2.792393416683301508e-10
3.078833039426489009e-10
3.278305563041314392e-10
3.397413228896062614e-10
3.463133788927201382e-10
3.492611003154596789e-10
3.503066731017186474e-10
3.508671066560391368e-10
3.509597811003766017e-10
3.510139086354952239e-10
0.000000000000000000e+00
0.000000000000000000e+00
0.000000000000000000e+00
3.892293699019070860e-09
0.000000000000000000e+00
0.000000000000000000e+00
7.333434438373546511e-11
1.229628619113546910e-10
1.616361573899053805e-10
2.018544290678219832e-10
2.421873433690754172e-10
2.780713568917522279e-10
3.063477294845183118e-10
3.264060575661064934e-10
3.389907666430299164e-10
3.459168477582251065e-10
3.491485778845832022e-10
3.504787546832243081e-10
3.509128465104174657e-10
3.509982519706246729e-10
0.000000000000000000e+00
0.000000000000000000e+00
0.000000000000000000e+00
0.000000000000000000e+00
2.078386675489722201e-04
7.929812640710579593e-13
4.479801052141910683e-11
6.313767138000490667e-11
8.320724661124463807e-11
1.164393322121766508e-10
1.606881885429240055e-10
2.088458399636428116e-10
2.544920264363141837e-10
2.922353271021766201e-10
3.194471705213893374e-10
3.364564303454583485e-10
3.454493492266396674e-10
3.492473156261304261e-10
3.504924531338752889e-10
3.509145536666341270e-10
0.000000000000000000e+00
0.000000000000000000e+00
8.430585981051001336e-11
9.781095005452312072e-12
1.390749172150338389e-11
5.477962495167179036e-01
3.699375948793163701e-13
0.000000000000000000e+00
0.000000000000000000e+00
0.000000000000000000e+00
7.943687387085606906e-12
7.365359907254676626e-11
1.481356241862469777e-10
2.186237017666097703e-10
2.751377272221939788e-10
3.138517842075490795e-10
3.359245832670600988e-10
3.461059304988681527e-10
3.497166112538029456e-10
3.508264356885750840e-10
0.000000000000000000e+00
0.000000000000000000e+00
1.969219974818616188e-10
1.325857815651761088e-10
9.248294253021049951e-11
3.112332839674167126e-11
0.000000000000000000e+00
0.000000000000000000e+00
0.000000000000000000e+00
0.000000000000000000e+00
0.000000000000000000e+00
0.000000000000000000e+00
0.000000000000000000e+00
8.336819381891412103e-11
1.886500857708955536e-10
2.670261439856383396e-10
3.151477574358037339e-10
3.388655193082544323e-10
3.479212183499884319e-10
3.503912253987510939e-10
0.000000000000000000e+00
0.000000000000000000e+00
2.687349143243201396e-10
2.151245355310503055e-10
1.456852045514204523e-10
2.928945281891817371e-11
0.000000000000000000e+00
1.261152907227570040e-09
0.000000000000000000e+00
0.000000000000000000e+00
0.000000000000000000e+00
0.000000000000000000e+00
0.000000000000000000e+00
0.000000000000000000e+00
4.398690625664004119e-11
1.846285406361479001e-10
2.772530834165907504e-10
3.252070215300447349e-10
3.441993873216928144e-10
3.497016681444416047e-10
0.000000000000000000e+00
0.000000000000000000e+00
3.091572810739873986e-10
2.647751234386937367e-10
1.819559322264165640e-10
3.346390913080565158e-11
0.000000000000000000e+00
0.000000000000000000e+00
6.839904067587811530e-09
0.000000000000000000e+00
0.000000000000000000e+00
0.000000000000000000e+00
0.000000000000000000e+00
0.000000000000000000e+00
0.000000000000000000e+00
6.416583644273425424e-11
2.195507433764769123e-10
3.032531092373438810e-10
3.372975793750292586e-10
3.477509261297951258e-10
0.000000000000000000e+00
0.000000000000000000e+00
3.300533455552769091e-10
2.947444554291079572e-10
2.144613168970259459e-10
6.206983902190272422e-11
0.000000000000000000e+00
0.000000000000000000e+00
0.000000000000000000e+00
2.987606717611848151e-01
5.086777276007763286e-09
0.000000000000000000e+00
0.000000000000000000e+00
0.000000000000000000e+00
0.000000000000000000e+00
0.000000000000000000e+00
1.493703726138668934e-10
2.730204247986205898e-10
3.249254290697096645e-10
3.430320717303259993e-10
0.000000000000000000e+00
0.000000000000000000e+00
3.405454631902966749e-10
3.149550166379001647e-10
2.498650977792740782e-10
1.205363446137787041e-10
0.000000000000000000e+00
0.000000000000000000e+00
0.000000000000000000e+00
0.000000000000000000e+00
0.000000000000000000e+00
2.017486388049841844e-02
0.000000000000000000e+00
0.000000000000000000e+00
0.000000000000000000e+00
0.000000000000000000e+00
8.316755626126395604e-11
2.336681218656612359e-10
3.005743735975986367e-10
3.306625222170796646e-10
0.000000000000000000e+00
0.000000000000000000e+00
3.458856461926789163e-10
3.299372994551584310e-10
2.861944347505123788e-10
1.958905150245589940e-10
4.950444533984057994e-11
0.000000000000000000e+00
0.000000000000000000e+00
0.000000000000000000e+00
0.000000000000000000e+00
0.000000000000000000e+00
0.000000000000000000e+00
0.000000000000000000e+00
0.000000000000000000e+00
0.000000000000000000e+00
3.259613200738372991e-11
1.746248311210716513e-10
2.472055076306858642e-10
2.994184653192624268e-10
0.000000000000000000e+00
0.000000000000000000e+00
3.487031582194658241e-10
3.404987327116921679e-10
3.168031969905873418e-10
2.659181809222248610e-10
1.790509975439168432e-10
5.258021569056638582e-11
0.000000000000000000e+00
0.000000000000000000e+00
0.000000000000000000e+00
0.000000000000000000e+00
0.000000000000000000e+00
0.000000000000000000e+00
0.000000000000000000e+00
0.000000000000000000e+00
0.000000000000000000e+00
6.620031311140665711e-11
1.343415646800338117e-10
2.304569080417702398e-10
0.000000000000000000e+00
0.000000000000000000e+00
3.499385763459789807e-10
3.465429073687973686e-10
3.365965758863667295e-10
3.142823807001067778e-10
2.734893248871400413e-10
2.082878255500562278e-10
1.105621993874178595e-10
0.000000000000000000e+00
0.000000000000000000e+00
0.000000000000000000e+00
0.000000000000000000e+00
0.000000000000000000e+00
0.000000000000000000e+00
0.000000000000000000e+00
0.000000000000000000e+00
0.000000000000000000e+00
0.000000000000000000e+00
1.029255186961386578e-10
0.000000000000000000e+00
0.000000000000000000e+00
3.490326825791379619e-10
3.478926991907388673e-10
3.446269087799943290e-10
3.371618309989897338e-10
3.223886279218367771e-10
2.965956546082053030e-10
2.538337742741668021e-10
1.904183462000547831e-10
1.126388978903037616e-10
4.166133127310924776e-11
2.736988879730932882e-12
0.000000000000000000e+00
0.000000000000000000e+00
0.000000000000000000e+00
0.000000000000000000e+00
0.000000000000000000e+00
0.000000000000000000e+00
0.000000000000000000e+00
0.000000000000000000e+00
0.000000000000000000e+00
3.390160325278785101e-10
3.377731217460131004e-10
3.358080693025727338e-10
3.324383786410816462e-10
3.266369934516455114e-10
3.166296386669934493e-10
3.001814616487202479e-10
2.752099549409026291e-10
2.425198184143143395e-10
2.064765941028677471e-10
1.694309973335629896e-10
1.182587609816854355e-10
1.465106025996461077e-11
0.000000000000000000e+00
0.000000000000000000e+00
0.000000000000000000e+00
9.687575251442888391e-02
0.000000000000000000e+00
0.000000000000000000e+00
0.000000000000000000e+00
0.000000000000000000e+00
0.000000000000000000e+00
0.000000000000000000e+00
0.000000000000000000e+00
0.000000000000000000e+00
0.000000000000000000e+00
0.000000000000000000e+00
0.000000000000000000e+00
0.000000000000000000e+00
0.000000000000000000e+00
0.000000000000000000e+00
0.000000000000000000e+00
0.000000000000000000e+00
0.000000000000000000e+00
0.000000000000000000e+00
0.000000000000000000e+00
0.000000000000000000e+00
0.000000000000000000e+00
0.000000000000000000e+00
