#Lower limit for the Conditional distribution of Mass given Radius from initial fitting w/o bootstrap
9.119173891686267044e-09
-1.478767710481531328e+00
-1.476095906544740100e+00
-1.468449743440471522e+00
-1.452936192451526054e+00
-1.426609911263240216e+00
-1.386304986015118201e+00
-1.327620507614038825e+00
-1.242199746336667632e+00
-1.110835175328893643e+00
-9.083279786582270088e-01
-7.306709757707703368e-01
-6.328552422908988451e-01
-5.752288401467107182e-01
-5.377180311025822057e-01
-5.115320653111410376e-01
-4.922307510026626143e-01
-4.773021929356782156e-01
-4.651986600997420340e-01
-4.548961987596457646e-01
-4.456710296352042744e-01
-4.369764655591839575e-01
-4.283707716004163668e-01
-4.194727884981778732e-01
-4.099337093834921064e-01
-3.994189006450367119e-01
-3.875964456151935744e-01
-3.741305690840542320e-01
-3.586789139655173209e-01
-3.408931257659210678e-01
-3.204225859261553566e-01
-2.969216434995949894e-01
-2.700615728872644006e-01
-2.395500750791075828e-01
-2.051634360620076536e-01
-1.667993828895626418e-01
-1.245594815354094387e-01
-7.886283891998983886e-02
-3.056716846310225666e-02
1.897394015559291519e-02
6.802129951747851178e-02
1.147690139511037821e-01
1.577462261763472873e-01
1.960788942415452596e-01
2.295031365509738464e-01
2.582059306150636391e-01
2.826281902391809542e-01
3.033111680676628397e-01
3.208031090997695012e-01
3.356128588679310742e-01
3.481926627769222904e-01
3.589367837740160549e-01
3.681879766524325803e-01
3.762476945912717752e-01
3.833883267415084672e-01
3.898670697930287643e-01
3.959421508331293360e-01
4.018926572974942379e-01
4.080440393264532783e-01
4.148020782480361657e-01
4.226989079432893481e-01
4.324552682045762486e-01
4.450630683691431666e-01
4.618908108925942613e-01
4.848111999590496990e-01
5.163481462105398156e-01
5.598517796274322667e-01
6.197696459544713710e-01
7.022759574007696459e-01
8.171141942154178661e-01
9.837145384330658882e-01
1.251112436102211678e+00
1.568967039199655078e+00
1.708508786953242486e+00
1.771415533942814813e+00
1.805072657132869018e+00
1.824460051896601653e+00
1.835988005877861262e+00
1.842921575713325044e+00
1.847092067583855357e+00
1.849582635897808469e+00
1.851051715600440462e+00
1.851904088420134986e+00
1.852388750635452608e+00
1.852657827807603796e+00
1.852803115141465895e+00
1.852879066624090632e+00
1.852917302057661253e+00
1.852935714051349603e+00
1.852944119802463874e+00
1.852947710251230617e+00
1.852949109462127542e+00
1.852949570599759621e+00
1.852949645819512936e+00
1.852949541346123219e+00
1.852949280666272180e+00
1.852948712597705772e+00
1.852947135312293492e+00
1.852938921134090311e+00
9.119173891686267044e-09
