#Akaike Information Criterion from bootstrap run
2.671732639516866584e+03
2.669017616047796309e+03
2.781679424342786660e+03
2.710482910437547616e+03
2.667683021245902182e+03
2.739985458691262465e+03
2.688160942265053563e+03
2.694968099301093844e+03
2.721023094878479242e+03
2.683053978278172053e+03
2.712465964356471432e+03
2.663477490321248752e+03
2.690821204006131211e+03
2.672613493608355384e+03
2.721414396126415340e+03
2.752068599782265210e+03
2.670241938672922970e+03
2.722646501615706711e+03
2.669533506326192764e+03
2.608055555206197369e+03
2.728568524470587363e+03
2.725124905214169303e+03
2.686065410898726896e+03
2.689431112073176337e+03
2.641979437851572584e+03
2.661350037175416674e+03
2.752860534852096862e+03
2.692130245281253337e+03
2.714171640753103020e+03
2.751590071827553402e+03
2.705963943547928920e+03
2.680156361465868031e+03
2.713593778622030641e+03
2.763141329446607415e+03
2.658167978909950762e+03
2.726851582055854124e+03
2.644766302987197832e+03
2.710305886354775339e+03
2.616441812073885103e+03
2.716828882774500926e+03
2.738443821750907773e+03
2.691811245053290804e+03
2.700934634884570187e+03
2.695920217495921406e+03
2.724753308517982532e+03
2.726013551721469412e+03
2.661402376279978398e+03
2.673286923169917372e+03
2.631712993033723706e+03
2.686899941387476701e+03
