#Variance for the Conditional distribution of Mass given Radius from initial fitting w/o bootstrap
nan
8.787623482199029279e-02
9.525007842342421427e-02
9.991203443022501907e-02
1.032644519455958865e-01
1.060596946468935625e-01
1.088168973133255696e-01
1.118991628022522750e-01
1.154289495318827630e-01
1.192024639925022139e-01
1.227943253710585825e-01
1.258269251198517735e-01
1.281494392896166401e-01
1.298128545100515896e-01
1.309571344131661985e-01
1.317267371915012419e-01
1.322364553075272842e-01
1.325669910823074060e-01
1.327711063741189856e-01
1.328811810226470935e-01
1.329152898394867777e-01
1.328814841990916817e-01
1.327807366672937583e-01
1.326091268119986288e-01
1.323597799196906122e-01
1.320249463420724578e-01
1.315984212245957241e-01
1.310782173147315433e-01
1.304690347376121218e-01
1.297837559950249797e-01
1.290431711352645894e-01
1.282735896185699109e-01
1.275028122441110856e-01
1.267556668132802378e-01
1.260504707062288510e-01
1.253972783136184377e-01
1.247979718657799691e-01
1.242476458428971170e-01
1.237365476722818991e-01
1.232519883821937695e-01
1.227799147881998149e-01
1.223060758128960979e-01
1.218168574069382892e-01
1.212999109475071530e-01
1.207446902012025286e-01
1.201429696920465889e-01
1.194893599844453064e-01
1.187817735796102281e-01
1.180217385159202242e-01
1.172144175485239914e-01
1.163681822969993562e-01
1.154936220501217581e-01
1.146019300770398791e-01
1.137026813248122464e-01
1.128010548473845492e-01
1.118945237623879679e-01
1.109689176543496442e-01
1.099935777188314617e-01
1.089151462630217893e-01
1.076495135480729504e-01
1.060718961534245081e-01
1.040065379610726065e-01
1.012210663126660720e-01
9.743694791770293739e-02
9.237523629801108749e-02
8.585681873502901129e-02
7.794910377942169954e-02
6.908608386918690947e-02
6.003691837717879676e-02
5.166844997206491985e-02
4.463279542124579807e-02
3.919440723176170066e-02
3.527106439001503196e-02
3.258954241973418403e-02
3.083103724310230428e-02
2.971404578325453558e-02
2.902241654171091104e-02
2.860333907737416456e-02
2.835435864139691439e-02
2.820923685471302123e-02
2.812629048997878495e-02
2.807985841072459590e-02
2.805445051525982947e-02
2.804089367340931865e-02
2.803386257512950272e-02
2.803033167097147491e-02
2.802862288806008337e-02
2.802783063647788786e-02
2.802748139149639078e-02
2.802733651898742587e-02
2.802728090849761558e-02
2.802726190991268809e-02
2.802725703466080534e-02
2.802725764954724225e-02
2.802726135325692147e-02
2.802726928895828140e-02
2.802728823211362782e-02
2.802735213995250635e-02
2.802785359192647846e-02
nan
