#Lower limit for the Conditional distribution of Radius given Mass from initial fitting w/o bootstrap
5.203520404377511726e-09
-2.876472470959635652e-01
-2.876497769444211206e-01
-2.876502717769380824e-01
-2.876504331400236980e-01
-2.876504811657155658e-01
-2.876504689255034442e-01
-2.876504094519412580e-01
-2.876502976061620087e-01
-2.876500996105988972e-01
-2.876496667317668954e-01
-2.876483297282386720e-01
-2.876432263299223968e-01
-2.876230347800277642e-01
-2.875462972449266408e-01
-2.872714786420066946e-01
-2.863463104161063644e-01
-2.834204191177102095e-01
-2.746001015796363243e-01
-2.445726732670265302e-01
-1.184490806460948842e-01
-8.635852101941243752e-02
-7.400289644218324692e-02
-6.624571834854131591e-02
-5.941105618706636615e-02
-5.220239187419594556e-02
-4.403751749195541215e-02
-3.455829949846169619e-02
-2.346758006491576551e-02
-1.049192080104096800e-02
4.562161289905790687e-03
2.163122699705301299e-02
4.013776075955357431e-02
5.895780154861932770e-02
7.690943790760298993e-02
9.331807132815013450e-02
1.080774384600361737e-01
1.213934748482095871e-01
1.335679031321216348e-01
1.448981530521710748e-01
1.556465873624663376e-01
1.660376108714616272e-01
1.762631634213543685e-01
1.864891621169392499e-01
1.968602818517015407e-01
2.075020901762703041e-01
2.185200699525731705e-01
2.299955063889249363e-01
2.419792995908095767e-01
2.544869393160476556e-01
2.675007547997705348e-01
2.809868523225706460e-01
2.949308703320105418e-01
3.093893305310121966e-01
3.245489223044373817e-01
3.407914354720201766e-01
3.587772490016593041e-01
3.795840039227760809e-01
4.049923256346897871e-01
4.382080961654112317e-01
4.862168232427556136e-01
5.691710908607127140e-01
6.897190480544709290e-01
7.739825690454362750e-01
8.354437436623253221e-01
8.783953983070500460e-01
9.069494113959593040e-01
9.267013112165717326e-01
9.413987862532557926e-01
9.531722941548377293e-01
9.631995630386156471e-01
9.721076109637859508e-01
9.801974575491843034e-01
9.875817158811952545e-01
9.942775358077391434e-01
1.000270062210759869e+00
1.005550981271266853e+00
1.010135637428499988e+00
1.014064465113337032e+00
1.017395141491023391e+00
1.020190380926321749e+00
1.022503379444957172e+00
1.024359796734614525e+00
1.025732389132601785e+00
1.026503700969271016e+00
1.026422814493157976e+00
1.025110772888846444e+00
1.022275807616364496e+00
1.018253678527118122e+00
1.014293910090540818e+00
1.011718201463797095e+00
1.010966569684314198e+00
1.011853072239424334e+00
1.014242263891937057e+00
1.018296457932484689e+00
1.024180606580434860e+00
1.031153254174819622e+00
1.036947739128204260e+00
1.039672964618031825e+00
5.203520404377511726e-09
