#Lower limit for the Conditional distribution of Mass given Radius from initial fitting w/o bootstrap
7.136865434149257994e-09
-1.530738677812260251e+00
-1.530737291575840819e+00
-1.530714023126924728e+00
-1.530482921939940288e+00
-1.529096241770358855e+00
-1.523154539279998776e+00
-1.503405105747530390e+00
-1.449522277015661942e+00
-1.302261426903611463e+00
-3.143409129779222710e-01
-1.751083417530433783e-01
-1.320755942208989009e-01
-1.116492610344239911e-01
-9.740829617230613302e-02
-8.290820479119312414e-02
-6.469166083903776787e-02
-4.065551884203667116e-02
-9.979373877714055666e-03
2.643113992357693995e-02
6.578063594689295690e-02
1.042013235286774059e-01
1.383609433155833790e-01
1.666228605130048446e-01
1.890086473020790026e-01
2.064814205969020267e-01
2.202936656019212625e-01
2.316451983773352430e-01
2.415745654173884482e-01
2.509609672209192066e-01
2.605570747082674998e-01
2.710118378053102961e-01
2.828631985256277459e-01
2.964927807125662396e-01
3.120485857321669276e-01
3.293626939844644941e-01
3.479128445794922864e-01
3.668789983062046844e-01
3.853074368997105870e-01
4.023283118539324188e-01
4.173322702657992767e-01
4.300396709608852452e-01
4.404645336137171796e-01
4.488230155955984513e-01
4.554383712353961555e-01
4.606712736407257425e-01
4.648821010846906909e-01
4.684206538111150286e-01
4.716363743279052834e-01
4.749040721875525950e-01
4.786625031389646900e-01
4.834636457892351191e-01
4.900264364081294288e-01
4.992757988963846816e-01
5.123209803357700043e-01
5.302887040423944764e-01
5.539109777256919775e-01
5.828715886074864461e-01
6.152441426654996492e-01
6.477017880965969532e-01
6.768115362834737914e-01
7.005419450969988526e-01
7.187712403616807189e-01
7.327535262320228338e-01
7.443480487915036248e-01
7.555427413416254678e-01
7.683167481484619588e-01
7.847103648906705864e-01
8.069950999522625956e-01
8.379036548453548949e-01
8.809470093223727982e-01
9.409364527184979066e-01
1.024977028840749371e+00
1.144153791373452966e+00
1.311877402406867565e+00
1.510595057734613889e+00
1.673610029053015147e+00
1.787876080578392202e+00
1.871604587810702380e+00
1.937188327346516026e+00
1.991144434303522281e+00
2.036838314219574286e+00
2.075963631017800015e+00
2.109322981101550809e+00
2.137234247494475436e+00
2.159678807212466634e+00
2.176232828559970134e+00
2.185781783782202226e+00
2.185998071672470733e+00
2.172723524349092106e+00
2.140341697483358008e+00
2.086420607520169224e+00
2.020975737176643250e+00
1.964336397380310739e+00
1.928790334814389551e+00
1.912057694417016229e+00
1.906122110729034702e+00
1.904634436196530389e+00
1.904333676859134350e+00
7.136865434149257994e-09
