#Akaike Information Criterion from bootstrap run
6.073445143221135822e+02
5.829759531641062722e+02
5.669149427792444840e+02
5.903910117127823014e+02
5.753870842100559457e+02
5.934845283324415277e+02
6.021802700864609506e+02
6.319268044607085812e+02
6.202765144099016652e+02
5.959531452455413501e+02
6.060990604310416074e+02
5.653715022674434749e+02
6.042848385594970750e+02
5.265325635132901425e+02
6.073300992186843814e+02
5.436902631159661041e+02
6.297656187432721708e+02
5.704679309066081032e+02
6.333401163944822656e+02
6.103451848260317547e+02
6.062827904443486204e+02
5.953294577887692185e+02
5.577551532766099172e+02
6.081732927852871171e+02
5.934428985155767577e+02
5.568268641400602519e+02
5.743676032242481142e+02
6.130300938296888944e+02
6.277317762663803933e+02
5.782866143851005063e+02
6.373087581112703219e+02
6.262251229326933526e+02
5.885689104856751328e+02
6.242366072361460283e+02
5.967549942353288088e+02
6.150241494179648498e+02
5.828404639588976579e+02
6.132680372091882646e+02
5.842672394038913808e+02
5.381123195444471321e+02
6.054078953087109767e+02
6.285769667409166459e+02
6.201515530370209035e+02
5.559970629405859199e+02
5.984978450718632530e+02
5.846331376246832860e+02
5.839549914367919428e+02
5.713612284600338853e+02
5.984493787103699560e+02
5.980337074569598599e+02
