#Bayesian Information Criterion from bootstrap run
8.449128388820970486e+02
8.234918661733382805e+02
8.355164692081799558e+02
8.044045862582295285e+02
7.747969498270260829e+02
8.307398012680913553e+02
8.261438940388869696e+02
8.153294419359251606e+02
8.568084144976610332e+02
7.867648834968980509e+02
8.501530576983524270e+02
8.182895668267899509e+02
8.244604519196958563e+02
8.037383256538549858e+02
8.325457105939807434e+02
8.000768835721328287e+02
8.428831081623054615e+02
8.227158201343602286e+02
8.109722457538764502e+02
8.131702674701641627e+02
8.608595364061416149e+02
7.720827943832026676e+02
8.229071059903067180e+02
7.995805115766270319e+02
7.680629671335619832e+02
8.104509448193202843e+02
8.172629406988321534e+02
8.528755982445474046e+02
7.498097818802397114e+02
8.233188719597712861e+02
7.935100198690397519e+02
8.092859512668965181e+02
8.280961586203742399e+02
8.273514889605653480e+02
8.097254260810075266e+02
8.553427583334462270e+02
8.651852324272006172e+02
8.369489724214060971e+02
7.779199171812688292e+02
8.272905975637854681e+02
8.207713341393615565e+02
8.566301773190489257e+02
8.589190162562385922e+02
7.908093724054858740e+02
8.276744391392808211e+02
8.072097755247789337e+02
8.320789160883148270e+02
8.646578750658213721e+02
8.234552041209827848e+02
8.039076937476282865e+02
