#Akaike Information Criterion from bootstrap run
8.136041304427075147e+02
7.412715714987527917e+02
8.034787005843737688e+02
7.688484235713915496e+02
8.197474446315470686e+02
7.671661963712167562e+02
8.137371580716837798e+02
7.520004522655461869e+02
7.383176005875316150e+02
7.812252636025318679e+02
7.731988494366873965e+02
7.652581747312556217e+02
7.716696759912356356e+02
7.995754605141069078e+02
7.675246955858966658e+02
7.755471257539199996e+02
7.411010920142108489e+02
8.061009111956223023e+02
7.632028856821029876e+02
7.163233998618335363e+02
8.351487589629400645e+02
7.852655542692544941e+02
7.929763110924279772e+02
7.213827852140434516e+02
7.771747820852356199e+02
8.610603226409450599e+02
7.875980498202582112e+02
7.831583694282480792e+02
7.968740512811689314e+02
8.009780399353984421e+02
8.092501111543790557e+02
7.259282446143536163e+02
7.769415042832497420e+02
8.096466937925968068e+02
8.298323304365503645e+02
7.876680697217814213e+02
8.011853047482426291e+02
7.647989453861224547e+02
7.054420763669761527e+02
7.862195140938786153e+02
7.553837686688466420e+02
7.695499575157762138e+02
7.579736515875674741e+02
8.248065086567142998e+02
7.771932232104277318e+02
7.917735371006859850e+02
7.854642128904627043e+02
7.816022073642410533e+02
7.684860653856488852e+02
8.085381665813492873e+02
