#Bayesian Information Criterion from bootstrap run
1.152883633582915991e+03
1.080551074638961154e+03
1.142758203724582017e+03
1.108127926711599912e+03
1.159026947771755431e+03
1.106445699511425119e+03
1.153016661211892142e+03
1.091279955405754663e+03
1.077597103727739977e+03
1.120504766742740230e+03
1.112478352576895759e+03
1.104537677871463984e+03
1.110949179131443998e+03
1.138854963654315270e+03
1.106804198726104914e+03
1.114826628894128362e+03
1.080380595154419098e+03
1.145380414335830665e+03
1.102482388822311350e+03
1.055602903002041785e+03
1.174428262103148427e+03
1.124545057409462970e+03
1.132255814232636340e+03
1.060662288354251814e+03
1.116454285225443982e+03
1.200339825781153422e+03
1.126877552960466573e+03
1.122437872568456442e+03
1.136153554421377294e+03
1.140257543075606691e+03
1.148529614294587418e+03
1.065207747754561979e+03
1.116221007423458104e+03
1.148926196932805169e+03
1.169111833576758727e+03
1.126947572861989784e+03
1.140464807888451105e+03
1.104078448526330703e+03
1.044721579507184515e+03
1.125499017234086978e+03
1.094663271809055004e+03
1.108829460655984576e+03
1.097253154727775836e+03
1.164086011796922776e+03
1.116472726350636094e+03
1.131053040240894461e+03
1.124743716030671067e+03
1.120881710504449529e+03
1.107765568525857134e+03
1.147817669721557650e+03
