7.916647027494109352e+03
7.783916149316431984e+03
8.333164609621964701e+03
8.131233755534317424e+03
8.177271821663145602e+03
8.003418360430593566e+03
7.911253986539082689e+03
8.095544958353340917e+03
7.732622698252863302e+03
7.829169377793540662e+03
7.870413323845023115e+03
8.105744845218892806e+03
8.180356692472349096e+03
7.864752147043423975e+03
7.934073091672004921e+03
7.803379924664326609e+03
7.841336985584241120e+03
8.077763398293586761e+03
7.916084812299386613e+03
7.973571853861987620e+03
7.753123303339015365e+03
8.047094418986232995e+03
7.916101690625482661e+03
8.008099772080631737e+03
7.833873908740091792e+03
7.895141352462269424e+03
7.918797099604283176e+03
7.910749172374793488e+03
7.926209690450323251e+03
8.005015093481768417e+03
7.940346733788977872e+03
8.057746791285414474e+03
8.219777866995456861e+03
7.981322110303377485e+03
7.894355732504514890e+03
7.846315600251576143e+03
8.402485797461593393e+03
7.857963148767246821e+03
8.188039918740536450e+03
7.793924610873546044e+03
7.978842928831678364e+03
7.818383774227092545e+03
7.819159306908421058e+03
7.791546078981108622e+03
7.916477512343089074e+03
8.126724931476818711e+03
8.013469552661886155e+03
8.046368285712103898e+03
7.752485491201065088e+03
7.885739383607761738e+03
