8.453170014529774387e-04
8.453451579667752448e-04
8.453935600632640508e-04
8.454810127601825910e-04
8.456795062378267289e-04
8.467279276376212579e-04
8.560427849060145335e-04
9.277839148557095843e-04
1.340524348807815586e-03
2.830597057924183046e-03
5.197016005490291864e-03
6.671599398023771339e-03
7.211270761077245156e-03
7.411393047924741059e-03
7.528752815703845282e-03
7.644487538484694492e-03
7.786586247366529892e-03
7.966498845183226166e-03
8.187864161184020551e-03
8.447843254137728242e-03
8.737394734550048281e-03
9.042680369902822771e-03
9.347902328512845346e-03
9.638630245304521948e-03
9.904306963178151693e-03
1.013918836065441295e-02
1.034185758548901088e-02
1.051397593745371714e-02
1.065892845284214380e-02
1.078074381162262736e-02
1.088339311308126646e-02
1.097041532467589280e-02
1.104476748423692187e-02
1.110880569455702759e-02
1.116432959851095842e-02
1.121264886046969070e-02
1.125464903460259014e-02
1.129084605604569087e-02
1.132142528598394961e-02
1.134626441631770427e-02
1.136494087363993342e-02
1.137672432807833658e-02
1.138055368379960706e-02
1.137499536551950935e-02
1.135817572558644843e-02
1.132767568017901960e-02
1.128037314495839057e-02
1.121222574758485441e-02
1.111801650988143188e-02
1.099115864993730970e-02
1.082378757543551138e-02
1.060753419378069121e-02
1.033544288641463985e-02
1.000518489429158900e-02
9.622751944911012850e-03
9.204517842489819829e-03
8.775312795227883933e-03
8.362276352057679968e-03
7.987500580008487228e-03
7.663458349481318613e-03
7.392828968446270820e-03
7.171343668008241766e-03
6.991309561504531478e-03
6.844311023430538383e-03
6.722727296390193161e-03
6.620326694343617487e-03
6.532325963146873304e-03
6.455211687245469496e-03
6.386495205176561350e-03
6.324480274311929454e-03
6.268069491641764003e-03
6.216609582665360081e-03
6.169765880461855999e-03
6.127415626524390299e-03
6.089554233039904708e-03
6.056215586549072542e-03
6.027414083543846356e-03
6.003120014197183170e-03
5.983280788950454988e-03
5.967901303507080861e-03
5.957203352289833914e-03
5.951902344881949622e-03
5.953667190154037642e-03
5.965824526277100671e-03
5.994149020264269261e-03
6.046644074449709742e-03
6.129257624289254774e-03
6.235405450284992740e-03
6.340260091773851879e-03
6.417512288534299968e-03
6.460141731099108310e-03
6.476437784101234281e-03
6.475447956112491757e-03
6.459244412242358575e-03
6.418950520615414150e-03
6.328794771091462816e-03
6.159035958479962269e-03
5.976472800891549295e-03
5.906739311794059581e-03
5.901649878660622690e-03
