-2.947540051117385485e-01
-2.947539709037650391e-01
-2.947539175270060818e-01
-2.947538278677779289e-01
-2.947536395528754238e-01
-2.947527062639143103e-01
-2.947444965966618535e-01
-2.946804328773434678e-01
-2.942793215820999619e-01
-2.921393187558803395e-01
-2.804369126558502456e-01
-1.165601397121007188e-01
-8.340776582813604068e-02
-7.599941908521523626e-02
-7.298499451040062203e-02
-7.070789084705741967e-02
-6.809287344421793842e-02
-6.465096355370791859e-02
-6.002098265698894985e-02
-5.384276106875222900e-02
-4.571186628704072830e-02
-3.514790099039848126e-02
-2.155754460957911775e-02
-4.221047417621508896e-03
1.751656435291231925e-02
4.333491265184861996e-02
7.047003533229301286e-02
9.500941305693315353e-02
1.153267068496239001e-01
1.319186308725167345e-01
1.457847770873210436e-01
1.577852074496851054e-01
1.685620665824330566e-01
1.785869497491115454e-01
1.882133351104102181e-01
1.977147879714913625e-01
2.073099920785434480e-01
2.171777419266451847e-01
2.274641164326204335e-01
2.382834405115701881e-01
2.497152317738505212e-01
2.618013572229940245e-01
2.745500663884065107e-01
2.879535215263657744e-01
3.020203462365593783e-01
3.168172524594266570e-01
3.325118377356172106e-01
3.494164318624880528e-01
3.680468276304708630e-01
3.892277178322273157e-01
4.143109356231347573e-01
4.456642609855754333e-01
4.877931751628503676e-01
5.483799853101904986e-01
6.230637399870533333e-01
6.861946295774017379e-01
7.382284183987980475e-01
7.858143843488616387e-01
8.300423197642609052e-01
8.680655567797921357e-01
8.976662483998638642e-01
9.195588934094252043e-01
9.357415601074883238e-01
9.480322521310970973e-01
9.577454001909714298e-01
9.657747738503923429e-01
9.727212909871636448e-01
9.789890644750818272e-01
9.848479600382920029e-01
9.904721267571169330e-01
9.959628190210734200e-01
1.001361813732779993e+00
1.006660515994891369e+00
1.011809007072493438e+00
1.016727987537881850e+00
1.021324295928284887e+00
1.025507863005260090e+00
1.029205933198626521e+00
1.032370327981557923e+00
1.034975208966371518e+00
1.037004610507210156e+00
1.038429337809074759e+00
1.039171621573974802e+00
1.039056872632476258e+00
1.037768721525745397e+00
1.034888515809431864e+00
1.030209777098987090e+00
1.024354070814791573e+00
1.018855735262651940e+00
1.015002866366654155e+00
1.012948629177687687e+00
1.012176723424510039e+00
1.012224049048600749e+00
1.012994396187481216e+00
1.014944125121959306e+00
1.019488820715379385e+00
1.028757281847568317e+00
1.039769795808830555e+00
1.044243847698463235e+00
1.044575732448166150e+00
