#Weights for Beta densities from initial fitting w/o bootstrap
0.000000000000000000e+00
0.000000000000000000e+00
0.000000000000000000e+00
0.000000000000000000e+00
0.000000000000000000e+00
0.000000000000000000e+00
0.000000000000000000e+00
0.000000000000000000e+00
0.000000000000000000e+00
0.000000000000000000e+00
0.000000000000000000e+00
0.000000000000000000e+00
0.000000000000000000e+00
0.000000000000000000e+00
0.000000000000000000e+00
0.000000000000000000e+00
0.000000000000000000e+00
0.000000000000000000e+00
0.000000000000000000e+00
0.000000000000000000e+00
0.000000000000000000e+00
0.000000000000000000e+00
0.000000000000000000e+00
9.593547055733883088e-13
5.090180391027682215e-13
2.531155749274158225e-14
0.000000000000000000e+00
0.000000000000000000e+00
0.000000000000000000e+00
0.000000000000000000e+00
0.000000000000000000e+00
0.000000000000000000e+00
0.000000000000000000e+00
0.000000000000000000e+00
0.000000000000000000e+00
0.000000000000000000e+00
0.000000000000000000e+00
0.000000000000000000e+00
0.000000000000000000e+00
0.000000000000000000e+00
0.000000000000000000e+00
0.000000000000000000e+00
0.000000000000000000e+00
0.000000000000000000e+00
0.000000000000000000e+00
4.345186477887288956e-02
5.671157839657592589e-13
1.426341350716157092e-13
0.000000000000000000e+00
0.000000000000000000e+00
0.000000000000000000e+00
0.000000000000000000e+00
0.000000000000000000e+00
0.000000000000000000e+00
0.000000000000000000e+00
0.000000000000000000e+00
0.000000000000000000e+00
0.000000000000000000e+00
0.000000000000000000e+00
0.000000000000000000e+00
0.000000000000000000e+00
0.000000000000000000e+00
0.000000000000000000e+00
0.000000000000000000e+00
0.000000000000000000e+00
0.000000000000000000e+00
0.000000000000000000e+00
8.667901705664576076e-13
5.973005096339059976e-13
2.534125008010643001e-13
5.664296762512954390e-14
0.000000000000000000e+00
0.000000000000000000e+00
0.000000000000000000e+00
0.000000000000000000e+00
0.000000000000000000e+00
0.000000000000000000e+00
0.000000000000000000e+00
0.000000000000000000e+00
0.000000000000000000e+00
0.000000000000000000e+00
0.000000000000000000e+00
0.000000000000000000e+00
0.000000000000000000e+00
0.000000000000000000e+00
0.000000000000000000e+00
0.000000000000000000e+00
0.000000000000000000e+00
0.000000000000000000e+00
7.340632875071712720e-13
6.598501739047422482e-13
4.193034225836798680e-13
2.235415453378616465e-13
1.067759175263250017e-13
2.529570420071141415e-14
0.000000000000000000e+00
0.000000000000000000e+00
0.000000000000000000e+00
0.000000000000000000e+00
0.000000000000000000e+00
0.000000000000000000e+00
0.000000000000000000e+00
0.000000000000000000e+00
0.000000000000000000e+00
0.000000000000000000e+00
0.000000000000000000e+00
0.000000000000000000e+00
0.000000000000000000e+00
0.000000000000000000e+00
0.000000000000000000e+00
0.000000000000000000e+00
6.111016465039050200e-13
7.361377791432492985e-13
6.210714580720207294e-13
4.430603247812308906e-13
2.883087143951204367e-13
1.544661761497472356e-13
2.557621100077292644e-14
0.000000000000000000e+00
0.000000000000000000e+00
0.000000000000000000e+00
0.000000000000000000e+00
0.000000000000000000e+00
0.000000000000000000e+00
0.000000000000000000e+00
0.000000000000000000e+00
0.000000000000000000e+00
0.000000000000000000e+00
0.000000000000000000e+00
0.000000000000000000e+00
0.000000000000000000e+00
0.000000000000000000e+00
0.000000000000000000e+00
4.958095727912767492e-13
7.735334262816719253e-13
7.967048631300548573e-13
6.739194938661494368e-13
5.093567229244550983e-13
3.285620386848060519e-13
1.504865656615168479e-13
0.000000000000000000e+00
0.000000000000000000e+00
0.000000000000000000e+00
0.000000000000000000e+00
0.000000000000000000e+00
0.000000000000000000e+00
0.000000000000000000e+00
0.000000000000000000e+00
0.000000000000000000e+00
0.000000000000000000e+00
0.000000000000000000e+00
0.000000000000000000e+00
0.000000000000000000e+00
0.000000000000000000e+00
0.000000000000000000e+00
3.458206382920901096e-13
7.190202972731718187e-13
3.013419375817614278e-08
8.652590730495195881e-13
7.325885627705469179e-13
5.378975397785987010e-13
3.060399812904177147e-13
9.530264965287904830e-14
0.000000000000000000e+00
0.000000000000000000e+00
0.000000000000000000e+00
0.000000000000000000e+00
0.000000000000000000e+00
0.000000000000000000e+00
0.000000000000000000e+00
0.000000000000000000e+00
0.000000000000000000e+00
0.000000000000000000e+00
0.000000000000000000e+00
0.000000000000000000e+00
0.000000000000000000e+00
0.000000000000000000e+00
1.783897187589496958e-13
5.858135401011597347e-13
8.622674437327378139e-13
4.467318825361719092e-01
9.025984389701739095e-13
7.215391836561404727e-13
4.798070334632369960e-13
2.404420113967030597e-13
4.299431938116820536e-14
0.000000000000000000e+00
0.000000000000000000e+00
0.000000000000000000e+00
0.000000000000000000e+00
0.000000000000000000e+00
0.000000000000000000e+00
0.000000000000000000e+00
0.000000000000000000e+00
0.000000000000000000e+00
0.000000000000000000e+00
0.000000000000000000e+00
0.000000000000000000e+00
0.000000000000000000e+00
1.114392644137435847e-14
3.906179906152709917e-13
7.282915815318743384e-13
1.483914109405537889e-08
7.208992322068649532e-03
8.412622156360710720e-13
6.303780839362675135e-13
4.093652862830282017e-13
2.157290561571071892e-13
5.740449684099874054e-14
0.000000000000000000e+00
0.000000000000000000e+00
0.000000000000000000e+00
0.000000000000000000e+00
0.000000000000000000e+00
0.000000000000000000e+00
0.000000000000000000e+00
0.000000000000000000e+00
0.000000000000000000e+00
0.000000000000000000e+00
0.000000000000000000e+00
0.000000000000000000e+00
0.000000000000000000e+00
1.795644794317349673e-13
5.174356556069649997e-13
7.786842062430258887e-13
8.983649400728781917e-13
4.231372075337291869e-09
7.500940524523784735e-13
5.942593601365176665e-13
4.397264423453671992e-13
2.837612110724001997e-13
1.330005215918815441e-13
0.000000000000000000e+00
0.000000000000000000e+00
0.000000000000000000e+00
0.000000000000000000e+00
0.000000000000000000e+00
0.000000000000000000e+00
0.000000000000000000e+00
0.000000000000000000e+00
0.000000000000000000e+00
0.000000000000000000e+00
0.000000000000000000e+00
0.000000000000000000e+00
0.000000000000000000e+00
2.746098049844126201e-13
5.452002635357272534e-13
7.336469499594292400e-13
2.770287679033147831e-09
8.232487438165141593e-13
7.705700518186918274e-13
6.820830621261958579e-13
5.532791811147026283e-13
3.931228030107981316e-13
2.108128906128396927e-13
2.719417378684596686e-14
0.000000000000000000e+00
0.000000000000000000e+00
0.000000000000000000e+00
0.000000000000000000e+00
0.000000000000000000e+00
0.000000000000000000e+00
0.000000000000000000e+00
0.000000000000000000e+00
0.000000000000000000e+00
0.000000000000000000e+00
0.000000000000000000e+00
5.252410719173396080e-14
2.966098361576538288e-13
5.232284688995289583e-13
7.063197997457956939e-13
1.963159921317042893e-09
5.418316588025583021e-09
8.768023573350325671e-13
8.040216335300414419e-13
4.252706876711453827e-11
5.403043630667941522e-11
1.068334949943979862e-11
2.981914009628493806e-14
0.000000000000000000e+00
0.000000000000000000e+00
0.000000000000000000e+00
0.000000000000000000e+00
0.000000000000000000e+00
0.000000000000000000e+00
0.000000000000000000e+00
0.000000000000000000e+00
0.000000000000000000e+00
0.000000000000000000e+00
0.000000000000000000e+00
7.950199647973153085e-14
3.097654022897347105e-13
5.405434371207975690e-13
7.427419005645828879e-13
8.919864741151891766e-13
2.293954188270893035e-01
9.540494090620732135e-13
2.217721993155909717e-10
2.647178444564776184e-10
2.187957136841562866e-10
9.012709935472920883e-11
0.000000000000000000e+00
0.000000000000000000e+00
0.000000000000000000e+00
0.000000000000000000e+00
0.000000000000000000e+00
0.000000000000000000e+00
0.000000000000000000e+00
0.000000000000000000e+00
0.000000000000000000e+00
0.000000000000000000e+00
0.000000000000000000e+00
0.000000000000000000e+00
1.080176174428048768e-13
3.385566374905757259e-13
5.630867526603848280e-13
7.505244508638388510e-13
4.289774016661532919e-11
1.480665388468428434e-01
9.645272857768024240e-13
4.401581110661479891e-10
3.971425338832064535e-10
2.390196507521841891e-10
2.398120010542169282e-11
0.000000000000000000e+00
0.000000000000000000e+00
0.000000000000000000e+00
0.000000000000000000e+00
0.000000000000000000e+00
0.000000000000000000e+00
0.000000000000000000e+00
0.000000000000000000e+00
0.000000000000000000e+00
0.000000000000000000e+00
0.000000000000000000e+00
0.000000000000000000e+00
1.137098874225273845e-13
3.090174658696377888e-13
4.965680594711494106e-13
2.693998875758794211e-11
2.200902192546499716e-10
2.668294495264823901e-09
5.064233674173117719e-10
4.663654058417540014e-10
2.985918529943602340e-10
6.513008782437229953e-11
0.000000000000000000e+00
0.000000000000000000e+00
0.000000000000000000e+00
0.000000000000000000e+00
0.000000000000000000e+00
0.000000000000000000e+00
0.000000000000000000e+00
0.000000000000000000e+00
0.000000000000000000e+00
0.000000000000000000e+00
0.000000000000000000e+00
0.000000000000000000e+00
0.000000000000000000e+00
4.626718371170501111e-14
1.976890673134098548e-13
3.628074634671661842e-13
1.335759670181048355e-10
3.082685932225436067e-10
4.073523243350363415e-10
3.795059739269765269e-10
2.296512968589628320e-10
1.980751535388675624e-11
0.000000000000000000e+00
0.000000000000000000e+00
0.000000000000000000e+00
0.000000000000000000e+00
0.000000000000000000e+00
0.000000000000000000e+00
0.000000000000000000e+00
0.000000000000000000e+00
0.000000000000000000e+00
0.000000000000000000e+00
0.000000000000000000e+00
0.000000000000000000e+00
0.000000000000000000e+00
0.000000000000000000e+00
0.000000000000000000e+00
5.778815141060782899e-14
1.975638276407590150e-13
1.070593393829958579e-10
1.827023705531951659e-10
1.639710911649485448e-10
5.581100069804096972e-11
2.472614925382778327e-14
0.000000000000000000e+00
0.000000000000000000e+00
0.000000000000000000e+00
0.000000000000000000e+00
0.000000000000000000e+00
0.000000000000000000e+00
0.000000000000000000e+00
0.000000000000000000e+00
0.000000000000000000e+00
0.000000000000000000e+00
0.000000000000000000e+00
0.000000000000000000e+00
0.000000000000000000e+00
0.000000000000000000e+00
0.000000000000000000e+00
0.000000000000000000e+00
0.000000000000000000e+00
0.000000000000000000e+00
2.645394219952331392e-14
1.094460074138984380e-14
0.000000000000000000e+00
0.000000000000000000e+00
1.400289199566171731e-15
1.128093881498607872e-13
1.724786438120116745e-13
7.872275054554112763e-14
0.000000000000000000e+00
0.000000000000000000e+00
0.000000000000000000e+00
0.000000000000000000e+00
0.000000000000000000e+00
0.000000000000000000e+00
0.000000000000000000e+00
0.000000000000000000e+00
0.000000000000000000e+00
0.000000000000000000e+00
0.000000000000000000e+00
0.000000000000000000e+00
0.000000000000000000e+00
0.000000000000000000e+00
0.000000000000000000e+00
0.000000000000000000e+00
0.000000000000000000e+00
0.000000000000000000e+00
1.205152191878392008e-13
3.670092014894082751e-13
5.082066244340042739e-13
3.967141783607356921e-13
7.258882274203758704e-14
0.000000000000000000e+00
0.000000000000000000e+00
0.000000000000000000e+00
0.000000000000000000e+00
0.000000000000000000e+00
0.000000000000000000e+00
0.000000000000000000e+00
0.000000000000000000e+00
0.000000000000000000e+00
0.000000000000000000e+00
0.000000000000000000e+00
0.000000000000000000e+00
0.000000000000000000e+00
0.000000000000000000e+00
0.000000000000000000e+00
0.000000000000000000e+00
6.633274124899529741e-14
3.641692361272454738e-13
7.227457063362723230e-13
1.251453897008579508e-01
9.163784077049348334e-13
5.947955705589915099e-13
0.000000000000000000e+00
0.000000000000000000e+00
0.000000000000000000e+00
0.000000000000000000e+00
0.000000000000000000e+00
0.000000000000000000e+00
0.000000000000000000e+00
0.000000000000000000e+00
0.000000000000000000e+00
0.000000000000000000e+00
0.000000000000000000e+00
0.000000000000000000e+00
0.000000000000000000e+00
0.000000000000000000e+00
0.000000000000000000e+00
0.000000000000000000e+00
0.000000000000000000e+00
0.000000000000000000e+00
0.000000000000000000e+00
0.000000000000000000e+00
0.000000000000000000e+00
0.000000000000000000e+00
0.000000000000000000e+00
