#Bayesian Information Criterion from bootstrap run
4.050330275487782274e+03
4.054260642193176409e+03
4.053120131051859516e+03
4.051565196272119920e+03
4.052324072770992643e+03
4.050842142288132436e+03
4.054034392917123569e+03
4.052884042465120274e+03
4.052220078227109298e+03
4.049897917033179510e+03
4.053306129756716473e+03
4.052752814150586801e+03
4.054458375652355699e+03
4.052798202230666448e+03
4.053405073341079060e+03
4.052639958571621264e+03
4.054846358496679841e+03
4.053761689139350437e+03
4.052708976822190834e+03
4.052333015285646525e+03
