5.819570477215330584e+02
6.224920489699709378e+02
6.511551388753352967e+02
6.096251927742526959e+02
6.379825734383341569e+02
6.290688797952278719e+02
5.922095975049358003e+02
5.856761285386093050e+02
6.089493969428656328e+02
6.518308428041311799e+02
6.407815501605247164e+02
6.665592932275463909e+02
5.993462876818001632e+02
5.996868042259994809e+02
6.367331815996783462e+02
6.461371152143462950e+02
5.955861599007869245e+02
6.102033304988005966e+02
6.512254339130738572e+02
6.553614719853284214e+02
5.974018916706612572e+02
5.941341417457116449e+02
6.530727043724418763e+02
6.424183687077575087e+02
5.886516289727589992e+02
6.056474775207750554e+02
6.649159986084341654e+02
6.449891168290437236e+02
6.419657216357680909e+02
6.059828746314494765e+02
6.152672597573618987e+02
6.006726195141274047e+02
5.735435450858191189e+02
6.424280601992595621e+02
6.511210965178081551e+02
5.905322793551890754e+02
6.565672655670286986e+02
5.961245427651974751e+02
6.437353661274457863e+02
5.632131677859125602e+02
6.066945732927058543e+02
6.286343581929786524e+02
6.283912723804584175e+02
6.200342719212040947e+02
5.982557304278557240e+02
6.247089317664683676e+02
6.044946544209559534e+02
6.128930770315571408e+02
6.186524766143470515e+02
5.859741347759802466e+02
6.006922524264003869e+02
6.367397909795249689e+02
5.847209780490287585e+02
6.014000684566813106e+02
6.538127059331832243e+02
5.925208050967606823e+02
6.174255721855813590e+02
6.416512966013558525e+02
6.235278611374858428e+02
6.160899335020100125e+02
6.316222742848689222e+02
5.961204847183455513e+02
6.112422213079652238e+02
6.229133132842325722e+02
5.782302159228111123e+02
6.258188987362850639e+02
6.459334454681045372e+02
6.776779217179417856e+02
5.899802541789734960e+02
6.048855523294339491e+02
6.165211752761629214e+02
6.346226432082337396e+02
5.972776776595628689e+02
6.656604633151682719e+02
6.299773719818125528e+02
6.368292498028763475e+02
5.621694534989808290e+02
6.156428696750747349e+02
6.071457026965955492e+02
6.379708385259031047e+02
6.611479993250130747e+02
6.324073942419578316e+02
6.006052801087096213e+02
5.803945829101088520e+02
6.262541266921865599e+02
6.152852654928055927e+02
6.215553900727571772e+02
6.400823032165594668e+02
6.119521074819954265e+02
5.958127886083991598e+02
5.983206076079804916e+02
6.228085182932242105e+02
6.131573350588487301e+02
6.423272199552534403e+02
6.416873499472172853e+02
7.095323057620191776e+02
6.618422659632303748e+02
6.198265189640551398e+02
6.048826268291259112e+02
6.069898087881520041e+02
