-1.787288809214265806e+00
-1.785725017739946630e+00
-1.779497746831154803e+00
-1.766221209052607266e+00
-1.743450721942651382e+00
-1.708567949393278385e+00
-1.658275530840473522e+00
-1.587490601175759242e+00
-1.487443284641472463e+00
-1.345492808897867931e+00
-1.169270988432386638e+00
-1.017905963943119163e+00
-9.151484562702346670e-01
-8.458611092715133672e-01
-7.968494523949422037e-01
-7.604936057183434572e-01
-7.323668600869124301e-01
-7.097524224453192199e-01
-6.908893495232028004e-01
-6.745795004504889780e-01
-6.599713414262464717e-01
-6.464347036934056101e-01
-6.334849456172756410e-01
-6.207353328346061350e-01
-6.078662696270525911e-01
-5.946050031124069379e-01
-5.807120823797330411e-01
-5.659723381776676776e-01
-5.501890120448280630e-01
-5.331801900380968018e-01
-5.147770366055310909e-01
-4.948235629316950490e-01
-4.731778492406182868e-01
-4.497147973536533283e-01
-4.243306247148775356e-01
-3.969494087885673816e-01
-3.675320058557769998e-01
-3.360875153470769816e-01
-3.026870129057526171e-01
-2.674783947352498692e-01
-2.306998150548725812e-01
-1.926875940895164119e-01
-1.538733591826384473e-01
-1.147657521870370095e-01
-7.591530329241150121e-02
-3.786665878389292722e-02
-1.107796855327523085e-03
3.397218092498750092e-02
6.710817553885502218e-02
9.816494698585172263e-02
1.271274496310080271e-01
1.540823755809517526e-01
1.791974806628198469e-01
2.027033517350201042e-01
2.248800748993216025e-01
2.460496014861325575e-01
2.665736579369485937e-01
2.868566482184164435e-01
3.073529183931750786e-01
3.285778033001227061e-01
3.511219429223836896e-01
3.756684060760722144e-01
4.030122399151229162e-01
4.340823344763284908e-01
4.699662724789320789e-01
5.119406742958391154e-01
5.615132993705050923e-01
6.204900871214172886e-01
6.910921905942204457e-01
7.761665206181298515e-01
8.795512691236355707e-01
1.006588037611674036e+00
1.163916980115802247e+00
1.352062039457255560e+00
1.537921835694929351e+00
1.672479784110359802e+00
1.757060090029277655e+00
1.810924329419187018e+00
1.846576582865262939e+00
1.870874064106602841e+00
1.887732667117721697e+00
1.899537357709776053e+00
1.907824198089115297e+00
1.913626130388291990e+00
1.917660002218829041e+00
1.920434225615430313e+00
1.922314336428334602e+00
1.923564963250752768e+00
1.924377897628354761e+00
1.924891585056021537e+00
1.925205082166218329e+00
1.925388292983994276e+00
1.925489604676177358e+00
1.925541640171338997e+00
1.925565597448818389e+00
1.925574465003999869e+00
1.925575150692141246e+00
1.925568406477635497e+00
1.925529656420933655e+00
-1.300677173230949668e+00
