-1.445535153261729544e+00
-1.431964784768835264e+00
-1.378405076361164605e+00
-1.274469553493612350e+00
-1.127410810288972609e+00
-9.592527030841628832e-01
-7.943032978008947032e-01
-6.487175355602682325e-01
-5.285149527368944167e-01
-4.328891626332197484e-01
-3.580239150080851140e-01
-2.994871673674037171e-01
-2.532945376410650762e-01
-2.162138603763076594e-01
-1.857405586477072490e-01
-1.599680462591245023e-01
-1.374478828769848116e-01
-1.170715561631836821e-01
-9.797983319333193608e-02
-7.949665721375509531e-02
-6.108247175386711386e-02
-4.230216923763680664e-02
-2.280379558410903368e-02
-2.305056386741956807e-03
1.941461554745215617e-02
4.251816777535104286e-02
6.711261047374145194e-02
9.324944754301255079e-02
1.209248645426910379e-01
1.500805305044564109e-01
1.806057024257025356e-01
2.123411172623471399e-01
2.450849141785830798e-01
2.786005635068196096e-01
3.126265153769156591e-01
3.468870543931569239e-01
3.811036898641806947e-01
4.150063469736889887e-01
4.483436601664261278e-01
4.808917955280417877e-01
5.124614188748372046e-01
5.429026470582606345e-01
5.721080374417963910e-01
6.000138566649658722e-01
6.266000071348596379e-01
6.518890720478190959e-01
6.759449706320089790e-01
6.988717043477129520e-01
7.208126337349415325e-01
7.419506646012117290e-01
7.625096467990725158e-01
7.827571974216028794e-01
8.030090422349130952e-01
8.236348029029235684e-01
8.450649084635409869e-01
8.677979292623463348e-01
8.924070607419716250e-01
9.195436639875852469e-01
9.499346698009174528e-01
9.843693316192874132e-01
1.023669516939260671e+00
1.068637030017404177e+00
1.119972378382083189e+00
1.178163346305481030e+00
1.243350052549258900e+00
1.315185940933195186e+00
1.392728552546019571e+00
1.474403128843292610e+00
1.558076900631207629e+00
1.641256510430657789e+00
1.721380340850010127e+00
1.796139267095536063e+00
1.863744892306617551e+00
1.923083265924193874e+00
1.973734139128712206e+00
2.015878432636986517e+00
2.050141131025936314e+00
2.077418634985070955e+00
2.098726065779961569e+00
2.115082031747323565e+00
2.127433671881976629e+00
2.136616162095412719e+00
2.143337625812282710e+00
2.148180561857524040e+00
2.151612640337545734e+00
2.154001805820085824e+00
2.155632460816117479e+00
2.156720881663324985e+00
2.157428953993161258e+00
2.157875897002690557e+00
2.158147977677954188e+00
2.158306384572314052e+00
2.158393498929602750e+00
2.158437809901924354e+00
2.158457690431282661e+00
2.158464166986384658e+00
2.158462523493525076e+00
2.158450754615126144e+00
2.158387031562774894e+00
1.927583002773552712e-01
