1.657403547770927891e-07
2.550088861842740584e-02
4.463649582028686447e-02
5.852440882977793385e-02
6.813207187221320682e-02
7.430036694092512217e-02
7.776365627230552580e-02
7.916650615368447941e-02
7.907727312312173851e-02
7.799882426106080624e-02
7.637672313114034217e-02
7.460524716777769405e-02
7.303161555240247904e-02
7.195880298064326330e-02
7.164729783811246699e-02
7.231613637194797550e-02
7.414351026114875121e-02
7.726720596728769985e-02
8.178509245857842891e-02
8.775583109700668683e-02
9.519993912231013156e-02
1.041012974553396780e-01
1.144091554341276212e-01
1.260406503295759817e-01
1.388838286104459030e-01
1.528011293123288095e-01
1.676332677321029641e-01
1.832034401029657977e-01
1.993217568733757494e-01
2.157898035837125250e-01
2.324052238897655331e-01
2.489662187347435329e-01
2.652758586768531601e-01
2.811461125490759549e-01
2.964015045402918491e-01
3.108823229993095683e-01
3.244473173204128758e-01
3.369758337124367786e-01
3.483693560296541314e-01
3.585524337107749426e-01
3.674729948095382115e-01
3.751020577086100483e-01
3.814328700190297572e-01
3.864795170450435191e-01
3.902750547408133097e-01
3.928692330431857727e-01
3.943258846176709853e-01
3.947200612311723145e-01
3.941350050378781833e-01
3.926590449524686166e-01
3.903825089511816504e-01
3.873947415946451533e-01
3.837813123588282860e-01
3.796214945859870404e-01
3.749860871601975454e-01
3.699356415437696777e-01
3.645191457880316843e-01
3.587732047929379497e-01
3.527217427010556072e-01
3.463762391633961046e-01
3.397364966182181423e-01
3.327919210060412691e-01
3.255232838425661246e-01
3.179049196303708191e-01
3.099072995556684806e-01
3.014999106299225407e-01
2.926543592303271213e-01
2.833476096860093052e-01
2.735652624462159288e-01
2.633047727247634917e-01
2.525785095824557014e-01
2.414165573896861205e-01
2.298691666662289468e-01
2.180087695370452883e-01
2.059314865310319376e-01
1.937580661838141649e-01
1.816342168214181430e-01
1.697303108645752123e-01
1.582404657944673498e-01
1.473810322713004772e-01
1.373885484243357880e-01
1.285172495745517396e-01
1.210362540548384491e-01
1.152265777069426816e-01
1.113781613086438083e-01
1.097871257650335358e-01
1.107534984244317317e-01
1.145796792841717870e-01
1.215699369555409970e-01
1.320312397699456020e-01
1.462757359261740442e-01
1.646251965841074860e-01
1.874177256722772134e-01
2.150170181509128975e-01
2.478244127019635090e-01
2.862939333357152338e-01
3.309504451345001153e-01
3.824109601163858674e-01
4.414090177125726822e-01
5.088219282307971936e-01
