1.083427405909883401e+00
-1.154339445715210077e-01
-1.154246858755026417e-01
-1.153707511508834521e-01
-1.151984430000376619e-01
-1.147726107476704088e-01
-1.138704753020325366e-01
-1.121454937321682416e-01
-1.090754700462473470e-01
-1.038844967597601227e-01
-9.542565457951551755e-02
-8.203090156382715492e-02
-6.146719067830380689e-02
-3.161431759127564245e-02
7.118969319042921587e-03
4.969979838075137824e-02
8.982167038605368137e-02
1.242038290619171675e-01
1.523493391139017772e-01
1.749303443164376137e-01
1.929082222128992441e-01
2.072152889422405053e-01
2.186596977456710666e-01
2.279083437899560027e-01
2.354971626479131219e-01
2.418505171917205987e-01
2.473022242296737117e-01
2.521150053905573118e-01
2.564971279712847663e-01
2.606160035844003464e-01
2.646089907006423658e-01
2.685918296382598380e-01
2.726651624031868892e-01
2.769195373974475127e-01
2.814392158628917229e-01
2.863050046494425849e-01
2.915962464675099231e-01
2.973920047108615794e-01
3.037713836509447485e-01
3.108128269122252818e-01
3.185921465497701943e-01
3.271789773981205740e-01
3.366313789732631179e-01
3.469885037327400945e-01
3.582617123696349992e-01
3.704252851921653322e-01
3.834088114945173320e-01
3.970939935785366970e-01
4.113183190927610644e-01
4.258864120776146289e-01
4.405872913411530423e-01
4.552135683697532409e-01
4.695781265736523880e-01
4.835252379542391843e-01
4.969353613757269139e-01
5.097247365352483017e-01
5.218417088795523906e-01
5.332616314510585376e-01
5.439816582911167764e-01
5.540161665931147006e-01
5.633931126921967181e-01
5.721513742292204663e-01
5.803390201324407638e-01
5.880124310715370006e-01
5.952362272180931058e-01
6.020840258117282628e-01
6.086401418190922064e-01
6.150024675003162855e-01
6.212869417210983292e-01
6.276342883654365545e-01
6.342201427388768353e-01
6.412704456299679334e-01
6.490853730331040961e-01
6.580777455498354467e-01
6.688373365629827205e-01
6.822444455428535726e-01
6.996838467192236788e-01
7.234764121839547535e-01
7.577735639482925389e-01
8.098203510918565717e-01
8.841910821211270699e-01
9.587737275382172131e-01
1.013725266964446980e+00
1.052719988023750108e+00
1.081197892585362030e+00
1.102378180014517151e+00
1.118170824512196404e+00
1.129830387215210452e+00
1.138274266686218006e+00
1.144229192768386305e+00
1.148293658906868409e+00
1.150961844232744280e+00
1.152633639205592475e+00
1.153622613415008269e+00
1.154165825791777955e+00
1.154435405386923019e+00
1.154550602262811809e+00
1.154589132909175975e+00
1.154597153462304515e+00
1.154597641042918843e+00
