5.997335845194216031e-01
-1.996922658089505809e-01
-1.996882282690469745e-01
-1.996562584226627135e-01
-1.995516508167295699e-01
-1.992906719979835317e-01
-1.987359881574523035e-01
-1.976796796685616198e-01
-1.958268330630536791e-01
-1.927849586811236915e-01
-1.880682903220610991e-01
-1.811297705637925914e-01
-1.714338224158052648e-01
-1.585742799521101809e-01
-1.424197309282936030e-01
-1.232380646703863519e-01
-1.017342649054948367e-01
-7.895707975542311241e-02
-5.609270276566170194e-02
-3.422613530624189770e-02
-1.416320564338755840e-02
3.638042609785150077e-03
1.903749089895565710e-02
3.212908808986839060e-02
4.314710341471448413e-02
5.238879590652724405e-02
6.016188161476476032e-02
6.675448119764637589e-02
7.242136140010589640e-02
7.738032788539411788e-02
8.181412420810285635e-02
8.587481671276629702e-02
8.968891087665332995e-02
9.336228655681197419e-02
9.698454420878811766e-02
1.006326309708223815e-01
1.043737530056122326e-01
1.082676389252719557e-01
1.123682358546123777e-01
1.167249164508825654e-01
1.213832640376597549e-01
1.263854903250916373e-01
1.317705292519151528e-01
1.375738429118828765e-01
1.438269720714551447e-01
1.505568647227652768e-01
1.577850213821798686e-01
1.655265050288597661e-01
1.737888758377795773e-01
1.825711248266907727e-01
1.918626942498061483e-01
2.016426835349607316e-01
2.118793449360774905e-01
2.225299700591447660e-01
2.335412548065167737e-01
2.448502050861758317e-01
2.563856096731129131e-01
2.680700628622073034e-01
2.798224730635363033e-01
2.915609507971864134e-01
3.032059376166131859e-01
3.146834224281413461e-01
3.259280974815052523e-01
3.368863340902852888e-01
3.475189060027855104e-01
3.578034519949931935e-01
3.677367431826977229e-01
3.773368993475191280e-01
3.866457780149613055e-01
3.957318373846536730e-01
4.046938473843620376e-01
4.136658879208920392e-01
4.228241180856425752e-01
4.323957952154209305e-01
4.426709035066780928e-01
4.540163888586267738e-01
4.668921520019983507e-01
4.818662288496468604e-01
4.996234124586597103e-01
5.209563418393948764e-01
5.467207735354785436e-01
5.777294719373197163e-01
6.145588867879564487e-01
6.572635542162830191e-01
7.050508362706665588e-01
7.560579101290032522e-01
8.074325896738825392e-01
8.558420818525269702e-01
8.982854936260599166e-01
9.328385796515571426e-01
9.589697970475016264e-01
9.773514762504023068e-01
9.893773090950123139e-01
9.966653753837612095e-01
1.000712200089331150e+00
1.002724561659547931e+00
1.003581404619358963e+00
1.003866016641397962e+00
1.003924754630702187e+00
1.003928307898871441e+00
