2.870507776016363935e-02
8.877091084652306147e-03
8.877470154843669289e-03
8.879699335653605183e-03
8.886858085672714666e-03
8.904593300185167232e-03
8.942106054959059885e-03
9.013265498850543678e-03
9.137673077069389735e-03
9.341329967028218564e-03
9.656308106735525532e-03
1.011858134011737152e-02
1.076316177885947890e-02
1.161627450345556305e-02
1.268577323978505728e-02
1.395300507830634848e-02
1.537047477627443565e-02
1.686818937645693378e-02
1.836741108073792692e-02
1.979643756192936421e-02
2.110227227185086651e-02
2.225501789042607856e-02
2.324577139018675631e-02
2.408099330876386016e-02
2.477627066048607510e-02
2.535119958524227265e-02
2.582592573768525274e-02
2.621917699075524202e-02
2.654737249343514655e-02
2.682439907973524496e-02
2.706174740407524953e-02
2.726880873792412660e-02
2.745321743456140967e-02
2.762117977145230052e-02
2.777776315193641182e-02
2.792713784096811230e-02
2.807277241373031321e-02
2.821758790416683052e-02
2.836407671641088049e-02
2.851439212974287221e-02
2.867041346712501104e-02
2.883379111362604358e-02
2.900597476143888451e-02
2.918822760977787464e-02
2.938162879161122093e-02
2.958706603752071090e-02
2.980522050694559694e-02
3.003654579408741171e-02
3.028124331339533334e-02
3.053923653762060861e-02
3.081014683478924474e-02
3.109327385055860732e-02
3.138758342321206624e-02
3.169170581731442504e-02
3.200394655496045793e-02
3.232231128317952784e-02
3.264454496689748325e-02
3.296818432335132942e-02
3.329062095620600320e-02
3.360917128287056743e-02
3.392114825854439936e-02
3.422392923337663068e-02
3.451501411310070599e-02
3.479206831410851936e-02
3.505294570043045871e-02
3.529568757290187792e-02
3.551849461481005471e-02
3.571966924352285716e-02
3.589752586872013707e-02
3.605026597938697230e-02
3.617581374406204225e-02
3.627160604382637099e-02
3.633432896972950410e-02
3.635959171057143169e-02
3.634153027485067383e-02
3.627234117832022625e-02
3.614176552987974356e-02
3.593658767267441517e-02
3.564029556609703275e-02
3.523318996614484278e-02
3.469342979658669723e-02
3.399971032755921829e-02
3.313630719805331359e-02
3.210070601631385967e-02
3.091252631445945767e-02
2.962002660659706493e-02
2.829872676362147135e-02
2.703852212633252317e-02
2.592219353646130556e-02
2.500504433020351788e-02
2.430553788914743135e-02
2.380945052670955381e-02
2.348225244040843054e-02
2.328230805044408797e-02
2.317031959794210033e-02
2.311411677056438366e-02
2.308994903155526385e-02
2.308183593740955469e-02
2.308014301923504846e-02
2.308004002825348247e-02
