-2.808457925242578979e-01
-2.808431817992221857e-01
-2.807985831417197375e-01
-2.805764426014142887e-01
-2.798876048167582842e-01
-2.782089747675276503e-01
-2.746484612332272257e-01
-2.676720404058168246e-01
-2.544334282928102375e-01
-2.286994026487706722e-01
-1.724834546178826422e-01
-6.222105099756894409e-02
1.358691310984197140e-02
5.380087658979224724e-02
7.851351608411472061e-02
9.529432733287813984e-02
1.075331033268089043e-01
1.169773975227783036e-01
1.246106267666912543e-01
1.310201487887847072e-01
1.365727062945121251e-01
1.415056677073750491e-01
1.459775283273003210e-01
1.500972088501793256e-01
1.539417002530784062e-01
1.575670268215552949e-01
1.610152469253121055e-01
1.643190397350726695e-01
1.675047891181159487e-01
1.705947168168305828e-01
1.736084083607037643e-01
1.765639508858767581e-01
1.794788265055111409e-01
1.823706582464479642e-01
1.852578765024853469e-01
1.881603557407937333e-01
1.911000598770580261e-01
1.941017277723322831e-01
1.971936261519553202e-01
2.004083948392488268e-01
2.037840078061916582e-01
2.073648726474435489e-01
2.112030903373316171e-01
2.153598964098316915e-01
2.199073042584286930e-01
2.249299719912578877e-01
2.305273182307698010e-01
2.368159232939795744e-01
2.439322770592036171e-01
2.520359844384596482e-01
2.613136305552007932e-01
2.719836654354073624e-01
2.843029285345709534e-01
2.985758492737876635e-01
3.151680065566832556e-01
3.345267081394183717e-01
3.572126341368798697e-01
3.839480977754864965e-01
4.156868243201762292e-01
4.536953104910796397e-01
4.995509899720876890e-01
5.545951124062526993e-01
6.174849863150674301e-01
6.803063661244688198e-01
7.329391865699046438e-01
7.726093906988477089e-01
8.018138375975597532e-01
8.235386302601240827e-01
8.399763939027277138e-01
8.526080008679696176e-01
8.624379787749419934e-01
8.701655482190999713e-01
8.762915521480296732e-01
8.811842126463983460e-01
8.851203325077646733e-01
8.883118621128178738e-01
8.909235541935273117e-01
8.930850305297031166e-01
8.948992271101829932e-01
8.964484001124761736e-01
8.977984030208685517e-01
8.990016394821642720e-01
9.000988705734077611e-01
9.011198505421514904e-01
9.020825353718804340e-01
9.029903189508604600e-01
9.038264130615742964e-01
9.045442868396942337e-01
9.050537523645925120e-01
9.052058818195402035e-01
9.047904254382947986e-01
9.035785220844463339e-01
9.014510893066201014e-01
8.985851516059598643e-01
8.955134272527615069e-01
8.928805150515003453e-01
8.910784679880687786e-01
8.901198806606903657e-01
8.897710364766251434e-01
8.897226237127719983e-01
