-1.395341069143482438e+00
-1.352704902434531009e+00
-1.236079926621018066e+00
-1.076129293944469101e+00
-9.058060945652572915e-01
-7.472816002724960160e-01
-6.103652587478849423e-01
-4.966477733585690224e-01
-4.038004491380529082e-01
-3.282483711730808662e-01
-2.664416744986878860e-01
-2.153220713109167128e-01
-1.724144149337969445e-01
-1.357729389951928545e-01
-1.038869225027755916e-01
-7.558750525181077984e-02
-4.996912664307167490e-02
-2.632762227510067679e-02
-4.113012198959733329e-03
1.710594047850786878e-02
3.766815788668100712e-02
5.783993187702963362e-02
7.782962473137675086e-02
9.779871296961348270e-02
1.178701614548213344e-01
1.381348584469661855e-01
1.586566517043099811e-01
1.794763848522372141e-01
2.006152287525731492e-01
2.220775244643962698e-01
2.438532952980300705e-01
2.659205402864615042e-01
2.882473865906757249e-01
3.107941515228610507e-01
3.335153444149122071e-01
3.563616234067636390e-01
3.792817116334878946e-01
4.022242706856925532e-01
4.251397261178935238e-01
4.479820397129740117e-01
4.707104256867705727e-01
4.932910125114363664e-01
5.156984579921333189e-01
5.379175320617852751e-01
5.599446888457823013e-01
5.817896562312355746e-01
6.034770767127825009e-01
6.250482367938831052e-01
6.465629225688906967e-01
6.681014347787680441e-01
6.897667855299518536e-01
7.116870781016780834e-01
7.340180369174341690e-01
7.569456016677065247e-01
7.806884213279032814e-01
8.054999730801672975e-01
8.316698807442939323e-01
8.595238126158384340e-01
8.894211019405584562e-01
9.217489712506198307e-01
9.569119959846346113e-01
9.953152926912222087e-01
1.037339991622038493e+00
1.083310031923357064e+00
1.133450403922885874e+00
1.187838813998070009e+00
1.246355342401274324e+00
1.308637635105266650e+00
1.374051673085501246e+00
1.441688935037427788e+00
1.510398528046833277e+00
1.578857024487504868e+00
1.645670181227457229e+00
1.709491936296454462e+00
1.769140406257153186e+00
1.823690571915191683e+00
1.872529202233740309e+00
1.915367072986132069e+00
1.952213123498213632e+00
1.983321806369467089e+00
2.009127221023017995e+00
2.030176219604582055e+00
2.047069115676550144e+00
2.060412577989390481e+00
2.070785894769544111e+00
2.078719526550480534e+00
2.084683705916437813e+00
2.089084518140985836e+00
2.092265082536382437e+00
2.094509880434385352e+00
2.096050760948170666e+00
2.097073599825841406e+00
2.097724947580813737e+00
2.098118273290410229e+00
2.098339599990087567e+00
2.098452452784732802e+00
2.098502118300806796e+00
2.098519258171149815e+00
2.098522940515644475e+00
-9.671061411756004533e-02
