-1.101323667105178483e+00
-1.045376858008348897e+00
-8.075766884516277777e-01
-2.809831438311351515e-01
5.544355998969616867e-02
2.316828433077450788e-01
3.380889920851364860e-01
4.086192683864711128e-01
4.587166508125261055e-01
4.964573523729568505e-01
5.264650840043626490e-01
5.515636048791346946e-01
5.735663446768870521e-01
5.936872258007188652e-01
6.127679154956087171e-01
6.314093752994962561e-01
6.500505865313782605e-01
6.690167172652331518e-01
6.885488933629592134e-01
7.088225280613289492e-01
7.299583833908365182e-01
7.520290227365251656e-01
7.750624870112470255e-01
7.990445742950430530e-01
8.239208374225636122e-01
8.495992108704216728e-01
8.759539515542408283e-01
9.028312803113447416e-01
9.300567417269233195e-01
9.574439095008734357e-01
9.848037380691212483e-01
1.011953685158073490e+00
1.038725752113757617e+00
1.064972794110404575e+00
1.090572769527978769e+00
1.115430931473646359e+00
1.139480233578811230e+00
1.162680383992938493e+00
1.185016034186134659e+00
1.206494558724290345e+00
1.227143804645307368e+00
1.247010096967927195e+00
1.266156702800361966e+00
1.284662892632065567e+00
1.302623698009448994e+00
1.320150449825134631e+00
1.337372189334586903e+00
1.354438073863297731e+00
1.371520952253349357e+00
1.388822366110767481e+00
1.406579351442358350e+00
1.425073587909043260e+00
1.444643696558212342e+00
1.465701862529271482e+00
1.488756514831016453e+00
1.514443594299546891e+00
1.543569981188194218e+00
1.577173556958338052e+00
1.616603158286251896e+00
1.663610050849608335e+00
1.720388551203248406e+00
1.789297848629918253e+00
1.871410861836298345e+00
1.962692100849784405e+00
2.051435293670029747e+00
2.126194068107079893e+00
2.184202265785958108e+00
2.228194356735520909e+00
2.261680189796753560e+00
2.287442574966031206e+00
2.307474377405934085e+00
2.323185424442125502e+00
2.335587002831164494e+00
2.345419431470761928e+00
2.353235767052441751e+00
2.359456718507166428e+00
2.364407291117847976e+00
2.368341793218306179e+00
2.371461303603387805e+00
2.373926148700559846e+00
2.375865001903953111e+00
2.377381646021403228e+00
2.378560085257305445e+00
2.379468468855233443e+00
2.380162143723552504e+00
2.380686058025557994e+00
2.381076673747955397e+00
2.381363502577292568e+00
2.381570349082713367e+00
2.381716323813654057e+00
2.381816673614933322e+00
2.381883465356378071e+00
2.381926151110180800e+00
2.381952036731652012e+00
2.381966671219574838e+00
2.381974170741471664e+00
2.381977488517588171e+00
2.381978639658364205e+00
2.381978888378632142e+00
1.046648589425258402e+00
