-1.752506704190250619e-01
-1.752465566024664911e-01
-1.751820907246180448e-01
-1.748890113494779019e-01
-1.740615868452249360e-01
-1.722398502473946047e-01
-1.688106470055285024e-01
-1.630470569325528640e-01
-1.542092731789260762e-01
-1.417165945868749666e-01
-1.253617636069360164e-01
-1.054860145824063344e-01
-8.300884377271049164e-02
-5.925786957766096541e-02
-3.565691363134682740e-02
-1.341463972410344638e-02
6.661575496511751293e-03
2.419361554475457990e-02
3.915015885098611231e-02
5.172453976764207484e-02
6.222357876082048461e-02
7.098818595568866241e-02
7.834618881436028470e-02
8.458942122980764311e-02
8.996614322760584925e-02
9.468184793445466596e-02
9.890393675888420333e-02
1.027676622102811632e-01
1.063820040394925920e-01
1.098348912905000585e-01
1.131975852254905185e-01
1.165282346856726658e-01
1.198746982700690383e-01
1.232767520122221017e-01
1.267677980255459413e-01
1.303761753043525817e-01
1.341261566887443357e-01
1.380386996571735525e-01
1.421320045422765632e-01
1.464219223058909614e-01
1.509222449989427450e-01
1.556449051312101539e-01
1.606001050107418726e-01
1.657963933371423282e-01
1.712407036504799696e-01
1.769383674026510922e-01
1.828931132300475049e-01
1.891070633016496139e-01
1.955807372608819872e-01
2.023130741619779127e-01
2.093014828312068365e-01
2.165419311872426589e-01
2.240290851784806081e-01
2.317565081032835483e-01
2.397169311590564289e-01
2.479026061294013483e-01
2.563057512031617358e-01
2.649191010884234254e-01
2.737365729236691525e-01
2.827540600948762473e-01
2.919703670343256063e-01
3.013882994643881652e-01
3.110159263408537877e-01
3.208680317848954799e-01
3.309677771652997369e-01
3.413485944032052521e-01
3.520563301043274085e-01
3.631516539255594256e-01
3.747127299113056642e-01
3.868381206485722035e-01
3.996498424938842997e-01
4.132964037780895716e-01
4.279555207037979980e-01
4.438359980153540607e-01
4.611779634777889991e-01
4.802502449067673207e-01
5.013431902808632712e-01
5.247547284405307266e-01
5.507671312786815987e-01
5.796121141999752702e-01
6.114231366675674240e-01
6.461766755523211669e-01
6.836292426850457682e-01
7.232635131308272625e-01
7.642629493617913994e-01
8.055357024854006287e-01
8.458009302140271357e-01
8.837327493933256894e-01
9.181342840218926771e-01
9.480981454896355576e-01
9.731107815853218268e-01
9.930775838961753976e-01
1.008273198083257327e+00
1.019242942444083422e+00
1.026688322411392074e+00
1.031363589282173532e+00
1.033998123505044608e+00
1.035247947946858371e+00
1.035672343506766957e+00
1.035728570888480915e+00
