-6.202075094815463763e-02
-6.201352992590346280e-02
-6.190034654837887895e-02
-6.138502805417691416e-02
-5.992307042994934191e-02
-5.666662619958448555e-02
-5.039690235407971036e-02
-3.946212996860838651e-02
-2.182703542329980304e-02
4.419481877356588699e-03
3.956358940022233067e-02
8.047387644562854769e-02
1.215708448052695567e-01
1.583907344209339041e-01
1.891727695451231595e-01
2.140088399913028239e-01
2.337444025067602904e-01
2.493813513594674569e-01
2.618397426979642284e-01
2.718868782135898665e-01
2.801338837998479936e-01
2.870560906314484351e-01
2.930189879181997470e-01
2.983025752630282801e-01
3.031217640779844125e-01
3.076425262683479822e-01
3.119942725687059881e-01
3.162791584578812931e-01
3.205789929904702684e-01
3.249603199109766805e-01
3.294781197205849388e-01
3.341784730029787598e-01
3.391004373740068023e-01
3.442773229940901958e-01
3.497375020047160388e-01
3.555048523596101018e-01
3.615989134823809348e-01
3.680348177604399473e-01
3.748230560861910421e-01
3.819691358402411141e-01
3.894731937662311849e-01
3.973296318882447165e-01
4.055268489292410683e-01
4.140471395367013585e-01
4.228668260049577854e-01
4.319566703050176093e-01
4.412825882463419780e-01
4.508066552241807856e-01
4.604883593514190188e-01
4.702860291846683305e-01
4.801583456628307212e-01
4.900658448329267003e-01
4.999723297487836948e-01
5.098461335811353967e-01
5.196612063482373145e-01
5.293980293654880764e-01
5.390443901522791181e-01
5.485960739259719832e-01
5.580575459361362123e-01
5.674427136277659933e-01
5.767758722213963685e-01
5.860929560477489142e-01
5.954432462321725961e-01
6.048917302507301752e-01
6.145223806886220830e-01
6.244427355123447487e-01
6.347903471824634103e-01
6.457419695332816678e-01
6.575268515553428506e-01
6.704463519398187188e-01
6.849035318412395323e-01
7.014488276367212283e-01
7.208517388510085055e-01
7.442125352455430942e-01
7.731202386597174625e-01
8.097706350718486545e-01
8.564514101381424105e-01
9.124839432574375353e-01
9.697881599117619267e-01
1.018963023227720921e+00
1.057807707078687542e+00
1.088131357546550548e+00
1.112032540662657887e+00
1.131073575278314314e+00
1.146342483919768673e+00
1.158607834359479671e+00
1.168433135991099103e+00
1.176249807842528528e+00
1.182402226428128422e+00
1.187175178643548046e+00
1.190810328535276685e+00
1.193515916655391695e+00
1.195472457543595324e+00
1.196836247262203390e+00
1.197741811030892389e+00
1.198303926340800851e+00
1.198619520242852454e+00
1.198769536540350567e+00
1.198820766757317191e+00
1.198827602489269673e+00
