#Upper limit for the Conditional distribution of mass given radius from initial fitting w/o bootstrap
6.377348718131257333e-09
6.377348718131257333e-09
6.377348718131257333e-09
6.377348718131257333e-09
6.377348718131257333e-09
6.377348718131257333e-09
6.377348718131257333e-09
6.377348718131257333e-09
6.377348718131257333e-09
6.377348718131257333e-09
6.377348718131257333e-09
6.377348718131257333e-09
6.377348718131257333e-09
6.377348718131257333e-09
6.377348718131257333e-09
6.377348718131257333e-09
6.377348718131257333e-09
6.377348718131257333e-09
6.377348718131257333e-09
6.377348718131257333e-09
6.377348718131257333e-09
6.377348718131257333e-09
6.377348718131257333e-09
6.377348718131257333e-09
6.377348718131257333e-09
6.377348718131257333e-09
6.377348718131257333e-09
6.377348718131257333e-09
6.377348718131257333e-09
6.377348718131257333e-09
6.377348718131257333e-09
6.377348718131257333e-09
6.377348718131257333e-09
6.377348718131257333e-09
6.377348718131257333e-09
6.377348718131257333e-09
6.377348718131257333e-09
6.377348718131257333e-09
6.377348718131257333e-09
6.377348718131257333e-09
6.377348718131257333e-09
6.377348718131257333e-09
6.377348718131257333e-09
6.377348718131257333e-09
6.377348718131257333e-09
6.377348718131257333e-09
6.377348718131257333e-09
6.377348718131257333e-09
6.377348718131257333e-09
6.377348718131257333e-09
6.377348718131257333e-09
6.377348718131257333e-09
6.377348718131257333e-09
6.377348718131257333e-09
6.377348718131257333e-09
6.377348718131257333e-09
6.377348718131257333e-09
6.377348718131257333e-09
6.377348718131257333e-09
6.377348718131257333e-09
6.377348718131257333e-09
6.377348718131257333e-09
6.377348718131257333e-09
6.377348718131257333e-09
6.377348718131257333e-09
6.377348718131257333e-09
6.377348718131257333e-09
6.377348718131257333e-09
6.377348718131257333e-09
6.377348718131257333e-09
6.377348718131257333e-09
6.377348718131257333e-09
6.377348718131257333e-09
6.377348718131257333e-09
6.377348718131257333e-09
6.377348718131257333e-09
6.377348718131257333e-09
6.377348718131257333e-09
6.377348718131257333e-09
6.377348718131257333e-09
6.377348718131257333e-09
6.377348718131257333e-09
6.377348718131257333e-09
6.377348718131257333e-09
6.377348718131257333e-09
6.377348718131257333e-09
6.377348718131257333e-09
6.377348718131257333e-09
6.377348718131257333e-09
6.377348718131257333e-09
6.377348718131257333e-09
6.377348718131257333e-09
6.377348718131257333e-09
6.377348718131257333e-09
6.377348718131257333e-09
6.377348718131257333e-09
6.377348718131257333e-09
6.377348718131257333e-09
6.377348718131257333e-09
6.377348718131257333e-09
