#Conditional distribution of radius given mass from initial fitting w/o bootstrap
nan
1.680766999242035457e-03
2.403932976597350502e-02
4.583687250989977591e-02
6.709370285901414266e-02
8.782914896913063263e-02
1.080616175845887372e-01
1.278086480083580057e-01
1.470869623135471205e-01
1.659125120978577894e-01
1.843005220551821866e-01
2.022655306139473641e-01
2.198214278696720425e-01
2.369814910192528379e-01
2.537584174864805919e-01
2.701643559120316396e-01
2.862109351664485213e-01
3.019092915313159042e-01
3.172700941817481191e-01
3.323035690923484831e-01
3.470195214788435734e-01
3.614273568785423274e-01
3.755361009645277193e-01
3.893544181809796556e-01
4.028906292801835431e-01
4.161527278355198756e-01
4.291483957990297471e-01
4.418850181669131683e-01
4.543696968115508161e-01
4.666092635342444783e-01
4.786102923888654326e-01
4.903791113229086229e-01
5.019218131790621484e-01
5.132442660972965642e-01
5.243521233546043492e-01
5.352508326768937730e-01
5.459456450551017914e-01
5.564416230953593834e-01
5.667436489309641834e-01
5.768564317220170601e-01
5.867845147668035999e-01
5.965322822473726472e-01
6.061039656302541490e-01
6.155036497418536756e-01
6.247352785367619177e-01
6.338026605760206378e-01
6.427094742312546849e-01
6.514592726295513891e-01
6.600554883529955452e-01
6.685014379058669132e-01
6.768003259616753864e-01
6.849552494014186088e-01
6.929692011537255114e-01
7.008450738468571251e-01
7.085856632819134138e-01
7.161936717359861371e-01
7.236717111034450811e-01
7.310223058830185305e-01
7.382478960178427974e-01
7.453508395951872201e-01
7.523334154121272821e-01
7.591978254130342663e-01
7.659461970043507373e-01
7.725805852517730887e-01
7.791029749645944635e-01
7.855152826716547132e-01
7.918193584930108830e-01
7.980169879111584930e-01
8.041098934453452252e-01
8.100997362322402973e-01
8.159881175159691136e-01
8.217765800502659923e-01
8.274666094152574036e-01
8.330596352511449032e-01
8.385570324108393425e-01
8.439601220333583509e-01
8.492701725395914725e-01
8.544884005518111891e-01
8.596159717380992271e-01
8.646540015826398307e-01
8.696035560826157473e-01
8.744656523722375008e-01
8.792412592742089306e-01
8.839312977787144865e-01
8.885366414497988252e-01
8.930581167587628988e-01
8.974965033439814555e-01
9.018525341962873032e-01
9.061268957688223269e-01
9.103202280099876864e-01
9.144331243178410729e-01
9.184661314140036836e-01
9.224197491348201661e-01
9.262944301371945910e-01
9.300905795161653611e-01
9.338085543309118108e-01
9.374486630354815775e-01
9.410111648101007198e-01
9.444962687884519426e-01
nan
