#Weights for Beta densities from bootstrap run
0.000000000000000000e+00 0.000000000000000000e+00 0.000000000000000000e+00 0.000000000000000000e+00 0.000000000000000000e+00 0.000000000000000000e+00 4.004131309109336678e-01 8.710267070195687945e-08 0.000000000000000000e+00 0.000000000000000000e+00 0.000000000000000000e+00 9.771552614709022077e-07 2.312680307132589652e-01 3.683185128446690437e-01 0.000000000000000000e+00 0.000000000000000000e+00 2.679074394699042813e-10 0.000000000000000000e+00 2.938559261713625248e-08 0.000000000000000000e+00 0.000000000000000000e+00 0.000000000000000000e+00 0.000000000000000000e+00 0.000000000000000000e+00 0.000000000000000000e+00
0.000000000000000000e+00 0.000000000000000000e+00 0.000000000000000000e+00 0.000000000000000000e+00 0.000000000000000000e+00 0.000000000000000000e+00 4.452008784997420503e-14 3.785522201812563381e-01 0.000000000000000000e+00 0.000000000000000000e+00 0.000000000000000000e+00 1.165320605351910510e-01 1.656669706905806430e-14 2.914688819151815546e-01 0.000000000000000000e+00 0.000000000000000000e+00 4.173972881358409539e-14 1.085436535715579253e-14 2.134468373683731934e-01 0.000000000000000000e+00 0.000000000000000000e+00 0.000000000000000000e+00 0.000000000000000000e+00 0.000000000000000000e+00 0.000000000000000000e+00
0.000000000000000000e+00 0.000000000000000000e+00 0.000000000000000000e+00 0.000000000000000000e+00 0.000000000000000000e+00 0.000000000000000000e+00 3.561519073668452107e-01 1.503687682715860452e-01 7.690738169083884829e-09 0.000000000000000000e+00 0.000000000000000000e+00 1.211508747055861646e-09 1.387433625019834915e-11 3.065272490775269865e-01 0.000000000000000000e+00 0.000000000000000000e+00 0.000000000000000000e+00 1.178922016920828236e-09 1.869520656318008900e-01 0.000000000000000000e+00 0.000000000000000000e+00 0.000000000000000000e+00 0.000000000000000000e+00 0.000000000000000000e+00 0.000000000000000000e+00
0.000000000000000000e+00 0.000000000000000000e+00 0.000000000000000000e+00 0.000000000000000000e+00 0.000000000000000000e+00 0.000000000000000000e+00 1.377127862207440379e-01 8.906134782252414506e-02 1.809826160464877987e-14 0.000000000000000000e+00 0.000000000000000000e+00 0.000000000000000000e+00 2.298335133321671719e-14 4.893505249545713753e-01 0.000000000000000000e+00 0.000000000000000000e+00 5.932065819461151968e-14 5.394718959744748688e-14 2.838753410020873891e-01 0.000000000000000000e+00 0.000000000000000000e+00 0.000000000000000000e+00 0.000000000000000000e+00 0.000000000000000000e+00 0.000000000000000000e+00
0.000000000000000000e+00 0.000000000000000000e+00 0.000000000000000000e+00 0.000000000000000000e+00 0.000000000000000000e+00 0.000000000000000000e+00 0.000000000000000000e+00 2.333760754137021021e-16 0.000000000000000000e+00 0.000000000000000000e+00 0.000000000000000000e+00 5.428270028142466730e-01 4.140226135899512584e-15 2.335959777970488538e-01 0.000000000000000000e+00 0.000000000000000000e+00 0.000000000000000000e+00 4.295845249182023666e-15 2.235770193887434976e-01 0.000000000000000000e+00 0.000000000000000000e+00 0.000000000000000000e+00 0.000000000000000000e+00 0.000000000000000000e+00 0.000000000000000000e+00
0.000000000000000000e+00 0.000000000000000000e+00 0.000000000000000000e+00 0.000000000000000000e+00 0.000000000000000000e+00 0.000000000000000000e+00 0.000000000000000000e+00 5.659274498813358228e-02 3.135782175700683383e-14 0.000000000000000000e+00 0.000000000000000000e+00 3.959194293017416211e-01 1.161817263544942069e-14 2.180515508889079856e-01 0.000000000000000000e+00 0.000000000000000000e+00 4.232873620303275514e-14 1.549847485728551098e-14 3.294362748211269176e-01 0.000000000000000000e+00 0.000000000000000000e+00 0.000000000000000000e+00 0.000000000000000000e+00 0.000000000000000000e+00 0.000000000000000000e+00
0.000000000000000000e+00 0.000000000000000000e+00 0.000000000000000000e+00 0.000000000000000000e+00 0.000000000000000000e+00 0.000000000000000000e+00 4.066470106257442202e-14 0.000000000000000000e+00 0.000000000000000000e+00 0.000000000000000000e+00 0.000000000000000000e+00 4.689307363360853409e-01 3.175592320498469204e-13 0.000000000000000000e+00 0.000000000000000000e+00 0.000000000000000000e+00 0.000000000000000000e+00 0.000000000000000000e+00 5.310692636642311282e-01 0.000000000000000000e+00 0.000000000000000000e+00 0.000000000000000000e+00 0.000000000000000000e+00 0.000000000000000000e+00 0.000000000000000000e+00
0.000000000000000000e+00 0.000000000000000000e+00 0.000000000000000000e+00 0.000000000000000000e+00 0.000000000000000000e+00 0.000000000000000000e+00 1.022212394768803878e-01 1.531109931458343731e-01 0.000000000000000000e+00 0.000000000000000000e+00 0.000000000000000000e+00 7.486150371480149168e-14 0.000000000000000000e+00 7.446677673773101080e-01 0.000000000000000000e+00 0.000000000000000000e+00 0.000000000000000000e+00 0.000000000000000000e+00 0.000000000000000000e+00 0.000000000000000000e+00 0.000000000000000000e+00 0.000000000000000000e+00 0.000000000000000000e+00 0.000000000000000000e+00 0.000000000000000000e+00
0.000000000000000000e+00 0.000000000000000000e+00 0.000000000000000000e+00 0.000000000000000000e+00 0.000000000000000000e+00 0.000000000000000000e+00 1.053458661473483798e-01 0.000000000000000000e+00 7.468065879243090954e-15 0.000000000000000000e+00 0.000000000000000000e+00 8.911753306398297048e-02 7.600582489775131734e-15 2.239691304475789069e-01 0.000000000000000000e+00 0.000000000000000000e+00 2.183572333364081075e-14 1.700712053825936820e-14 5.815674703410376178e-01 0.000000000000000000e+00 0.000000000000000000e+00 0.000000000000000000e+00 0.000000000000000000e+00 0.000000000000000000e+00 0.000000000000000000e+00
0.000000000000000000e+00 0.000000000000000000e+00 0.000000000000000000e+00 0.000000000000000000e+00 0.000000000000000000e+00 0.000000000000000000e+00 2.531664835375326827e-01 1.322492191712515419e-14 0.000000000000000000e+00 0.000000000000000000e+00 0.000000000000000000e+00 2.674822037866306235e-01 0.000000000000000000e+00 2.894774298290116454e-01 0.000000000000000000e+00 0.000000000000000000e+00 0.000000000000000000e+00 0.000000000000000000e+00 1.898738828469372364e-01 0.000000000000000000e+00 0.000000000000000000e+00 0.000000000000000000e+00 0.000000000000000000e+00 0.000000000000000000e+00 0.000000000000000000e+00
0.000000000000000000e+00 0.000000000000000000e+00 0.000000000000000000e+00 0.000000000000000000e+00 0.000000000000000000e+00 0.000000000000000000e+00 2.190874195916170109e-01 3.089867771366439086e-15 0.000000000000000000e+00 0.000000000000000000e+00 0.000000000000000000e+00 8.784600381736165642e-02 8.312485612194875362e-02 2.111097474969996224e-01 0.000000000000000000e+00 0.000000000000000000e+00 0.000000000000000000e+00 0.000000000000000000e+00 3.988319729720969931e-01 0.000000000000000000e+00 0.000000000000000000e+00 0.000000000000000000e+00 0.000000000000000000e+00 0.000000000000000000e+00 0.000000000000000000e+00
0.000000000000000000e+00 0.000000000000000000e+00 0.000000000000000000e+00 0.000000000000000000e+00 0.000000000000000000e+00 0.000000000000000000e+00 1.392671928393993397e-01 1.498180377500213378e-14 0.000000000000000000e+00 0.000000000000000000e+00 0.000000000000000000e+00 1.027487827893330818e-13 4.801311288188358506e-01 3.806016783429508332e-01 0.000000000000000000e+00 0.000000000000000000e+00 0.000000000000000000e+00 0.000000000000000000e+00 0.000000000000000000e+00 0.000000000000000000e+00 0.000000000000000000e+00 0.000000000000000000e+00 0.000000000000000000e+00 0.000000000000000000e+00 0.000000000000000000e+00
0.000000000000000000e+00 0.000000000000000000e+00 0.000000000000000000e+00 0.000000000000000000e+00 0.000000000000000000e+00 0.000000000000000000e+00 4.065469026214684423e-14 0.000000000000000000e+00 0.000000000000000000e+00 0.000000000000000000e+00 0.000000000000000000e+00 4.181089200365787906e-01 0.000000000000000000e+00 3.324036456050044053e-01 0.000000000000000000e+00 0.000000000000000000e+00 0.000000000000000000e+00 0.000000000000000000e+00 2.494874343591175214e-01 0.000000000000000000e+00 0.000000000000000000e+00 0.000000000000000000e+00 0.000000000000000000e+00 0.000000000000000000e+00 0.000000000000000000e+00
0.000000000000000000e+00 0.000000000000000000e+00 0.000000000000000000e+00 0.000000000000000000e+00 0.000000000000000000e+00 0.000000000000000000e+00 1.774563568290217219e-01 4.532735824713637895e-02 1.374859156643565283e-14 0.000000000000000000e+00 0.000000000000000000e+00 4.583803497361371715e-15 2.627494847130124045e-14 5.854573666425310075e-01 0.000000000000000000e+00 0.000000000000000000e+00 1.375051602529181460e-13 7.901492638353116438e-14 1.917589182810804649e-01 0.000000000000000000e+00 0.000000000000000000e+00 0.000000000000000000e+00 0.000000000000000000e+00 0.000000000000000000e+00 0.000000000000000000e+00
0.000000000000000000e+00 0.000000000000000000e+00 0.000000000000000000e+00 0.000000000000000000e+00 0.000000000000000000e+00 0.000000000000000000e+00 7.497459068908432500e-02 1.437794460438719495e-02 1.048975427461913690e-14 0.000000000000000000e+00 0.000000000000000000e+00 8.685221731261419387e-15 2.029490941621303612e-15 4.585985968872271501e-01 0.000000000000000000e+00 0.000000000000000000e+00 5.261102222820814023e-14 2.278341767634681214e-14 4.520488678192520204e-01 0.000000000000000000e+00 0.000000000000000000e+00 0.000000000000000000e+00 0.000000000000000000e+00 0.000000000000000000e+00 0.000000000000000000e+00
0.000000000000000000e+00 0.000000000000000000e+00 0.000000000000000000e+00 0.000000000000000000e+00 0.000000000000000000e+00 0.000000000000000000e+00 0.000000000000000000e+00 5.413252271755558412e-15 2.001377970083449417e-16 0.000000000000000000e+00 0.000000000000000000e+00 5.283118392967371957e-01 7.945052860699267875e-15 6.700239812055294478e-15 0.000000000000000000e+00 0.000000000000000000e+00 0.000000000000000000e+00 0.000000000000000000e+00 4.716881607031226387e-01 0.000000000000000000e+00 0.000000000000000000e+00 0.000000000000000000e+00 0.000000000000000000e+00 0.000000000000000000e+00 0.000000000000000000e+00
0.000000000000000000e+00 0.000000000000000000e+00 0.000000000000000000e+00 0.000000000000000000e+00 0.000000000000000000e+00 0.000000000000000000e+00 5.248911837547283134e-15 0.000000000000000000e+00 0.000000000000000000e+00 0.000000000000000000e+00 0.000000000000000000e+00 2.902291435307986500e-01 0.000000000000000000e+00 1.144960821528319961e-01 0.000000000000000000e+00 0.000000000000000000e+00 0.000000000000000000e+00 0.000000000000000000e+00 5.952747743164167327e-01 0.000000000000000000e+00 0.000000000000000000e+00 0.000000000000000000e+00 0.000000000000000000e+00 0.000000000000000000e+00 0.000000000000000000e+00
0.000000000000000000e+00 0.000000000000000000e+00 0.000000000000000000e+00 0.000000000000000000e+00 0.000000000000000000e+00 0.000000000000000000e+00 9.461714904252612250e-15 6.164935008085521020e-16 4.304431537834537503e-15 0.000000000000000000e+00 0.000000000000000000e+00 0.000000000000000000e+00 3.616587017142777194e-01 1.807672477876480499e-01 0.000000000000000000e+00 0.000000000000000000e+00 6.256622971238967334e-15 2.655245069246430370e-15 4.575740504980611578e-01 0.000000000000000000e+00 0.000000000000000000e+00 0.000000000000000000e+00 0.000000000000000000e+00 0.000000000000000000e+00 0.000000000000000000e+00
0.000000000000000000e+00 0.000000000000000000e+00 0.000000000000000000e+00 0.000000000000000000e+00 0.000000000000000000e+00 0.000000000000000000e+00 2.535966267970405363e-01 0.000000000000000000e+00 4.720559338387830817e-14 0.000000000000000000e+00 0.000000000000000000e+00 2.541233736766364618e-02 2.279740727199248140e-01 0.000000000000000000e+00 0.000000000000000000e+00 0.000000000000000000e+00 6.620265858951757121e-14 2.608449480717700553e-14 4.930169631152375165e-01 0.000000000000000000e+00 0.000000000000000000e+00 0.000000000000000000e+00 0.000000000000000000e+00 0.000000000000000000e+00 0.000000000000000000e+00
0.000000000000000000e+00 0.000000000000000000e+00 0.000000000000000000e+00 0.000000000000000000e+00 0.000000000000000000e+00 0.000000000000000000e+00 2.484499473025858496e-01 0.000000000000000000e+00 1.199073392660343629e-14 0.000000000000000000e+00 0.000000000000000000e+00 4.807816209038306282e-02 4.248012532015454923e-15 4.422306810873990468e-01 0.000000000000000000e+00 0.000000000000000000e+00 1.090303520211166610e-14 8.122571625718277843e-15 2.612412095196053330e-01 0.000000000000000000e+00 0.000000000000000000e+00 0.000000000000000000e+00 0.000000000000000000e+00 0.000000000000000000e+00 0.000000000000000000e+00
0.000000000000000000e+00 0.000000000000000000e+00 0.000000000000000000e+00 0.000000000000000000e+00 0.000000000000000000e+00 0.000000000000000000e+00 2.853845704734287447e-01 0.000000000000000000e+00 1.317143009244015062e-15 0.000000000000000000e+00 0.000000000000000000e+00 5.604632426782509697e-02 3.832058368541391147e-15 4.359552046052065921e-01 0.000000000000000000e+00 0.000000000000000000e+00 1.627131318137492455e-14 2.498056015515226491e-15 2.226139006535247655e-01 0.000000000000000000e+00 0.000000000000000000e+00 0.000000000000000000e+00 0.000000000000000000e+00 0.000000000000000000e+00 0.000000000000000000e+00
0.000000000000000000e+00 0.000000000000000000e+00 0.000000000000000000e+00 0.000000000000000000e+00 0.000000000000000000e+00 0.000000000000000000e+00 1.766555651753766898e-14 0.000000000000000000e+00 0.000000000000000000e+00 0.000000000000000000e+00 0.000000000000000000e+00 1.087954768093669505e-01 0.000000000000000000e+00 0.000000000000000000e+00 0.000000000000000000e+00 0.000000000000000000e+00 0.000000000000000000e+00 0.000000000000000000e+00 8.912045231915444177e-01 0.000000000000000000e+00 0.000000000000000000e+00 0.000000000000000000e+00 0.000000000000000000e+00 0.000000000000000000e+00 0.000000000000000000e+00
0.000000000000000000e+00 0.000000000000000000e+00 0.000000000000000000e+00 0.000000000000000000e+00 0.000000000000000000e+00 0.000000000000000000e+00 0.000000000000000000e+00 2.452219579783866676e-01 1.447434758956976655e-15 0.000000000000000000e+00 0.000000000000000000e+00 3.477489925713982966e-01 0.000000000000000000e+00 1.443682438318289463e-01 0.000000000000000000e+00 0.000000000000000000e+00 4.175893493040653574e-15 0.000000000000000000e+00 2.626608056183580842e-01 0.000000000000000000e+00 0.000000000000000000e+00 0.000000000000000000e+00 0.000000000000000000e+00 0.000000000000000000e+00 0.000000000000000000e+00
0.000000000000000000e+00 0.000000000000000000e+00 0.000000000000000000e+00 0.000000000000000000e+00 0.000000000000000000e+00 0.000000000000000000e+00 1.805440146508973664e-01 9.702091560703784978e-15 0.000000000000000000e+00 0.000000000000000000e+00 0.000000000000000000e+00 2.275765001759397776e-01 5.386750073776980230e-15 3.314454193520438019e-01 0.000000000000000000e+00 0.000000000000000000e+00 0.000000000000000000e+00 0.000000000000000000e+00 2.604340658211528048e-01 0.000000000000000000e+00 0.000000000000000000e+00 0.000000000000000000e+00 0.000000000000000000e+00 0.000000000000000000e+00 0.000000000000000000e+00
0.000000000000000000e+00 0.000000000000000000e+00 0.000000000000000000e+00 0.000000000000000000e+00 0.000000000000000000e+00 0.000000000000000000e+00 0.000000000000000000e+00 0.000000000000000000e+00 0.000000000000000000e+00 0.000000000000000000e+00 0.000000000000000000e+00 3.634763356637750742e-01 3.034995288424923721e-01 1.906270959074261861e-01 0.000000000000000000e+00 0.000000000000000000e+00 0.000000000000000000e+00 0.000000000000000000e+00 1.423970395867812100e-01 0.000000000000000000e+00 0.000000000000000000e+00 0.000000000000000000e+00 0.000000000000000000e+00 0.000000000000000000e+00 0.000000000000000000e+00
0.000000000000000000e+00 0.000000000000000000e+00 0.000000000000000000e+00 0.000000000000000000e+00 0.000000000000000000e+00 0.000000000000000000e+00 2.204131572317913346e-01 0.000000000000000000e+00 0.000000000000000000e+00 0.000000000000000000e+00 0.000000000000000000e+00 1.274128101202282037e-13 0.000000000000000000e+00 2.000120796742896612e-01 0.000000000000000000e+00 0.000000000000000000e+00 0.000000000000000000e+00 0.000000000000000000e+00 5.795747630949686924e-01 0.000000000000000000e+00 0.000000000000000000e+00 0.000000000000000000e+00 0.000000000000000000e+00 0.000000000000000000e+00 0.000000000000000000e+00
0.000000000000000000e+00 0.000000000000000000e+00 0.000000000000000000e+00 0.000000000000000000e+00 0.000000000000000000e+00 0.000000000000000000e+00 1.758804872768392757e-01 1.539241824277670645e-15 1.818207043258190936e-15 0.000000000000000000e+00 0.000000000000000000e+00 0.000000000000000000e+00 3.170465285189736915e-01 2.695943634385647991e-01 0.000000000000000000e+00 0.000000000000000000e+00 9.825826133638693172e-15 3.783946897137346888e-15 2.374786207656419679e-01 0.000000000000000000e+00 0.000000000000000000e+00 0.000000000000000000e+00 0.000000000000000000e+00 0.000000000000000000e+00 0.000000000000000000e+00
0.000000000000000000e+00 0.000000000000000000e+00 0.000000000000000000e+00 0.000000000000000000e+00 0.000000000000000000e+00 0.000000000000000000e+00 1.994780746215184253e-01 0.000000000000000000e+00 3.307356016661600062e-14 0.000000000000000000e+00 0.000000000000000000e+00 4.071153661183782996e-02 2.487485044333492823e-15 2.352035666924878754e-14 0.000000000000000000e+00 0.000000000000000000e+00 2.906661998765269761e-14 2.060867752493034111e-14 7.598103887665901279e-01 0.000000000000000000e+00 0.000000000000000000e+00 0.000000000000000000e+00 0.000000000000000000e+00 0.000000000000000000e+00 0.000000000000000000e+00
0.000000000000000000e+00 0.000000000000000000e+00 0.000000000000000000e+00 0.000000000000000000e+00 0.000000000000000000e+00 0.000000000000000000e+00 1.228082831374180672e-01 2.006313172509769510e-13 2.126738726532934054e-13 0.000000000000000000e+00 0.000000000000000000e+00 3.720335828107078635e-01 9.361490464657000465e-14 1.655789985172061440e-01 0.000000000000000000e+00 0.000000000000000000e+00 3.301497022002806286e-13 5.701006412285082592e-14 3.395791355337739459e-01 0.000000000000000000e+00 0.000000000000000000e+00 0.000000000000000000e+00 0.000000000000000000e+00 0.000000000000000000e+00 0.000000000000000000e+00
0.000000000000000000e+00 0.000000000000000000e+00 0.000000000000000000e+00 0.000000000000000000e+00 0.000000000000000000e+00 0.000000000000000000e+00 1.680792719166252780e-01 1.335471745072650842e-14 0.000000000000000000e+00 0.000000000000000000e+00 0.000000000000000000e+00 2.639983174942283489e-02 1.221914845043260624e-15 1.625842845725029018e-01 0.000000000000000000e+00 0.000000000000000000e+00 0.000000000000000000e+00 0.000000000000000000e+00 6.429366117615460396e-01 0.000000000000000000e+00 0.000000000000000000e+00 0.000000000000000000e+00 0.000000000000000000e+00 0.000000000000000000e+00 0.000000000000000000e+00
0.000000000000000000e+00 0.000000000000000000e+00 0.000000000000000000e+00 0.000000000000000000e+00 0.000000000000000000e+00 0.000000000000000000e+00 4.140073490028508552e-01 1.264613413987092372e-14 1.379706895607291095e-14 0.000000000000000000e+00 0.000000000000000000e+00 4.373037404745905993e-02 3.660374954528311520e-15 8.402960215703862701e-02 0.000000000000000000e+00 0.000000000000000000e+00 0.000000000000000000e+00 0.000000000000000000e+00 4.582326747926973032e-01 0.000000000000000000e+00 0.000000000000000000e+00 0.000000000000000000e+00 0.000000000000000000e+00 0.000000000000000000e+00 0.000000000000000000e+00
0.000000000000000000e+00 0.000000000000000000e+00 0.000000000000000000e+00 0.000000000000000000e+00 0.000000000000000000e+00 0.000000000000000000e+00 6.191867758639535632e-14 0.000000000000000000e+00 0.000000000000000000e+00 0.000000000000000000e+00 0.000000000000000000e+00 3.898098015892217383e-01 0.000000000000000000e+00 6.101901984114874722e-01 0.000000000000000000e+00 0.000000000000000000e+00 0.000000000000000000e+00 0.000000000000000000e+00 0.000000000000000000e+00 0.000000000000000000e+00 0.000000000000000000e+00 0.000000000000000000e+00 0.000000000000000000e+00 0.000000000000000000e+00 0.000000000000000000e+00
0.000000000000000000e+00 0.000000000000000000e+00 0.000000000000000000e+00 0.000000000000000000e+00 0.000000000000000000e+00 0.000000000000000000e+00 0.000000000000000000e+00 2.465414832906779556e-15 8.371152619719221533e-02 0.000000000000000000e+00 0.000000000000000000e+00 3.338408843999055575e-01 1.198004275496176313e-14 5.035157449656890494e-15 0.000000000000000000e+00 0.000000000000000000e+00 1.287035313851073869e-14 1.474499006825994461e-14 5.824475894028622314e-01 0.000000000000000000e+00 0.000000000000000000e+00 0.000000000000000000e+00 0.000000000000000000e+00 0.000000000000000000e+00 0.000000000000000000e+00
0.000000000000000000e+00 0.000000000000000000e+00 0.000000000000000000e+00 0.000000000000000000e+00 0.000000000000000000e+00 0.000000000000000000e+00 2.364166057513424346e-01 0.000000000000000000e+00 0.000000000000000000e+00 0.000000000000000000e+00 0.000000000000000000e+00 9.222048173935029625e-14 0.000000000000000000e+00 4.062967010512896771e-01 0.000000000000000000e+00 0.000000000000000000e+00 0.000000000000000000e+00 0.000000000000000000e+00 3.572866931976386717e-01 0.000000000000000000e+00 0.000000000000000000e+00 0.000000000000000000e+00 0.000000000000000000e+00 0.000000000000000000e+00 0.000000000000000000e+00
0.000000000000000000e+00 0.000000000000000000e+00 0.000000000000000000e+00 0.000000000000000000e+00 0.000000000000000000e+00 0.000000000000000000e+00 0.000000000000000000e+00 5.114306277733035033e-01 0.000000000000000000e+00 0.000000000000000000e+00 0.000000000000000000e+00 0.000000000000000000e+00 0.000000000000000000e+00 2.291560857212755764e-01 0.000000000000000000e+00 0.000000000000000000e+00 0.000000000000000000e+00 1.916477688163547694e-12 2.594132865178181979e-01 0.000000000000000000e+00 0.000000000000000000e+00 0.000000000000000000e+00 0.000000000000000000e+00 0.000000000000000000e+00 0.000000000000000000e+00
0.000000000000000000e+00 0.000000000000000000e+00 0.000000000000000000e+00 0.000000000000000000e+00 0.000000000000000000e+00 0.000000000000000000e+00 2.977735121134468255e-01 2.047554879305631959e-01 0.000000000000000000e+00 0.000000000000000000e+00 0.000000000000000000e+00 0.000000000000000000e+00 0.000000000000000000e+00 4.237807634239129095e-01 0.000000000000000000e+00 0.000000000000000000e+00 1.364360013855758780e-15 8.887747308949922598e-16 7.369023653208961466e-02 0.000000000000000000e+00 0.000000000000000000e+00 0.000000000000000000e+00 0.000000000000000000e+00 0.000000000000000000e+00 0.000000000000000000e+00
0.000000000000000000e+00 0.000000000000000000e+00 0.000000000000000000e+00 0.000000000000000000e+00 0.000000000000000000e+00 0.000000000000000000e+00 3.217095376031239296e-01 1.941610493825520756e-01 0.000000000000000000e+00 0.000000000000000000e+00 0.000000000000000000e+00 0.000000000000000000e+00 0.000000000000000000e+00 3.278987130818497575e-01 0.000000000000000000e+00 0.000000000000000000e+00 0.000000000000000000e+00 0.000000000000000000e+00 1.562306999325994983e-01 0.000000000000000000e+00 0.000000000000000000e+00 0.000000000000000000e+00 0.000000000000000000e+00 0.000000000000000000e+00 0.000000000000000000e+00
0.000000000000000000e+00 0.000000000000000000e+00 0.000000000000000000e+00 0.000000000000000000e+00 0.000000000000000000e+00 0.000000000000000000e+00 1.994262851098779210e-01 9.385862313054937900e-14 1.979318401887364409e-13 0.000000000000000000e+00 0.000000000000000000e+00 0.000000000000000000e+00 0.000000000000000000e+00 8.005737148895473165e-01 0.000000000000000000e+00 0.000000000000000000e+00 2.290987495198737456e-13 1.136410843899371415e-13 4.697967275618664118e-14 0.000000000000000000e+00 0.000000000000000000e+00 0.000000000000000000e+00 0.000000000000000000e+00 0.000000000000000000e+00 0.000000000000000000e+00
0.000000000000000000e+00 0.000000000000000000e+00 0.000000000000000000e+00 0.000000000000000000e+00 0.000000000000000000e+00 0.000000000000000000e+00 0.000000000000000000e+00 2.752834463106532126e-01 0.000000000000000000e+00 0.000000000000000000e+00 0.000000000000000000e+00 0.000000000000000000e+00 0.000000000000000000e+00 2.508274070844426773e-01 0.000000000000000000e+00 0.000000000000000000e+00 0.000000000000000000e+00 0.000000000000000000e+00 4.738891466068925751e-01 0.000000000000000000e+00 0.000000000000000000e+00 0.000000000000000000e+00 0.000000000000000000e+00 0.000000000000000000e+00 0.000000000000000000e+00
0.000000000000000000e+00 0.000000000000000000e+00 0.000000000000000000e+00 0.000000000000000000e+00 0.000000000000000000e+00 0.000000000000000000e+00 9.071548696864233097e-02 1.296265042075320228e-01 6.462910176648073435e-14 0.000000000000000000e+00 0.000000000000000000e+00 9.184087545370880901e-14 2.838364038162261016e-14 5.992842846934051115e-01 0.000000000000000000e+00 0.000000000000000000e+00 1.840836443239672604e-13 7.486731097268786717e-15 1.803737241300439331e-01 0.000000000000000000e+00 0.000000000000000000e+00 0.000000000000000000e+00 0.000000000000000000e+00 0.000000000000000000e+00 0.000000000000000000e+00
0.000000000000000000e+00 0.000000000000000000e+00 0.000000000000000000e+00 0.000000000000000000e+00 0.000000000000000000e+00 0.000000000000000000e+00 2.323795775012816589e-01 2.537656422740937612e-01 0.000000000000000000e+00 0.000000000000000000e+00 0.000000000000000000e+00 0.000000000000000000e+00 0.000000000000000000e+00 0.000000000000000000e+00 0.000000000000000000e+00 0.000000000000000000e+00 0.000000000000000000e+00 0.000000000000000000e+00 5.138547802255614139e-01 0.000000000000000000e+00 0.000000000000000000e+00 0.000000000000000000e+00 0.000000000000000000e+00 0.000000000000000000e+00 0.000000000000000000e+00
0.000000000000000000e+00 0.000000000000000000e+00 0.000000000000000000e+00 0.000000000000000000e+00 0.000000000000000000e+00 0.000000000000000000e+00 2.077402371526062275e-01 0.000000000000000000e+00 0.000000000000000000e+00 0.000000000000000000e+00 0.000000000000000000e+00 1.559211608562863505e-01 1.088568796735189803e-14 1.563468218882311800e-01 0.000000000000000000e+00 0.000000000000000000e+00 3.972806784068028119e-14 2.862285603845438064e-14 4.799917801028339981e-01 0.000000000000000000e+00 0.000000000000000000e+00 0.000000000000000000e+00 0.000000000000000000e+00 0.000000000000000000e+00 0.000000000000000000e+00
0.000000000000000000e+00 0.000000000000000000e+00 0.000000000000000000e+00 0.000000000000000000e+00 0.000000000000000000e+00 0.000000000000000000e+00 0.000000000000000000e+00 0.000000000000000000e+00 0.000000000000000000e+00 0.000000000000000000e+00 0.000000000000000000e+00 2.552890280655642496e-01 1.593811532683792512e-13 0.000000000000000000e+00 0.000000000000000000e+00 0.000000000000000000e+00 0.000000000000000000e+00 0.000000000000000000e+00 7.447109719345818002e-01 0.000000000000000000e+00 0.000000000000000000e+00 0.000000000000000000e+00 0.000000000000000000e+00 0.000000000000000000e+00 0.000000000000000000e+00
0.000000000000000000e+00 0.000000000000000000e+00 0.000000000000000000e+00 0.000000000000000000e+00 0.000000000000000000e+00 0.000000000000000000e+00 0.000000000000000000e+00 3.636285623407950668e-16 3.642388182257816909e-01 0.000000000000000000e+00 0.000000000000000000e+00 2.397339724368604819e-01 0.000000000000000000e+00 0.000000000000000000e+00 0.000000000000000000e+00 0.000000000000000000e+00 0.000000000000000000e+00 0.000000000000000000e+00 3.960272093374055391e-01 0.000000000000000000e+00 0.000000000000000000e+00 0.000000000000000000e+00 0.000000000000000000e+00 0.000000000000000000e+00 0.000000000000000000e+00
0.000000000000000000e+00 0.000000000000000000e+00 0.000000000000000000e+00 0.000000000000000000e+00 0.000000000000000000e+00 0.000000000000000000e+00 2.134986628039935164e-01 0.000000000000000000e+00 6.471429295218378286e-14 0.000000000000000000e+00 0.000000000000000000e+00 3.193155953113117063e-01 1.243100674480634993e-12 2.074105285333202875e-01 0.000000000000000000e+00 0.000000000000000000e+00 9.324207204952639216e-12 0.000000000000000000e+00 2.597752133440963118e-01 0.000000000000000000e+00 0.000000000000000000e+00 0.000000000000000000e+00 0.000000000000000000e+00 0.000000000000000000e+00 0.000000000000000000e+00
0.000000000000000000e+00 0.000000000000000000e+00 0.000000000000000000e+00 0.000000000000000000e+00 0.000000000000000000e+00 0.000000000000000000e+00 2.622072939607923425e-01 2.203142182577444430e-14 1.559540799452030502e-14 0.000000000000000000e+00 0.000000000000000000e+00 0.000000000000000000e+00 2.894575946398962318e-01 4.483351113992229964e-01 0.000000000000000000e+00 0.000000000000000000e+00 2.128229233469558501e-14 2.092146985169240914e-14 2.009444043452046635e-14 0.000000000000000000e+00 0.000000000000000000e+00 0.000000000000000000e+00 0.000000000000000000e+00 0.000000000000000000e+00 0.000000000000000000e+00
0.000000000000000000e+00 0.000000000000000000e+00 0.000000000000000000e+00 0.000000000000000000e+00 0.000000000000000000e+00 0.000000000000000000e+00 4.560732955950690948e-01 0.000000000000000000e+00 0.000000000000000000e+00 0.000000000000000000e+00 0.000000000000000000e+00 0.000000000000000000e+00 0.000000000000000000e+00 2.492248807145286960e-01 0.000000000000000000e+00 0.000000000000000000e+00 0.000000000000000000e+00 0.000000000000000000e+00 2.947018236903540256e-01 0.000000000000000000e+00 0.000000000000000000e+00 0.000000000000000000e+00 0.000000000000000000e+00 0.000000000000000000e+00 0.000000000000000000e+00
0.000000000000000000e+00 0.000000000000000000e+00 0.000000000000000000e+00 0.000000000000000000e+00 0.000000000000000000e+00 0.000000000000000000e+00 4.530434715478497132e-02 1.137053233686569076e-13 2.249035916566507753e-01 0.000000000000000000e+00 0.000000000000000000e+00 0.000000000000000000e+00 0.000000000000000000e+00 2.014043436668937481e-01 0.000000000000000000e+00 0.000000000000000000e+00 0.000000000000000000e+00 0.000000000000000000e+00 5.283877175221464162e-01 0.000000000000000000e+00 0.000000000000000000e+00 0.000000000000000000e+00 0.000000000000000000e+00 0.000000000000000000e+00 0.000000000000000000e+00
