#Marginalized mass distribution from initial fitting w/o bootstrap
3.945303091040416945e-09
3.266876086214700464e-02
5.432312884697097083e-02
6.761925139534932794e-02
7.467423114545597429e-02
7.716670264377002708e-02
7.642265023680777647e-02
7.348834006397556018e-02
6.919173652259336116e-02
6.419345998646217022e-02
5.902817143753743417e-02
5.413720182956802823e-02
4.989324483854228748e-02
4.661797181553955366e-02
4.459348338569748410e-02
4.406856478843814567e-02
4.526074838200001144e-02
4.835519801163320336e-02
5.350141147539613090e-02
6.080868782697149144e-02
7.034122719532268087e-02
8.211362575375259765e-02
9.608740252419083194e-02
1.121690539039733037e-01
1.302099826697176166e-01
1.500084973125440369e-01
1.713139311555865463e-01
1.938327944816221615e-01
2.172367517456673669e-01
2.411721138141244836e-01
2.652704549786110699e-01
2.891599080943302869e-01
3.124766593895457745e-01
3.348761570783163055e-01
3.560435637516373708e-01
3.757030196723506466e-01
3.936253399127186414e-01
4.096338395509007690e-01
4.236080642739408764e-01
4.354852948477753172e-01
4.452597890197840247e-01
4.529798195494725288e-01
4.587426584044599909e-01
4.626877411700174303e-01
4.649883192359160478e-01
4.658419676447815849e-01
4.654603614501311437e-01
4.640587614709793529e-01
4.618456605037614127e-01
4.590130330691825078e-01
4.557276059874433849e-01
4.521235244766232952e-01
4.482967306396420382e-01
4.443013002756306951e-01
4.401479025349098739e-01
4.358044580504039089e-01
4.311989781534127930e-01
4.262244741628257727e-01
4.207457351725329420e-01
4.146076888885041334e-01
4.076449863889900493e-01
3.996923914482961582e-01
3.905955111501852040e-01
3.802213793009142084e-01
3.684683994085560244e-01
3.552751707928690772e-01
3.406277600032205366e-01
3.245650395620398587e-01
3.071817956177125275e-01
2.886294029485102497e-01
2.691139765455612953e-01
2.488920294676769673e-01
2.282637917441341369e-01
2.075644690510147772e-01
1.871538364195741710e-01
1.674046647428462098e-01
1.486905596465008528e-01
1.313738469188696911e-01
1.157941602453876895e-01
1.022583704812306815e-01
9.103243745944039622e-02
8.233566343426169942e-02
7.633768189439915641e-02
7.315832934598343051e-02
7.287032627803832763e-02
7.550444544402516722e-02
8.105658250469313653e-02
8.949588067124843171e-02
1.007728145846647910e-01
1.148259284948580095e-01
1.315857698362982720e-01
1.509744805416372293e-01
1.728995205383864475e-01
1.972401098932133889e-01
2.238251862357367450e-01
2.524019643664741630e-01
2.825945141255075121e-01
3.138520677038572626e-01
3.453869132945269760e-01
3.761015576816355011e-01
