#Variance for the Conditional distribution of radius given mass from initial fitting w/o bootstrap
1.954435631669958900e-02
4.797886092812815931e-03
4.797890902849480041e-03
4.797956538702912929e-03
4.798334317415265532e-03
4.799801742142456237e-03
4.804279613532877989e-03
4.815878163493295290e-03
4.842532105778719204e-03
4.898333179048155149e-03
5.006407704776650279e-03
5.201455903323523415e-03
5.529595665001971888e-03
6.041288307404806164e-03
6.773267414639777724e-03
7.722206845685092823e-03
8.826497954990110417e-03
9.977531052467104866e-03
1.106049779161862208e-02
1.199556036482016773e-02
1.275246847846127525e-02
1.333962931383166246e-02
1.378486045556470349e-02
1.412044503808091572e-02
1.437539076557865433e-02
1.457289245583475064e-02
1.473042293271649254e-02
1.486077219186114282e-02
1.497322148824197299e-02
1.507454990908962261e-02
1.516980791022883024e-02
1.526288112308504981e-02
1.535689035171706324e-02
1.545447134111003866e-02
1.555796851215736354e-02
1.566956716678758604e-02
1.579138068355040794e-02
1.592550319466781023e-02
1.607403387224312641e-02
1.623907590508869014e-02
1.642271126395195707e-02
1.662695130373949975e-02
1.685366311867462705e-02
1.710447240083955850e-02
1.738064541040706956e-02
1.768295552321158537e-02
1.801154347282785118e-02
1.836578436798050329e-02
1.874417803609839533e-02
1.914428114711823684e-02
1.956269877417702793e-02
1.999514870991733750e-02
2.043660385488719686e-02
2.088150723781837317e-02
2.132404267392397357e-02
2.175843431098361397e-02
2.217924281676009537e-02
2.258162620919567168e-02
2.296153927370882600e-02
2.331585557276619897e-02
2.364240769202686707e-02
2.393995193971139648e-02
2.420807124316753239e-02
2.444703356130792718e-02
2.465762288311448835e-02
2.484095663021817363e-02
2.499829808177563353e-02
2.513086620055838064e-02
2.523963849161196815e-02
2.532513535803083277e-02
2.538716655399484226e-02
2.542451135504318963e-02
2.543449392136046261e-02
2.541240551071789408e-02
2.535072139191857712e-02
2.523807812923991450e-02
2.505805282870621209e-02
2.478799350403505797e-02
2.439860722723675643e-02
2.385582145174399218e-02
2.312739091451743167e-02
2.219665235384420815e-02
2.108213064579828391e-02
1.985280574468582110e-02
1.862153930816406316e-02
1.750915795083372514e-02
1.659909190326672515e-02
1.591480734214004156e-02
1.543004246478681118e-02
1.509481293000604699e-02
1.485747644581247862e-02
1.467577967487091600e-02
1.451925917151126663e-02
1.436741330639784535e-02
1.420665983067912266e-02
1.402744326187805278e-02
1.382187007665855623e-02
1.358180774269866775e-02
1.329720605187711957e-02
1.295428749235198740e-02
