#Marginalized radius distribution from initial fitting w/o bootstrap
1.084244244633561470e-08
8.977996145475407308e-02
1.492902787027275968e-01
1.858305495421476439e-01
2.052189742424720964e-01
2.120687594544048149e-01
2.100239620805691709e-01
2.019599202479200051e-01
1.901520374218954035e-01
1.764158238982897198e-01
1.622206296335914344e-01
1.487793159353832662e-01
1.371161158318429940e-01
1.281150433087739904e-01
1.225513644792101398e-01
1.211087884467829945e-01
1.243851354600237907e-01
1.328892709442089926e-01
1.470320432508844255e-01
1.671138269448543268e-01
1.933110561776328062e-01
2.256638440065246165e-01
2.640664373929464404e-01
3.082618706724067348e-01
3.578417704436659408e-01
4.122518501217697362e-01
4.708032300555435867e-01
5.326893447431348960e-01
5.970078657277908540e-01
6.627867880744169327e-01
7.290136079406702718e-01
7.946663637631161681e-01
8.587452261775185836e-01
9.203033014161123848e-01
9.784753564642685308e-01
1.032503276354802546e+00
1.081757217364372359e+00
1.125751615760112845e+00
1.164155440205389302e+00
1.196796326329222504e+00
1.223658493330466168e+00
1.244874603923385559e+00
1.260711979955306594e+00
1.271553816905354406e+00
1.277876242507955729e+00
1.280222230516721904e+00
1.279173504194008437e+00
1.275321641166994535e+00
1.269239619250989159e+00
1.261455020901351753e+00
1.252426043095746566e+00
1.242521342379161897e+00
1.232004585878074820e+00
1.221024384162138876e+00
1.209610058083420592e+00
1.197673447446569561e+00
1.185016713713164638e+00
1.171345831661165349e+00
1.156289216032406530e+00
1.139420698701339774e+00
1.120285869417024571e+00
1.098430627638691481e+00
1.073430672300033972e+00
1.044920587038941973e+00
1.012621165393689626e+00
9.763636666297070832e-01
9.361097989774961325e-01
8.919663915139262045e-01
8.441939345827956798e-01
7.932084348338813706e-01
7.395763354217463892e-01
6.840025829658896717e-01
6.273122666262497260e-01
5.704265952850674504e-01
5.143342990804339321e-01
4.600598232476392213e-01
4.086299070258438970e-01
3.610402905181911981e-01
3.182243516178863141e-01
2.810254297361036158e-01
2.501744330226717827e-01
2.262740457366034519e-01
2.097904529328390444e-01
2.010529880974777084e-01
2.002615009502279886e-01
2.075005608639926002e-01
2.227588883347429993e-01
2.459516830445177549e-01
2.769428398975912198e-01
3.155634668170014812e-01
3.616226949576611949e-01
4.149065555585602083e-01
4.751607309191822615e-01
5.420532948362437597e-01
6.151141354164877395e-01
6.936485509061004473e-01
7.766234138041797630e-01
8.625251095335022544e-01
9.491888563942663115e-01
1.033598534520939305e+00
