3.053861157926138503e+02
2.602405089973919416e+02
2.767075791945156880e+02
2.073315530525062513e+02
2.231492024266754015e+02
3.201596407052272752e+02
2.773169931664697287e+02
2.590714739154598192e+02
2.723707373969248238e+02
2.425283946759546723e+02
2.693564534341320496e+02
2.559309732123229253e+02
3.065329974089056577e+02
3.100467845441552868e+02
2.382939569292296369e+02
3.091862684032275865e+02
2.961621854803078122e+02
2.764384455045105824e+02
2.438050687339861895e+02
2.789018321223194334e+02
2.736259984247676584e+02
3.039798110719175952e+02
2.400702628786895332e+02
2.959483591110741258e+02
2.564706935299603288e+02
2.951458410604529945e+02
2.973672416832934005e+02
2.641963054302177625e+02
2.486802866793614157e+02
2.329780205855994382e+02
2.940646295189104649e+02
3.069765877858318390e+02
2.554082941455276909e+02
1.896545858047054764e+02
2.896706307319647067e+02
2.734156082298794672e+02
2.603743069683683302e+02
2.960117029780458324e+02
3.046121716722632300e+02
2.563069841085980443e+02
2.907466571734534000e+02
2.710865805811043288e+02
3.079151428371926045e+02
3.179345586910943666e+02
2.642483696839411209e+02
2.430665232954738144e+02
2.948015125540995314e+02
2.951730500202528447e+02
2.636156564046825110e+02
3.064505880243270894e+02
2.831906197772792666e+02
3.249233003528148629e+02
2.492028584548888546e+02
2.941256673068530745e+02
2.874982276324579971e+02
2.479151939771286379e+02
2.587239342479713287e+02
2.758120220271388234e+02
2.893163927794075789e+02
3.031472379814883880e+02
3.076990125351856022e+02
2.268531398694319705e+02
3.160669449678251794e+02
2.583311955036541008e+02
3.387437651112808794e+02
2.700015450574121587e+02
3.036511702360987783e+02
3.196161912439910679e+02
2.289871995323712213e+02
2.923256759550432662e+02
2.989630587739175667e+02
2.753403180018318608e+02
2.867296092626683617e+02
3.424365047585761204e+02
2.885813934657093682e+02
3.190373777112534412e+02
3.581599175690704442e+02
2.635484305737533077e+02
2.287412656996388023e+02
2.431006794306417476e+02
3.095340413374548234e+02
3.044722458723698537e+02
2.983536463479660483e+02
3.111724769660658012e+02
2.953757304964598234e+02
2.815418763667627218e+02
2.753871806409006240e+02
2.964927599543121914e+02
2.259882927385883988e+02
3.077777159962927271e+02
2.822727734582396124e+02
3.289934767494908101e+02
2.099904228339575525e+02
2.369745867720598085e+02
2.978978080247500770e+02
2.695054292166583991e+02
2.702303432350623780e+02
2.659512690677258888e+02
2.713238894552465581e+02
2.461785717551519213e+02
