3.531812649232053900e+02
3.080356581279835382e+02
3.245027283251072845e+02
2.551267021830977910e+02
2.709443515572669412e+02
3.679547898358188718e+02
3.251121422970612684e+02
3.068666230460513589e+02
3.201658865275163635e+02
2.903235438065462404e+02
3.171516025647235892e+02
3.037261223429144934e+02
3.543281465394972543e+02
3.578419336747468833e+02
2.860891060598212334e+02
3.569814175338191262e+02
3.439573346108993519e+02
3.242335946351021221e+02
2.916002178645777576e+02
3.266969812529110300e+02
3.214211475553592550e+02
3.517749602025091917e+02
2.878654120092811013e+02
3.437435082416657224e+02
3.042658426605519253e+02
3.429409901910445910e+02
3.451623908138849970e+02
3.119914545608093022e+02
2.964754358099529554e+02
2.807731697161909779e+02
3.418597786495020614e+02
3.547717369164233787e+02
3.032034432761192875e+02
2.374497349352970446e+02
3.374657798625562464e+02
3.212107573604710069e+02
3.081694560989599267e+02
3.438068521086373721e+02
3.524073208028547697e+02
3.041021332391895839e+02
3.385418063040449965e+02
3.188817297116959253e+02
3.557102919677842010e+02
3.657297078216859632e+02
3.120435188145327174e+02
2.908616724260654109e+02
3.425966616846910711e+02
3.429681991508443843e+02
3.114108055352741076e+02
3.542457371549186860e+02
3.309857689078708063e+02
3.727184494834064026e+02
2.969980075854804227e+02
3.419208164374446142e+02
3.352933767630495367e+02
2.957103431077201776e+02
3.065190833785628683e+02
3.236071711577303631e+02
3.371115419099991186e+02
3.509423871120799276e+02
3.554941616657771419e+02
2.746482890000235102e+02
3.638620940984167191e+02
3.061263446342456973e+02
3.865389142418724759e+02
3.177966941880036984e+02
3.514463193666903180e+02
3.674113403745826645e+02
2.767823486629628178e+02
3.401208250856348627e+02
3.467582079045091632e+02
3.231354671324234005e+02
3.345247583932599582e+02
3.902316538891677169e+02
3.363765425963009648e+02
3.668325268418450378e+02
4.059550666996619839e+02
3.113435797043448474e+02
2.765364148302303420e+02
2.908958285612333157e+02
3.573291904680463631e+02
3.522673950029614502e+02
3.461487954785576449e+02
3.589676260966573409e+02
3.431708796270513631e+02
3.293370254973542615e+02
3.231823297714921637e+02
3.442879090849037311e+02
2.737834418691799669e+02
3.555728651268843237e+02
3.300679225888311521e+02
3.767886258800824066e+02
2.577855719645491490e+02
2.847697359026514050e+02
3.456929571553416736e+02
3.173005783472499957e+02
3.180254923656539745e+02
3.137464181983174285e+02
3.191190385858381546e+02
2.939737208857434894e+02
