-9.783100418181939206e-01
-4.541313139737905846e-01
-1.165656484873912463e-01
8.712046353955528455e-02
2.297869012085297091e-01
3.409391612340099131e-01
4.333044524494910621e-01
5.130774062489760201e-01
5.835872246923956563e-01
6.467835829253064661e-01
7.039081902196971940e-01
7.558222540083106011e-01
8.031734986504216467e-01
8.464831923834290617e-01
8.861918603598798461e-01
9.226834838698629859e-01
9.562986321996008732e-01
9.873420477274499341e-01
1.016087542608438143e+00
1.042781631126572295e+00
1.067646568011248132e+00
1.090883083130055109e+00
1.112672923116929002e+00
1.133181233257147591e+00
1.152558785418566378e+00
1.170944052379723210e+00
1.188465131878141401e+00
1.205241528792695860e+00
1.221385808511501470e+00
1.237005137921260545e+00
1.252202732544458241e+00
1.267079229372842342e+00
1.281734005160896528e+00
1.296266459551743688e+00
1.310777281504897696e+00
1.325369716046614466e+00
1.340150846169443355e+00
1.355232901385758693e+00
1.370734599217081184e+00
1.386782517742144671e+00
1.403512484221707046e+00
1.421070943978055778e+00
1.439616240436747630e+00
1.459319684391986005e+00
1.480366207088879227e+00
1.502954261083328635e+00
1.527294431364260907e+00
1.553605915935422965e+00
1.582109597199646389e+00
1.613015839932285145e+00
1.646504484019359671e+00
1.682694028988755308e+00
1.721597466896356288e+00
1.763065078025838339e+00
1.806721802694489121e+00
1.851919356520866033e+00
1.897736117112815979e+00
1.943056426984667739e+00
1.986729967471285718e+00
2.027761028321573900e+00
2.065450392188366457e+00
2.099440739024845293e+00
2.129673884135125927e+00
2.156303913240699366e+00
2.179608275451073052e+00
2.199918679807465693e+00
2.217575995892242524e+00
2.232904776436415606e+00
2.246201100275554641e+00
2.257728437374843189e+00
2.267717886504438951e+00
2.276370535549387064e+00
2.283860660313399737e+00
2.290339077995597883e+00
2.295936320882973725e+00
2.300765489086301407e+00
2.304924742845224639e+00
2.308499445016488405e+00
2.311563986358758260e+00
2.314183333517358054e+00
2.316414339598494188e+00
2.318306853912349919e+00
2.319904662950377894e+00
2.321246289993821765e+00
2.322365676412236013e+00
2.323292763889793999e+00
2.324053993561054909e+00
2.324672735279364577e+00
2.325169658004066164e+00
2.325563050383678387e+00
2.325869099092686909e+00
2.326102131207572477e+00
2.326274825869940166e+00
2.326398399630595026e+00
2.326482769164990305e+00
2.326536694469602651e+00
2.326567905167149064e+00
2.326583212143501278e+00
2.326588606344576871e+00
1.038698589423359131e+00
