-1.890881628891333044e+00
-1.856786190499990052e+00
-1.818594694486481922e+00
-1.776053688687366350e+00
-1.729159789336593089e+00
-1.678321883102616319e+00
-1.624476610499113738e+00
-1.569042651408064204e+00
-1.513659176654384320e+00
-1.459816118183104416e+00
-1.408578806351172386e+00
-1.360516507535695974e+00
-1.315789226312639393e+00
-1.274288865418573113e+00
-1.235763974955638389e+00
-1.199905350074522259e+00
-1.166396163771697303e+00
-1.134937598138662240e+00
-1.105259759670593978e+00
-1.077124560939910713e+00
-1.050324595339157563e+00
-1.024680254789105849e+00
-1.000036275074573044e+00
-9.762582931456896818e-01
-9.532296765738202948e-01
-9.308487170842477676e-01
-9.090261969571666878e-01
-8.876832992385325083e-01
-8.667498182522940242e-01
-8.461626240575089719e-01
-8.258643370086451441e-01
-8.058021732243056956e-01
-7.859269269294389959e-01
-7.661920605872331036e-01
-7.465528780911111495e-01
-7.269657600898231653e-01
-7.073874436534411947e-01
-6.877743311402717552e-01
-6.680818153268138770e-01
-6.482636097317764357e-01
-6.282710746900761478e-01
-6.080525312043465469e-01
-5.875525560063460384e-01
-5.667112526930828675e-01
-5.454634953169066325e-01
-5.237381425676725932e-01
-5.014572226541010869e-01
-4.785350913917047477e-01
-4.548775688134528705e-01
-4.303810629719770908e-01
-4.049316935525478223e-01
-3.784044325484191007e-01
-3.506622846740288235e-01
-3.215555366050821262e-01
-2.909211119358310893e-01
-2.585820787357735462e-01
-2.243473703253946738e-01
-1.880118002400842092e-01
-1.493564843471930637e-01
-1.081498351620643755e-01
-6.414937907832671260e-02
-1.710478702039285037e-02
3.323726779380814511e-02
8.712546704558467303e-02
1.447919569703825515e-01
2.064340661749265449e-01
2.721866962393453271e-01
3.420818404437942495e-01
4.159920243588089428e-01
4.935573081936059925e-01
5.741032043773632854e-01
6.565711894326062836e-01
7.395012136118286339e-01
8.211127321780770094e-01
8.995055529790223492e-01
9.729395170408713378e-01
1.040092589910514009e+00
1.100199109183259250e+00
1.153038675958376613e+00
1.198820016816275036e+00
1.238029900185367849e+00
1.271298569871788908e+00
1.299302546761281540e+00
1.322704474115873996e+00
1.342121088959710606e+00
1.358109561878551919e+00
1.371164581947667438e+00
1.381721092772599579e+00
1.390159590372030074e+00
1.396812246022868242e+00
1.401968950941492986e+00
1.405882863003497629e+00
1.408775301525219570e+00
1.410839973924101542e+00
1.412246583434875191e+00
1.413143892923809375e+00
1.413662325105784268e+00
1.413916174621119071e+00
1.414005497238258746e+00
-1.478482396813116884e+00
