-9.939561587044372371e-02
-9.798850013502442835e-02
-9.376813779769473112e-02
-8.690747558567164799e-02
-7.778260890830251961e-02
-6.691031508103434389e-02
-5.486677325704876484e-02
-4.221026661244453582e-02
-2.942446720515137781e-02
-1.688841466048690565e-02
-4.870306057851043861e-03
6.462399900485667550e-03
1.702457110996763445e-02
2.679287437406977293e-02
3.578689744755805813e-02
4.405363944287475630e-02
5.165573646451581541e-02
5.866306808299404790e-02
6.514710589136352148e-02
7.117733143049775890e-02
7.681913409641902279e-02
8.213272093050766332e-02
8.717268921407111959e-02
9.198801312855744983e-02
9.662227360322563074e-02
1.011140177678276908e-01
1.054971750335895880e-01
1.098014847761093343e-01
1.140529093607796085e-01
1.182740185581036829e-01
1.224843392641852130e-01
1.267006693176857823e-01
1.309373570978150103e-01
1.352065501884395227e-01
1.395184171652968375e-01
1.438813468143877172e-01
1.483021290213216714e-01
1.527861213139236896e-01
1.573374046769633883e-01
1.619589318411415735e-01
1.666526708117744837e-01
1.714197459671967516e-01
1.762605786368164063e-01
1.811750286738128823e-01
1.861625381751895181e-01
1.912222781784465309e-01
1.963532988849066296e-01
2.015546837293826499e-01
2.068257074383327565e-01
2.121659980968155224e-01
2.175757031801050234e-01
2.230556594988877261e-01
2.286075670559254425e-01
2.342341669133282678e-01
2.399394233174415580e-01
2.457287105147733797e-01
2.516090049068959722e-01
2.575890834215582292e-01
2.636797292048783659e-01
2.698939459449887224e-01
2.762471822954105094e-01
2.827575679445963885e-01
2.894461628353537375e-01
2.963372208210209302e-01
3.034584685846098417e-01
3.108413998510500265e-01
3.185215836704980430e-01
3.265389836838592519e-01
3.349382825933478469e-01
3.437692022838761408e-01
3.530868048353683619e-01
3.629517526079911183e-01
3.734304961584747895e-01
3.845953463595667143e-01
3.965243710959169277e-01
4.093010366656273935e-01
4.230134890524527846e-01
4.377533404815003859e-01
4.536137928807515984e-01
4.706868942414875745e-01
4.890596909630042233e-01
5.088090172048341797e-01
5.299946641393996627e-01
5.526507171181769262e-01
5.767749631059253534e-01
6.023164851976551271e-01
6.291619056279020850e-01
6.571212303969216073e-01
6.859148714719677242e-01
7.151641013607356046e-01
7.443877712511676181e-01
7.730083509225799121e-01
8.003699289805876749e-01
8.257694991448726318e-01
8.485006127171834667e-01
8.679056188947159578e-01
8.834299654095747467e-01
8.946703488658743764e-01
9.014086999139732104e-01
9.036263018239549805e-01
