3.129942570335501884e-02
3.145623709627781706e-02
3.192647204412801809e-02
3.269058640234141777e-02
3.370623447562521441e-02
3.491527857094858106e-02
3.625290967199693015e-02
3.765632128867946876e-02
3.907107370716850214e-02
4.045446289503947662e-02
4.177621753222352657e-02
4.301736542065553309e-02
4.416816772586014406e-02
4.522581584040460956e-02
4.619231342404909318e-02
4.707273647370596725e-02
4.787391259002860000e-02
4.860347967239604661e-02
4.926925236277789749e-02
4.987882074681630057e-02
5.043931516879650301e-02
5.095728462489070715e-02
5.143864955214529078e-02
5.188870108730050945e-02
5.231212760347878077e-02
5.271305575892613893e-02
5.309509784519057807e-02
5.346140035517342459e-02
5.381469079408014028e-02
5.415732113408604220e-02
5.449130719343468765e-02
5.481836376517613268e-02
5.513993564316416185e-02
5.545722487078797586e-02
5.577121462337671781e-02
5.608269016288448816e-02
5.639225729597409364e-02
5.670035873858227105e-02
5.700728875075417035e-02
5.731320636080964454e-02
5.761814745134396371e-02
5.792203593336756051e-02
5.822469419039819766e-02
5.852585293235678526e-02
5.882516056022361189e-02
5.912219210694900917e-02
5.941645778835411701e-02
5.970741116990454372e-02
5.999445693144205699e-02
6.027695819230036167e-02
6.055424334372236372e-02
6.082561232406567819e-02
6.109034226477493695e-02
6.134769243126111243e-02
6.159690838233763260e-02
6.183722527433098415e-02
6.206787024098896904e-02
6.228806378743181882e-02
6.249702014525416321e-02
6.269394654620419338e-02
6.287804138351175964e-02
6.304849124299433116e-02
6.320446680092076108e-02
6.334511760302699579e-02
6.346956576031027863e-02
6.357689862416535109e-02
6.366616053873691561e-02
6.373634381568797636e-02
6.378637914078211235e-02
6.381512570906348880e-02
6.382136150405288977e-02
6.380377429628682207e-02
6.376095414983225240e-02
6.369138850616093417e-02
6.359346127824806738e-02
6.346545784883142471e-02
6.330557843662124040e-02
6.311196297465261618e-02
6.288273141878152062e-02
6.261604422089137034e-02
6.231018845551350438e-02
6.196369559277077610e-02
6.157549686273481454e-02
6.114512111042014197e-02
6.067293739710592770e-02
6.016043964907804437e-02
5.961056269617404785e-02
5.902800768748302229e-02
5.841954048962005180e-02
5.779421099837084297e-02
5.716342798546546894e-02
5.654081886034859755e-02
5.594181341572704302e-02
5.538292093687344902e-02
5.488072190258161398e-02
5.445066150382085052e-02
5.410579568133159351e-02
5.385567924449926464e-02
5.370558111436404825e-02
5.365615832050815714e-02
