6.964650956213216948e-02
7.224108011031712961e-02
8.003893519426785730e-02
9.273258890030473822e-02
1.095475341518286072e-01
1.292975791020053999e-01
1.505816175180020033e-01
1.720640132591970128e-01
1.927058253787805597e-01
2.118558413524805062e-01
2.292131457299843300e-01
2.447291542768763040e-01
2.585073702389589223e-01
2.707270601331240312e-01
2.815941030581231574e-01
2.913130459513303405e-01
3.000731334651943749e-01
3.080426385636261255e-01
3.153677305708388334e-01
3.221736041596268141e-01
3.285665766957867051e-01
3.346364606705167777e-01
3.404588645935330282e-01
3.460972683596331700e-01
3.516048219550468312e-01
3.570258684742299016e-01
3.623972166182762855e-01
3.677491971188749376e-01
3.731065392000467718e-01
3.784891011433941244e-01
3.839124854224437722e-01
3.893885647640527026e-01
3.949259413769949378e-01
4.005303577240338919e-01
4.062050736031088127e-01
4.119512210696928411e-01
4.177681457431350331e-01
4.236537404387299977e-01
4.296047747657320004e-01
4.356172224170705709e-01
4.416865863587335350e-01
4.478082210371178706e-01
4.539776500743106791e-01
4.601908777086837765e-01
4.664446924446080667e-01
4.727369619258861566e-01
4.790669189538430683e-01
4.854354396653225434e-01
4.918453162109176491e-01
4.983015277007664112e-01
5.048115147057204988e-01
5.113854642179752608e-01
5.180366136225047491e-01
5.247815840427367817e-01
5.316407553332174185e-01
5.386386971290799686e-01
5.458046727333559778e-01
5.531732352517835238e-01
5.607849381971886649e-01
5.686871855370932982e-01
5.769352482761249679e-01
5.855934749116245008e-01
5.947367190976956541e-01
6.044519949438623696e-01
6.148403399686716009e-01
6.260188020167938294e-01
6.381223412468505218e-01
6.513052031621053839e-01
6.657408958193808957e-01
6.816191854502070546e-01
6.991374087772546098e-01
7.184819559362968233e-01
7.397946915707808158e-01
7.631204937232700658e-01
7.883400901739796574e-01
8.151100677219752511e-01
8.428513644963840923e-01
8.708222021107562272e-01
8.982622066814381911e-01
9.245380706669640292e-01
9.492222774687307796e-01
9.720920374739713266e-01
9.930813065762524872e-01
1.012223341465833926e+00
1.029604019431776152e+00
1.045330600988248371e+00
1.059513392903455697e+00
1.072256217137477874e+00
1.083652277438690525e+00
1.093783115851395538e+00
1.102719244521173758e+00
1.110521629039808333e+00
1.117243551079500463e+00
1.122932572105174387e+00
1.127632420829785209e+00
1.131384678876499406e+00
1.134230170497771084e+00
1.136209990253097546e+00
1.137366135304715753e+00
1.137741746909159302e+00
