3.441141679917553153e-01
3.260652574020444505e-01
3.132370429937587630e-01
3.050715122716251559e-01
3.010497817361013073e-01
3.006903339132110942e-01
3.035472929096746375e-01
3.092087384933318583e-01
3.172950586988601551e-01
3.274573409587858697e-01
3.393758017597886534e-01
3.527582548243016758e-01
3.673386178174032901e-01
3.828754575790042081e-01
3.991505738813284632e-01
4.159676217116859975e-01
4.331507720805421457e-01
4.505434113548808517e-01
4.680068791168564557e-01
4.854192445477472639e-01
5.026741213371961337e-01
5.196795211177505092e-01
5.363567454246905841e-01
5.526393161811558041e-01
5.684719447085631039e-01
5.838095392623200430e-01
5.986162510928286773e-01
6.128645590317913783e-01
6.265343926037973965e-01
6.396122936632164802e-01
6.520906165563781220e-01
6.639667668090466490e-01
6.752424783391921537e-01
6.859231291950521614e-01
6.960170958184889178e-01
7.055351458336408532e-01
7.144898693608666695e-01
7.228951488559826055e-01
7.307656674747973202e-01
7.381164559629352917e-01
7.449624780709589444e-01
7.513182544947798469e-01
7.571975253413686380e-01
7.626129511197556887e-01
7.675758522573246090e-01
7.720959871414042608e-01
7.761813686861488426e-01
7.798381194247160364e-01
7.830703651267385546e-01
7.858801669410838686e-01
7.882674920639191063e-01
7.902302229320568028e-01
7.917642049416041550e-01
7.928633326919023450e-01
7.935196747547583751e-01
7.937236369689745219e-01
7.934641642601671929e-01
7.927289809858827363e-01
7.915048698060083154e-01
7.897779890784698553e-01
7.875342287802322705e-01
7.847596049535888740e-01
7.814406926777442974e-01
7.775650975656929198e-01
7.731219657863905859e-01
7.681025326122207231e-01
7.625007094917529704e-01
7.563137096477957622e-01
7.495427122007449761e-01
7.421935648172226507e-01
7.342775248840134328e-01
7.258120392072919813e-01
7.168215622371462148e-01
7.073384128173915153e-01
6.974036694606831066e-01
6.870681041489176133e-01
6.763931546589323496e-01
6.654519354134953435e-01
6.543302868575914255e-01
6.431278633600014949e-01
6.319592596401736317e-01
6.209551757203920497e-01
6.102636204032363398e-01
6.000511532743366683e-01
5.905041652304202637e-01
5.818301975326553022e-01
5.742592993852856376e-01
5.680454240395612642e-01
5.634678634229600691e-01
5.608327212937077588e-01
5.604744249205864115e-01
5.627572752880413143e-01
5.680770358265777586e-01
5.768625596684562318e-01
5.895774554286764557e-01
6.067217915112590454e-01
6.288338389408190121e-01
6.564918527194330000e-01
6.903158917088025870e-01
7.309696770377093200e-01
