#Lower limit for the Conditional distribution of radius given mass from initial fitting w/o bootstrap
9.721778848983394149e-09
-2.321805684614105525e-01
-2.321797523829958465e-01
-2.321738682642672247e-01
-2.321507341686061265e-01
-2.320845459300087399e-01
-2.319286295264746112e-01
-2.316065104826781351e-01
-2.310013855342456512e-01
-2.299446063176160959e-01
-2.282047463724495573e-01
-2.254803814358384284e-01
-2.214022058087072586e-01
-2.155548532702631359e-01
-2.075392771936795944e-01
-1.971138209793990292e-01
-1.844445096863759348e-01
-1.703579171082646726e-01
-1.562433871538593533e-01
-1.434473957489184603e-01
-1.327117731827988645e-01
-1.241411027483178137e-01
-1.174803653163609268e-01
-1.123621149977549472e-01
-1.084329378783819714e-01
-1.053969980901475756e-01
-1.030211264222053585e-01
-1.011262436476704496e-01
-9.957585936016821737e-02
-9.826552574272601204e-02
-9.711426911809992180e-02
-9.605797301858494397e-02
-9.504437469117778259e-02
-9.402930041779483661e-02
-9.297381689861969334e-02
-9.184204528060925521e-02
-9.059944709486798808e-02
-8.921144010859120843e-02
-8.764225153207609587e-02
-8.585389190625211664e-02
-8.380527521766498178e-02
-8.145133915722370388e-02
-7.874220110123891780e-02
-7.562228613779904685e-02
-7.202939834337840352e-02
-6.789370195113492157e-02
-6.313658186794404714e-02
-5.766936856298045949e-02
-5.139196033654323120e-02
-4.419146888046444899e-02
-3.594126597795511968e-02
-2.650130750130281349e-02
-1.572149099121189150e-02
-3.451650756522294580e-03
1.043575558359188457e-02
2.600149805263618150e-02
4.316765882048806402e-02
6.162947384504768866e-02
8.080306005869970776e-02
9.988984049710833424e-02
1.180757642114990680e-01
1.347498278178278774e-01
1.496016290752830158e-01
1.625827108983547986e-01
1.738112392135883755e-01
1.834870110317211311e-01
1.918377430535016526e-01
1.990920614970413116e-01
2.054694119118035400e-01
2.111794016950341579e-01
2.164263569461258863e-01
2.214170848877497766e-01
2.263712448460029059e-01
2.315345532925715821e-01
2.371956182291919124e-01
2.437077186588566258e-01
2.515174168428139789e-01
2.612031769893857769e-01
2.735295431194724736e-01
2.895291604580008116e-01
3.106421834142006344e-01
3.389911617591672144e-01
3.780202118303231384e-01
4.342938208592807547e-01
5.239350380946379282e-01
6.807931722188692580e-01
7.953420852441547284e-01
8.434926125934217866e-01
8.684371593495681108e-01
8.826393127072004186e-01
8.909363446571716416e-01
8.957394575146752080e-01
8.984286143281415837e-01
8.998521916215592720e-01
9.005460069906491283e-01
9.008458877662494091e-01
9.009540646068352476e-01
9.009831229355881321e-01
9.009876045750394580e-01
9.721778848983394149e-09
