#Variance for the Conditional distribution of mass given radius from initial fitting w/o bootstrap
1.130950742582253338e-01
1.250659086801243214e-01
1.515401433547634846e-01
1.777171930058178695e-01
1.976548572998136077e-01
2.115685628609108859e-01
2.211218607076632092e-01
2.277577284575367234e-01
2.324655499071814624e-01
2.358836680204813019e-01
2.384207698154698352e-01
2.403415556135450326e-01
2.418206252949455237e-01
2.429754183477021712e-01
2.438863832135802212e-01
2.446095013550483310e-01
2.451842180773065316e-01
2.456385811952621623e-01
2.459926591702498722e-01
2.462608860531019517e-01
2.464537303635419563e-01
2.465789334586276638e-01
2.466424672834951759e-01
2.466492978666385005e-01
2.466039969486516215e-01
2.465112140333064195e-01
2.463760033095262203e-01
2.462039944117049850e-01
2.460014024604016136e-01
2.457748886343608941e-01
2.455313023255685512e-01
2.452773528086226174e-01
2.450192662343277372e-01
2.447624797916773121e-01
2.445114104852473824e-01
2.442693158859769731e-01
2.440382442385883588e-01
2.438190560284368424e-01
2.436114906174260131e-01
2.434142494995001904e-01
2.432250702033758594e-01
2.430407695316687267e-01
2.428572396616616724e-01
2.426693843264411399e-01
2.424709842174269936e-01
2.422544807786033150e-01
2.420106658754951900e-01
2.417282617446332160e-01
2.413933715842723760e-01
2.409887767002109327e-01
2.404930521357734052e-01
2.398794706365440510e-01
2.391146670973294530e-01
2.381570464598509185e-01
2.369549440933818585e-01
2.354445993365502365e-01
2.335480949315376364e-01
2.311715665710785128e-01
2.282042174016933878e-01
2.245189917669023760e-01
2.199761468749385773e-01
2.144313117076299124e-01
2.077497112637305687e-01
1.998276692245047059e-01
1.906207975215700456e-01
1.801751574024881286e-01
1.686536373761715890e-01
1.563466855531208399e-01
1.436572792635145146e-01
1.310567414664963182e-01
1.190192964048100849e-01
1.079533242086951339e-01
9.814953001439215285e-02
8.975884537575420929e-02
8.280059083648205753e-02
7.719150379660623396e-02
7.278281506677618251e-02
6.939490176191329129e-02
6.684384152188151129e-02
6.495852951399784525e-02
6.358964059914705425e-02
6.261270156395422337e-02
6.192749145069168654e-02
6.145549838625646855e-02
6.113659840259973860e-02
6.092565290672674605e-02
6.078938919893110693e-02
6.070371780432742836e-02
6.065151929036375483e-02
6.062087098541069780e-02
6.060365723148226913e-02
6.059449975556435025e-02
6.058994765911255437e-02
6.058787373984667740e-02
6.058703230906026249e-02
6.058674183270572333e-02
6.058666295825652220e-02
6.058664862261855383e-02
6.058664836728151065e-02
1.994294111960436544e-01
