#Akaike Information Criterion from bootstrap run
1.997979653407094156e+04
1.997951480617500783e+04
1.997947993942673565e+04
1.997936809395876844e+04
1.997929572196162917e+04
1.997963882785324677e+04
1.997931076147143540e+04
1.997950576727838779e+04
1.997971961917270528e+04
1.997962507492941222e+04
1.997992398565085023e+04
1.997998383023673159e+04
1.997988178974104449e+04
1.998017013996514288e+04
1.997993988105854442e+04
1.997958584314067048e+04
1.997990145626834783e+04
1.997942521908218623e+04
1.997960858125759114e+04
1.997992820778082387e+04
