#Bayesian Information Criterion from bootstrap run
5.762794237081659958e+04
5.762766064292066585e+04
5.762762577617239003e+04
5.762751393070442282e+04
5.762744155870728719e+04
5.762778466459890478e+04
5.762745659821709705e+04
5.762765160402404581e+04
5.762786545591836330e+04
5.762777091167507024e+04
5.762806982239650824e+04
5.762812966698238597e+04
5.762802762648669886e+04
5.762831597671080090e+04
5.762808571780420607e+04
5.762773167988632486e+04
5.762804729301400948e+04
5.762757105582784425e+04
5.762775441800324916e+04
5.762807404452648188e+04
