#Variance for the Conditional distribution of Radius given Mass from initial fitting w/o bootstrap
nan
2.539837335658255615e-03
2.456527709859513200e-03
2.347593015199752730e-03
2.214051493661563751e-03
2.058263214768842747e-03
1.884967187869744046e-03
1.703356376274089415e-03
1.527650249138062365e-03
1.373366974760354461e-03
1.250784776717280564e-03
1.161441999355210600e-03
1.100249720515816040e-03
1.059852610941503350e-03
1.033630230644401807e-03
1.016703012918828862e-03
1.005827136939806870e-03
9.989697229169792591e-04
9.949182870980194208e-04
9.930153029560572463e-04
9.930169887971606810e-04
9.950671147880220564e-04
9.998048919385600902e-04
1.008684561687579403e-03
1.024695225449712014e-03
1.053878523860545284e-03
1.108389599698891229e-03
1.212168341667122558e-03
1.409332289489295502e-03
1.768536129283655419e-03
2.357231065897141039e-03
3.155269645772365746e-03
3.986432798773854175e-03
4.639368147491938418e-03
5.045764703615983511e-03
5.263208496318986032e-03
5.371269966543463018e-03
5.424776039871096085e-03
5.453468831564187679e-03
5.471864579298262032e-03
5.486697175339562763e-03
5.501004080630591056e-03
5.516128063234955817e-03
5.532651221191385062e-03
5.550820290662833792e-03
5.570736527922082529e-03
5.592437299075737715e-03
5.615926759686625490e-03
5.641180394355340896e-03
5.668132694813731061e-03
5.696649351615751082e-03
5.726480633411305116e-03
5.757189277349973079e-03
5.788043834762173108e-03
5.817867899769771714e-03
5.844839443496178261e-03
5.866246989035392954e-03
5.878236765503652879e-03
5.875633068105447394e-03
5.851981983538680210e-03
5.800036118557901077e-03
5.712906254964757874e-03
5.585948137007744861e-03
5.419027537438070481e-03
5.218204875644411739e-03
4.995593976938005748e-03
4.766823026754792719e-03
4.547035546055508588e-03
4.347422826660529184e-03
4.173784829005391071e-03
4.027144243126929909e-03
3.905410610623566686e-03
3.805067685499401685e-03
3.722366629603551108e-03
3.653966982643574828e-03
3.597176190569493018e-03
3.549963128028251792e-03
3.510872972110945511e-03
3.478915838760819439e-03
3.453461891428525297e-03
3.434152159148952908e-03
3.420822219587563856e-03
3.413431003749349546e-03
3.411987598320643470e-03
3.416476125539183104e-03
3.426795211150154927e-03
3.442754337496771976e-03
3.464193278277161690e-03
3.491279438640307146e-03
3.524936636452796930e-03
3.567123879251835571e-03
3.620352724102836577e-03
3.685632120874329093e-03
3.758398852291522547e-03
3.822973752173366036e-03
3.845930204120068946e-03
3.766765845288074822e-03
3.500828903329361932e-03
3.053660895790674852e-03
nan
