#Conditional distribution of Radius given Mass from initial fitting w/o bootstrap
9.721778848983394149e-09
-1.794382313256437100e-01
-1.794379667513610332e-01
-1.794355173551399896e-01
-1.794254842309651043e-01
-1.793956152414571958e-01
-1.793220296592863694e-01
-1.791621209484336175e-01
-1.788441958470706195e-01
-1.782525673177534076e-01
-1.772063974047305979e-01
-1.754300645506229051e-01
-1.725123331568946816e-01
-1.678519427926805085e-01
-1.605922585786400680e-01
-1.495729750930964996e-01
-1.334238816140200512e-01
-1.111669836106368714e-01
-8.368605627928019097e-02
-5.462193809924299759e-02
-2.812902983370261026e-02
-6.201008429315531950e-03
1.116029562698155064e-02
2.474396809559763905e-02
3.543338116477368072e-02
4.397448648749822941e-02
5.093983318024213752e-02
5.675277793154141076e-02
6.172272114502225931e-02
6.607645838715998921e-02
6.998251324152585107e-02
7.356910230305790943e-02
7.693702900902350816e-02
8.016894397227757041e-02
8.333602895828347290e-02
8.650291668279197488e-02
8.973142630405095410e-02
9.308352543517593725e-02
9.662380647558238556e-02
1.004216934516200532e-01
1.045534785494544316e-01
1.091043369839632821e-01
1.141702781008012424e-01
1.198600101096200521e-01
1.262965004548821379e-01
1.336177717843475832e-01
1.419760056106819657e-01
1.515332676474840101e-01
1.624508599297966871e-01
1.748679734060284707e-01
1.888645473467419622e-01
2.044067719639547920e-01
2.212860703531570605e-01
2.390837953777777414e-01
2.572049743837774294e-01
2.749929966892344924e-01
2.918733147090932234e-01
3.074492004742841456e-01
3.215182374365864182e-01
3.340342635571583729e-01
3.450538481753539499e-01
3.546907826331453517e-01
3.630850383909214329e-01
3.703842858108872260e-01
3.767341461562008220e-01
3.822739790565690132e-01
3.871361311081512047e-01
3.914475178460954941e-01
3.953331050184470397e-01
3.989213946921040255e-01
4.023525392178233795e-01
4.057903477262632119e-01
4.094404099643315087e-01
4.135781600470985198e-01
4.185935618799540014e-01
4.250646071022131656e-01
4.338835263948661591e-01
4.464882649169236717e-01
4.653363011984958941e-01
4.950760054368438245e-01
5.465706351494976634e-01
6.635275077488419493e-01
8.867301976670705077e-01
9.611562965370489264e-01
9.960610561521980877e-01
1.015488773529197086e+00
1.026750083189122087e+00
1.033272219653667001e+00
1.036974345171916223e+00
1.039008652976121105e+00
1.040079274938346066e+00
1.040612633811471843e+00
1.040860481088292433e+00
1.040965776138949028e+00
1.041005490688083901e+00
1.041018192655007724e+00
1.041021378500399441e+00
1.041021918304637417e+00
1.041021962675575230e+00
9.721778848983394149e-09
