#Lower limit for the Conditional distribution of Radius given Mass from initial fitting w/o bootstrap
9.721778848983394149e-09
-2.477042166008180946e-01
-2.477042254850866931e-01
-2.477040633100721645e-01
-2.477031209895260155e-01
-2.476995509220717151e-01
-2.476889338000202723e-01
-2.476620771551012734e-01
-2.476015933718377915e-01
-2.474767933136397535e-01
-2.472363196977499233e-01
-2.467978588154861874e-01
-2.460342683733791891e-01
-2.447556085762639666e-01
-2.426868196750401885e-01
-2.394407223895054504e-01
-2.344846718689200804e-01
-2.270970578260032291e-01
-2.163205714812424241e-01
-2.010166982594381313e-01
-1.805242180944764963e-01
-1.566485203450676544e-01
-1.341694995624709841e-01
-1.164316713384787455e-01
-1.035356793110446677e-01
-9.435509341694077456e-02
-8.779021320186132515e-02
-8.302436489221820537e-02
-7.949075740774930177e-02
-7.680137762234942600e-02
-7.468940928852638161e-02
-7.296906164059770161e-02
-7.150865753660813617e-02
-7.021263861244403381e-02
-6.900949578378594296e-02
-6.784355616842593917e-02
-6.666930103546366004e-02
-6.544734916407198011e-02
-6.414153923995979945e-02
-6.271673751983483647e-02
-6.113712169404154212e-02
-5.936477323075109447e-02
-5.735846383601361786e-02
-5.507255806679962895e-02
-5.245596309886235015e-02
-4.945111873390115736e-02
-4.599292038314522352e-02
-4.200761500481849098e-02
-3.741157932675908543e-02
-3.210996577715700961e-02
-2.599520825656787340e-02
-1.894548225938171709e-02
-1.082337606199026275e-02
-1.475607934493820307e-03
9.264375376171330237e-03
2.156691957880445612e-02
3.558211619450570712e-02
5.138885672352543066e-02
6.890517736992113340e-02
8.777101674966715505e-02
1.072774995714616819e-01
1.264659053949708789e-01
1.444126596917859051e-01
1.605033311625930215e-01
1.745054703004700059e-01
1.864712896588144875e-01
1.966035039173247012e-01
2.051592852838653724e-01
2.123998595113759658e-01
2.185706588142771745e-01
2.238981072785108106e-01
2.285950714740165313e-01
2.328715997822708439e-01
2.369504260760594561e-01
2.410886256887047330e-01
2.456084239723045903e-01
2.509418467658061647e-01
2.576958039666206735e-01
2.667464522964213547e-01
2.793758044911873184e-01
2.974782523245427801e-01
3.239272736045102352e-01
3.634527718280916031e-01
4.256176828954503222e-01
5.411545809553807151e-01
7.681008850762077733e-01
8.455023674247190701e-01
8.745741148188662661e-01
8.885116691724994631e-01
8.955658021773882371e-01
8.991168181479153310e-01
9.008397938287274753e-01
9.016263192014615235e-01
9.019557443421127862e-01
9.020783400448505462e-01
9.021169992233535329e-01
9.021265435411153222e-01
9.021281322380886314e-01
9.021282608435863271e-01
9.721778848983394149e-09
