#Upper limit for the Conditional distribution of Radius given Mass from initial fitting w/o bootstrap
9.721778848983394149e-09
-5.078899831122676151e-02
-5.078913033336588528e-02
-5.078711044661068930e-02
-5.077564220466051353e-02
-5.073332113527837667e-02
-5.061072210674232713e-02
-5.030848236765624731e-02
-4.964448711200936115e-02
-4.830583331778927347e-02
-4.577897423864377840e-02
-4.124862034414587819e-02
-3.345857779019869443e-02
-2.057045154987427807e-02
-2.799294642460215042e-04
2.892624696931394776e-02
6.484173847158190840e-02
1.012304475658764857e-01
1.328803535848228912e-01
1.581201142966276452e-01
1.773758371766068764e-01
1.917332933348247781e-01
2.023233692931649119e-01
2.101207464413340220e-01
2.159002166820006008e-01
2.202515295920762228e-01
2.236131913841799823e-01
2.263082659725464407e-01
2.285754892573942099e-01
2.305939506641695447e-01
2.325017620813672470e-01
2.344098641822742468e-01
2.364121898882785011e-01
2.385932302576003194e-01
2.410338081241885921e-01
2.438156293367099159e-01
2.470250898328773537e-01
2.507564864165012231e-01
2.551147904462527927e-01
2.602178366291473255e-01
2.661975202359831427e-01
2.731991377599238269e-01
2.813773321035401009e-01
2.908862376133500849e-01
3.018607210323108747e-01
3.143860816400987912e-01
3.284573677873426356e-01
3.439380557571818375e-01
3.605386947391752694e-01
3.778377242907853262e-01
3.953477410493734800e-01
4.126009427211709824e-01
4.292158488591248933e-01
4.449252310940549071e-01
4.595705342189695397e-01
4.730796583540473610e-01
4.854420929429595910e-01
4.966882995923170285e-01
5.068750008487047376e-01
5.160755337553810662e-01
5.243740087550229356e-01
5.318620727656049318e-01
5.386375307372797128e-01
5.448044355436608699e-01
5.504745754455716567e-01
5.557705752010805300e-01
5.608311440043322049e-01
5.658194465730925771e-01
5.709362993953072118e-01
5.764412344816742806e-01
5.826871190545861445e-01
5.901797388586459414e-01
5.996873648700815629e-01
6.124621568322379250e-01
6.307536818315538918e-01
6.592840692231246580e-01
7.114127690829379347e-01
8.566536435872434962e-01
1.012962297824673952e+00
1.076130353976174625e+00
1.113404806434273420e+00
1.138351635624828440e+00
1.155792784155593722e+00
1.168101277212877376e+00
1.176710209047187039e+00
1.182614191242282065e+00
1.186558577148081106e+00
1.189114867805928011e+00
1.190716260016981609e+00
1.191682046102808146e+00
1.192239699838071765e+00
1.192545568390839694e+00
1.192703141782028853e+00
1.192778141111189738e+00
1.192810316583169383e+00
1.192822282350109786e+00
1.192825891612330214e+00
1.192826669157882380e+00
1.192826758652429486e+00
9.721778848983394149e-09
