#Lower limit for the Conditional distribution of Mass given Radius from initial fitting w/o bootstrap
9.119173891686267044e-09
-1.477641386753350661e+00
-1.472721139572615190e+00
-1.463409419170819126e+00
-1.448378810746270062e+00
-1.425910588658941824e+00
-1.393767578916522032e+00
-1.348789421292102331e+00
-1.285890962786551128e+00
-1.195940986238820836e+00
-1.064536662367482345e+00
-8.994931356383147891e-01
-7.628307593084237004e-01
-6.707937103184270500e-01
-6.074531635702636878e-01
-5.615268688745326253e-01
-5.267258074592718886e-01
-4.993697929700164906e-01
-4.771508009299246234e-01
-4.585300454241991730e-01
-4.424252856848440718e-01
-4.280370345157908929e-01
-4.147460759550087861e-01
-4.020500740520389082e-01
-3.895229167086430300e-01
-3.767880102449719937e-01
-3.635005947766180578e-01
-3.493362171897123614e-01
-3.339836600575428194e-01
-3.171413153945613628e-01
-2.985164509658690957e-01
-2.778272009829457767e-01
-2.548075479919389985e-01
-2.292161586220096692e-01
-2.008507471717766446e-01
-1.695706556376809782e-01
-1.353309863473085850e-01
-9.823093923926226601e-02
-5.857436658764570564e-02
-1.692931250335549115e-02
2.584391064483301456e-02
6.863769311241725568e-02
1.102383342165602909e-01
1.495308033231309008e-01
1.856818731122889810e-01
2.182255261771753330e-01
2.470393286571014313e-01
2.722561236292642128e-01
2.941637357998152513e-01
3.131237340566484506e-01
3.295176098689384103e-01
3.437165976474821916e-01
3.560683117079593285e-01
3.668942283269256976e-01
3.764940814345015263e-01
3.851551473522443203e-01
3.931657076147572760e-01
4.008333211371181704e-01
4.085093246701793079e-01
4.166220101605306314e-01
4.257217573421412382e-01
4.365420227700793632e-01
4.500799955924703055e-01
4.676992422461152543e-01
4.912535388562047078e-01
5.232290057274808781e-01
5.669122817940026593e-01
6.266481317048437916e-01
7.084294885445171497e-01
8.216036838459342961e-01
9.844183630125402651e-01
1.241565731366518932e+00
1.557075842697801304e+00
1.702803073652388699e+00
1.768224258241722691e+00
1.803129495516180958e+00
1.823234178357437063e+00
1.835205838189366112e+00
1.842423432677277706e+00
1.846777951715428356e+00
1.849387618195259986e+00
1.850933027300123213e+00
1.851833551465514871e+00
1.852347970880212857e+00
1.852634988178464948e+00
1.852790783410688258e+00
1.852872687770289239e+00
1.852914168383855920e+00
1.852934272521157055e+00
1.852943516397800305e+00
1.852947498518916936e+00
1.852949070353530292e+00
1.852949605741314620e+00
1.852949717828639153e+00
1.852949643732990648e+00
1.852949427656331194e+00
1.852948950581653653e+00
1.852947624616594569e+00
1.852940718517602781e+00
9.119173891686267044e-09
