#Conditional distribution of Mass given Radius from initial fitting w/o bootstrap
9.119173891686267044e-09
-1.192216755782667947e+00
-1.182867227924515374e+00
-1.155961493327092526e+00
-1.098275730532646710e+00
-9.842559328148315911e-01
-7.430221866040602752e-01
-4.133543151459715959e-01
-2.374198039104493119e-01
-1.437472068521610247e-01
-8.740687329246872583e-02
-5.091297413930746807e-02
-2.597916259503256844e-02
-8.144823107860393180e-03
5.202095057741520229e-03
1.569319560636463912e-02
2.440799958325790345e-02
3.210325456138500566e-02
3.934343435217341894e-02
4.657888691330129560e-02
5.419480432109709256e-02
6.254324552450737928e-02
7.196491678668723302e-02
8.280443481843646758e-02
9.542105066728137630e-02
1.101956445805656742e-01
1.275337797634568948e-01
1.478634465506637463e-01
1.716244965573431314e-01
1.992444799988156157e-01
2.310925107029083714e-01
2.674006979541322937e-01
3.081457429586405006e-01
3.529013135459304062e-01
4.007131880639389077e-01
4.500963541252500089e-01
4.992403766169700718e-01
5.463825302345843848e-01
5.901626667950691241e-01
6.297868096691872086e-01
6.649835710316966964e-01
6.958541379054169473e-01
7.227153616925098278e-01
7.459820012522112576e-01
7.660932250334758775e-01
7.834726177313767748e-01
7.985094885075891824e-01
8.115524333216532771e-01
8.229094757741466371e-01
8.328515467246834225e-01
8.416175942406306509e-01
8.494205293663397160e-01
8.564537649425494337e-01
8.628984703026983949e-01
8.689319598962560454e-01
8.747379409723210486e-01
8.805197355404308368e-01
8.865181435981671632e-01
8.930364333755732575e-01
9.004761882344789470e-01
9.093896672727003194e-01
9.205574130037557090e-01
9.351050210466438362e-01
9.546825687661859572e-01
9.817505528459176123e-01
1.020067175135122017e+00
1.075621891536746366e+00
1.158770644243322323e+00
1.290230634005447907e+00
1.514136697374873997e+00
1.778223975215436070e+00
1.918016786544456176e+00
1.990169792416558225e+00
2.032042242393416132e+00
2.057769387882401713e+00
2.073989388828246128e+00
2.084321951231193459e+00
2.090917168744322652e+00
2.095114018004363921e+00
2.097767471405487694e+00
2.099429988980031858e+00
2.100459945524129957e+00
2.101089512826594952e+00
2.101468364427293789e+00
2.101692250037078047e+00
2.101821808961287452e+00
2.101894973413504619e+00
2.101935124110694719e+00
2.101956422733864738e+00
2.101967270514960795e+00
2.101972528517503047e+00
2.101974925199532329e+00
2.101975935318628697e+00
2.101976318680979450e+00
2.101976442834484704e+00
2.101976470552998411e+00
2.101976463854091648e+00
2.101976435293475554e+00
2.101976344500562366e+00
9.119173891686267044e-09
