9.755109055562543290e+03
9.456676971260247228e+03
9.565253668075183668e+03
9.669682957085628004e+03
9.587108714712905567e+03
9.439824142454026514e+03
9.698789042341035383e+03
9.706486443893249088e+03
9.710083745542340694e+03
9.764466181854582828e+03
9.553867318749720653e+03
9.516062273183302750e+03
9.699226487923022432e+03
9.518659107751773263e+03
9.713177534220720190e+03
9.615284881911140474e+03
9.642614957795884038e+03
9.801191058489133866e+03
9.830040731938301178e+03
9.931724095022011170e+03
9.989219465136142389e+03
9.601386506228371218e+03
9.626612577181229426e+03
9.545923108705850609e+03
9.647433616003814677e+03
9.637498625271180572e+03
9.804044275514213950e+03
9.535220415183141085e+03
9.713426056606842394e+03
9.864699505405111267e+03
9.710909287258880795e+03
9.622387351248415143e+03
9.754435114226349469e+03
9.930881758036823157e+03
9.736744854785611096e+03
9.919206405219456428e+03
9.837212666289187837e+03
9.708015427553355039e+03
9.730564268673031620e+03
1.001939330446257372e+04
9.701326451627033748e+03
9.598795665275905776e+03
9.580069107936929868e+03
9.548201926747078687e+03
9.562754305015012505e+03
9.691507799002074535e+03
9.517818220216811824e+03
9.728642512547394290e+03
9.534778771590728866e+03
9.585075266831010595e+03
