-9.790809105461105721e-01
-9.790806677790715451e-01
-9.790782336294272525e-01
-9.790406754639804365e-01
-9.787624495210781594e-01
-9.774419027546631389e-01
-9.726265630545191110e-01
-9.572652411540299999e-01
-9.057562660672263677e-01
-3.176673519716551874e-01
-1.191388160611447367e-01
-6.851298704298490472e-02
-4.513848412836442281e-02
-3.019001425513270775e-02
-1.714223813019264547e-02
-3.066476626208581788e-03
1.354375290770977978e-02
3.341463571368546992e-02
5.664462161578935617e-02
8.271380002649457441e-02
1.105336995563823144e-01
1.386517123833159448e-01
1.656078481613633968e-01
1.902958659701614597e-01
2.121516729355212849e-01
2.311234886239649788e-01
2.475149642607539224e-01
2.618132149642671269e-01
2.745594932469972438e-01
2.862697265144394931e-01
2.973909872002125088e-01
3.082785212164486643e-01
3.191834804646752621e-01
3.302474710281248504e-01
3.415041933076783942e-01
3.528901601271020039e-01
3.642656760207185207e-01
3.754445662103648718e-01
3.862280080711761321e-01
3.964360402766862190e-01
4.059310087578202331e-01
4.146300104839356071e-01
4.225068250072551157e-01
4.295863394487384745e-01
4.359353906034115211e-01
4.416535273665398997e-01
4.468661386593356100e-01
4.517213162282320837e-01
4.563910360155551960e-01
4.610767599935737260e-01
4.660192012186613608e-01
4.715114455128079918e-01
4.779134428621213404e-01
4.856635027269304850e-01
4.952783124869996612e-01
5.073272697813773213e-01
5.223618911339864557e-01
5.407835958895469419e-01
5.626554624030962737e-01
5.875151208007386439e-01
6.143087136722046315e-01
6.415697769889980862e-01
6.678383060420917117e-01
6.921208036361814475e-01
7.141456841209256057e-01
7.343409434854146767e-01
7.536515700886246005e-01
7.733515001825260748e-01
7.949335018607848191e-01
8.200895895874735775e-01
8.507667796968026996e-01
8.892897129056153149e-01
9.385707766983769629e-01
1.002482065156320656e+00
1.086546305646647781e+00
1.199044800525000287e+00
1.350279730348297402e+00
1.532601507382619133e+00
1.692015578992539737e+00
1.802823420276964184e+00
1.879377694241733288e+00
1.935199381076856850e+00
1.978162687620871107e+00
2.012849555745491958e+00
2.042020806522597987e+00
2.067336126717969069e+00
2.089714589379211951e+00
2.109517832841061757e+00
2.126622206233859114e+00
2.140381721974391027e+00
2.149433172829790628e+00
2.151258418065481681e+00
2.141527580427571742e+00
2.114152849259856470e+00
2.065855696331815317e+00
2.007651131052663462e+00
1.963219776351985857e+00
1.942968714184506451e+00
1.938121567034339021e+00
-4.831371128168956419e-01
