#Conditional distribution of Radius given Mass from initial fitting w/o bootstrap
9.964104086170753649e-09
-6.632584709574781967e-02
-6.632495571873531226e-02
-6.631431392136162561e-02
-6.625169588176106628e-02
-6.599685587747344817e-02
-6.516719602880280404e-02
-6.284131920535694638e-02
-5.699239763014554705e-02
-4.365671790435501215e-02
-1.854186714557104834e-02
1.121628286699568634e-02
3.305897998092758444e-02
4.667503031451766815e-02
5.532723183560804558e-02
6.123886415308035791e-02
6.561731073725902974e-02
6.909981221917491090e-02
7.203185504861586708e-02
7.461183388114385473e-02
7.696411335609092130e-02
7.917686871665209625e-02
8.132308889439143762e-02
8.347380576894525284e-02
8.570812861231483226e-02
8.812255257655714213e-02
9.084108016718198120e-02
9.402717990727393893e-02
9.789867294379221707e-02
1.027465680766949108e-01
1.089592885793278787e-01
1.170542041600182021e-01
1.277178960935561880e-01
1.418484120896564837e-01
1.605443894172798314e-01
1.847779402661444692e-01
2.140397920584386215e-01
2.444192555187859883e-01
2.708659883799989787e-01
2.915985600850738435e-01
3.073792691868991733e-01
3.194660146464468609e-01
3.289131454915230623e-01
3.365066167996599300e-01
3.428265739340418117e-01
3.483124552632778093e-01
3.533127871420388422e-01
3.581220895329784715e-01
3.630094057604463798e-01
3.682421270558282056e-01
3.741080495318760413e-01
3.809379568671393823e-01
3.891305659965473285e-01
3.991798412165294407e-01
4.116973881465903484e-01
4.273957791834772646e-01
4.469181200579050439e-01
4.702682145873352537e-01
4.958687173687477134e-01
5.206612153702970813e-01
5.421355626043600218e-01
5.595372156479003767e-01
5.732213028250469078e-01
5.838569044288453025e-01
5.920914376952679525e-01
5.984700945810123018e-01
6.034382198693710730e-01
6.073645352215411020e-01
6.105696251719131551e-01
6.133596545254589305e-01
6.160716702765016706e-01
6.191437849423973017e-01
6.232358120050554007e-01
6.294536331995560507e-01
6.398053664533636109e-01
6.582971195667205455e-01
6.947652485562990643e-01
8.011296103651741607e-01
9.796006612837747651e-01
1.021760804615305940e+00
1.040547359972630481e+00
1.049878409065077456e+00
1.054564578399635799e+00
1.056879022866563211e+00
1.057989687810470647e+00
1.058503389766782377e+00
1.058730620574365622e+00
1.058825905464172656e+00
1.058863362240401784e+00
1.058876966932296160e+00
1.058881444234900382e+00
1.058882744235545958e+00
1.058883065601223583e+00
1.058883130638326620e+00
1.058883141719151100e+00
1.058883144302973367e+00
1.058883145822289817e+00
1.058883146990812874e+00
1.058883147807697656e+00
9.964104086170753649e-09
