#Lower limit for the Conditional distribution of Mass given Radius from initial fitting w/o bootstrap
9.110903009043410299e-09
-5.270796146578606844e-01
-5.251791760291800726e-01
-5.209492882736100894e-01
-5.126316000924527883e-01
-4.973115113103769858e-01
-4.694366281071634117e-01
-4.130539381513110841e-01
-2.620768240803616478e-01
-1.485061379443367580e-01
-9.909564227823008942e-02
-7.014829851651332993e-02
-5.061050598986848587e-02
-3.607580125192640097e-02
-2.433257420324962464e-02
-1.409036154901271293e-02
-4.479708465917674881e-03
5.189800636742115253e-03
1.556944748340282139e-02
2.736701239664622240e-02
4.142177003408917951e-02
5.876933942527368809e-02
8.070441628054884908e-02
1.088551543882791267e-01
1.452849151991154608e-01
1.925543200066609506e-01
2.530989047582606344e-01
3.253084964638036647e-01
3.967185624375327846e-01
4.532524012585977813e-01
4.933028758187786855e-01
5.212105869352898768e-01
5.409984313755870078e-01
5.554473939424308115e-01
5.664210527436930320e-01
5.752036023208894067e-01
5.827236541210889520e-01
5.896952699368551709e-01
5.967085949620785090e-01
6.042899062725516357e-01
6.129421647555433061e-01
6.231721177346261076e-01
6.355070922691642421e-01
6.505030326467245994e-01
6.687435161768778835e-01
6.908255876231249593e-01
7.173173664384350223e-01
7.486465137947756476e-01
7.848357970364585601e-01
8.250018638770996171e-01
8.668150824333248350e-01
9.067638251720002707e-01
9.417232154549004530e-01
9.703383269428893509e-01
9.928701207477031998e-01
1.010318039334475060e+00
1.023805049608535356e+00
1.034343642488567694e+00
1.042805686708241364e+00
1.049974460340138194e+00
1.056634010602470974e+00
1.063691120947177993e+00
1.072341809043161565e+00
1.084297135613457419e+00
1.102070633476364803e+00
1.129313147088702340e+00
1.171260675700108722e+00
1.235950165226194830e+00
1.339963903069579132e+00
1.557502995868078832e+00
1.883527468774429670e+00
1.955833173168636696e+00
1.985501486308037578e+00
2.000013285881414138e+00
2.007490492074288646e+00
2.011399813265502878e+00
2.013440530424447594e+00
2.014495063955798138e+00
2.015031610974788112e+00
2.015299353854659081e+00
2.015429949622382644e+00
2.015492010795955746e+00
2.015520644636033420e+00
2.015533420885312399e+00
2.015538908347274116e+00
2.015541163730503627e+00
2.015542043208126355e+00
2.015542363464651654e+00
2.015542468203718851e+00
2.015542495715947791e+00
2.015542501544604015e+00
2.015542515915260235e+00
2.015542581657330690e+00
2.015542822201377593e+00
2.015543701515275288e+00
2.015547443565443686e+00
2.015569522173534800e+00
2.015820482570131134e+00
2.029857360193533022e+00
9.110903009043410299e-09
