#Conditional distribution of Mass given Radius from initial fitting w/o bootstrap
9.110903009043410299e-09
-4.539314007730608780e-01
-4.472389724103684183e-01
-4.310963749856349669e-01
-3.922011147382262752e-01
-2.619958790321003650e-01
-5.483891435828890104e-02
3.732825341082421367e-02
8.888102347690526872e-02
1.216308223510057518e-01
1.444372930814964706e-01
1.617272342514602390e-01
1.759497349046587333e-01
1.885874606821960620e-01
2.006489813012130308e-01
2.129420704020465738e-01
2.262535916877247144e-01
2.414986471628812748e-01
2.598777040710243957e-01
2.830722762749467436e-01
3.134978838036958648e-01
3.545354436710684842e-01
4.100791794575239790e-01
4.808568183129366957e-01
5.572043268439130781e-01
6.243553275557190974e-01
6.765564253326933342e-01
7.153717102353546187e-01
7.439339959946202896e-01
7.650108213535341539e-01
7.807455157429550319e-01
7.927521161414854411e-01
8.022487537366133070e-01
8.101733692947248322e-01
8.172766122813819312e-01
8.241957904013801350e-01
8.315148524846326383e-01
8.398149838759159103e-01
8.497195225483695769e-01
8.619355450827204113e-01
8.772916314347102285e-01
8.967636550143429641e-01
9.214584624611040775e-01
9.524664105330620245e-01
9.903796142551015702e-01
1.034264679810793064e+00
1.080680812870820962e+00
1.124682676535209369e+00
1.162667618859343222e+00
1.193595896494288544e+00
1.218051410931330736e+00
1.237143855906833956e+00
1.251982844934864225e+00
1.263520120145660064e+00
1.272535543506815303e+00
1.279667816150273030e+00
1.285457824300195728e+00
1.290398499965229595e+00
1.294995750866727358e+00
1.299852293951247795e+00
1.305795816582339119e+00
1.314090231571344303e+00
1.326805519707589420e+00
1.347520770084962960e+00
1.382906517347612718e+00
1.447832892953910155e+00
1.602191185483287761e+00
2.009404421457727796e+00
2.116894320927726891e+00
2.164820467038414797e+00
2.189949242919102090e+00
2.203626575902884799e+00
2.211133010773306484e+00
2.215242244116387038e+00
2.217473582024354073e+00
2.218671158796766463e+00
2.219304755497683246e+00
2.219634434617311580e+00
2.219802769866210390e+00
2.219886921704046667e+00
2.219928005202572496e+00
2.219947537942203120e+00
2.219956552624840818e+00
2.219960576114237583e+00
2.219962305164535188e+00
2.219963016877606776e+00
2.219963295884079368e+00
2.219963399873057242e+00
2.219963438211163265e+00
2.219963456854250339e+00
2.219963478643248500e+00
2.219963525906789137e+00
2.219963646000912671e+00
2.219963979813120769e+00
2.219965040151722135e+00
2.219969222365905104e+00
2.219992933993395923e+00
2.220257494870289339e+00
2.233978016755832741e+00
9.110903009043410299e-09
