4.234738683257168077e+02
5.120868255224381755e+02
4.789933143414726828e+02
4.915825692136202179e+02
4.841573298387741033e+02
5.059058064711862244e+02
5.251478115938248266e+02
5.071427570540229226e+02
5.383871997079831999e+02
4.837916783922863715e+02
5.299929793646463168e+02
5.382960299237755635e+02
5.027756387033368810e+02
5.131744108558552853e+02
5.057593547980553126e+02
4.823345229949881059e+02
4.935418425375561355e+02
5.093269375096116391e+02
5.141464647167384783e+02
5.502859304435741024e+02
5.434119048192401351e+02
5.451668663833194159e+02
5.064774983607821923e+02
4.833554732609929943e+02
4.738525527806268087e+02
4.668104529787573256e+02
5.419378135678359740e+02
5.062402869979800357e+02
5.299205764915711825e+02
5.134175237647900758e+02
4.778396872398370192e+02
4.805117162003659814e+02
5.020650506995186220e+02
5.352066064782542298e+02
4.858973299411600237e+02
5.051912246526101740e+02
5.229969072238311583e+02
4.988215689270544999e+02
5.120729285061484006e+02
5.437186403926689309e+02
4.978014633297237879e+02
5.062487237655416834e+02
4.709572542224983067e+02
5.606320225305862550e+02
5.394924139577931328e+02
4.640715341634137303e+02
5.103310712856955433e+02
5.059492955287890936e+02
4.985961552662030272e+02
5.101331756381694049e+02
4.889207476714773293e+02
5.705035519039740848e+02
4.954678090301346742e+02
5.005457222140448152e+02
4.892568674011424150e+02
5.160206952495279893e+02
5.631584786300089718e+02
5.019757719901509745e+02
5.215724225144014099e+02
5.038530516963379569e+02
5.097961657335546874e+02
4.676094469879029702e+02
4.858566558687838324e+02
4.429481341463857689e+02
5.401968818245727562e+02
5.235968205945446243e+02
5.225646482185004515e+02
5.230005492742877777e+02
5.284665076306060882e+02
5.190563063663850016e+02
4.916875369874098851e+02
4.911809680761159598e+02
5.339897068256681223e+02
5.439862360543654631e+02
4.530225884133369050e+02
4.656435851968439010e+02
5.351570019311393480e+02
5.538557347087588596e+02
4.780310738883125623e+02
4.996544931660013731e+02
5.554608863684303515e+02
5.367833997538007225e+02
4.682309855429996333e+02
4.831883336143505403e+02
5.235420250960702333e+02
4.518823345554445723e+02
5.114008077573515720e+02
5.070549376673312736e+02
5.506886765027354613e+02
4.822423998426544358e+02
5.537836662159210164e+02
5.154167023118121733e+02
4.745558084575149564e+02
4.680192781840155476e+02
5.333119320503951712e+02
5.039253240464028067e+02
5.605208722197351108e+02
5.102204715312030316e+02
4.803510604032665015e+02
5.054564966878365340e+02
