-1.754153875743801549e+00
-1.746582905593064394e+00
-1.723682238327644667e+00
-1.685444194385494310e+00
-1.631498211621869476e+00
-1.560290942049417096e+00
-1.468786884857297359e+00
-1.354356928678182248e+00
-1.223618399773333199e+00
-1.100349342097742156e+00
-1.003509904091216987e+00
-9.325135992918854866e-01
-8.801825559701040858e-01
-8.404736096264521228e-01
-8.093021362356607185e-01
-7.839764961301100010e-01
-7.626840059123111137e-01
-7.441616212536631414e-01
-7.274961803107324876e-01
-7.120025089289535591e-01
-6.971474069514085325e-01
-6.825010942042453177e-01
-6.677055335979155126e-01
-6.524534469735778774e-01
-6.364743303021399567e-01
-6.195252205036004822e-01
-6.013848347047034970e-01
-5.818502505838720751e-01
-5.607356672872028103e-01
-5.378730622521424865e-01
-5.131147849860752119e-01
-4.863383211027774711e-01
-4.574536054838829191e-01
-4.264133088365390511e-01
-3.932263588208353977e-01
-3.579744166846633990e-01
-3.208299210491762921e-01
-2.820725519542676696e-01
-2.420988648095857843e-01
-2.014183955834648876e-01
-1.606303968705431739e-01
-1.203798802224537862e-01
-8.129912214992204844e-02
-4.394763332213598439e-02
-8.765268928759333000e-03
2.395184964671395050e-02
5.405149970197691695e-02
8.150762864937190211e-02
1.063935498311314176e-01
1.288537993151633587e-01
1.490795470934291322e-01
1.672896885186329619e-01
1.837178715491040171e-01
1.986047812078516883e-01
2.121947230234244863e-01
2.247356223562775313e-01
2.364817774743818435e-01
2.476989554510204139e-01
2.586716490385694844e-01
2.697125001603156713e-01
2.811740352310243551e-01
2.934629446209737758e-01
3.070571669489058353e-01
3.225260044372251222e-01
3.405534114680794366e-01
3.619645285651345024e-01
3.877556526537038750e-01
4.191285181105969815e-01
4.575317026969725198e-01
5.047162672000422567e-01
5.628208630942078683e-01
6.345147277179612466e-01
7.232420474907161889e-01
8.335934179029311775e-01
9.715389930452855705e-01
1.142267291033552734e+00
1.336010013396939922e+00
1.508310994000560123e+00
1.627257047835247716e+00
1.703142770306274922e+00
1.752286924057722350e+00
1.784960235454935651e+00
1.807081423130694198e+00
1.822192571327996058e+00
1.832527671452766516e+00
1.839560187314458251e+00
1.844294948578611537e+00
1.847432830279286398e+00
1.849469135946738563e+00
1.850755609042238126e+00
1.851541453437387741e+00
1.852001624737341201e+00
1.852257016960173974e+00
1.852389238757389034e+00
1.852451615287491693e+00
1.852477455060658640e+00
1.852486274660921417e+00
1.852488466329886618e+00
1.852488763141556527e+00
-1.390963206730620128e+00
