7.867309809067478676e-01
-1.853677400348741067e-01
-1.853492125346577202e-01
-1.852649512547523136e-01
-1.850266024025380152e-01
-1.844989713116499119e-01
-1.834941484371838405e-01
-1.817689160219590483e-01
-1.790289943470918799e-01
-1.749447541313977061e-01
-1.691829438274350117e-01
-1.614563847612160430e-01
-1.515873721551957154e-01
-1.395714015373509254e-01
-1.256198772314861822e-01
-1.101602907824864447e-01
-9.378444241371029777e-02
-7.715595080338891187e-02
-6.090573922562318721e-02
-4.554725095747738650e-02
-3.143097972048337907e-02
-1.873987282321777637e-02
-7.513936467803214274e-03
2.311690913387755546e-03
1.086798099290972944e-02
1.831983164850468915e-02
2.484286836182272515e-02
3.060866988200382915e-02
3.577659112321138896e-02
4.049016627015197128e-02
4.487638656871516946e-02
4.904659775608893879e-02
5.309817618160161262e-02
5.711646133150709986e-02
6.117664362544522616e-02
6.534544896589246366e-02
6.968254799603000593e-02
7.424166737490695001e-02
7.907140667627600428e-02
8.421577738482360909e-02
8.971448616647136054e-02
9.560298705884200110e-02
1.019123288450409365e-01
1.086688260060380273e-01
1.158935849830447784e-01
1.236019222237724480e-01
1.318027164513586313e-01
1.404977442626069439e-01
1.496810547149279857e-01
1.593384439346416104e-01
1.694470937530540566e-01
1.799754377174543063e-01
1.908833124784381496e-01
2.021224418767539888e-01
2.136372850282352853e-01
2.253662591238371760e-01
2.372433241791348235e-01
2.491998930169096182e-01
2.611670083019467792e-01
2.730777125479862955e-01
2.848695294192011840e-01
2.964869773063803504e-01
3.078840499345070203e-01
3.190266233264914542e-01
3.298947824205990531e-01
3.404851018868458867e-01
3.508129617325542182e-01
3.609150266189334877e-01
3.708520659286589916e-01
3.807123365767537959e-01
3.906157876689355102e-01
4.007193664606003569e-01
4.112236910252567990e-01
4.223812728869339450e-01
4.345062613584567135e-01
4.479852356068070862e-01
4.632877238435965661e-01
4.809736440908267685e-01
5.016924634386837889e-01
5.261654043758651200e-01
5.551378535157501792e-01
5.892859554131831823e-01
6.290633834106331701e-01
6.744885870114293303e-01
7.249065045405388430e-01
7.788089225393752812e-01
8.338370839399079637e-01
8.870673158830340022e-01
9.355616256362007110e-01
9.770005237615752014e-01
1.010135331449862228e+00
1.034888201138345787e+00
1.052121863263908885e+00
1.063243590433448515e+00
1.069819930552208032e+00
1.073302590400030843e+00
1.074882468828868509e+00
1.075441966887574763e+00
1.075565059792551681e+00
1.075572916442540050e+00
