6.336663988689182295e-11
5.482152540188385548e-02
9.795316078174989838e-02
1.311486596068044963e-01
1.560021566871083731e-01
1.739759997581885598e-01
1.864193531099347934e-01
1.945796775003821033e-01
1.996088828272624960e-01
2.025656718556110847e-01
2.044153428529999761e-01
2.060280945269418740e-01
2.081766765143592823e-01
2.115340512234920312e-01
2.166715765161675855e-01
2.240580820433178688e-01
2.340600935668964711e-01
2.469433579315049865e-01
2.628757351595915059e-01
2.819314521605693069e-01
3.040966535463749398e-01
3.292761378670053252e-01
3.573011311051489947e-01
3.879379224365632206e-01
4.208971690607167249e-01
4.558436663727609139e-01
4.924063759707191790e-01
5.301885061069436800e-01
5.687774463838749517e-01
6.077543699913702246e-01
6.467033318623325311e-01
6.852197091066529744e-01
7.229178503356861185e-01
7.594378224198752303e-01
7.944511662819585540e-01
8.276655970106695515e-01
8.588286074192870156e-01
8.877299577436200684e-01
9.142030570888532992e-01
9.381252641456749863e-01
9.594171552927786006e-01
9.780408272113592094e-01
9.939973183196196826e-01
1.007323248488660283e+00
1.018086789457058883e+00
1.026383088984447189e+00
1.032329279972069580e+00
1.036059211459837481e+00
1.037718041544556602e+00
1.037456832843278054e+00
1.035427289168336262e+00
1.031776767634353220e+00
1.026643693557885317e+00
1.020153496339528010e+00
1.012415173164209703e+00
1.003518573971498018e+00
9.935324859111783757e-01
9.825035786112489289e-01
9.704562532691458632e-01
9.573934190777637632e-01
9.432982000817990986e-01
9.281365545134176998e-01
9.118607672847053314e-01
8.944137549418801347e-01
8.757341013542400132e-01
8.557617220777797851e-01
8.344440360735254636e-01
8.117425056633111868e-01
7.876393896746403112e-01
7.621445410784648544e-01
7.353020694890257669e-01
7.071966811146300769e-01
6.779595045749684523e-01
6.477732108968333735e-01
6.168762404375733865e-01
5.855659589447959057e-01
5.542005799294001944e-01
5.231997115017904543e-01
4.930434132986427631e-01
4.642696836156476881e-01
4.374703388702323448e-01
4.132852975609095925e-01
3.923953394826424357e-01
3.755134786184353146e-01
3.633751653750492139e-01
3.567276211843084521e-01
3.563187064691978323e-01
3.628858320925518188e-01
3.771455451800080905e-01
3.997845531491823201e-01
4.314530953908473632e-01
4.727617308375448024e-01
5.242827821170464864e-01
5.865578636125042822e-01
6.601131220205768146e-01
7.454840343878008646e-01
8.432518405794817706e-01
9.540939351498227694e-01
1.078850808082034263e+00
1.218612405285828704e+00
