0.000000000000000000e+00
0.000000000000000000e+00
0.000000000000000000e+00
0.000000000000000000e+00
3.196454654150589593e-13
6.869854742779843124e-13
9.173986960558464964e-13
9.680870408878410581e-13
9.556662609040547397e-13
9.938076302427765690e-13
1.021021102459617567e-12
9.763809544887675572e-13
9.835462913980180174e-13
6.242954725051119008e-02
0.000000000000000000e+00
0.000000000000000000e+00
0.000000000000000000e+00
2.972364783305198897e-13
6.699077566577340425e-13
8.651771732944435853e-13
9.323064016918370251e-13
9.776798068690653425e-13
9.737656691594624040e-13
9.635304915039737264e-13
9.679579005204497294e-13
9.679868486308827976e-13
0.000000000000000000e+00
0.000000000000000000e+00
0.000000000000000000e+00
0.000000000000000000e+00
2.289482933570785799e-13
6.494539673917505452e-13
8.600680724354627139e-13
9.443908879869014955e-13
1.029226896785084471e-12
9.831654667091779627e-13
9.897198539882881403e-13
1.048936177919960876e-12
9.630943467980474380e-13
0.000000000000000000e+00
0.000000000000000000e+00
0.000000000000000000e+00
0.000000000000000000e+00
1.679393641554901417e-13
5.644454211113335357e-13
8.122780405192638894e-13
9.384908307273759878e-13
9.240510631541636433e-13
9.667468923929628680e-13
9.881322165888882817e-13
9.839290096761377299e-13
9.677866777609448674e-13
0.000000000000000000e+00
0.000000000000000000e+00
0.000000000000000000e+00
0.000000000000000000e+00
1.286991972191419586e-13
5.065721360770233190e-13
6.688438995212557254e-13
7.425543612396693652e-13
9.150341755038200162e-13
9.556972682848493366e-13
9.180904592117210310e-13
1.002186052495971995e-12
1.015997598270313580e-12
0.000000000000000000e+00
0.000000000000000000e+00
4.499977535130521011e-01
0.000000000000000000e+00
3.486990507316814147e-14
2.115512855165766724e-13
3.028152075982739805e-13
3.867678184412959630e-13
5.641871142331994452e-13
7.376996441440507627e-13
8.737109605337907452e-13
9.503811057093498927e-13
9.822887967191829419e-13
4.083845480047090192e-13
0.000000000000000000e+00
0.000000000000000000e+00
0.000000000000000000e+00
0.000000000000000000e+00
0.000000000000000000e+00
0.000000000000000000e+00
0.000000000000000000e+00
0.000000000000000000e+00
3.444975556261869707e-13
7.139567449687493126e-13
9.157022685131372788e-13
9.404233124918378915e-13
7.174188615053841134e-13
4.257430810758349844e-13
2.215035295223867760e-13
0.000000000000000000e+00
0.000000000000000000e+00
0.000000000000000000e+00
0.000000000000000000e+00
0.000000000000000000e+00
0.000000000000000000e+00
0.000000000000000000e+00
4.186165482438282250e-13
8.092133081369425952e-13
9.651783731100320527e-13
8.599572141756636598e-13
7.194698562669007385e-13
5.008331474061259834e-13
2.406603625471821253e-14
0.000000000000000000e+00
2.355962395426387801e-01
1.015401579076249533e-01
0.000000000000000000e+00
0.000000000000000000e+00
0.000000000000000000e+00
0.000000000000000000e+00
5.614995148735494321e-13
8.563432997166234428e-13
9.368802248074535894e-13
8.776534828208640385e-13
6.811875848907234511e-13
1.468538445503959174e-13
0.000000000000000000e+00
0.000000000000000000e+00
0.000000000000000000e+00
0.000000000000000000e+00
0.000000000000000000e+00
0.000000000000000000e+00
0.000000000000000000e+00
4.626512952455069968e-14
6.617101285923495618e-13
9.267698258395053190e-13
9.378751269055378202e-13
8.155019212801417335e-13
3.995148525600938589e-13
0.000000000000000000e+00
0.000000000000000000e+00
0.000000000000000000e+00
0.000000000000000000e+00
0.000000000000000000e+00
0.000000000000000000e+00
0.000000000000000000e+00
0.000000000000000000e+00
2.491725613094763679e-13
9.746241534042859576e-13
9.884785560424071702e-13
8.984392645083292323e-13
7.181425784091231930e-13
2.027513627615471975e-13
0.000000000000000000e+00
0.000000000000000000e+00
0.000000000000000000e+00
0.000000000000000000e+00
0.000000000000000000e+00
0.000000000000000000e+00
0.000000000000000000e+00
0.000000000000000000e+00
1.086492900625155890e-12
1.019733207505015925e-12
9.665815802516546061e-13
1.150214198098008248e-12
5.874198419106668171e-13
5.239302254388822206e-13
6.935630990635633865e-13
4.714938083963291354e-13
1.536783091642637644e-13
0.000000000000000000e+00
0.000000000000000000e+00
1.504363018228044857e-01
1.327659815132523011e-12
