#Lower limit for the Conditional distribution of mass given radius from initial fitting w/o bootstrap
-1.492722195678172437e+00
-1.432345675062937751e+00
-1.362252892805684734e+00
-1.281452263327035102e+00
-1.190392934864685115e+00
-1.093328786630394456e+00
-9.987962451678942255e-01
-9.149091794555394008e-01
-8.447813002132834592e-01
-7.874138989254273469e-01
-7.404012584372625660e-01
-7.013890607851536174e-01
-6.684733012114613127e-01
-6.401986970327691040e-01
-6.154638977384885301e-01
-5.934278829238035513e-01
-5.734373158423680117e-01
-5.549740636298572394e-01
-5.376181321735774565e-01
-5.210216145749739791e-01
-5.048903717745774067e-01
-4.889711627079859069e-01
-4.730426746887244627e-01
-4.569094097863548587e-01
-4.403977229719739928e-01
-4.233535350427462540e-01
-4.056413943289126078e-01
-3.871446596851336741e-01
-3.677666371651397426e-01
-3.474325310145371937e-01
-3.260920677137045254e-01
-3.037226178052662706e-01
-2.803325711832682643e-01
-2.559646175245780531e-01
-2.306984538054644429e-01
-2.046523106441510143e-01
-1.779826046808690998e-01
-1.508810490196796361e-01
-1.235687511977708597e-01
-9.628722741905025584e-02
-6.928682010406528313e-02
-4.281359197371838871e-02
-1.709619531794632011e-02
7.665687182968615974e-03
3.131002172004356682e-02
5.371749918512589567e-02
7.481297200108863454e-02
9.456380278779537296e-02
1.129760307065657970e-01
1.300893610672780865e-01
1.459718864363065971e-01
1.607152445479339276e-01
1.744306928910568100e-01
1.872463862094800036e-01
1.993060054874547515e-01
2.107688076771423724e-01
2.218111352373676459e-01
2.326294301682047538e-01
2.434448254466827499e-01
2.545094260212825699e-01
2.661144319353829779e-01
2.786002894165012234e-01
2.923690761295679730e-01
3.078993348879315306e-01
3.257635823149509502e-01
3.466487858322426230e-01
3.713803407101275988e-01
4.009507209528286320e-01
4.365554385302323204e-01
4.796419037244261663e-01
5.319822513249120588e-01
5.957904507492313151e-01
6.739172569566009852e-01
7.701634213793535633e-01
8.896696585655727851e-01
1.038641748618234661e+00
1.218819013134508467e+00
1.406751081110934942e+00
1.556068855310634991e+00
1.655450737765429725e+00
1.719995058397156829e+00
1.762890498170368136e+00
1.792043634900578830e+00
1.812124226793371928e+00
1.826022670116933755e+00
1.835619826871285332e+00
1.842190858495114991e+00
1.846626757156090148e+00
1.849562624764827357e+00
1.851456063228194449e+00
1.852637607484520776e+00
1.853344772694522691e+00
1.853746062422435781e+00
1.853958539897312852e+00
1.854061071916095038e+00
1.854104521604833300e+00
1.854119691910052881e+00
1.854123547536739691e+00
1.854124081885572428e+00
1.113180406699983770e-12
