#Upper limit for the Conditional distribution of radius given mass from initial fitting w/o bootstrap
1.593123693978913402e-01
-4.676744269190742653e-03
-4.496083803153406305e-03
-3.951724367710215784e-03
-2.778465385160268190e-03
-6.499348783888570001e-04
2.817496016123777289e-03
8.049207423652391877e-03
1.547660606139544814e-02
2.546989117086225288e-02
3.823277108026235799e-02
5.367623019791229605e-02
7.133181984765842032e-02
9.038809356514411475e-02
1.098746062392500639e-01
1.289028799077716614e-01
1.468338439982108667e-01
1.633189262951663112e-01
1.782512966120491371e-01
1.916869740565858016e-01
2.037736550987984119e-01
2.146998533846347923e-01
2.246634052542337834e-01
2.338542121184658817e-01
2.424461643374655473e-01
2.505944759110677600e-01
2.584359422358262770e-01
2.660905929303065132e-01
2.736638481547905566e-01
2.812486802619146298e-01
2.889275129244077145e-01
2.967737174028984848e-01
3.048526316667816705e-01
3.132220601987157904e-01
3.219322296437325814e-01
3.310251924043448035e-01
3.405336990885836079e-01
3.504796115910532861e-01
3.608720076287253442e-01
3.717052317855748522e-01
3.829572590571057034e-01
3.945888165620904942e-01
4.065437056526353121e-01
4.187506349982088039e-01
4.311266094333671139e-01
4.435815772080577979e-01
4.560237328860341499e-01
4.683647219667025907e-01
4.805240536068183244e-01
4.924322644660973913e-01
5.040326870342716203e-01
5.152819498665954789e-01
5.261495079047515677e-01
5.366165581747220914e-01
5.466746685272647621e-01
5.563243760319021014e-01
5.655739317334841365e-01
5.744383005315829571e-01
5.829384774397700086e-01
5.911011551022125055e-01
5.989587696837904707e-01
6.065499601821421338e-01
6.139204984745976201e-01
6.211247850938631521e-01
6.282280634861221458e-01
6.353095932144122715e-01
6.424671588062154104e-01
6.498235097490805412e-01
6.575356924884089294e-01
6.658088717186242400e-01
6.749174002037364728e-01
6.852381326704947151e-01
6.973055490489095121e-01
7.119082426409845121e-01
7.302698187323888313e-01
7.544161122229435801e-01
7.879746340590452203e-01
8.377594875086685766e-01
9.122296541601075948e-01
9.947445805386084805e-01
1.055664577914247726e+00
1.097453080097409162e+00
1.127411151008562040e+00
1.149671863700202801e+00
1.166527555200107535e+00
1.179368139869943599e+00
1.189117308862798650e+00
1.196440807807679585e+00
1.201850860453695713e+00
1.205759616427904746e+00
1.208506444717733386e+00
1.210372088697791115e+00
1.211586836347054108e+00
1.212336422828413696e+00
1.212767290571433731e+00
1.212991684221079947e+00
1.213092555150255603e+00
1.213128117265886319e+00
1.213135925820675309e+00
1.213136423862296143e+00
