#Weights for Beta densities from initial fitting w/o bootstrap
0.000000000000000000e+00
6.044526483684332445e-12
0.000000000000000000e+00
0.000000000000000000e+00
0.000000000000000000e+00
0.000000000000000000e+00
0.000000000000000000e+00
0.000000000000000000e+00
0.000000000000000000e+00
0.000000000000000000e+00
0.000000000000000000e+00
0.000000000000000000e+00
5.082923444103751298e-02
8.217444086072042418e-12
0.000000000000000000e+00
0.000000000000000000e+00
0.000000000000000000e+00
0.000000000000000000e+00
0.000000000000000000e+00
0.000000000000000000e+00
0.000000000000000000e+00
0.000000000000000000e+00
0.000000000000000000e+00
0.000000000000000000e+00
7.746154207414315309e-11
6.973626313754759010e-12
0.000000000000000000e+00
0.000000000000000000e+00
0.000000000000000000e+00
0.000000000000000000e+00
0.000000000000000000e+00
0.000000000000000000e+00
0.000000000000000000e+00
0.000000000000000000e+00
0.000000000000000000e+00
0.000000000000000000e+00
3.511187469954147234e-11
2.882401529040489706e-12
0.000000000000000000e+00
0.000000000000000000e+00
0.000000000000000000e+00
0.000000000000000000e+00
0.000000000000000000e+00
0.000000000000000000e+00
0.000000000000000000e+00
0.000000000000000000e+00
0.000000000000000000e+00
0.000000000000000000e+00
4.863833979226644694e-12
1.631175104540236176e-01
0.000000000000000000e+00
7.229759595636545381e-13
1.261440048119986442e-12
0.000000000000000000e+00
0.000000000000000000e+00
0.000000000000000000e+00
0.000000000000000000e+00
0.000000000000000000e+00
0.000000000000000000e+00
0.000000000000000000e+00
0.000000000000000000e+00
0.000000000000000000e+00
3.555839807232848426e-01
1.293597707392023315e-11
2.064114467353338465e-11
1.977052507387743852e-11
1.069758718743157448e-11
0.000000000000000000e+00
0.000000000000000000e+00
0.000000000000000000e+00
0.000000000000000000e+00
0.000000000000000000e+00
0.000000000000000000e+00
0.000000000000000000e+00
3.987337542764599535e-12
0.000000000000000000e+00
4.186566303170157789e-11
4.683986848646001784e-11
3.755819257673634763e-11
1.807862432618850065e-11
0.000000000000000000e+00
0.000000000000000000e+00
0.000000000000000000e+00
0.000000000000000000e+00
0.000000000000000000e+00
0.000000000000000000e+00
3.199908450069059643e-12
2.829613724982825648e-11
1.879234729116664032e-02
2.863188289838237144e-01
5.934702763135757413e-11
3.777563474110955302e-11
1.071234928366269509e-11
0.000000000000000000e+00
0.000000000000000000e+00
0.000000000000000000e+00
0.000000000000000000e+00
0.000000000000000000e+00
0.000000000000000000e+00
1.929295493185547674e-11
4.287762104376236006e-11
6.000729546085018866e-11
6.105897185165195051e-11
4.432424576328844838e-11
1.967298127530619049e-11
4.092923780209002745e-14
0.000000000000000000e+00
0.000000000000000000e+00
0.000000000000000000e+00
0.000000000000000000e+00
0.000000000000000000e+00
0.000000000000000000e+00
1.743280552176085902e-11
3.282286244119173408e-11
3.849465950979251224e-11
3.200410270233428355e-11
2.138281948180968165e-11
1.402505448787293816e-11
4.129207588394970399e-12
0.000000000000000000e+00
0.000000000000000000e+00
0.000000000000000000e+00
0.000000000000000000e+00
0.000000000000000000e+00
0.000000000000000000e+00
0.000000000000000000e+00
5.599862571459680916e-12
9.405024037293444109e-12
1.690890812534472613e-11
2.714635940496266677e-11
2.247156591244306813e-11
0.000000000000000000e+00
0.000000000000000000e+00
0.000000000000000000e+00
0.000000000000000000e+00
0.000000000000000000e+00
0.000000000000000000e+00
0.000000000000000000e+00
0.000000000000000000e+00
0.000000000000000000e+00
1.020836003948389572e-12
1.591595561007094320e-11
1.253580992605407007e-01
0.000000000000000000e+00
