#Upper limit for the Conditional distribution of mass given radius from initial fitting w/o bootstrap
9.678442302873345279e-09
-4.088897440832540697e-01
-4.082709866146203015e-01
-4.054012660329756601e-01
-3.969656274946378738e-01
-3.767501522577616502e-01
-3.354937156880217763e-01
-2.777194342754395473e-01
-2.267543431723749447e-01
-1.879943135147183753e-01
-1.561376517270814668e-01
-1.247365296749704672e-01
-8.685318102798426920e-02
-3.580524281659033109e-02
2.677906057911289342e-02
8.639960465535732881e-02
1.344681188645787950e-01
1.718927421976150782e-01
2.017726310939876033e-01
2.270666199957476483e-01
2.504447922671905191e-01
2.744743083963689934e-01
3.017666230108989600e-01
3.348460891829728170e-01
3.752354060006529712e-01
4.216216540489989839e-01
4.695150767393715396e-01
5.145074576950824374e-01
5.548565508283931358e-01
5.909604048743173355e-01
6.241556556371526954e-01
6.560759912509164238e-01
6.883817320827523289e-01
7.225497480942889572e-01
7.595381869204332892e-01
7.993406687630912888e-01
8.408237359369234998e-01
8.822988773840310106e-01
9.224457513763615335e-01
9.607392479967372667e-01
9.972818319398347731e-01
1.032464343605815182e+00
1.066707559489037394e+00
1.100322480201689546e+00
1.133474388654652554e+00
1.166235567618692404e+00
1.198694015989436812e+00
1.231061676130648763e+00
1.263728792555311342e+00
1.297235236854506812e+00
1.332140359969808729e+00
1.368767219943620272e+00
1.406847457593467521e+00
1.445290608998466064e+00
1.482451279272295697e+00
1.516853742837310115e+00
1.547742254782082272e+00
1.575104880572031352e+00
1.599426894847062908e+00
1.621477863739427372e+00
1.642221736070509142e+00
1.662833136183938354e+00
1.684799250161166384e+00
1.710102626603717368e+00
1.741437829810112303e+00
1.782045939309299110e+00
1.833419087312053275e+00
1.890040167424513529e+00
1.941981394100228853e+00
1.985020600059087537e+00
2.020056207975704510e+00
2.049118827833918299e+00
2.074088247159266540e+00
2.096578818652520493e+00
2.117994690063212726e+00
2.139516536417561454e+00
2.161958927053252211e+00
2.185514548221715536e+00
2.209599524381893776e+00
2.233149733111298385e+00
2.255280711686808992e+00
2.275730366869175292e+00
2.294895455218494806e+00
2.313777064436469910e+00
2.334121808058924330e+00
2.358909708739006739e+00
2.392895057413938709e+00
2.437777608343841607e+00
2.478085413120713287e+00
2.504051573666317143e+00
2.519805190698995556e+00
2.529275404963104101e+00
2.534859657864140470e+00
2.538134890366344543e+00
2.540189057992117139e+00
2.541779096465057730e+00
2.543463203176648868e+00
2.545767560152157660e+00
2.549490868934496834e+00
9.678442302873345279e-09
