#Conditional distribution of radius given mass from initial fitting w/o bootstrap
nan
-1.879143352842584380e-01
-1.862237779253038961e-01
-1.791358064816434836e-01
-1.632373127053556305e-01
-1.409343394847870912e-01
-1.193573183267839233e-01
-1.028449170401624368e-01
-9.107403194666309487e-02
-8.180068040114338301e-02
-7.267484962443862551e-02
-6.177939941768084003e-02
-4.793737922504828081e-02
-3.110445362033866304e-02
-1.248718366833620995e-02
6.017932250914250457e-03
2.279181365430903855e-02
3.712250760578782172e-02
4.919019365275086042e-02
5.970429765511771347e-02
6.955150516061027466e-02
7.957798238414492964e-02
9.047205230201332826e-02
1.026897773613208997e-01
1.163996527897544209e-01
1.314596122886352580e-01
1.474546327219918018e-01
1.638065820314960619e-01
1.799301412622930918e-01
1.953799608186083669e-01
2.099393747188628423e-01
2.236339417669655216e-01
2.366859189531347329e-01
2.494387053460628279e-01
2.622749585722656818e-01
2.755411941017690269e-01
2.894850571401007544e-01
3.042111422410789801e-01
3.196633939153175064e-01
3.356409929293491801e-01
3.518469180470569779e-01
3.679566092320877835e-01
3.836858019435526734e-01
3.988379543027166796e-01
4.133220638215721054e-01
4.271441615444641626e-01
4.403834868575199901e-01
4.531651716210300940e-01
4.656374434212729452e-01
4.779563010836156423e-01
4.902765725897044180e-01
5.027459781129751670e-01
5.154981998966110535e-01
5.286417621727894645e-01
5.422436136477097879e-01
5.563095055361746422e-01
5.707669259336423107e-01
5.854590006261419788e-01
6.001573285850364536e-01
6.145968557878149774e-01
6.285278004167378363e-01
6.417723830274978392e-01
6.542721121807097973e-01
6.661157427655378660e-01
6.775453743422256148e-01
6.889432616480282157e-01
7.008014996062522650e-01
7.136713417317683827e-01
7.280827195621757397e-01
7.444251530427364871e-01
7.627982741613669182e-01
7.828772309300261467e-01
8.038761231807709517e-01
8.246839222462861718e-01
8.441595509202265424e-01
8.614577534725124108e-01
8.762279756921620422e-01
8.886208277209736162e-01
8.991561787992479182e-01
9.085517036462795737e-01
9.175773921353000961e-01
9.269471966636444460e-01
9.372264144875923630e-01
9.487348880267408857e-01
9.614600128063350848e-01
9.750436965333451056e-01
9.889255520840312119e-01
1.002654524128202551e+00
1.016250927951879657e+00
1.030435673392562812e+00
1.046577530895275610e+00
1.066185162640983064e+00
1.089683677733864098e+00
1.114799349936182571e+00
1.136686916310715389e+00
1.151424452344023575e+00
1.159080719821351968e+00
1.162528623924269588e+00
1.164740134539091088e+00
nan
