-1.174348434191768931e+00
-1.173753550799971457e+00
-1.164123799465644371e+00
-1.114085830132492516e+00
-8.558797628451100259e-01
-2.218140147196891176e-01
6.257173228718628660e-03
1.169199907571133457e-01
1.766378640105095155e-01
2.108345551014777775e-01
2.315927328186395406e-01
2.450351048396629261e-01
2.543925568375943747e-01
2.614500107300499754e-01
2.672566424010334174e-01
2.724871826895479687e-01
2.776349501526654828e-01
2.831231178685286731e-01
2.893770178149360217e-01
2.968800376506460781e-01
3.062266039018644581e-01
3.181824025443305004e-01
3.337620000185825275e-01
3.543361221209265777e-01
3.817822556049231264e-01
4.186801182223143791e-01
4.684714445357572310e-01
5.351481183303470335e-01
6.210587709060242378e-01
7.215492628475425052e-01
8.231707497956719521e-01
9.137236881262240651e-01
9.892428055617793481e-01
1.050764945920344307e+00
1.100588667762844919e+00
1.140905266253383399e+00
1.173530862011381570e+00
1.199931517624645005e+00
1.221293203553196038e+00
1.238581467909418921e+00
1.252585451219161206e+00
1.263950470314701757e+00
1.273203375579117669e+00
1.280773336254704908e+00
1.287009485135418352e+00
1.292196171834046448e+00
1.296566281008841415e+00
1.300312998386066399e+00
1.303600442598535913e+00
1.306573673277401371e+00
1.309368726692133222e+00
1.312123541431349905e+00
1.314990969136949239e+00
1.318155611757866774e+00
1.321857157159380236e+00
1.326424530882046149e+00
1.332328240046116719e+00
1.340264344987721623e+00
1.351296544223708374e+00
1.367114137947896380e+00
1.390549768455899837e+00
1.426786704699500419e+00
1.486930787759106032e+00
1.604190463910260878e+00
1.931449462609253098e+00
2.163497828494041819e+00
2.256382729850963553e+00
2.307233031675306023e+00
2.338116648427259747e+00
2.357702379466030784e+00
2.370364643040085095e+00
2.378613414171061535e+00
2.383993442241671978e+00
2.387492771460598906e+00
2.389756497602110397e+00
2.391210015424134472e+00
2.392134793687277217e+00
2.392716900342840347e+00
2.393078854636178754e+00
2.393300829610680136e+00
2.393434862180236156e+00
2.393514394825620784e+00
2.393560672143784984e+00
2.393587010570214613e+00
2.393601630065103958e+00
2.393609516403351289e+00
2.393613633446067368e+00
2.393615702723585592e+00
2.393616697636353319e+00
2.393617151520576414e+00
2.393617345919560435e+00
2.393617422972226016e+00
2.393617450638062749e+00
2.393617459269561820e+00
2.393617461246495548e+00
2.393617460887489834e+00
2.393617458743189985e+00
2.393617450592213647e+00
2.393617378987114463e+00
1.513480258816733537e+00
