#Conditional distribution of mass given radius from initial fitting w/o bootstrap
-1.395341067644753075e+00
-1.352593323770256983e+00
-1.235698889025846459e+00
-1.075463623573202687e+00
-9.049448218935997046e-01
-7.463370430256214272e-01
-6.094242468548737302e-01
-4.957614452779375291e-01
-4.029919140397431043e-01
-3.275232884801536071e-01
-2.657963727453134806e-01
-2.147486243266303330e-01
-1.719034748018428704e-01
-1.353151826514171208e-01
-1.034737162938105109e-01
-7.521115514055264073e-02
-4.962292182433971494e-02
-2.600578424644300890e-02
-3.810607368116653189e-03
1.739309594529135292e-02
3.794358785984822124e-02
5.810657964855583946e-02
7.808992095960873292e-02
9.805463304305865602e-02
1.181232739095445100e-01
1.383863662791005589e-01
1.589074283435574220e-01
1.797270063531745954e-01
2.008660034949111828e-01
2.223285213706510666e-01
2.441043712984046488e-01
2.661713674982667532e-01
2.884974794415126054e-01
3.110428938392419962e-01
3.337620163260175965e-01
3.566054277802923056e-01
3.795217996691443996e-01
4.024597662418916699e-01
4.253697483367760990e-01
4.482057235337432721e-01
4.709269398918694005e-01
4.934995750270710912e-01
5.158983482563953560e-01
5.381081003724297318e-01
5.601253626986435474e-01
5.819599437535857289e-01
6.036365673796555420e-01
6.251965996874131459e-01
6.466999025009975144e-01
6.682268466479873714e-01
6.898805073276143007e-01
7.117890430263281720e-01
7.341082251057550190e-01
7.570240321122658766e-01
7.807551446329797917e-01
8.055550658105544715e-01
8.317134422464964594e-01
8.595559653243393106e-01
8.894419962947163194e-01
9.217587963855681243e-01
9.569109972339842063e-01
9.953037965250450814e-01
1.037318437789082726e+00
1.083279011132668668e+00
1.133410697340795581e+00
1.187791428323254017e+00
1.246301531840935617e+00
1.308578900159927949e+00
1.373989726889186302e+00
1.441625632135936197e+00
1.510335758037578469e+00
1.578796582404009108e+00
1.645613634864044217e+00
1.709440514282357881e+00
1.769094927413005003e+00
1.823651426899398187e+00
1.872496386125856782e+00
1.915340256728691237e+00
1.952191746311161769e+00
1.983305171155746338e+00
2.009114578942297946e+00
2.030166835949666737e+00
2.047062314771908920e+00
2.060407768822004826e+00
2.070782581192545990e+00
2.078717306507838813e+00
2.084682263775869071e+00
2.089083613402435535e+00
2.092264537262433777e+00
2.094509566925979449e+00
2.096050590543889758e+00
2.097073513243494336e+00
2.097724906919083754e+00
2.098118255627763329e+00
2.098339592420913391e+00
2.098452448686362715e+00
2.098502114595088397e+00
2.098519253239336635e+00
2.098522931394880331e+00
-9.982566063964247449e-02
