#Lower limit for the Conditional distribution of mass given radius from initial fitting w/o bootstrap
-1.678796797088971893e+00
-1.676536161563060068e+00
-1.669481611589551440e+00
-1.657050481537960751e+00
-1.638354291719015032e+00
-1.612046098394709803e+00
-1.576040045068891393e+00
-1.526975242619046158e+00
-1.459193597666672781e+00
-1.363348857080111998e+00
-1.230481388507655982e+00
-1.081465618922698768e+00
-9.609755890068043538e-01
-8.751504777082473874e-01
-8.129016427286864799e-01
-7.657420819949248836e-01
-7.285345996218728359e-01
-6.981304136905693847e-01
-6.725081953489081554e-01
-6.503098145994374857e-01
-6.305858439626986778e-01
-6.126497110133384272e-01
-5.959902325154121661e-01
-5.802169940224914946e-01
-5.650250403507720565e-01
-5.501713787934658928e-01
-5.354589674241704289e-01
-5.207255980194201994e-01
-5.058360727307215088e-01
-4.906766573871458315e-01
-4.751511494030284943e-01
-4.591781199971002314e-01
-4.426890317250422591e-01
-4.256270233813611581e-01
-4.079462127194711796e-01
-3.896114035617674887e-01
-3.705981038940469596e-01
-3.508927693735171549e-01
-3.304931848255021065e-01
-3.094088871654973594e-01
-2.876615193139879234e-01
-2.652849895868745200e-01
-2.423252993661087762e-01
-2.188398991408045668e-01
-1.948964449555405098e-01
-1.705708583138408063e-01
-1.459446437011053810e-01
-1.211014853699045740e-01
-9.612321919966752837e-02
-7.108534241641299711e-02
-4.605226848933016010e-02
-2.107254475423423618e-02
3.825778344036822633e-03
2.863950034481937620e-02
5.339430470705108789e-02
7.814852162284134651e-02
1.029967461733728579e-01
1.280734938285896796e-01
1.535571022093856763e-01
1.796740864524405124e-01
2.067041302128294344e-01
2.349858537973535944e-01
2.649234574053441205e-01
2.969943086688210943e-01
3.317575544968829893e-01
3.698639192757761651e-01
4.120670333701726418e-01
4.592369085457823075e-01
5.123763956033746680e-01
5.726410773452180747e-01
6.413603806366141580e-01
7.200478141532440368e-01
8.103571434858768407e-01
9.138518450256248871e-01
1.031234366318812379e+00
1.160371841140282134e+00
1.293192952808623009e+00
1.415821435214193347e+00
1.516827832762192685e+00
1.593944987766179100e+00
1.650978552527055276e+00
1.692859531088515723e+00
1.723658225834176827e+00
1.746359135535241913e+00
1.763094341112935393e+00
1.775395289259401155e+00
1.784379010022435930e+00
1.790874031723018733e+00
1.795503987579344596e+00
1.798743557387106895e+00
1.800956599805849434e+00
1.802422765751769518e+00
1.803356560809291631e+00
1.803921368149437265e+00
1.804240036260641222e+00
1.804403067938625371e+00
1.804475088517975223e+00
1.804500043098169915e+00
1.804505425225579218e+00
-1.239483933095887114e+00
