2.603329779235799002e-01
-2.976102920739204793e-01
-2.976102901382806087e-01
-2.976102538871702730e-01
-2.976099814050944259e-01
-2.976086876562230588e-01
-2.976040625937115269e-01
-2.975904159666205584e-01
-2.975553402657044044e-01
-2.974740537507121751e-01
-2.973001629008317215e-01
-2.969508451644914393e-01
-2.962829885051303513e-01
-2.950535604306048776e-01
-2.928494239055371984e-01
-2.889497085308618818e-01
-2.820143492842620003e-01
-2.692331859735301314e-01
-2.435946223476565253e-01
-1.952879466134082864e-01
-1.547609429906639522e-01
-1.328867488907421457e-01
-1.203521651239255613e-01
-1.126691315826892914e-01
-1.077320343299696392e-01
-1.044347549120453328e-01
-1.021503233345948808e-01
-1.005049510463910944e-01
-9.926740010447857032e-02
-9.829013593400846849e-02
-9.747614732646021907e-02
-9.675940211170902527e-02
-9.609290781280120652e-02
-9.544115927423538204e-02
-9.477517150855178929e-02
-9.406904855910268315e-02
-9.329745568414025969e-02
-9.243360004558669185e-02
-9.144746443156227811e-02
-9.030412216970011563e-02
-8.896201290940694562e-02
-8.737109195942298345e-02
-8.547078755076567558e-02
-8.318771369978285313e-02
-8.043308965401932409e-02
-7.709980302415089803e-02
-7.305900777346815977e-02
-6.815604544834023837e-02
-6.220528241344137899e-02
-5.498312275498679763e-02
-4.621794646649499821e-02
-3.557505594648718850e-02
-2.263418978624563704e-02
-6.858250029176201149e-03
1.243922135352068178e-02
3.607976672920030353e-02
6.476666387220388066e-02
9.811533643152516027e-02
1.330577137066092652e-01
1.647086464858107946e-01
1.903071123775964546e-01
2.100025878395837819e-01
2.249948870454241967e-01
2.364535936960320828e-01
2.452829842556254469e-01
2.521472749136979274e-01
2.575337961756670180e-01
2.618054619235075098e-01
2.652383528715614447e-01
2.680482269889886693e-01
2.704099306248911039e-01
2.724727573275287362e-01
2.743741333808031868e-01
2.762537902531875256e-01
2.782708292618033541e-01
2.806268414340067907e-01
2.835996230670967400e-01
2.875941420983852970e-01
2.932202759104484691e-01
3.014103617967106574e-01
3.135948934082550821e-01
3.319720808681697610e-01
3.599902157429804017e-01
4.035568258027937838e-01
4.756566197734495849e-01
6.282456054378278143e-01
8.247318211824329337e-01
8.766817709914127565e-01
8.978006732561172321e-01
9.077153205910426514e-01
9.124497464115108869e-01
9.146376018088128168e-01
9.155848943174492716e-01
9.159575970442398463e-01
9.160859069728630732e-01
9.161224807408923088e-01
9.161303533417384237e-01
9.161314282924081231e-01
9.161314912896995066e-01
9.161314918714998923e-01
