0.000000000000000000e+00
0.000000000000000000e+00
0.000000000000000000e+00
2.884183868406724031e-12
5.022547539015472463e-12
6.619004330396789698e-12
8.419706466643169826e-12
1.042723983532318356e-11
1.183769187984388009e-11
1.295649449053578922e-11
1.349846951667546077e-11
1.383634034349845388e-11
1.380399695176948353e-11
1.396011033427359390e-11
1.392104600250987121e-11
1.398539414021944271e-11
1.390859857653670439e-11
1.394447400529538101e-11
1.388496633069973148e-11
1.393818179456676403e-11
1.403118714116304623e-11
1.394354961218244431e-11
1.395837985035703472e-11
5.280701223303637531e-02
0.000000000000000000e+00
0.000000000000000000e+00
2.161624765829436857e-12
4.660115513829767125e-12
6.331757124237957870e-12
8.344141366895895871e-12
1.027359676534985886e-11
1.184019425157955498e-11
1.291554093119217980e-11
1.351458159769389363e-11
1.367357419416313397e-11
1.387811409662705641e-11
1.388097469849217117e-11
1.400437132851563311e-11
1.386456810262198309e-11
1.400740650433744835e-11
1.391776949372088216e-11
1.383720093169798493e-11
1.398795371109755819e-11
1.392783127457282580e-11
1.390997779665132772e-11
1.394239475161155487e-11
0.000000000000000000e+00
0.000000000000000000e+00
0.000000000000000000e+00
1.537276536105590490e-12
4.146489151191208693e-12
6.016361180189213666e-12
8.080654896394952522e-12
1.010517312838612445e-11
1.167287366879502320e-11
1.283016056320222893e-11
1.347411237089738408e-11
1.369586586710522095e-11
1.377758398394992158e-11
1.391400444305312722e-11
1.392492151801273961e-11
1.392335690315843204e-11
1.395013610376378684e-11
1.387274325337166408e-11
1.390188837346538016e-11
1.388200209116336888e-11
1.397703125031299434e-11
1.403651198649471289e-11
1.389795982931501289e-11
0.000000000000000000e+00
0.000000000000000000e+00
0.000000000000000000e+00
1.206337617409638561e-12
3.692123417377740057e-12
5.667286450469916689e-12
7.807680920174184521e-12
9.971845665022365387e-12
1.165404814218665120e-11
1.280786218807348291e-11
1.342319398958199559e-11
1.378472832900664783e-11
1.393232985787783206e-11
1.391239233768267322e-11
1.387530952131046498e-11
1.389536423921429779e-11
1.388932349491019334e-11
1.393809254528389910e-11
1.404367501696620394e-11
1.398651106023042335e-11
1.400672800844380485e-11
1.399422062796856146e-11
1.401242514080847034e-11
0.000000000000000000e+00
0.000000000000000000e+00
0.000000000000000000e+00
1.246090822039931014e-12
3.391749756871412996e-12
5.427338155764192667e-12
7.589171102324053891e-12
9.691605473114103684e-12
1.139448435869700061e-11
1.266107233124214645e-11
1.334353746473078217e-11
1.368469262679650242e-11
1.387125739696456554e-11
1.388430320980769710e-11
1.388643061221461843e-11
1.395093497384793961e-11
1.389450714981529548e-11
1.392105400354355433e-11
1.392964015625251415e-11
1.405760300036859329e-11
1.396136915535686671e-11
1.398278206244845580e-11
1.397749583648341662e-11
0.000000000000000000e+00
0.000000000000000000e+00
0.000000000000000000e+00
1.695129659803372295e-12
3.413399716488707132e-12
5.248918412593498982e-12
7.175546136747581739e-12
9.194141162615141385e-12
1.098313529056217385e-11
1.225564625668234995e-11
1.312438231639402380e-11
1.356743056489018442e-11
1.376855104298818072e-11
1.382000487521093193e-11
1.382158468410727312e-11
1.395199536247021713e-11
1.395423304641076007e-11
1.392485996253977180e-11
1.386736528879938060e-11
1.385832983868545674e-11
1.393846618511940116e-11
1.386717779739817349e-11
1.387730519449662847e-11
0.000000000000000000e+00
0.000000000000000000e+00
1.402830714665251881e-12
2.422555734369045946e-12
3.426752316275557900e-12
4.636338414468425210e-12
6.230970523537316430e-12
8.075756781943157030e-12
9.812893655358499727e-12
1.131987944570719042e-11
1.237564461563174881e-11
1.303240719268058835e-11
1.330436370409621514e-11
1.364406710194124061e-11
1.369442495795145797e-11
1.391999867003110880e-11
1.390229299165670479e-11
1.393626870050860016e-11
1.374145555829126199e-11
1.396251400851150749e-11
1.400416022776361376e-11
1.399171809168148543e-11
1.396345702218111454e-11
0.000000000000000000e+00
3.551539834679140373e-12
3.696208525924450687e-12
3.174762554621449957e-12
3.018884696936936099e-12
3.119749702222465213e-12
3.802211974270553262e-12
5.268729226710820204e-12
7.268605578403180917e-12
9.151840405260705256e-12
1.054016028722055266e-11
1.162380142305357356e-11
1.245415985729956056e-11
1.298597200111008910e-11
1.341574998262210467e-11
1.369567402323542488e-11
1.392091733381854110e-11
1.387547254829836700e-11
1.395246030021627166e-11
1.391639495730435728e-11
1.387770138849172626e-11
1.401921680166899914e-11
1.395526214037445109e-11
7.409019596976531713e-12
7.281415530142855032e-12
5.508469257167354233e-12
3.516630619494971345e-12
3.555392685192809710e-01
0.000000000000000000e+00
0.000000000000000000e+00
1.090992496056824172e-13
2.149689028157132863e-12
4.380328965298873022e-12
6.419312002561732294e-12
8.312674336531724953e-12
1.000472820228537088e-11
1.140255909955572780e-11
1.248974297109112384e-11
1.325388260974415364e-11
1.367273652448435485e-11
1.390182754095993872e-11
1.398801418961481758e-11
1.390187352405425471e-11
1.386897847284579436e-11
1.391792966791304939e-11
1.395689811497853377e-11
1.097093379956286550e-11
9.493017848527379246e-12
6.677141288168652233e-12
2.947134862332867677e-12
0.000000000000000000e+00
1.098575678775519232e-01
0.000000000000000000e+00
0.000000000000000000e+00
0.000000000000000000e+00
0.000000000000000000e+00
0.000000000000000000e+00
1.891057911685230962e-12
5.114597609838247366e-12
8.205870563903496462e-12
1.066311619276604799e-11
1.235389493017166890e-11
1.324714202845688471e-11
1.366661846666226834e-11
1.389942876164373031e-11
1.386740060607378529e-11
1.398217989200395001e-11
1.396114328434225326e-11
1.389802083134747611e-11
1.259160607541884021e-11
1.081671716478393529e-11
7.257846135262040648e-12
1.454459262119397381e-12
0.000000000000000000e+00
4.180181457470806845e-11
0.000000000000000000e+00
0.000000000000000000e+00
0.000000000000000000e+00
0.000000000000000000e+00
0.000000000000000000e+00
0.000000000000000000e+00
0.000000000000000000e+00
2.627962418779127446e-12
7.403868092109228635e-12
1.068115812911241669e-11
1.246817494516188987e-11
1.341479852733189213e-11
1.375322790731687453e-11
1.382502707138640822e-11
1.415450017028834855e-11
1.373434229809393347e-11
1.395157045797325325e-11
1.332871661268337665e-11
1.149152017551862931e-11
7.203901654245394809e-12
0.000000000000000000e+00
0.000000000000000000e+00
0.000000000000000000e+00
0.000000000000000000e+00
0.000000000000000000e+00
0.000000000000000000e+00
0.000000000000000000e+00
0.000000000000000000e+00
0.000000000000000000e+00
0.000000000000000000e+00
0.000000000000000000e+00
2.336277621161934524e-12
7.884664461619650617e-12
1.120557055514531847e-11
1.292535930596914913e-11
1.359235275111229732e-11
1.401013168695976297e-11
1.389843712557535607e-11
1.382592247880491928e-11
1.381704548641702327e-11
1.358835875393291358e-11
1.186955117699553154e-11
7.054944208709031086e-12
0.000000000000000000e+00
0.000000000000000000e+00
0.000000000000000000e+00
0.000000000000000000e+00
0.000000000000000000e+00
0.000000000000000000e+00
0.000000000000000000e+00
0.000000000000000000e+00
0.000000000000000000e+00
0.000000000000000000e+00
0.000000000000000000e+00
0.000000000000000000e+00
4.118267805994645272e-12
9.298352482721643041e-12
1.212722993635776231e-11
1.341599585578145390e-11
1.394468368181094944e-11
1.395635707909199226e-11
1.394388052347557323e-11
1.403081467490611656e-11
1.361620065101942544e-11
1.210206067180324119e-11
7.125041825734951937e-12
0.000000000000000000e+00
0.000000000000000000e+00
0.000000000000000000e+00
0.000000000000000000e+00
0.000000000000000000e+00
0.000000000000000000e+00
0.000000000000000000e+00
0.000000000000000000e+00
0.000000000000000000e+00
0.000000000000000000e+00
0.000000000000000000e+00
0.000000000000000000e+00
0.000000000000000000e+00
6.848195501619170171e-12
1.097990423338662521e-11
1.292582720720572144e-11
1.327801094549369655e-11
1.366936594319604569e-11
1.402273063224328047e-11
1.396068593738336272e-11
1.372130757333639927e-11
1.243117397994651351e-11
7.839223463904930094e-12
0.000000000000000000e+00
0.000000000000000000e+00
0.000000000000000000e+00
0.000000000000000000e+00
0.000000000000000000e+00
0.000000000000000000e+00
0.000000000000000000e+00
2.909823578437258917e-01
1.246798056762346135e-10
0.000000000000000000e+00
0.000000000000000000e+00
0.000000000000000000e+00
0.000000000000000000e+00
4.168774557860182411e-12
9.625816554088017365e-12
1.233695211458928280e-11
1.341773607203228588e-11
1.415827725888055790e-11
1.348095829854508197e-11
1.402492649263040649e-11
1.377659924775055629e-11
1.278037569596748205e-11
9.159121983206198932e-12
1.574020831810938383e-12
0.000000000000000000e+00
0.000000000000000000e+00
0.000000000000000000e+00
0.000000000000000000e+00
0.000000000000000000e+00
0.000000000000000000e+00
0.000000000000000000e+00
4.078659873530223606e-02
0.000000000000000000e+00
0.000000000000000000e+00
0.000000000000000000e+00
0.000000000000000000e+00
1.960216462968899002e-12
8.468206333113021598e-12
1.188927385922230419e-11
1.324097708312331460e-11
1.363428671805377765e-11
1.389225201713534148e-11
1.381142758597122247e-11
1.388221479665789994e-11
1.316359409822399152e-11
1.080436762327566545e-11
5.681509513541905282e-12
0.000000000000000000e+00
0.000000000000000000e+00
0.000000000000000000e+00
0.000000000000000000e+00
0.000000000000000000e+00
0.000000000000000000e+00
0.000000000000000000e+00
0.000000000000000000e+00
0.000000000000000000e+00
0.000000000000000000e+00
0.000000000000000000e+00
0.000000000000000000e+00
1.211642606421506252e-12
7.716347860673509185e-12
1.074480714876942435e-11
1.214438840429500245e-11
1.367171903376096963e-11
1.329929717097396421e-11
1.337341781539714328e-11
1.391815561991519762e-11
1.349383786890398562e-11
1.221672710603669800e-11
9.361938040128303459e-12
5.104649349854129539e-12
3.925148199427064599e-13
0.000000000000000000e+00
0.000000000000000000e+00
0.000000000000000000e+00
0.000000000000000000e+00
0.000000000000000000e+00
0.000000000000000000e+00
0.000000000000000000e+00
0.000000000000000000e+00
0.000000000000000000e+00
0.000000000000000000e+00
2.287033291788218678e-12
7.621434242173806126e-12
9.984585652305290856e-12
1.050225074628411530e-11
1.325600122008583869e-11
1.367015996553566678e-11
1.437993698409281488e-11
1.390818665386473526e-11
1.375558534555187392e-11
1.319197656468097006e-11
1.193952309502525721e-11
1.000021867857288591e-11
7.867707216320404959e-12
5.891246408173734237e-12
3.911151510369889980e-12
1.520806342600300908e-12
0.000000000000000000e+00
0.000000000000000000e+00
0.000000000000000000e+00
0.000000000000000000e+00
0.000000000000000000e+00
0.000000000000000000e+00
0.000000000000000000e+00
4.814702207514206559e-12
9.066536011489013210e-12
7.365497200540531498e-12
6.494445605099622541e-12
8.018281902234029371e-12
1.152437631720436043e-11
1.373208730797837709e-11
1.385337645622844873e-11
1.387923555462236402e-11
1.371142291190173417e-11
1.322490532738221652e-11
1.257579607237578319e-11
1.182681076024238480e-11
1.105659975062421301e-11
1.022952321601065837e-11
9.049399945643363875e-12
7.111444751526849954e-12
4.714375839048826602e-12
2.343171919154834731e-12
9.106201617169076538e-13
1.172947612891916397e-12
3.064147543929048676e-12
5.596033693468911515e-12
7.407669817114388649e-12
8.044775284956627708e-12
6.679782670024438708e-12
1.078128577169648982e-11
8.419282191044142271e-12
1.088418247423172086e-11
1.334408349368766623e-11
1.384281577815032561e-11
1.386568922220641883e-11
1.382809623788581419e-11
1.368664514909894553e-11
1.358325902263464136e-11
1.334812929966981316e-11
1.313251972100804950e-11
1.286868157168425515e-11
1.233133834583764301e-11
1.158251873372190171e-11
1.057353771468168573e-11
9.538919103294944517e-12
8.795122307205198634e-12
8.671974923204038489e-12
9.148629260366722549e-12
9.521148643465969989e-12
9.192937366561810517e-12
8.004358917686417809e-12
5.707376897460775329e-12
4.813116056115929228e-12
6.486641176013527872e-12
9.339218300485381840e-12
1.187535491120217653e-11
1.373538873152281892e-11
1.373704558378414171e-11
1.362610798576661075e-11
1.364809666973480807e-11
1.361296784957176387e-11
1.352474916338316719e-11
1.340381819566930954e-11
1.331161465737306502e-11
1.308376420103056686e-11
1.279269842876870404e-11
1.244354082591908387e-11
1.194964280289555418e-11
1.151554442747761127e-11
1.112955136887797323e-11
1.064945210811770539e-11
1.001073157326345002e-11
8.493980898040753488e-12
6.128179514990982892e-12
3.427744676155977601e-12
6.644274209007780541e-02
1.759256491440001723e-12
3.565007967473449694e-12
5.955420454006548595e-12
1.300737492840584322e-11
1.298458323734030228e-11
1.286634550580041364e-11
1.282240589104090710e-11
1.269364945924730594e-11
1.251065469698691434e-11
1.239316905139316688e-11
1.216875650548442510e-11
1.179028793208108231e-11
1.133146024312171129e-11
1.079379353285109493e-11
9.945926028457716679e-12
8.905954718398893465e-12
7.546532548639306485e-12
5.641832946190780863e-12
3.050969579929653978e-12
0.000000000000000000e+00
0.000000000000000000e+00
0.000000000000000000e+00
8.358445286823479314e-02
0.000000000000000000e+00
0.000000000000000000e+00
0.000000000000000000e+00
