#Akaike Information Criterion from bootstrap run
7.102739187065232727e+03
7.062677899886904015e+03
7.091034560497581879e+03
6.989094181940803537e+03
7.017792940685432768e+03
6.982590410786317079e+03
7.086042680320255386e+03
6.993919106977366027e+03
7.082055944268083294e+03
7.136613529743772233e+03
7.090718509051006549e+03
6.930026300778746190e+03
7.123903635427434892e+03
6.984533573679671463e+03
7.039138053692488029e+03
7.088694482925141529e+03
7.057893337800671361e+03
7.050730639149390299e+03
7.094791810363028162e+03
7.017454513377280819e+03
7.118724477728114834e+03
7.056310758978757804e+03
7.064508785367916062e+03
7.184131226966926988e+03
6.994831162760149709e+03
7.165332122635787528e+03
7.039651748322132335e+03
7.049539578612815603e+03
7.079100589370391390e+03
7.141212414706849813e+03
