#Variance for the Conditional distribution of mass given radius from initial fitting w/o bootstrap
nan
1.152383711141381599e-02
1.163800708013637726e-02
1.198443230818799221e-02
1.264110821118520807e-02
1.363875939289061097e-02
1.492980520651554163e-02
1.640002033805038756e-02
1.791241284444169274e-02
1.935497043334329093e-02
2.066675776682306079e-02
2.183902575699859031e-02
2.290286457892554833e-02
2.391433409524438766e-02
2.494091310143613238e-02
2.604788212512300707e-02
2.728264473098277604e-02
2.865889117587422374e-02
3.014821172949754685e-02
3.168778141974677026e-02
3.320400146560381627e-02
3.463961253140533658e-02
3.596922898158477072e-02
3.719806862016672433e-02
3.834949704871109394e-02
3.945013329506719124e-02
4.051848375086765375e-02
4.155946386336598075e-02
4.256479435721832044e-02
4.351776730479897659e-02
4.439991738958469492e-02
4.519700756499561711e-02
4.590262005170948900e-02
4.651902120626177917e-02
4.705603408327750647e-02
4.752898304992084905e-02
4.795650270516516045e-02
4.835850199775039437e-02
4.875414901766055714e-02
4.915956314241524960e-02
4.958507504605139810e-02
5.003247848395526304e-02
5.049343332297406145e-02
5.095044479342029919e-02
5.138093982471399895e-02
5.176311898859757565e-02
5.208097798533671552e-02
5.232645307861536615e-02
5.249850997172605255e-02
5.260048724255748237e-02
5.263724188940467619e-02
5.261304135972862811e-02
5.253047354610360792e-02
5.239027764467636683e-02
5.219190496293665826e-02
5.193463321743928274e-02
5.161904574374390903e-02
5.124859335625139845e-02
5.083081452018543139e-02
5.037771380071717764e-02
4.990492947557459424e-02
4.942970260980372038e-02
4.896813702375602678e-02
4.853252040160855457e-02
4.812936258115341204e-02
4.775837215597015378e-02
4.741211317819640086e-02
4.707580685161747575e-02
4.672675118381785370e-02
4.633311031517064332e-02
4.585242815138074191e-02
4.523136122860475089e-02
4.440996573554117227e-02
4.333557437921891492e-02
4.198926713183236820e-02
4.041655074555452337e-02
3.873641106641424053e-02
3.710473249229193776e-02
3.564777317359348052e-02
3.441634847308504275e-02
3.338867381206347962e-02
3.250300710478683935e-02
3.168927248026324334e-02
3.088635374767403213e-02
3.004702457578000557e-02
2.913616602081150683e-02
2.812587351058588175e-02
2.698854184591044716e-02
2.568785415736154001e-02
2.416845388864953884e-02
2.234934871553902885e-02
2.013628223446364482e-02
1.748237244698255810e-02
1.451453972724132784e-02
1.163687430295628697e-02
9.387906484084303574e-03
8.055671445945478820e-03
7.499331227952326859e-03
7.363979277852568742e-03
nan
