#Lower limit for the Conditional distribution of mass given radius from initial fitting w/o bootstrap
9.119173891686267044e-09
-1.563139944885587163e+00
-1.549748905534725330e+00
-1.527276991379124427e+00
-1.495501026205982464e+00
-1.453621429719555103e+00
-1.399761571523709724e+00
-1.330304292399073995e+00
-1.239375270278112451e+00
-1.122995571148854843e+00
-9.989971401226314107e-01
-9.001239676748407081e-01
-8.307340366163167289e-01
-7.815139976230767171e-01
-7.451211888862280253e-01
-7.170682747287643322e-01
-6.945934780990765667e-01
-6.759093021219504394e-01
-6.597923447730759117e-01
-6.453579317587282427e-01
-6.319310769319963494e-01
-6.189692771567274487e-01
-6.060145067509120631e-01
-5.926624678887810749e-01
-5.785425270568776979e-01
-5.633045717449057799e-01
-5.466105426112750632e-01
-5.281292666445267514e-01
-5.075337770649184232e-01
-4.845007726722375119e-01
-4.587124183351484197e-01
-4.298614961411891255e-01
-3.976621744894642818e-01
-3.618705245349805311e-01
-3.223212648348663389e-01
-2.789889968164583900e-01
-2.320800055846024557e-01
-1.821474154713698113e-01
-1.301905777824928223e-01
-7.765836504435516541e-02
-2.627517737992271507e-02
2.229499798187013077e-02
6.679057058658054158e-02
1.065239359022371463e-01
1.413427021045427501e-01
1.714718563594455070e-01
1.973442189386117873e-01
2.194737658019929039e-01
2.383792933259522295e-01
2.545462098758453640e-01
2.684120522308767187e-01
2.803651493913102977e-01
2.907499996152348443e-01
2.998759149721850203e-01
3.080273372828127854e-01
3.154753180221808173e-01
3.224902603187040362e-01
3.293565346280010186e-01
3.363896995247747101e-01
3.439574672276473066e-01
3.525056132393745156e-01
3.625901587639772106e-01
3.749169035944001083e-01
3.903891348043359577e-01
4.101635357020559369e-01
4.357141872966256990e-01
4.689064846458809721e-01
5.120910124455354540e-01
5.682489859639887619e-01
6.412657523372785606e-01
7.364780997039542809e-01
8.615994420943737797e-01
1.026414819302720050e+00
1.226289558295472260e+00
1.401689564566025670e+00
1.512408020436339262e+00
1.578113410898059232e+00
1.618471539189738184e+00
1.644042066790051937e+00
1.660521589582288016e+00
1.671206920239581839e+00
1.678122827336667511e+00
1.682564662509058451e+00
1.685382080563818219e+00
1.687139523855258449e+00
1.688213224815506619e+00
1.688852974729033729e+00
1.689222975001503979e+00
1.689429531129979178e+00
1.689540079589372024e+00
1.689596311359970349e+00
1.689623188634769235e+00
1.689635074751990595e+00
1.689639832019648846e+00
1.689641497504630996e+00
1.689641975900634030e+00
1.689642065231050871e+00
1.689642038428587956e+00
1.689641908418981542e+00
9.119173891686267044e-09
