#Upper limit for the Conditional distribution of mass given radius from initial fitting w/o bootstrap
9.119173891686267044e-09
-9.268579019547593667e-01
-6.646952292894215963e-01
-2.247450837808424307e-01
-4.096154739240858485e-04
1.168883719361591550e-01
1.869355134200794410e-01
2.322838293703695101e-01
2.634291660522121714e-01
2.859404972015338608e-01
3.030552798181278540e-01
3.168043646539226987e-01
3.285593078979289205e-01
3.393222108193114650e-01
3.498905020604647920e-01
3.609572065743041347e-01
3.731764934651709553e-01
3.872098154656041236e-01
4.037602837953611079e-01
4.235977626362925630e-01
4.475718746205440968e-01
4.766022120100876780e-01
5.116220029676019632e-01
5.534334968769493157e-01
6.024246982433515418e-01
6.581481261675379280e-01
7.189424248190997568e-01
7.819939016784845931e-01
8.440662710744134545e-01
9.024730647981124010e-01
9.556047694223201994e-01
1.002858884632338965e+00
1.044298518671837428e+00
1.080331736289168676e+00
1.111503713381221781e+00
1.138385388974309187e+00
1.161521348145954535e+00
1.181408982892716564e+00
1.198492785240184988e+00
1.213165483840466186e+00
1.225772047831019895e+00
1.236614745887456124e+00
1.245958481300037057e+00
1.254036103390673507e+00
1.261053618842973734e+00
1.267195338746414324e+00
1.272629067524582380e+00
1.277511501923293213e+00
1.281994080420652438e+00
1.286229620290607834e+00
1.290380218309377769e+00
1.294627097763828560e+00
1.299183402447748437e+00
1.304311444084553573e+00
1.310346743401893166e+00
1.317732637072749347e+00
1.327071800708654159e+00
1.339205937325004925e+00
1.355344780776786884e+00
1.377286962733521136e+00
1.407824758676313293e+00
1.451543845992485426e+00
1.516480063468368833e+00
1.616782847644385956e+00
1.764230588789537535e+00
1.915213945009387464e+00
2.021823897019705996e+00
2.093201828411562104e+00
2.142845174010641784e+00
2.178407481910290322e+00
2.204270340435601661e+00
2.223173529491217160e+00
2.236970002797215251e+00
2.246984944270729478e+00
2.254198312719898123e+00
2.259346041997813970e+00
2.262982525261937106e+00
2.265523642621490197e+00
2.267278881609689822e+00
2.268476334461829058e+00
2.269282349232708107e+00
2.269816971979606191e+00
2.270165869318263141e+00
2.270389471410272808e+00
2.270529879126293782e+00
2.270616026219224093e+00
2.270667496683381081e+00
2.270697318729428815e+00
2.270713988387879745e+00
2.270722918811244107e+00
2.270727465386439103e+00
2.270729640470821487e+00
2.270730603332548725e+00
2.270730989157581092e+00
2.270731124414997026e+00
2.270731163306334288e+00
2.270731170520868591e+00
2.270731168183087956e+00
2.270731157102527487e+00
9.119173891686267044e-09
