#Akaike Information Criterion from bootstrap run
4.383198157770014404e+03
4.410929700208119357e+03
4.372678188812385997e+03
4.319112665639629995e+03
4.320255228047637502e+03
4.230326380192799661e+03
4.306650681624208119e+03
4.344640663679787394e+03
4.421977557989554953e+03
4.363390573523879539e+03
4.367470165401886334e+03
4.264640452442348760e+03
4.259743246017637830e+03
4.322374144109593544e+03
4.340538196315021196e+03
4.313156194754754324e+03
4.355625139267060149e+03
4.296771995995066391e+03
4.251005355101221539e+03
4.361825309658556762e+03
4.276244822513977851e+03
4.358333247659261360e+03
4.341211360770523243e+03
4.249907426981655590e+03
4.155300676009323070e+03
4.251317021609750554e+03
4.374438427372308070e+03
4.366253020508537702e+03
4.313280101558502793e+03
4.326736836552159730e+03
