#Bayesian Information Criterion from bootstrap run
8.582711114700066901e+03
8.610442657138171853e+03
8.572191145742439403e+03
8.518625622569681582e+03
8.519768184977690908e+03
8.429839337122852157e+03
8.506163638554260615e+03
8.544153620609840800e+03
8.621490514919607449e+03
8.562903530453932035e+03
8.566983122331939740e+03
8.464153409372402166e+03
8.459256202947690326e+03
8.521887101039646950e+03
8.540051153245074602e+03
8.512669151684807730e+03
8.555138096197111736e+03
8.496284952925119796e+03
8.450518312031274036e+03
8.561338266588609258e+03
8.475757779444029438e+03
8.557846204589313857e+03
8.540724317700574829e+03
8.449420383911708996e+03
8.354813632939374656e+03
8.450829978539803051e+03
8.573951384302361475e+03
8.565765977438590198e+03
8.512793058488554379e+03
8.526249793482213136e+03
