#Variance for the Conditional distribution of radius given mass from initial fitting w/o bootstrap
6.649880599201856042e-03
4.424323237134291341e-03
4.494427715987299454e-03
4.649270168572384836e-03
4.905898910253472973e-03
5.249615084564638288e-03
5.642477738478261957e-03
6.044616716384022467e-03
6.429914871611897356e-03
6.788074750273517637e-03
7.118928601960070393e-03
7.426437428861319863e-03
7.715225963980885601e-03
7.989315249833843155e-03
8.251952902128469047e-03
8.505740078948369892e-03
8.752696912505686377e-03
8.994208399069995863e-03
9.230932738625689110e-03
9.462779857290938915e-03
9.689025822756760706e-03
9.908559097080747030e-03
1.012019329160336427e-02
1.032295505945372491e-02
1.051627187805384729e-02
1.070002791816695477e-02
1.087450209630618468e-02
1.104023168718510847e-02
1.119785215196005511e-02
1.134795467933670879e-02
1.149098648918257456e-02
1.162720246826346761e-02
1.175666395902972769e-02
1.187927261359332867e-02
1.199482390699370057e-02
1.210306536133994200e-02
1.220374766594770760e-02
1.229666141865020865e-02
1.238165689875611597e-02
1.245864810467735631e-02
1.252760468692284447e-02
1.258853630825445408e-02
1.264147368025819208e-02
1.268644956904435225e-02
1.272348194925000849e-02
1.275256060097589711e-02
1.277363797388134103e-02
1.278662506367456500e-02
1.279139316825422638e-02
1.278778242491772701e-02
1.277561767338367127e-02
1.275473121885862225e-02
1.272499044568480529e-02
1.268632620138148044e-02
1.263875601828279120e-02
1.258239541139536365e-02
1.251745151133109267e-02
1.244419651458983540e-02
1.236292334145414409e-02
1.227389105453806709e-02
1.217727117190845094e-02
1.207310661654113423e-02
1.196129242055467279e-02
1.184158239379086257e-02
1.171362036352274413e-02
1.157698977095998616e-02
1.143127224931917915e-02
1.127610457007485745e-02
1.111122394454625191e-02
1.093649392702675249e-02
1.075190684627796642e-02
1.055756335561453506e-02
1.035363455833139719e-02
1.014031618576237762e-02
9.917786501926102727e-03
9.686179519751656267e-03
9.445583029492051613e-03
9.196067673887871330e-03
8.937749509497759995e-03
8.670883853097523936e-03
8.395981060755295169e-03
8.113922816496752996e-03
7.826039254236537984e-03
7.534085502893222118e-03
7.240040040606479654e-03
6.945651519310173591e-03
6.651702258923549924e-03
6.357050308537635051e-03
6.057678351765231027e-03
5.746267155668024693e-03
5.413299474574596523e-03
5.051264009079133033e-03
4.663085596075112853e-03
4.271820108459579816e-03
3.920803371397906835e-03
3.654200886349882622e-03
3.489917386436235808e-03
3.412140887381055494e-03
3.387562437529363212e-03
9.493494214474767698e-03
