8.499801812927938954e+03
8.247811832395060264e+03
8.286687786773156404e+03
7.766709007175240913e+03
8.218236856210191036e+03
8.020354115911926783e+03
8.019225792765730148e+03
7.977313473303735009e+03
8.222675055870306096e+03
7.945946012733254065e+03
8.015985425386194038e+03
8.184117064984031458e+03
7.811070543092999287e+03
8.061139323826367217e+03
7.706287345950890085e+03
8.009157928769622231e+03
7.797013366877945373e+03
7.981500892047393791e+03
7.745082691524371512e+03
7.978494331393301763e+03
7.918352154735011936e+03
8.040666856348006149e+03
8.023906501006131293e+03
7.998223955879972891e+03
8.102022912027050552e+03
8.016998041444913724e+03
7.956997080540216302e+03
7.909981141094186569e+03
7.838122136660706929e+03
8.277540233891322714e+03
7.792284378996467240e+03
7.989024789450437311e+03
7.970519427619170528e+03
8.354411959536533686e+03
7.884104818177323978e+03
8.317605083025446220e+03
7.744482834201053265e+03
8.077783547170944075e+03
7.798626788043306078e+03
7.922915950709395474e+03
