-2.456833542952555349e-01
-2.456832643808959382e-01
-2.456831027893413011e-01
-2.456827899806083293e-01
-2.456813934538146504e-01
-2.456630986286069407e-01
-2.454553858271183442e-01
-2.437054411349085792e-01
-2.294489147740638724e-01
-8.555746296050243706e-04
7.109636113637446408e-02
9.391625442802808976e-02
1.030566801278518518e-01
1.100130796532370198e-01
1.188378604644088482e-01
1.320202242849459473e-01
1.523721492114208098e-01
1.828839731421173231e-01
2.233021573892823575e-01
2.684023339521072749e-01
3.142821499617322600e-01
3.590330828076589431e-01
3.995086851559024876e-01
4.331954626020331767e-01
4.601801907183717399e-01
4.817884593236411717e-01
4.993575782607574398e-01
5.139381101438235122e-01
5.263187098311492562e-01
5.370989567565369605e-01
5.467513439079582094e-01
5.556682836503671341e-01
5.641990811306550890e-01
5.726821574280915872e-01
5.814774520154764037e-01
5.910043185846567404e-01
6.017910909936311503e-01
6.145408349380363511e-01
6.301981513998538009e-01
6.499020167129483383e-01
6.744145067412813388e-01
7.026910793490483975e-01
7.316638858914935595e-01
7.589288685554652636e-01
7.839911199876740122e-01
8.073062438637187421e-01
8.295427313584234907e-01
8.513964250014670609e-01
8.736223514098059306e-01
8.971176334251440565e-01
9.229636659175691760e-01
9.522440724245736510e-01
9.852255931947720979e-01
1.019934560859941275e+00
1.052586242113596304e+00
1.080691829829463213e+00
1.104010706013887289e+00
1.123238071258080506e+00
1.139128159167609011e+00
1.152278812967281407e+00
1.163142044041193701e+00
1.172070736059385609e+00
1.179353648332586380e+00
1.185233817958425417e+00
1.189916617015956746e+00
1.193574449538299165e+00
1.196352045465302716e+00
1.198373149570331142e+00
1.199747638521544646e+00
1.200577630093718984e+00
1.200961411956629865e+00
1.200994630974986155e+00
1.200768931429600617e+00
1.200368888557991287e+00
1.199868417128501452e+00
1.199327732961276594e+00
1.198791499006856442e+00
1.198288205427664455e+00
1.197830287291628659e+00
1.197414011704840631e+00
1.197017658872177037e+00
1.196595765446784254e+00
1.196066043879868479e+00
1.195284748840586664e+00
1.194010539434634088e+00
1.191884237756413167e+00
1.188535702639148095e+00
1.183998132934696024e+00
1.179186481945136533e+00
1.175421695446105863e+00
1.173265380589112006e+00
1.172426166145792870e+00
1.172475942867204690e+00
1.173306467995457902e+00
1.175338419916616584e+00
1.179700002129618674e+00
1.187188603873193582e+00
1.194202370730936602e+00
1.196616059753876860e+00
1.196786679357661809e+00
