#Upper limit for the Conditional distribution of radius given mass from initial fitting w/o bootstrap
9.155378682180575677e-09
4.978452292999190898e-01
4.993442995495193104e-01
5.010954730218545317e-01
5.031136367962426581e-01
5.054145329317221158e-01
5.080147852627104887e-01
5.109319173665727298e-01
5.141843578860287867e-01
5.177914282316059547e-01
5.217733063321017273e-01
5.261509582843394428e-01
5.309460277264459460e-01
5.361806703038012323e-01
5.418773178336144802e-01
5.480583538581272895e-01
5.547456794630574173e-01
5.619601460459904274e-01
5.697208288232751272e-01
5.780441354637281259e-01
5.869426794422473170e-01
5.964240165478923439e-01
6.064891497797562092e-01
6.171309316878607065e-01
6.283324293640567548e-01
6.400654035233834804e-01
6.522890992554453149e-01
6.649495827321314501e-01
6.779798630987307062e-01
6.913009783227593852e-01
7.048241600992035671e-01
7.184539393065737523e-01
7.320920006288115234e-01
7.456413403683723740e-01
7.590102722706226768e-01
7.721158381677567517e-01
7.848863061047383072e-01
7.972626219014750104e-01
8.091988136922245722e-01
8.206615731939959080e-01
8.316291713332438773e-01
8.420900077621357172e-01
8.520409882596609030e-01
8.614859000997989735e-01
8.704338974832772635e-01
8.788981607455559342e-01
8.868947558996908009e-01
8.944416955399643321e-01
9.015581866185490290e-01
9.082640426801772415e-01
9.145792353965144228e-01
9.205235611617986757e-01
9.261163991010882279e-01
9.313765344884524788e-01
9.363220700084247117e-01
9.409703241082150171e-01
9.453378134635386232e-01
9.494402342871424150e-01
9.532924659232628883e-01
9.569085866803210827e-01
9.603018980598950760e-01
9.634849544883568040e-01
9.664695963959774039e-01
9.692669850580865054e-01
9.718876380490627520e-01
9.743414644912887779e-01
9.766377995310544513e-01
9.787854376602733719e-01
9.807926641416904179e-01
9.826672879386912918e-01
9.844166652757043723e-01
9.860477321452955080e-01
9.875670268312557454e-01
9.889807147409900301e-01
9.902946159841758966e-01
9.915142100456216800e-01
9.926446773840115201e-01
9.936909034254397532e-01
9.946575005440287942e-01
9.955488237381138195e-01
9.963689858168620628e-01
9.971218716241065927e-01
9.978111513648694197e-01
9.984402930958791167e-01
9.990125744372361227e-01
9.995310935583536782e-01
9.999987794874559688e-01
1.000418401790275302e+00
1.000792579660206849e+00
1.001123790459008456e+00
1.001414377744226591e+00
1.001666558816832087e+00
1.001882431820088293e+00
1.002063982418396115e+00
1.002213090082789471e+00
1.002331534007848912e+00
1.002420998683048792e+00
1.002483079139960598e+00
1.002519285895252743e+00
9.155378682180575677e-09
