#Lower limit for the Conditional distribution of radius given mass from initial fitting w/o bootstrap
9.155378682180575677e-09
-7.997898789804029629e-02
-7.974288269247008232e-02
-7.946723552269266411e-02
-7.914976942166945806e-02
-7.878807967118403588e-02
-7.837962636900909497e-02
-7.792172654247619956e-02
-7.741154577824541083e-02
-7.684608933573121303e-02
-7.622219270909713629e-02
-7.553651160000064702e-02
-7.478551126034231611e-02
-7.396545516117020158e-02
-7.307239294064324375e-02
-7.210214758060742857e-02
-7.105030175797219516e-02
-6.991218331380154305e-02
-6.868284978002046903e-02
-6.735707375680308195e-02
-6.592931493183509795e-02
-6.439372545720781216e-02
-6.274410130280709541e-02
-6.097387934039939783e-02
-5.907611155137811043e-02
-5.704343231602387182e-02
-5.486805129596989544e-02
-5.254170906391589235e-02
-5.005565822733619441e-02
-4.740063263065354832e-02
-4.456681734228086500e-02
-4.154381793771015630e-02
-3.832062952409997364e-02
-3.488560614664609760e-02
-3.122643147446303377e-02
-2.733009200138892397e-02
-2.318285443684800842e-02
-1.877024953020259637e-02
-1.407706530047353639e-02
-9.087353568286351407e-03
-3.784459848275989816e-03
1.848946901868319141e-03
7.830759567387522019e-03
1.417933069817784233e-02
2.091328249138071221e-02
2.805125263538342864e-02
3.561155135509815051e-02
4.361170823199513741e-02
5.206788754692744797e-02
6.099415092425174850e-02
7.040154975320771225e-02
8.029703853115259526e-02
9.068221593570290062e-02
1.015519249685989528e-01
1.128927778485385724e-01
1.246817144406431044e-01
1.368847531474480517e-01
1.494561064700774544e-01
1.623379328251776665e-01
1.754608404982199166e-01
1.887453387845713926e-01
2.021042106524590654e-01
2.154456753245356515e-01
2.286770513743829336e-01
2.417085321123149111e-01
2.544566497842539188e-01
2.668471183264258806e-01
2.788167621877784552e-01
2.903145348029676498e-01
3.013016498394828768e-01
3.117510042412086624e-01
3.216460986182173576e-01
3.309796624504333096e-01
3.397521617317315057e-01
3.479703231625078108e-01
3.556457691207409177e-01
3.627937849806783799e-01
3.694323111624181477e-01
3.755810604578147527e-01
3.812608319389212963e-01
3.864929606571286813e-01
3.912988936952057073e-01
3.956998702155391512e-01
3.997166862064762127e-01
4.033695269809666195e-01
4.066778530320577234e-01
4.096603273020485991e-01
4.123347741641412711e-01
4.147181623023081798e-01
4.168266053577941999e-01
4.186753754558877882e-01
4.202789258949546913e-01
4.216509200909260846e-01
4.228042645755852313e-01
4.237511443837254643e-01
4.245030595855942002e-01
4.250708620479919930e-01
4.254647917596577344e-01
4.256945122500559453e-01
9.155378682180575677e-09
