#Sequence of radius points for initial fitting w/o bootstrap
-3.064607834563579103e-01
-2.909529560911228718e-01
-2.754451287258878334e-01
-2.599373013606527949e-01
-2.444294739954177564e-01
-2.289216466301827180e-01
-2.134138192649476795e-01
-1.979059918997126410e-01
-1.823981645344776026e-01
-1.668903371692425364e-01
-1.513825098040074979e-01
-1.358746824387724594e-01
-1.203668550735374210e-01
-1.048590277083023825e-01
-8.935120034306734405e-02
-7.384337297783230558e-02
-5.833554561259726712e-02
-4.282771824736220090e-02
-2.731989088212716243e-02
-1.181206351689212397e-02
3.695763848342914493e-03
1.920359121357795296e-02
3.471141857881299142e-02
5.021924594404802988e-02
6.572707330928306835e-02
8.123490067451810681e-02
9.674272803975314527e-02
1.122505554049881837e-01
1.277583827702232222e-01
1.432662101354582607e-01
1.587740375006932991e-01
1.742818648659283376e-01
1.897896922311633761e-01
2.052975195963984700e-01
2.208053469616335085e-01
2.363131743268685470e-01
2.518210016921035854e-01
2.673288290573386239e-01
2.828366564225736624e-01
2.983444837878087008e-01
3.138523111530437393e-01
3.293601385182787777e-01
3.448679658835138162e-01
3.603757932487488547e-01
3.758836206139838931e-01
3.913914479792189316e-01
4.068992753444539701e-01
4.224071027096890085e-01
4.379149300749240470e-01
4.534227574401590855e-01
4.689305848053941239e-01
4.844384121706291624e-01
4.999462395358642008e-01
5.154540669010991838e-01
5.309618942663343333e-01
5.464697216315692607e-01
5.619775489968044102e-01
5.774853763620393376e-01
5.929932037272744871e-01
6.085010310925094146e-01
6.240088584577445641e-01
6.395166858229794915e-01
6.550245131882146410e-01
6.705323405534495684e-01
6.860401679186847179e-01
7.015479952839196454e-01
7.170558226491547948e-01
7.325636500143897223e-01
7.480714773796248718e-01
7.635793047448597992e-01
7.790871321100949487e-01
7.945949594753298761e-01
8.101027868405650256e-01
8.256106142057999531e-01
8.411184415710351026e-01
8.566262689362700300e-01
8.721340963015051795e-01
8.876419236667401069e-01
9.031497510319752564e-01
9.186575783972101839e-01
9.341654057624453333e-01
9.496732331276802608e-01
9.651810604929154103e-01
9.806888878581503377e-01
9.961967152233854872e-01
1.011704542588620415e+00
1.027212369953855564e+00
1.042720197319090492e+00
1.058228024684325641e+00
1.073735852049560568e+00
1.089243679414795718e+00
1.104751506780030645e+00
1.120259334145265795e+00
1.135767161510500722e+00
1.151274988875735872e+00
1.166782816240970799e+00
1.182290643606205949e+00
1.197798470971440876e+00
1.213306298336676026e+00
1.228814125701910953e+00
