#Conditional distribution of mass given radius from initial fitting w/o bootstrap
2.111945669711630669e-01
-5.698002092977101363e-01
-4.134183825117300204e-01
-3.301316184074502558e-01
-2.779813429380968426e-01
-2.417121383813506386e-01
-2.145129407631733154e-01
-1.928815682737051729e-01
-1.748295981899955776e-01
-1.591419396294096733e-01
-1.450328255688149992e-01
-1.319709910332247105e-01
-1.195843860631808503e-01
-1.076052370544497844e-01
-9.583687664857611088e-02
-8.413292803090369198e-02
-7.238380186718709752e-02
-6.050767551135662059e-02
-4.844429961041357008e-02
-3.615062953553122710e-02
-2.359765498508682377e-02
-1.076802518744029123e-02
2.345795125396747151e-03
1.574301669604506390e-02
2.941578484598318666e-02
4.335029028418474484e-02
5.752778969541328530e-02
7.192557663846575744e-02
8.651793116963786556e-02
1.012770683576580122e-01
1.161741004974139319e-01
1.311800247475551073e-01
1.462667467222973638e-01
1.614081510098392958e-01
1.765812315021132173e-01
1.917672976851196864e-01
2.069532775603256936e-01
2.221331435497546636e-01
2.373094944577175125e-01
2.524953341331167556e-01
2.677160955879734350e-01
2.830119674577674105e-01
2.984405869645568865e-01
3.140801685349315364e-01
3.300331376443299547e-01
3.464303317393642723e-01
3.634358088133815001e-01
3.812522613946242589e-01
4.001269579945635479e-01
4.203580100086505844e-01
4.423005699211831621e-01
4.663722835616695983e-01
4.930569230940521352e-01
5.229046065109503871e-01
5.565263794798697150e-01
5.945802689218614434e-01
6.377453841953331093e-01
6.866805509736171320e-01
7.419647848101668108e-01
8.040192208431330423e-01
8.730143898647327871e-01
9.487729455230595743e-01
1.030685042709200250e+00
1.117659076976489363e+00
1.208130881918591859e+00
1.300146634250029409e+00
1.391518324282225549e+00
1.480029983750924094e+00
1.563655980484291774e+00
1.640747487676333938e+00
1.710152596407960246e+00
1.771255291743423887e+00
1.823939992223607476e+00
1.868503536444337865e+00
1.905541841284807747e+00
1.935835267980550833e+00
1.960248954011827527e+00
1.979655936368932334e+00
1.994884251921897222e+00
2.006685149391331802e+00
2.015717789507869728e+00
2.022545614556047866e+00
2.027640209997899401e+00
2.031389428392441410e+00
2.034107486495318362e+00
2.036045535475975221e+00
2.037401801543917035e+00
2.038330813572028610e+00
2.038951510054935135e+00
2.039354187460378665e+00
2.039606348248800050e+00
2.039757554586186572e+00
2.039843410491016584e+00
2.039888790329995150e+00
2.039910400135148016e+00
2.039918631370010615e+00
2.039917879760052788e+00
2.039895777755680761e+00
2.039497580665237564e+00
1.845518518844939393e-01
