#Upper limit for the Conditional distribution of mass given radius from initial fitting w/o bootstrap
2.054890064058343846e+00
2.166934978606897266e-01
3.599986629996471121e-01
4.205010503104444353e-01
4.547491436252369956e-01
4.777013841812691730e-01
4.949787997827697072e-01
5.091771786650567400e-01
5.216679602594649356e-01
5.332481610754715717e-01
5.444147565518843157e-01
5.554941955669515652e-01
5.667089063040730013e-01
5.782136537736355386e-01
5.901164223657711094e-01
6.024908733961686913e-01
6.153840138525542569e-01
6.288210662760765901e-01
6.428086911708108531e-01
6.573372640732342287e-01
6.723826555588310327e-01
6.879078041992646719e-01
7.038642971262909498e-01
7.201940401391427882e-01
7.368311210910694076e-01
7.537038525567498759e-01
7.707369744707299741e-01
7.878539559154630334e-01
8.049793174746248114e-01
8.220408897227907685e-01
8.389719307701731799e-01
8.557130445033874766e-01
8.722138680240519859e-01
8.884345278537999491e-01
9.043468959934730655e-01
9.199357060810879894e-01
9.351996152798355277e-01
9.501523192780401139e-01
9.648238424606943031e-01
9.792621807021569813e-01
9.935353941092299745e-01
1.007734455438823229e+00
1.021977043540484020e+00
1.036412632779569742e+00
1.051229335774528817e+00
1.066663119489382971e+00
1.083010294547174457e+00
1.100644603710795977e+00
1.120040917726204066e+00
1.141808657026192941e+00
1.166739893481249624e+00
1.195880136361200829e+00
1.230634746622272901e+00
1.272931022168010573e+00
1.325461151401182480e+00
1.392005193711047362e+00
1.477623126386635288e+00
1.587501998601226205e+00
1.720839272526105468e+00
1.861265192441952099e+00
1.986450153093408222e+00
2.088088897400376620e+00
2.168729766136824999e+00
2.232977478497866208e+00
2.284631149821988227e+00
2.326464751514298879e+00
2.360491793114930292e+00
2.388211784034737661e+00
2.410778363720123441e+00
2.429106225525484941e+00
2.443938155384813626e+00
2.455887437164523845e+00
2.465465354778358265e+00
2.473099907025005262e+00
2.479149361782311267e+00
2.483912785364077447e+00
2.487638720056357666e+00
2.490532621049106776e+00
2.492763354081313665e+00
2.494468898263450196e+00
2.495761332123304754e+00
2.496731158260255157e+00
2.497451019530590344e+00
2.497978863046226738e+00
2.498360611370121998e+00
2.498632400956183108e+00
2.498822445938663428e+00
2.498952581439701781e+00
2.499039535416133440e+00
2.499095972392972875e+00
2.499131346734706050e+00
2.499152597711013168e+00
2.499164713690460893e+00
2.499171188345998829e+00
2.499174387330083569e+00
2.499175836325582711e+00
2.499176403292450832e+00
2.499175893898679668e+00
2.499155024598783026e+00
2.024733586750956160e+00
