#Bayesian Information Criterion from bootstrap run
1.445092106172090780e+03
1.436505641014502544e+03
1.474468542118423102e+03
1.502571551936049900e+03
1.504063229605113975e+03
1.441226039247118251e+03
1.479247144037061389e+03
1.497538567710327015e+03
1.442302202514436431e+03
1.490325003680510008e+03
1.468278168935795293e+03
1.421948297166424027e+03
1.470915780372557265e+03
1.465896203134821008e+03
1.479046615139482128e+03
1.478255528782371130e+03
1.504348624514341282e+03
1.472656151186143461e+03
1.498999772280744537e+03
1.467413696470964169e+03
1.436884188004395128e+03
1.483581423966998045e+03
1.393214613826470440e+03
1.513175385878723318e+03
1.432697278239197658e+03
1.432740035192097366e+03
1.457290575402943432e+03
1.446696158545798880e+03
1.500742811277894816e+03
1.478519341885437825e+03
1.468977644424747041e+03
1.490985342591778817e+03
1.498713377288593165e+03
1.451888801073021114e+03
1.528765469560579049e+03
1.461921230135050791e+03
1.399295032072588128e+03
1.438989600569599588e+03
1.465811510334378454e+03
1.483075290225535809e+03
1.516328672375594351e+03
1.468651832687860633e+03
1.443334122601227136e+03
1.473739800269420584e+03
1.438299347340710483e+03
1.472719025012750308e+03
1.483163015768689320e+03
1.456443145886468301e+03
1.449030355256367329e+03
1.416915395364541837e+03
