#Upper limit for the Conditional distribution of mass given radius from initial fitting w/o bootstrap
-6.274550454716084635e-01
-8.900890886712309324e-01
-6.706940914843899648e-01
-2.197119759755093160e-01
4.752348291892999343e-02
1.859273008767629853e-01
2.684882894482686355e-01
3.221607630731038729e-01
3.592398979495410316e-01
3.861901104981168564e-01
4.067448355111922820e-01
4.232209829250907496e-01
4.371504888815384571e-01
4.496114459317478995e-01
4.614136354909037507e-01
4.732083425921786990e-01
4.855565456839562311e-01
4.989730079374787297e-01
5.139554399609557178e-01
5.310032069795254106e-01
5.506269041389791896e-01
5.733474194927714596e-01
5.996801831505926828e-01
6.300973043466404633e-01
6.649582754423124520e-01
7.044032104718807030e-01
7.482182910188633906e-01
7.957163027953984002e-01
8.457110228333450941e-01
8.966554252053838825e-01
9.469250781665191630e-01
9.951201815102040937e-01
1.040249838116811931e+00
1.081758658336920753e+00
1.119448281082314978e+00
1.153366385807802930e+00
1.183708380496327983e+00
1.210746460756282339e+00
1.234784224584130286e+00
1.256130014246386484e+00
1.275082455065191134e+00
1.291923533667954649e+00
1.306916083902052605e+00
1.320303943814409298e+00
1.332313731409186408e+00
1.343157709401418431e+00
1.353037506847583948e+00
1.362148666932363472e+00
1.370686146730357713e+00
1.378851046907261013e+00
1.386859032556795324e+00
1.394951162483336393e+00
1.403408236551595412e+00
1.412570410513658725e+00
1.422864930445002951e+00
1.434846838101732081e+00
1.449261376649423338e+00
1.467144847501469229e+00
1.489998759431824249e+00
1.520117195734808524e+00
1.561274496006656243e+00
1.620396958265526655e+00
1.712398734732606398e+00
1.872076964987836378e+00
2.075531801451182101e+00
2.195140849659399596e+00
2.261920251853631658e+00
2.303828443608727738e+00
2.331958309397979434e+00
2.351573708321448297e+00
2.365564878849690800e+00
2.375680449928375459e+00
2.383050572537628753e+00
2.388440206449188530e+00
2.392384395409452580e+00
2.395266230926216711e+00
2.397364525533991042e+00
2.398884483918537480e+00
2.399978203520298781e+00
2.400758849120063321e+00
2.401310715424976205e+00
2.401696523651000614e+00
2.401962800289082267e+00
2.402143891386112173e+00
2.402264984916762547e+00
2.402344399412459808e+00
2.402395322365160624e+00
2.402427131783844594e+00
2.402446399664148302e+00
2.402457651612398770e+00
2.402463939094027001e+00
2.402467267635889581e+00
2.402468914432069447e+00
2.402469661274508894e+00
2.402469962934409065e+00
2.402470066625722822e+00
2.402470094678266666e+00
2.402470099807372250e+00
2.402470100210023052e+00
9.119173891686267044e-09
