#Lower limit for the Conditional distribution of mass given radius from initial fitting w/o bootstrap
-1.556364836324651835e+00
-1.543419056082368845e+00
-1.504791611260829054e+00
-1.440163667312036599e+00
-1.344190742780312808e+00
-1.200889864536800911e+00
-1.000535774427142144e+00
-8.321100586005629740e-01
-7.348018847266492015e-01
-6.763665959341926825e-01
-6.380648025466433282e-01
-6.111789374711750211e-01
-5.912270442438074536e-01
-5.756583457727219022e-01
-5.628912524295424102e-01
-5.518672592038684765e-01
-5.418243794778394573e-01
-5.321733865351128134e-01
-5.224262975016895627e-01
-5.121534237591864880e-01
-5.009572284345287230e-01
-4.884569101776538025e-01
-4.742805067240991046e-01
-4.580628507324782106e-01
-4.394486073974433471e-01
-4.181002542500116825e-01
-3.937114629735355420e-01
-3.660270384209707850e-01
-3.348713013522617854e-01
-3.001871143372465967e-01
-2.620864913983643740e-01
-2.209089304136001575e-01
-1.772734553214268260e-01
-1.320966820663425079e-01
-8.654252793562866586e-02
-4.188659542669699587e-02
6.763978058786324033e-04
4.021124513513366777e-02
7.613925586548658808e-02
1.082351244748993024e-01
1.365546026900507637e-01
1.613391684897604872e-01
1.829306037900663984e-01
2.017086567989814505e-01
2.180517942842079282e-01
2.323157676972868735e-01
2.448241412188505994e-01
2.558661539184353129e-01
2.656987819126416794e-01
2.745510818763629568e-01
2.826297488263680435e-01
2.901253786700855319e-01
2.972192840494018440e-01
3.040909478284268275e-01
3.109263657181129958e-01
3.179276612714106443e-01
3.253244700669542522e-01
3.333876886947271800e-01
3.424462574571993656e-01
3.529076676157335557e-01
3.652828156297814877e-01
3.802156315048434987e-01
3.985176002130315087e-01
4.212070551807718943e-01
4.495535293343994043e-01
4.851298709751190041e-01
5.298820522859229998e-01
5.862439948223994168e-01
6.573636662297476230e-01
7.475967947035649930e-01
8.636586907792557222e-01
1.017493241282459548e+00
1.232798867057750991e+00
1.522137444630247805e+00
1.734621001130317808e+00
1.838485404525343592e+00
1.895285358359744210e+00
1.929677397338967371e+00
1.951664181324881842e+00
1.966121189076851072e+00
1.975752711143784035e+00
1.982192741453784990e+00
1.986485871948360904e+00
1.989324668182037348e+00
1.991178588085113832e+00
1.992369566498100708e+00
1.993119145303799966e+00
1.993579323299492945e+00
1.993853501866049482e+00
1.994011075072567474e+00
1.994097755457381105e+00
1.994142937108862368e+00
1.994164948402675108e+00
1.994174777773639384e+00
1.994178686091767183e+00
1.994180006245130032e+00
1.994180351520778771e+00
1.994180394667927070e+00
1.994180294735527159e+00
-1.202828290335730799e+00
