#Lower limit for the Conditional distribution of radius given mass from initial fitting w/o bootstrap
-2.633314961302803958e-01
-2.278995361172547196e-01
-2.278989726621104828e-01
-2.278949114151770650e-01
-2.278789432807040716e-01
-2.278332503867778469e-01
-2.277255758124416274e-01
-2.275029596422449008e-01
-2.270841761143120585e-01
-2.263510300617286308e-01
-2.251391104384753983e-01
-2.232293483156891356e-01
-2.203428986530525657e-01
-2.161437559439305101e-01
-2.102571813113740251e-01
-2.023199337518761520e-01
-1.920911454666500706e-01
-1.796506036257136951e-01
-1.656251103713922423e-01
-1.511942686856545537e-01
-1.376670289470914854e-01
-1.259353502463277374e-01
-1.162955691304720374e-01
-1.086241745552441740e-01
-1.026149992220283802e-01
-9.793034797138835956e-02
-9.426752074760264000e-02
-9.137781342653986116e-02
-8.906498412889456151e-02
-8.717689034229436640e-02
-8.559610700397168870e-02
-8.423159065671945167e-02
-8.301196541605578016e-02
-8.188025018986144765e-02
-8.078984406005240704e-02
-7.970146527189092556e-02
-7.858081147758881613e-02
-7.739675158033780533e-02
-7.611990552119281273e-02
-7.472150134279526013e-02
-7.317242966499633294e-02
-7.144243455914695007e-02
-6.949939569144301943e-02
-6.730866762023565708e-02
-6.483245024586675731e-02
-6.202917053893700766e-02
-5.885285846617462763e-02
-5.525252422591766382e-02
-5.117148851815812166e-02
-4.654675305034953331e-02
-4.130837981119316049e-02
-3.537900372848967051e-02
-2.867363224207581177e-02
-2.110006759552095212e-02
-1.256053235859345973e-02
-2.955470721176639212e-03
7.808863480196851121e-03
1.980684252844778712e-02
3.307148012237751122e-02
4.756308595690589280e-02
6.313277416951093568e-02
7.949484565833248029e-02
9.623082454967360477e-02
1.128423253712679264e-01
1.288416996475993948e-01
1.438399301759431259e-01
1.575931052225968965e-01
1.700002104875460163e-01
1.810714630118352986e-01
1.908901542310229293e-01
1.995813311780990362e-01
2.072910599885394722e-01
2.141752269914359297e-01
2.203955622666357028e-01
2.261211814416195232e-01
2.315346809764861624e-01
2.368429218167791561e-01
2.422935465244965836e-01
2.481993361715471580e-01
2.549738226796072760e-01
2.631832641677175344e-01
2.736228226582233525e-01
2.874296861391363866e-01
3.062592465314748491e-01
3.325915962774024792e-01
3.703758303989821421e-01
4.267391795090458295e-01
5.175356121154774947e-01
6.688377976595785146e-01
7.838909903483906039e-01
8.325596222965579996e-01
8.558397595102522626e-01
8.676197697460190650e-01
8.734850843636563500e-01
8.762200352722699925e-01
8.773558570983093219e-01
8.777472389814472420e-01
8.778457284695933005e-01
8.778592628406133302e-01
8.778596736585225768e-01
