#Akaike Information Criterion from bootstrap run
8.407753340875620779e+03
7.942706492253542820e+03
7.892890560810479656e+03
7.855211749328271253e+03
8.057692414759296298e+03
7.976600134633818925e+03
7.905574074136071431e+03
8.106995465647349192e+03
7.883178917117921628e+03
7.950627745749387941e+03
8.127392242540342522e+03
7.773328657141118128e+03
7.856812578628248048e+03
7.817697673127780945e+03
7.875230601398643557e+03
8.543250149909328684e+03
7.858567266078085595e+03
8.169546593473791290e+03
8.335180243128899747e+03
7.946889273472878813e+03
7.836802398119351892e+03
7.851198175754096155e+03
8.054624598396512738e+03
8.493812443973418340e+03
7.932445086853988869e+03
7.972847884150029131e+03
8.065363621809446158e+03
8.057881128013876150e+03
8.010051332238143004e+03
8.245850515389605789e+03
8.047422376011155393e+03
7.830002789578516058e+03
7.872920524962784839e+03
7.914933537022281598e+03
8.105805943655383089e+03
8.406210351447387438e+03
8.247149556458221923e+03
8.385648790498495146e+03
7.891158024799313353e+03
8.103853925335570239e+03
