#Variance for the Conditional distribution of mass given radius from initial fitting w/o bootstrap
4.484236180072322941e-01
4.621065547571104326e-01
4.725450176264077151e-01
4.807652406730925088e-01
4.874019648470919175e-01
4.928688652098771605e-01
4.974470773680015889e-01
5.013343359367362639e-01
5.046737589455461137e-01
5.075714789078221711e-01
5.101078563764521734e-01
5.123448450493689466e-01
5.143309656579508893e-01
5.161047475742799318e-01
5.176971616281489386e-01
5.191333726917163327e-01
5.204340236783167040e-01
5.216161904906403413e-01
5.226941018453074017e-01
5.236796883961237770e-01
5.245830060964747910e-01
5.254125656353118012e-01
5.261755908122031089e-01
5.268782224813058912e-01
5.275256802946233226e-01
5.281223913276041904e-01
5.286720923888054147e-01
5.291779111404120162e-01
5.296424299110872314e-01
5.300677351447123931e-01
5.304554547126345554e-01
5.308067847625275171e-01
5.311225073405110297e-01
5.314029996733908856e-01
5.316482357117623403e-01
5.318577802953327049e-01
5.320307760965878874e-01
5.321659233185747073e-01
5.322614519603408034e-01
5.323150863147751988e-01
5.323240012254213394e-01
5.322847695002569379e-01
5.321932997623617378e-01
5.320447639130666539e-01
5.318335132985958502e-01
5.315529826160876326e-01
5.311955805835684163e-01
5.307525664515793107e-01
5.302139115803019553e-01
5.295681455842238261e-01
5.288021870087837861e-01
5.279011592185882673e-01
5.268481932330946194e-01
5.256242207545074319e-01
5.242077627307115684e-01
5.225747216449512234e-01
5.206981895051970843e-01
5.185482884076781929e-01
5.160920667384825133e-01
5.132934816540627443e-01
5.101135074008833481e-01
5.065104189913876009e-01
5.024403110224078262e-01
4.978579206517900757e-01
4.927178297319275702e-01
4.869761205671579996e-01
4.805925483108908769e-01
4.735332653240157952e-01
4.657740833737318287e-01
4.573041841741512514e-01
4.481300869805204257e-01
4.382795600896836619e-01
4.278050373976983178e-01
4.167859992541428360e-01
4.053297356571790022e-01
3.935699679487192904e-01
3.816629895203813017e-01
3.697812958724500110e-01
3.581050692762164367e-01
3.468122835996236275e-01
3.360684995008456633e-01
3.260175391157242863e-01
3.167741180641898691e-01
3.084191922939584773e-01
3.009983294773568296e-01
2.945229518491608856e-01
2.889739236896931018e-01
2.843067366925082773e-01
2.804574934835741273e-01
2.773489738532940452e-01
2.748962370278317802e-01
2.730114115353329263e-01
2.716075090553823346e-01
2.706012450060513164e-01
2.699149479553050734e-01
2.694776953031462474e-01
2.692258332493155937e-01
2.691030357411776652e-01
2.690600397813662781e-01
2.690541708140139487e-01
