#Conditional distribution of radius given mass from initial fitting w/o bootstrap
nan
-6.285644048388890071e-02
-6.238339295522144640e-02
-6.161518813475714423e-02
-6.057005511755451238e-02
-5.926646363751463670e-02
-5.772199364535176430e-02
-5.595225155586377314e-02
-5.396985842950464268e-02
-5.178352735094162579e-02
-4.939724065475025599e-02
-4.680953311238800207e-02
-4.401288515011105712e-02
-4.099323078292140682e-02
-3.772958818102657014e-02
-3.419382640200246959e-02
-3.035058940965777372e-02
-2.615740743548853470e-02
-2.156503513144638132e-02
-1.651806458440049918e-02
-1.095586747041720453e-02
-4.813922326797301018e-03
1.974422385708439129e-03
9.475713774625858440e-03
1.775368014205119804e-02
2.686606943978673417e-02
3.686112815706322349e-02
4.777387413332846028e-02
5.962238725755306806e-02
7.240440677941770153e-02
8.609456953575982119e-02
1.006426351349160447e-01
1.159730095614274203e-01
1.319857915467275988e-01
1.485594301096956893e-01
1.655549122832868925e-01
1.828212228167985787e-01
2.002016634864698108e-01
2.175405174123541951e-01
2.346895127134589476e-01
2.515135844346736427e-01
2.678955427930642674e-01
2.837394061728311101e-01
2.989723202112765654e-01
3.135451327743967731e-01
3.274318089790066999e-01
3.406279410279859921e-01
3.531486344496169161e-01
3.650260424439183415e-01
3.763067842577332844e-01
3.870494332898972711e-01
3.973222058518576238e-01
4.072009293694943688e-01
4.167673236044995289e-01
4.261075919934666500e-01
4.353112924182054311e-01
4.444704364872123503e-01
4.536787520840783183e-01
4.630310338526462122e-01
4.726224990652764801e-01
4.825480610971216167e-01
4.929014293051729445e-01
5.037739430562837573e-01
5.152530503829045871e-01
5.274203505662365954e-01
5.403491379572376019e-01
5.541014151972928348e-01
5.687243913367032722e-01
5.842465468478655888e-01
6.006734334823232713e-01
6.179834784423580141e-01
6.361241695454037393e-01
6.550090938812431762e-01
6.745163630448800518e-01
6.944889557745153041e-01
7.147374186407747798e-01
7.350451736460843488e-01
7.551763953112146099e-01
7.748860729822378834e-01
7.939315260236302629e-01
8.120843637905826862e-01
8.291417470161225323e-01
8.449358537415425641e-01
8.593406800670957413e-01
8.722756683974962622e-01
8.837060767814205464e-01
8.936403973439800419e-01
9.021254301385194241e-01
9.092397829500130646e-01
9.150865949600637261e-01
9.197861982655994861e-01
9.234692767199417229e-01
9.262708989317826047e-01
9.283256262025065819e-01
9.297637491191530490e-01
9.307085985625620506e-01
9.312748085277486876e-01
9.315673738696235162e-01
9.316813376734025542e-01
nan
