#Variance for the Conditional distribution of radius given mass from initial fitting w/o bootstrap
nan
3.445940018118570647e-01
3.445945227013798018e-01
3.445969868472686382e-01
3.446042461798483614e-01
3.446210051972270483e-01
3.446543687605658768e-01
3.447144875415141807e-01
3.448152948988264521e-01
3.449753084408804793e-01
3.452184352733863038e-01
3.455746674625601034e-01
3.460804810175558410e-01
3.467786613343784574e-01
3.477171873184091710e-01
3.489467539459705780e-01
3.505165648668522871e-01
3.524682675374123941e-01
3.548283985702728738e-01
3.576004278356590405e-01
3.607582308865737164e-01
3.642431877016566455e-01
3.679666793527731072e-01
3.718183993831591927e-01
3.756790298738449940e-01
3.794343159324780057e-01
3.829871921739792517e-01
3.862655263828471686e-01
3.892246880684538390e-01
3.918456859679199100e-01
3.941304782315155908e-01
3.960961593102455547e-01
3.977693302902921557e-01
3.991814022363461834e-01
4.003650995037594251e-01
4.013521144034406518e-01
4.021717096426692395e-01
4.028500228698276286e-01
4.034098479163040207e-01
4.038707128286184722e-01
4.042491237582410135e-01
4.045588860781351159e-01
4.048114466049150262e-01
4.050162239197508396e-01
4.051809092476763574e-01
4.053117301486490187e-01
4.054136751156451335e-01
4.054906803940592219e-01
4.055457818863184571e-01
4.055812355361436139e-01
4.055986095240627365e-01
4.055988512189507844e-01
4.055823312845505124e-01
4.055488667338071340e-01
4.054977241166468072e-01
4.054276034575429732e-01
4.053366030614483639e-01
4.052221649211383281e-01
4.050810002466368465e-01
4.049089946941494267e-01
4.047010933475426731e-01
4.044511666267731620e-01
4.041518603962096501e-01
4.037944370849161357e-01
4.033686202224023298e-01
4.028624631777876774e-01
4.022622748360188405e-01
4.015526509844718483e-01
4.007166800724779043e-01
3.997364137659955019e-01
3.985937111865065496e-01
3.972715707895571602e-01
3.957560391875518668e-01
3.940387104450523981e-01
3.921196825477252235e-01
3.900106164702279998e-01
3.877372832353683796e-01
3.853407793709114904e-01
3.828765846521453020e-01
3.804109600236807442e-01
3.780148517596212954e-01
3.757562895491802779e-01
3.736928826860248520e-01
3.718660957619341345e-01
3.702984446995498113e-01
3.689938466074726420e-01
3.679405019539695454e-01
3.671152098400660702e-01
3.664879929049263407e-01
3.660262000544303174e-01
3.656976526554835960e-01
3.654727417890542007e-01
3.653256009569320617e-01
3.652345732958280911e-01
3.651822017298912426e-01
3.651549351065505600e-01
3.651426932135191095e-01
3.651383857774602726e-01
3.651374423079322140e-01
nan
