#Akaike Information Criterion from bootstrap run
8.533362786464198280e+02
8.457806463560548309e+02
8.749273989601076664e+02
8.351845319298618051e+02
8.445264199242305949e+02
8.817159295679000479e+02
8.612794221610301975e+02
8.981402787480144525e+02
8.256997347201138382e+02
7.968249156109859541e+02
8.384020440858114398e+02
8.292008513042444520e+02
8.300037960581987591e+02
8.773947269505972599e+02
7.955926437054115468e+02
8.367522925388736894e+02
8.372329694802871245e+02
8.117630125009588937e+02
8.145594277539003087e+02
8.558704273832314584e+02
8.439468571719071406e+02
8.657690699660377049e+02
8.597476584096166334e+02
8.865559954500274671e+02
7.836147988256327608e+02
8.516806493611181850e+02
8.366711793674674027e+02
8.502073875762448552e+02
8.552797771092817811e+02
8.454125824673188845e+02
8.247033046932930347e+02
8.625675704373563804e+02
8.040953023808385751e+02
8.348814608003813191e+02
8.169923719999288778e+02
8.520668653052223362e+02
7.883126725081045834e+02
8.950058978085379522e+02
8.407253373735431978e+02
8.676802471309845259e+02
8.843971547049015953e+02
8.460007702950138082e+02
7.777076540442801615e+02
8.086028445767937001e+02
8.325841201982052553e+02
8.923168609952091401e+02
8.525288077098174426e+02
8.599149190403365992e+02
8.232226560758849701e+02
8.082791121219129309e+02
