#Variance for the Conditional distribution of mass given radius from initial fitting w/o bootstrap
8.277825631371310555e-02
9.015485851421810304e-02
1.098492754204216937e-01
1.334833236111338250e-01
1.541003819457679169e-01
1.696057428073962092e-01
1.806032151029601240e-01
1.883025002091382738e-01
1.937382009278621475e-01
1.976436849327825318e-01
2.005082496324199215e-01
2.026534703187127529e-01
2.042914657683302382e-01
2.055637133920273918e-01
2.065658071078323998e-01
2.073631009949093440e-01
2.080006531032734807e-01
2.085096385009816145e-01
2.089115750776486258e-01
2.092211931988700868e-01
2.094484675300875565e-01
2.096001359036689382e-01
2.096809051793092349e-01
2.096944573344673990e-01
2.096443041802453222e-01
2.095344898456674432e-01
2.093701073708627292e-01
2.091575838966615586e-01
2.089047014679922543e-01
2.086203549652682621e-01
2.083140945753703399e-01
2.079955411885313632e-01
2.076737837179982449e-01
2.073568602148344875e-01
2.070513936476184869e-01
2.067624106354128133e-01
2.064933314450575763e-01
2.062460921694449778e-01
2.060213483744371132e-01
2.058187111088069787e-01
2.056369757046461466e-01
2.054743159274817488e-01
2.053284269631650005e-01
2.051966084862479611e-01
2.050757830930974301e-01
2.049624459359326856e-01
2.048525389358054061e-01
2.047412378509373410e-01
2.046226328195493716e-01
2.044892725372896569e-01
2.043315284128374987e-01
2.041367171078267984e-01
2.038878970795480194e-01
2.035622269515611760e-01
2.031287423174695239e-01
2.025453786303603732e-01
2.017550555802284651e-01
2.006806744146136523e-01
1.992190267232435696e-01
1.972339845534679392e-01
1.945501182029079068e-01
1.909493016685583355e-01
1.861750685730267640e-01
1.799521490248073841e-01
1.720301575038545305e-01
1.622570947195106916e-01
1.506750888081974937e-01
1.376066399396348172e-01
1.236775162011468782e-01
1.097305385726777271e-01
9.663945093145395737e-02
8.510150855657459823e-02
7.550616932149423199e-02
6.792405235677693998e-02
6.218752998325604436e-02
5.800160983243677487e-02
5.503747967208961339e-02
5.299082357364896106e-02
5.160820279247708975e-02
5.069242005327043166e-02
5.009708027693507426e-02
4.971717153237752151e-02
4.947934501464797130e-02
4.933348520743970761e-02
4.924601687830870711e-02
4.919486517357463812e-02
4.916579201717621861e-02
4.914980064245454833e-02
4.914133448954133981e-02
4.913705013695677387e-02
4.913499624519987452e-02
4.913407457060248174e-02
4.913369367878124561e-02
4.913355202726116949e-02
4.913350621453841521e-02
4.913349400191241445e-02
4.913349155003429725e-02
4.913349123209113933e-02
4.913349117503335722e-02
4.382378183748110445e-02
