#Variance for the Conditional distribution of radius given mass from initial fitting w/o bootstrap
6.063952888872408895e-03
5.802519404315505461e-03
5.802633769560733464e-03
5.803490526855132128e-03
5.806990889368601055e-03
5.817388906236679175e-03
5.842769848467365204e-03
5.896906505811576153e-03
6.001247251534964217e-03
6.186294951755675307e-03
6.490827367878165659e-03
6.956618186814263194e-03
7.616713852726430915e-03
8.478702139434786053e-03
9.510712950549180325e-03
1.064158972846038220e-02
1.177995282198205339e-02
1.284241543488874419e-02
1.377428264375987407e-02
1.455417769980296532e-02
1.518640157381428643e-02
1.568954076659489702e-02
1.608714205904164876e-02
1.640212661578659484e-02
1.665428603731120699e-02
1.685964994118106450e-02
1.703076013658231039e-02
1.717727299375930786e-02
1.730660269974200124e-02
1.742448837433046779e-02
1.753545305398768878e-02
1.764315905188415870e-02
1.775067647531528708e-02
1.786068318111479550e-02
1.797561184457305977e-02
1.809775611620454208e-02
1.822934425477593795e-02
1.837258555656163389e-02
1.852969243162026075e-02
1.870287909920670399e-02
1.889433658990273199e-02
1.910618310841739192e-02
1.934038894348415541e-02
1.959867616074398994e-02
1.988239541460573578e-02
2.019238539700215010e-02
2.052882452262757770e-02
2.089108892545468721e-02
2.127763481882690572e-02
2.168592553191378211e-02
2.211242276607195203e-02
2.255265682671417707e-02
2.300138161803898587e-02
2.345280808972883407e-02
2.390089687745512725e-02
2.433968009801121268e-02
2.476357646971384316e-02
2.516766475681724013e-02
2.554788778417513284e-02
2.590117097101374971e-02
2.622545248582505012e-02
2.651963372079054262e-02
2.678346670018178291e-02
2.701739844617121605e-02
2.722239158989524579e-02
2.739973673766849319e-02
2.755086659077203570e-02
2.767717566958730752e-02
2.777984337363000739e-02
2.785965220865765923e-02
2.791678712500249987e-02
2.795059558703759384e-02
2.795928077020269631e-02
2.793949211843857125e-02
2.788576970583477033e-02
2.778979617535541971e-02
2.763942502943308316e-02
2.741751544659999998e-02
2.710076945723953815e-02
2.665913435071058657e-02
2.605700841127643608e-02
2.525841302961952251e-02
2.423876142179793788e-02
2.300386893534504471e-02
2.160992662459413835e-02
2.016848963872987233e-02
1.882091774801084375e-02
1.768880821699469336e-02
1.683276535367418322e-02
1.624625151236340839e-02
1.587937105244370539e-02
1.566893122688574336e-02
1.555846406646013182e-02
1.550596896830521224e-02
1.548390296621820171e-02
1.547603666417579280e-02
1.547383275959974928e-02
1.547341472898063064e-02
1.547337661084999608e-02
1.547337602527488164e-02
