#Lower limit for the Conditional distribution of mass given radius from initial fitting w/o bootstrap
-1.529145293952608897e+00
-1.518914157387017960e+00
-1.488195853681301362e+00
-1.437112751790536436e+00
-1.364297930425932615e+00
-1.265840736864895621e+00
-1.139648508607543187e+00
-1.004165122436313951e+00
-8.941616026338634615e-01
-8.173247394763577534e-01
-7.640101003826378356e-01
-7.255505546085344593e-01
-6.965053093684248076e-01
-6.735501153509791950e-01
-6.545821132706859391e-01
-6.382081512237975929e-01
-6.234610315560623617e-01
-6.096382601274199509e-01
-5.962072144980367083e-01
-5.827475445785654795e-01
-5.689152621393339659e-01
-5.544199610638179676e-01
-5.390103000550083845e-01
-5.224649057507947392e-01
-5.045870193589404584e-01
-4.852019199056907817e-01
-4.641566231719307378e-01
-4.413216862459654610e-01
-4.165951909794712860e-01
-3.899091360597789491e-01
-3.612384901360043976e-01
-3.306129487535550693e-01
-2.981308540360727011e-01
-2.639736492341455687e-01
-2.284176800764940729e-01
-1.918385468627854251e-01
-1.547025561430574736e-01
-1.175414444826969051e-01
-8.091110202349170721e-02
-4.534120665040698717e-02
-1.128718741551487659e-02
2.090432596232758705e-02
5.101053858556185011e-02
7.892883136497613750e-02
1.046601274448780289e-01
1.282864031211504996e-01
1.499481611540650627e-01
1.698253635885602353e-01
1.881232444172019902e-01
2.050630812935574920e-01
2.208773643690908339e-01
2.358086306813512445e-01
2.501113111009387047e-01
2.640561110774539699e-01
2.779366307188789187e-01
2.920780825463849539e-01
3.068480682032053708e-01
3.226694215796619969e-01
3.400351169195803824e-01
3.595251950021848830e-01
3.818256337852497517e-01
4.077492101674301539e-01
4.382589211224396375e-01
4.744959047846695754e-01
5.178167573602132645e-01
5.698508355453929530e-01
6.325984532530296578e-01
7.086090052695152020e-01
8.013076981111250108e-01
9.155658719374257792e-01
1.058412836731884576e+00
1.237420091824557700e+00
1.441513229151795805e+00
1.612803574950170349e+00
1.722692547226387871e+00
1.790880725825774844e+00
1.835079696813764372e+00
1.864872384645605452e+00
1.885476824566886478e+00
1.899942773186433120e+00
1.910174223741109012e+00
1.917423067454671948e+00
1.922544807290479607e+00
1.926140461597541265e+00
1.928640297855253927e+00
1.930355970201548255e+00
1.931514537311507018e+00
1.932281567789256416e+00
1.932777371411786183e+00
1.933088715784840872e+00
1.933277462089607379e+00
1.933387024830628409e+00
1.933447248821689834e+00
1.933478107208289387e+00
1.933492505423838770e+00
1.933498398625985715e+00
1.933500377454885344e+00
1.933500836109186327e+00
1.933500747376020623e+00
-1.180683798846783539e+00
