#Conditional distribution of radius given mass from initial fitting w/o bootstrap
7.712025230343232396e-01
-1.216848691923771708e-01
-1.216813228329436669e-01
-1.216557101970370258e-01
-1.215550611095535388e-01
-1.212676113286240975e-01
-1.205934992499207020e-01
-1.192141036053980807e-01
-1.166702960918330478e-01
-1.123709872142421157e-01
-1.056646749351463632e-01
-9.600331710072047831e-02
-8.318553608973121294e-02
-6.758074895647513125e-02
-5.017210282591150899e-02
-3.232373975218264667e-02
-1.537325659657429872e-02
-2.833756948857793869e-04
1.248682583036562696e-02
2.290779506051722827e-02
3.121767655763194038e-02
3.777121236674034488e-02
4.293933702750483972e-02
4.705797492539400689e-02
5.041000358760334282e-02
5.322505158399975372e-02
5.568693553911518296e-02
5.794318044696007003e-02
6.011406656766136308e-02
6.230027275337824549e-02
6.458895356467392324e-02
6.705839201765205482e-02
6.978145068548817498e-02
7.282802871765647890e-02
7.626668338854294960e-02
8.016552026519414842e-02
8.459240804037834738e-02
8.961453772638518223e-02
9.529732417401147460e-02
1.017026433642099909e-01
1.088864143617024188e-01
1.168955726306798171e-01
1.257645424407570767e-01
1.355113978557971055e-01
1.461339965607767744e-01
1.576064641388131016e-01
1.698764773761057001e-01
1.828638187612894594e-01
1.964606271695505946e-01
2.105336379683182546e-01
2.249284933550570187e-01
2.394759370805064347e-01
2.539994338640143012e-01
2.683235303164936969e-01
2.822821530268870283e-01
2.957260506043036807e-01
3.085287277676461715e-01
3.205904575178025739e-01
3.318402383260822264e-01
3.422358301379193057e-01
3.517622112646889287e-01
3.604289250619766571e-01
3.682668305840862133e-01
3.753247524825864545e-01
3.816664688092544222e-01
3.873684092516224142e-01
3.925183856006310701e-01
3.972156609536920402e-01
4.015727002975820747e-01
4.057190468561275298e-01
4.098079501743759900e-01
4.140266470857418835e-01
4.186115712728526450e-01
4.238702152248051691e-01
4.302117719755139680e-01
4.381886940742028003e-01
4.485500539805559739e-01
4.623031538281963670e-01
4.807685194358512493e-01
5.055895942429605716e-01
5.386179693767152443e-01
5.815493942019167584e-01
6.351938935207480652e-01
6.984510745177247015e-01
7.675060631055159455e-01
8.361430921977767161e-01
8.976154740738184756e-01
9.471183937952486476e-01
9.831462680530940190e-01
1.007053465543065407e+00
1.021636312962136195e+00
1.029845827563433680e+00
1.034100517568658617e+00
1.036108426242403624e+00
1.036952336536576480e+00
1.037256020032607973e+00
1.037343254274209814e+00
1.037360724965035175e+00
1.037362519705300024e+00
1.037362557065525825e+00
