#Upper limit for the Conditional distribution of radius given mass from initial fitting w/o bootstrap
1.146250130671869316e+00
-9.754285072426432598e-03
-9.748205896475688192e-03
-9.704343123162175594e-03
-9.531922695709134363e-03
-9.038959828608722491e-03
-7.879796196447725817e-03
-5.494755563499337074e-03
-1.053198565554528537e-03
6.563622835639799404e-03
1.864230237903511528e-02
3.618714902571395359e-02
5.902187370151761731e-02
8.504837529626269044e-02
1.109457271082558427e-01
1.339756371570992310e-01
1.529242156937273001e-01
1.677911325407797916e-01
1.791589973496867105e-01
1.877633359587994599e-01
1.942897550651959404e-01
1.993059483673056687e-01
2.032565839631083060e-01
2.064817803886925263e-01
2.092409135423268507e-01
2.117345258458352975e-01
2.141222488938012702e-01
2.165367654452632074e-01
2.190945397753135127e-01
2.219041631627167166e-01
2.250730470925566273e-01
2.287130205244378989e-01
2.329453043191455630e-01
2.379049761248981931e-01
2.437449592968259915e-01
2.506390588677002151e-01
2.587829008161434685e-01
2.683904314485779374e-01
2.796818081037946158e-01
2.928564385351095090e-01
3.080444975255015594e-01
3.252366236322446480e-01
3.442102802063519151e-01
3.644974000739909514e-01
3.854396600890692692e-01
4.063257003135991030e-01
4.265382526698009991e-01
4.456377504888827112e-01
4.633686536637407483e-01
4.796210510752565992e-01
4.943829095040998545e-01
5.077008976665076112e-01
5.196536957631475717e-01
5.303355726158670569e-01
5.398469011183886224e-01
5.482888867549008394e-01
5.557607216047205645e-01
5.623580894829003363e-01
5.681724297134582713e-01
5.732906554211292249e-01
5.777951876443513379e-01
5.817642590795384372e-01
5.852724949424253920e-01
5.883918156937643085e-01
5.911927427359514597e-01
5.937462362264132043e-01
5.961262672368491389e-01
5.984134432222167899e-01
6.007001969308345402e-01
6.030983702842451777e-01
6.057505837521257597e-01
6.088477968261972739e-01
6.126574100439186044e-01
6.175702417894973761e-01
6.241835785117469948e-01
6.334594388865603110e-01
6.470595342256273419e-01
6.681717457134602745e-01
7.040897250364069881e-01
7.774823259791681096e-01
9.238298516502355673e-01
1.019580951023543625e+00
1.072166359938832025e+00
1.105932946088758584e+00
1.128884132980820354e+00
1.144642220216544493e+00
1.155307246836312141e+00
1.162322327353838558e+00
1.166768558859776039e+00
1.169467786980971091e+00
1.171028225911976417e+00
1.171880750066873311e+00
1.172316011301120620e+00
1.172520208916226325e+00
1.172605984628881437e+00
1.172636940455289434e+00
1.172645883682960966e+00
1.172647691416722315e+00
1.172647879971298490e+00
1.172647884001075891e+00
