#Lower limit for the Conditional distribution of radius given mass from initial fitting w/o bootstrap
-1.685166285315574108e-01
-2.018824497507796800e-01
-2.018792200095442246e-01
-2.018645235858409492e-01
-2.018228860234519972e-01
-2.017303638243545805e-01
-2.015528173333635542e-01
-2.012437851156272106e-01
-2.007417950205943047e-01
-1.999668688733521049e-01
-1.988158814026326493e-01
-1.971563525597562760e-01
-1.948183179780036134e-01
-1.915845738484567851e-01
-1.871821373606798455e-01
-1.812855764782211609e-01
-1.735619940626091928e-01
-1.638154071457731675e-01
-1.522606522968678877e-01
-1.397321510240476794e-01
-1.274306279121568131e-01
-1.163219651397440352e-01
-1.068313932146798401e-01
-9.896308327122202431e-02
-9.252248771290713658e-02
-8.726158334032044217e-02
-8.294420557656206894e-02
-7.936760256881293663e-02
-7.636514170986451189e-02
-7.380226521778544824e-02
-7.157076705508584602e-02
-6.958329160262195778e-02
-6.776863923694052827e-02
-6.606795481380020596e-02
-6.443169950572084914e-02
-6.281726331367751270e-02
-6.118708135605419735e-02
-5.950713788034573543e-02
-5.774576473847897046e-02
-5.587266127452961834e-02
-5.385807910256857484e-02
-5.167212832738881517e-02
-4.928417206210283785e-02
-4.666228444732180985e-02
-4.377275467795823521e-02
-4.057962683382122793e-02
-3.704427390787884411e-02
-3.312501615406436561e-02
-2.877681137403212755e-02
-2.395107187894050457e-02
-1.859570504781336495e-02
-1.265553877808352559e-02
-6.073387415268719988e-03
1.207858010436190996e-03
9.241579954497923174e-03
1.807156493530870725e-02
2.772328614260474028e-02
3.819214851897977103e-02
4.942969275421394554e-02
6.133085096381303558e-02
7.372772747119869796e-02
8.639610094179921151e-02
9.907753853470828431e-02
1.115128369984092482e-01
1.234760750692001086e-01
1.347983410831124218e-01
1.453763135223651581e-01
1.551680288742715574e-01
1.641817323499756565e-01
1.724633233322595549e-01
1.800857719479843355e-01
1.871418954257615397e-01
1.937407273933625107e-01
2.000073033624065189e-01
2.060857343883891191e-01
2.121457280005997481e-01
2.183931342375600992e-01
2.250856243103917798e-01
2.325552898565504678e-01
2.412408932182592558e-01
2.517339841354855889e-01
2.648459013540794271e-01
2.817090282831343773e-01
3.039419925481382512e-01
3.339535315506403923e-01
3.755903719789099870e-01
4.357124581887714676e-01
5.275101545441471806e-01
6.545600598218548338e-01
7.469254529782759500e-01
7.935895250152463776e-01
8.184044366959376537e-01
8.321101701005405582e-01
8.396125132740792640e-01
8.435312716286651469e-01
8.454085676803290150e-01
8.461886931649055255e-01
8.464431358483700540e-01
8.464947901429500376e-01
8.464978461190558745e-01
