#Upper limit for the Conditional distribution of radius given mass from initial fitting w/o bootstrap
9.296590536372238925e-09
1.770471052053265992e-01
1.770972360489249664e-01
1.772388364669980343e-01
1.775262521105320512e-01
1.780207071465451929e-01
1.787912594384491183e-01
1.799159680445231446e-01
1.814833239041328539e-01
1.835940023446576419e-01
1.863630003610391994e-01
1.899222161920823826e-01
1.944235009270947889e-01
2.000421301856465106e-01
2.069804610602264117e-01
2.154711872995721256e-01
2.257787133817127645e-01
2.381958975166187653e-01
2.530307647396675685e-01
2.705744695061551019e-01
2.910391823393274069e-01
3.144591460921977166e-01
3.405712463844671190e-01
3.687358619447357322e-01
3.979854313151107159e-01
4.272271008330121855e-01
4.554981395083572138e-01
4.821295450783969483e-01
5.067679028822663634e-01
5.293074128178058002e-01
5.498013388105255084e-01
5.683901783620344261e-01
5.852543648040186008e-01
6.005868886031053844e-01
6.145789272139717818e-01
6.274132380068271342e-01
6.392617810300459391e-01
6.502856048113054843e-01
6.606358654646007356e-01
6.704553903619256960e-01
6.798804867558454479e-01
6.890428514239115287e-01
6.980715158993827663e-01
7.070947948777286385e-01
7.162422077183490110e-01
7.256463178460463848e-01
7.354443754475501471e-01
7.457795382679748286e-01
7.568012548738072276e-01
7.686640626303042900e-01
7.815236104083073121e-01
7.955279403256079185e-01
8.108014871775184318e-01
8.274190199432179815e-01
8.453687880169662439e-01
8.645102945406781814e-01
8.845432894917019118e-01
9.050139321769367085e-01
9.253760323301772894e-01
9.450929593285931629e-01
9.637338174301254279e-01
9.810221984883752411e-01
9.968314238238776825e-01
1.011148689155127345e+00
1.024033171211673476e+00
1.035582013329298778e+00
1.045907460614377671e+00
1.055123420416823832e+00
1.063338444155555340e+00
1.070652632357229184e+00
1.077156725146779737e+00
1.082932308222670503e+00
1.088052545677818950e+00
1.092583053769245804e+00
1.096582808980129276e+00
1.100104966047117827e+00
1.103197575769733429e+00
1.105904195668530043e+00
1.108264402174452323e+00
1.110314218351020621e+00
1.112086471918200870e+00
1.113611097400919903e+00
1.114915394359024647e+00
1.116024256513895141e+00
1.116960349500039085e+00
1.117744318128500947e+00
1.118394927477724510e+00
1.118929215909488573e+00
1.119362632150979531e+00
1.119709162904287680e+00
1.119981452147845058e+00
1.120190911648142551e+00
1.120347825568826838e+00
1.120461446937961236e+00
1.120540087607414970e+00
1.120591201687464622e+00
1.120621462724359585e+00
1.120636834901479695e+00
1.120642638560387594e+00
9.296590536372238925e-09
