#Lower limit for the Conditional distribution of mass given radius from initial fitting w/o bootstrap
-1.684251195862538575e+00
-1.681512779921781275e+00
-1.672941992686322488e+00
-1.657741234213614634e+00
-1.634626217242763913e+00
-1.601529311672948763e+00
-1.555007963297140750e+00
-1.489063870535730860e+00
-1.393517302842832928e+00
-1.260272561487039589e+00
-1.119301869245114434e+00
-1.013230158610963549e+00
-9.401632314370672594e-01
-8.880567604177179719e-01
-8.490706730677120007e-01
-8.186206153863677670e-01
-7.939155799247070711e-01
-7.731589851364727428e-01
-7.551332401478458856e-01
-7.389746497760146804e-01
-7.240449689311928561e-01
-7.098545476401000309e-01
-6.960144526754409311e-01
-6.822056353754258895e-01
-6.681585495540370845e-01
-6.536394198587450743e-01
-6.384408964225782857e-01
-6.223757136625303055e-01
-6.052725027707682726e-01
-5.869732473852263821e-01
-5.673321067381988936e-01
-5.462155090481985997e-01
-5.235035667610525856e-01
-4.990929951429119993e-01
-4.729018210003688161e-01
-4.448762215827312683e-01
-4.149997773035844495e-01
-3.833051611925283875e-01
-3.498877011184555741e-01
-3.149192414523327987e-01
-2.786593540073679098e-01
-2.414595991449034196e-01
-2.037560704008736512e-01
-1.660469392913137554e-01
-1.288556239263375092e-01
-9.268543409836442482e-02
-5.797543072640759521e-02
-2.506726149078386881e-02
5.811310910380938256e-03
3.454619567271168673e-02
6.112449071151276198e-02
8.561575742379645693e-02
1.081523262160260651e-01
1.289120778506033793e-01
1.481053450999798571e-01
1.659663179858383852e-01
1.827486639491714693e-01
1.987248360086078525e-01
2.141885540460847226e-01
2.294600686314403060e-01
2.448939691707296418e-01
2.608894355166402890e-01
2.779029376154112385e-01
2.964634638266943623e-01
3.171904306371322591e-01
3.408145588873666143e-01
3.682023285212451813e-01
4.003853972121766969e-01
4.385980224384927739e-01
4.843287547734955178e-01
5.393984844670234313e-01
6.060864885914707401e-01
6.873389184649693062e-01
7.870952748331989657e-01
9.106481028106594433e-01
1.064031139799566095e+00
1.246857194315500461e+00
1.430744964401566843e+00
1.571910138333601825e+00
1.665183369119509704e+00
1.726056701890482881e+00
1.766749989885055161e+00
1.794535125262515463e+00
1.813739784689944790e+00
1.827066476259295413e+00
1.836287137531134928e+00
1.842610298862437102e+00
1.846884322743507223e+00
1.849716092842792925e+00
1.851544096122702765e+00
1.852685755491688457e+00
1.853369568900085085e+00
1.853757883062995271e+00
1.853963628799176977e+00
1.854062976626405179e+00
1.854105103252773334e+00
1.854119820453915102e+00
1.854123562955491522e+00
1.854124081435115867e+00
-1.229448880659404164e+00
