#Conditional distribution of radius given mass from initial fitting w/o bootstrap
7.846483220760104293e-01
-1.117852607697873563e-01
-1.117179773877361032e-01
-1.114918651675694261e-01
-1.109585437059759788e-01
-1.099164249413882438e-01
-1.081122858578155710e-01
-1.052529337936024822e-01
-1.010315782609769869e-01
-9.517133016125735312e-02
-8.748252950242067782e-02
-7.792195015657808754e-02
-6.663423974780420533e-02
-5.395562761566084081e-02
-4.037112560262340333e-02
-2.643538471201778428e-02
-1.268284215664066197e-02
4.450910114454634985e-04
1.263927813832973687e-02
2.372771520159439040e-02
3.365614631664613082e-02
4.245759641875747337e-02
5.022126816988645159e-02
5.706663164657786030e-02
6.312461661043122785e-02
6.852546471658764460e-02
7.339181372802144887e-02
7.783544228641368912e-02
8.195634610042699941e-02
8.584316382593579209e-02
8.957428977490507205e-02
9.321925644131864863e-02
9.684014127924116255e-02
1.004928635558151317e-01
1.042283053105935997e-01
1.080932298228416549e-01
1.121309921611181037e-01
1.163820466927392716e-01
1.208842606872392589e-01
1.256730444456938267e-01
1.307813086768341293e-01
1.362392603464296081e-01
1.420740497108948786e-01
1.483092841584055799e-01
1.549644290259407364e-01
1.620541217153323998e-01
1.695874329284332849e-01
1.775671171433082229e-01
1.859889027358071212e-01
1.948408793198401490e-01
2.041030446402731513e-01
2.137470743451605759e-01
2.237363739695469034e-01
2.340264626565211059e-01
2.445657223579637274e-01
2.552965252091742299e-01
2.661567271459530648e-01
2.770814902189606133e-01
2.880053726761028776e-01
2.988646081292238854e-01
3.095994860380877345e-01
3.201567475001990681e-01
3.304919238609325682e-01
3.405715705376460845e-01
3.503753830893723276e-01
3.598982245963652238e-01
3.691521402354662751e-01
3.781684841820713294e-01
3.870003337600569360e-01
3.957254145223407238e-01
4.044498055399932124e-01
4.133127320074681532e-01
4.224927717394748039e-01
4.322157804948610904e-01
4.427647331618406734e-01
4.544913999796355575e-01
4.678291840183219641e-01
4.833053058049322503e-01
5.015485040942809780e-01
5.232851634752693215e-01
5.493121365957508440e-01
5.804292501921600733e-01
6.173114976741271853e-01
6.603069141225396121e-01
7.091713698725874426e-01
7.628031065215865603e-01
8.191043619264336551e-01
8.751236505422153034e-01
9.275510012993022357e-01
9.734450521808231116e-01
1.010893382258720052e+00
1.039316777044471785e+00
1.059337356898476745e+00
1.072360138856846223e+00
1.080098871145813488e+00
1.084208729128493642e+00
1.086075803993906908e+00
1.086737412991711782e+00
1.086882999546248785e+00
1.086892292266725679e+00
