#Lower limit for the Conditional distribution of mass given radius from initial fitting w/o bootstrap
5.490909520458612038e-09
-1.343885929026325865e+00
-1.197389127999948677e+00
-1.093948253632746281e+00
-1.020665049547754943e+00
-9.674559443193633257e-01
-9.274728468639228396e-01
-8.963425216299124587e-01
-8.712822611533108663e-01
-8.504839761811424648e-01
-8.327383157252363777e-01
-8.172116376982356822e-01
-8.033125232147783068e-01
-7.906101712282990190e-01
-7.787831600354137018e-01
-7.675864680714198363e-01
-7.568297048440850716e-01
-7.463624212318935580e-01
-7.360639960296733175e-01
-7.258365498929348902e-01
-7.155999045664284131e-01
-7.052879511402460055e-01
-6.948460062009481630e-01
-6.842288715135050881e-01
-6.733994013858823902e-01
-6.623274400873494505e-01
-6.509890304934584648e-01
-6.393658212403235952e-01
-6.274446173249443870e-01
-6.152170310078277637e-01
-6.026791978438019726e-01
-5.898315278878533130e-01
-5.766784654295411539e-01
-5.632282326050828125e-01
-5.494925333748427176e-01
-5.354861940528309328e-01
-5.212267225854994024e-01
-5.067337604017733144e-01
-4.920283836079840656e-01
-4.771323042251574553e-01
-4.620668510036508025e-01
-4.468517849783493201e-01
-4.315038994720686860e-01
-4.160353880056938403e-01
-4.004519557656818218e-01
-3.847506454261370168e-01
-3.689173408656313824e-01
-3.529239025573079336e-01
-3.367248764360489810e-01
-3.202537046820151945e-01
-3.034183535856269098e-01
-2.860962626947495813e-01
-2.681285137182914946e-01
-2.493131205143333251e-01
-2.293973558449367289e-01
-2.080690586458896485e-01
-1.849468866990090499e-01
-1.595695445359575637e-01
-1.313839110841563129e-01
-9.973194108130320479e-02
-6.383576455686981732e-02
-2.277965596874877846e-02
2.451384435567020154e-02
7.931851923028279683e-02
1.431574266228917425e-01
2.178840282801143280e-01
3.057970150003735399e-01
4.097593064215064307e-01
5.331296608951704430e-01
6.786965813502399136e-01
8.442675357277023007e-01
1.014094990411518626e+00
1.162188854878323463e+00
1.275421105618774087e+00
1.357554669284019244e+00
1.416781912447055980e+00
1.459834173076338448e+00
1.491403202246035287e+00
1.514688814799013850e+00
1.531907930280796748e+00
1.544633071735904251e+00
1.554004652098143646e+00
1.560864811959201903e+00
1.565843910724615373e+00
1.569418151388453531e+00
1.571949184184095127e+00
1.573712137425476332e+00
1.574915994136997677e+00
1.575718755183154407e+00
1.576238948161588826e+00
1.576564504010527168e+00
1.576759688677686455e+00
1.576870564484218473e+00
1.576929317809020681e+00
1.576957698297537069e+00
1.576969752945736047e+00
1.576973995959916053e+00
1.576975128674971360e+00
1.576975459374069466e+00
5.490909520458612038e-09
