#Conditional distribution of mass given radius from initial fitting w/o bootstrap
nan
-5.661478535964642456e-01
-4.091041127551193757e-01
-3.264075778530963756e-01
-2.747899978402238985e-01
-2.389530489369099675e-01
-2.121042543700756844e-01
-1.907615631996002759e-01
-1.729519864449691746e-01
-1.574715885035014307e-01
-1.435425981227230474e-01
-1.306395032810814538e-01
-1.183944126813547687e-01
-1.065425613684116146e-01
-9.488944528844665827e-02
-8.329021751519882777e-02
-7.163633576056836760e-02
-5.984665139088519298e-02
-4.786129856652114600e-02
-3.563738982025690255e-02
-2.314589730111689392e-02
-1.036932100378364086e-02
2.700118291691871227e-03
1.606193745547559310e-02
2.970862099043995730e-02
4.362670557878600003e-02
5.779777700934133483e-02
7.219941995647230493e-02
8.680614908633467464e-02
1.015903417742603371e-01
1.165231873656230877e-01
1.315756647992427086e-01
1.467195591581335334e-01
1.619285280760148493e-01
1.771792307517067178e-01
1.924525354974280789e-01
2.077348261826316989e-01
2.230194335423696939e-01
2.383082239798300361e-01
2.536133860218867664e-01
2.689594626756390272e-01
2.843856860604302428e-01
2.999486779799741543e-01
3.157255851214863518e-01
3.318177180338268695e-01
3.483547553746714764e-01
3.654995537084902990e-01
3.834535603976793605e-01
4.024627514999991051e-01
4.228238926166358880e-01
4.448907285831345537e-01
4.690794248828986657e-01
4.958721877035008885e-01
5.258174688062277058e-01
5.595245317595668455e-01
5.976494902654917452e-01
6.408693971226399055e-01
6.898408740799687466e-01
7.451405989151639320e-01
8.071872814913123584e-01
8.761490409221963649e-01
9.518463142852034986e-01
1.033667517236006139e+00
1.120520164796685370e+00
1.210840506246158688e+00
1.302676828853649438e+00
1.393845155132614311e+00
1.482135399873445003e+00
1.565529239614464663e+00
1.642385857045017605e+00
1.711561187327205635e+00
1.772446088918708806e+00
1.824930306904698041e+00
1.869314193140009239e+00
1.906195393350217371e+00
1.936354457917079719e+00
1.960655532529546941e+00
1.979969864242934641e+00
1.995123247205791595e+00
2.006864511308553034e+00
2.015850422581350720e+00
2.022642183213822609e+00
2.027709367235490667e+00
2.031438076827682515e+00
2.034141043440628405e+00
2.036068184312647578e+00
2.037416719569741463e+00
2.038340371964908471e+00
2.038957445187566275e+00
2.039357745073289152e+00
2.039608403495995148e+00
2.039758712396002149e+00
2.039844093401207648e+00
2.039889329191289402e+00
2.039911174202245103e+00
2.039920449568629834e+00
2.039923713764626001e+00
2.039924591314911329e+00
2.039924895069399113e+00
nan
