#Upper limit for the Conditional distribution of radius given mass from initial fitting w/o bootstrap
-8.112941189532991981e-02
-8.111807601413548174e-02
-8.094042274912639778e-02
-8.013171881610535452e-02
-7.783750778284732885e-02
-7.272714858171776264e-02
-6.290178640043270208e-02
-4.591519467421369127e-02
-1.939143542179863622e-02
1.689582971987839410e-02
5.863411293229504884e-02
9.901211696047043653e-02
1.335590649942077213e-01
1.611825547598328967e-01
1.825743698428847483e-01
1.989436508454349162e-01
2.114738114380016187e-01
2.211550591473527283e-01
2.287638381244200270e-01
2.348911609177613269e-01
2.399817770854737742e-01
2.443705071977196885e-01
2.483118402373483691e-01
2.520026448167594357e-01
2.555990797340795817e-01
2.592290046154046013e-01
2.630010376480600987e-01
2.670111571686564211e-01
2.713475001425003641e-01
2.760938028521612297e-01
2.813317575770024059e-01
2.871424140822021465e-01
2.936066258118517625e-01
3.008044214768119673e-01
3.088130764596056510e-01
3.177035855120577956e-01
3.275352458782672116e-01
3.383482286237246561e-01
3.501544458107299085e-01
3.629277727165173828e-01
3.765956548316120034e-01
3.910349163467941036e-01
4.060745149645612062e-01
4.215065087409674560e-01
4.371038500597071996e-01
4.526410646343371758e-01
4.679129322798697976e-01
4.827474760769584483e-01
4.970119863727737730e-01
5.106130140967809483e-01
5.234923926125556459e-01
5.356213986563644891e-01
5.469946235904210585e-01
5.576244675285988439e-01
5.675366456740105203e-01
5.767667715979497567e-01
5.853579228383390953e-01
5.933590424186876433e-01
6.008240371058678475e-01
6.078114682015400838e-01
6.143847768183353653e-01
6.206130367183754215e-01
6.265722841890954964e-01
6.323475413098840203e-01
6.380357364399742437e-01
6.437498510679329211e-01
6.496248149992627230e-01
6.558259856521757580e-01
6.625615828571089772e-01
6.701014084685211758e-01
6.788059793573878453e-01
6.891737699414880458e-01
7.019217653052679529e-01
7.181313055824747327e-01
7.395305136258674139e-01
7.690726946315525892e-01
8.120411734205893461e-01
8.760431875564037574e-01
9.556395147010079416e-01
1.022530355019082515e+00
1.070020133779736815e+00
1.104301268864477992e+00
1.129930016814377103e+00
1.149520596851433263e+00
1.164644849008414917e+00
1.176326748173161851e+00
1.185288073170406742e+00
1.192074335835797472e+00
1.197121005527901572e+00
1.200788199337828654e+00
1.203378446384876010e+00
1.205145838557330151e+00
1.206301373167419033e+00
1.207017034007552114e+00
1.207429705051211277e+00
1.207645191914370919e+00
1.207742264213444550e+00
1.207776541173198659e+00
1.207784075414076730e+00
1.207784556220679484e+00
