#Weights for Beta densities from initial fitting w/o bootstrap
3.658905944074136547e-11
5.268840117105843895e-12
0.000000000000000000e+00
0.000000000000000000e+00
0.000000000000000000e+00
0.000000000000000000e+00
0.000000000000000000e+00
0.000000000000000000e+00
0.000000000000000000e+00
0.000000000000000000e+00
0.000000000000000000e+00
0.000000000000000000e+00
0.000000000000000000e+00
0.000000000000000000e+00
0.000000000000000000e+00
0.000000000000000000e+00
0.000000000000000000e+00
4.420627175339716247e-02
7.531171792142986114e-12
0.000000000000000000e+00
0.000000000000000000e+00
0.000000000000000000e+00
0.000000000000000000e+00
0.000000000000000000e+00
0.000000000000000000e+00
0.000000000000000000e+00
0.000000000000000000e+00
0.000000000000000000e+00
0.000000000000000000e+00
0.000000000000000000e+00
0.000000000000000000e+00
0.000000000000000000e+00
0.000000000000000000e+00
0.000000000000000000e+00
3.621483198859663775e-11
1.058090830730650718e-11
1.957954421739005510e-12
0.000000000000000000e+00
0.000000000000000000e+00
0.000000000000000000e+00
0.000000000000000000e+00
0.000000000000000000e+00
0.000000000000000000e+00
0.000000000000000000e+00
0.000000000000000000e+00
0.000000000000000000e+00
0.000000000000000000e+00
0.000000000000000000e+00
0.000000000000000000e+00
0.000000000000000000e+00
0.000000000000000000e+00
2.975717820209187717e-11
1.392740569926222181e-11
4.855711021129770449e-12
7.984995055119592037e-13
0.000000000000000000e+00
0.000000000000000000e+00
0.000000000000000000e+00
0.000000000000000000e+00
0.000000000000000000e+00
0.000000000000000000e+00
0.000000000000000000e+00
0.000000000000000000e+00
0.000000000000000000e+00
0.000000000000000000e+00
0.000000000000000000e+00
0.000000000000000000e+00
0.000000000000000000e+00
2.226946983403339503e-11
1.512376473306236431e-11
6.092544517579294461e-12
9.989558366946399483e-13
0.000000000000000000e+00
0.000000000000000000e+00
0.000000000000000000e+00
0.000000000000000000e+00
0.000000000000000000e+00
0.000000000000000000e+00
0.000000000000000000e+00
0.000000000000000000e+00
0.000000000000000000e+00
0.000000000000000000e+00
0.000000000000000000e+00
0.000000000000000000e+00
0.000000000000000000e+00
1.438965286270184925e-11
1.220895945458720056e-11
4.481208307372453878e-12
1.280821875275882163e-13
0.000000000000000000e+00
0.000000000000000000e+00
0.000000000000000000e+00
0.000000000000000000e+00
0.000000000000000000e+00
0.000000000000000000e+00
0.000000000000000000e+00
0.000000000000000000e+00
0.000000000000000000e+00
0.000000000000000000e+00
0.000000000000000000e+00
0.000000000000000000e+00
0.000000000000000000e+00
6.733854125001584878e-12
6.353296387429304668e-12
3.007201496187643652e-01
0.000000000000000000e+00
3.060293231850721064e-13
1.427808812143966069e-12
1.124468922940386251e-12
0.000000000000000000e+00
0.000000000000000000e+00
0.000000000000000000e+00
0.000000000000000000e+00
0.000000000000000000e+00
0.000000000000000000e+00
0.000000000000000000e+00
0.000000000000000000e+00
0.000000000000000000e+00
0.000000000000000000e+00
6.477550293655321311e-13
4.780646167132023656e-13
0.000000000000000000e+00
1.780868924369428952e-01
2.302485773987887774e-12
4.717341287966245227e-12
4.863733286174448113e-12
3.382759798234593718e-12
1.217553314590292770e-12
0.000000000000000000e+00
0.000000000000000000e+00
0.000000000000000000e+00
0.000000000000000000e+00
0.000000000000000000e+00
0.000000000000000000e+00
0.000000000000000000e+00
0.000000000000000000e+00
0.000000000000000000e+00
0.000000000000000000e+00
0.000000000000000000e+00
5.222851854799835828e-13
4.982943267830275938e-10
9.164197436967289832e-12
1.003038072228756080e-11
8.650609279696069953e-12
6.740831261621622630e-12
3.622063205653175102e-12
6.484363501673707123e-13
0.000000000000000000e+00
0.000000000000000000e+00
0.000000000000000000e+00
0.000000000000000000e+00
0.000000000000000000e+00
0.000000000000000000e+00
0.000000000000000000e+00
0.000000000000000000e+00
0.000000000000000000e+00
2.438471319336503732e-12
8.690736572042657074e-12
1.555079334642721312e-10
1.532780581599236776e-11
1.440867386528074377e-11
1.273657304945877373e-11
9.805444252480470602e-12
5.806123823006518644e-12
1.516822942368328351e-12
0.000000000000000000e+00
0.000000000000000000e+00
0.000000000000000000e+00
0.000000000000000000e+00
0.000000000000000000e+00
0.000000000000000000e+00
0.000000000000000000e+00
0.000000000000000000e+00
3.302339025637037806e-12
9.849726506217668546e-12
1.517766255765794040e-11
0.000000000000000000e+00
3.520513389390712011e-01
1.931468223239119150e-11
1.697294647642699266e-11
1.192464895958273986e-11
5.831096705801725845e-12
4.594771792113836592e-13
0.000000000000000000e+00
0.000000000000000000e+00
0.000000000000000000e+00
0.000000000000000000e+00
0.000000000000000000e+00
0.000000000000000000e+00
0.000000000000000000e+00
2.188481614179706256e-12
7.921767445883636880e-12
1.322231259694138126e-11
1.743352184049602482e-11
2.080885953251145304e-11
5.815749110206232145e-11
2.149467521350910573e-11
1.667305428510267547e-11
9.593782511444034253e-12
3.102452880799796673e-12
0.000000000000000000e+00
0.000000000000000000e+00
0.000000000000000000e+00
0.000000000000000000e+00
0.000000000000000000e+00
0.000000000000000000e+00
0.000000000000000000e+00
0.000000000000000000e+00
3.819454254633691588e-12
8.195142640256491405e-12
1.272316444199621839e-11
1.732173331654341861e-11
2.081562020871697856e-11
2.106706822750313053e-11
1.722934030740534286e-11
1.098135210371886414e-11
5.429085412934414437e-12
2.248947502328485753e-12
2.656774499814804005e-13
0.000000000000000000e+00
0.000000000000000000e+00
0.000000000000000000e+00
0.000000000000000000e+00
0.000000000000000000e+00
0.000000000000000000e+00
0.000000000000000000e+00
2.290422276639470711e-12
5.935196479212575979e-12
1.022209460584800572e-11
1.381837672775434792e-11
1.490331603116472717e-11
1.290818062453641171e-11
9.585448999862057074e-12
7.717436726196648839e-12
7.730241144624305715e-12
6.714183882272530938e-12
2.106962026983688664e-12
0.000000000000000000e+00
0.000000000000000000e+00
0.000000000000000000e+00
0.000000000000000000e+00
0.000000000000000000e+00
0.000000000000000000e+00
0.000000000000000000e+00
0.000000000000000000e+00
2.442456177569528216e-12
4.825090441585759521e-12
5.999512985614797887e-12
6.026471329874534380e-12
6.724016930757101233e-12
9.943940507403925663e-12
1.435138103170576660e-11
1.460264922895077307e-11
7.571989534301471564e-12
0.000000000000000000e+00
0.000000000000000000e+00
0.000000000000000000e+00
0.000000000000000000e+00
0.000000000000000000e+00
0.000000000000000000e+00
0.000000000000000000e+00
0.000000000000000000e+00
0.000000000000000000e+00
0.000000000000000000e+00
0.000000000000000000e+00
5.966996941730298758e-14
3.239031600243938205e-12
9.425719673039150750e-12
1.622714057880966734e-11
3.934985551563282245e-03
9.695744776253160425e-12
0.000000000000000000e+00
0.000000000000000000e+00
0.000000000000000000e+00
0.000000000000000000e+00
0.000000000000000000e+00
0.000000000000000000e+00
0.000000000000000000e+00
0.000000000000000000e+00
0.000000000000000000e+00
0.000000000000000000e+00
0.000000000000000000e+00
0.000000000000000000e+00
0.000000000000000000e+00
2.717041889282191913e-12
7.174717252856954583e-12
1.210003608910202172e-01
3.598487577602765562e-12
0.000000000000000000e+00
