7.628630150600952220e+02
7.707431736075554909e+02
7.941088211672283705e+02
7.137689119155028266e+02
7.472228964534264151e+02
7.089536586299687997e+02
7.198772370196787733e+02
7.179456148483504876e+02
6.896291050291423517e+02
7.078725559700035319e+02
6.800247635588966659e+02
7.252526975636747011e+02
7.450797213961516263e+02
7.685150209013391986e+02
7.638436359015609014e+02
7.677826137830568314e+02
7.591644980080561709e+02
7.664142333872281370e+02
7.340477257972754614e+02
7.350461159193553158e+02
7.330787150160761030e+02
7.335240578874290804e+02
6.952341716251114576e+02
7.462567400635487047e+02
7.595014075595304348e+02
7.349498520196264053e+02
6.891873050472140676e+02
7.455329254300600041e+02
7.092078165254005171e+02
7.708009455458027332e+02
7.223288593266447606e+02
7.608667123334321332e+02
7.658440743527610266e+02
7.680239184849990579e+02
7.543078162890498106e+02
7.147562395153216812e+02
7.543812517445257981e+02
7.519265509985978042e+02
7.355546809721682848e+02
7.465279446578490479e+02
7.363963536834730803e+02
7.326464897875100633e+02
7.401391985413520160e+02
7.489985830240940459e+02
7.174341501138699186e+02
7.887279767067066132e+02
7.661922888505926039e+02
7.270403479149617851e+02
6.993185978669247334e+02
7.453626386549240124e+02
7.100724822302720440e+02
8.143935321013327666e+02
7.730776197467378097e+02
7.443364140550092998e+02
7.520855038836323274e+02
7.876373804753209242e+02
7.565023672874208387e+02
7.482805221737410193e+02
7.230702596634052952e+02
8.176488464453231018e+02
6.954552468483050234e+02
7.677780413934603985e+02
7.356365272048816450e+02
7.443989915346609223e+02
7.246190401523323317e+02
7.775233340075955084e+02
7.681937272785293089e+02
7.147621709909508354e+02
7.725692367303038282e+02
7.475391060831213963e+02
7.326214839370557002e+02
7.394507866113956425e+02
7.747957019547600339e+02
8.008963480997491615e+02
7.672365977641709378e+02
7.195109901981209077e+02
7.304276066863641290e+02
8.037207070402021145e+02
7.863041784690553868e+02
7.657947677214679061e+02
7.694936033202088765e+02
7.442584391683692502e+02
7.312887315494908762e+02
7.202279871281251644e+02
7.194973551725887546e+02
8.047668822836327536e+02
7.486803168128233210e+02
7.427665784126538711e+02
7.584152716763301214e+02
7.615581070917855868e+02
7.898150137741904473e+02
7.384810225768545706e+02
7.694656213866094276e+02
7.327890186943401432e+02
7.845310528513643931e+02
7.340463642360775793e+02
7.212068790517296293e+02
7.325144648385319215e+02
7.542974007564008616e+02
7.766611535085418154e+02
