1.438267760798370432e-01
1.443473892680113002e-01
1.479783102367060732e-01
1.570344272561347287e-01
1.713233803641453223e-01
1.879682692171907588e-01
2.036285993462544630e-01
2.164519644422860656e-01
2.261471657399688473e-01
2.331970491197483675e-01
2.382525291262463651e-01
2.418783283881685564e-01
2.444977762907169783e-01
2.464096882147479850e-01
2.478200387940816540e-01
2.488698609349170310e-01
2.496558139589953873e-01
2.502443552487727541e-01
2.506812463586747808e-01
2.509978805878774755e-01
2.512155075613581867e-01
2.513480859148176649e-01
2.514042511906684485e-01
2.513887239736024570e-01
2.513033778329080703e-01
2.511481169243142131e-01
2.509216638538294131e-01
2.506223189581657795e-01
2.502487157301910292e-01
2.498005607874032030e-01
2.492793118652015805e-01
2.486887193949619823e-01
2.480351447850682456e-01
2.473275796130690041e-01
2.465773274569811602e-01
2.457973678650479110e-01
2.450014844893883270e-01
2.442032867994028966e-01
2.434152711096054522e-01
2.426480471579507969e-01
2.419098093850790832e-01
2.412060740294827421e-01
2.405396513805977687e-01
2.399107882806494618e-01
2.393174021655756489e-01
2.387553308076206804e-01
2.382185345134283094e-01
2.376992029651733562e-01
2.371877322174810176e-01
2.366725459816857724e-01
2.361397385650869374e-01
2.355725152517882948e-01
2.349504007985055987e-01
2.342481799014126120e-01
2.334345275741813164e-01
2.324702864321510354e-01
2.313063586410874783e-01
2.298812139637125551e-01
2.281180899080131053e-01
2.259221024701351943e-01
2.231777327078090234e-01
2.197475446506892416e-01
2.154735437260296427e-01
2.101832497965727131e-01
2.037031156134724852e-01
1.958818615964351972e-01
1.866247779992118161e-01
1.759361619914396602e-01
1.639607422757306809e-01
1.510083617593767358e-01
1.375443190217908729e-01
1.241359137328027357e-01
1.113637321767766142e-01
9.972465199281614623e-02
8.955921970678717980e-02
8.102401456825177040e-02
7.410856352492163623e-02
6.868028776128043411e-02
6.453701954278601161e-02
6.145221989694148179e-02
5.920646500329380252e-02
5.760522913647390941e-02
5.648613211557456520e-02
5.571942920844678154e-02
5.520486990936288030e-02
5.486706290149795384e-02
5.465061203645172477e-02
5.451566751857002402e-02
5.443415119006120989e-02
5.438670156925259208e-02
5.436028081220878327e-02
5.434634562813418779e-02
5.433947726971920938e-02
5.433637424629859242e-02
5.433512565033717795e-02
5.433469806817416148e-02
5.433458279450934653e-02
5.433456173406732426e-02
5.433455988375921614e-02
5.433455985183633513e-02
