1.903459458848885181e-11
2.372283573014829366e-03
8.220112745155164907e-03
1.599963267118597113e-02
2.457470109083164517e-02
3.314021918546318501e-02
4.115875537829663533e-02
4.830796209294849902e-02
5.443671024826574750e-02
5.952824630530557937e-02
6.366901112163898813e-02
6.702204918033606573e-02
6.980418247505837392e-02
7.226632779798809747e-02
7.467650235577455442e-02
7.730519392378801258e-02
8.041287180973381854e-02
8.423948754506571657e-02
8.899586329691984432e-02
9.485689527014305733e-02
1.019565124827654656e-01
1.103843316807172070e-01
1.201839399904011535e-01
1.313527210875302387e-01
1.438431207749355789e-01
1.575652261748771432e-01
1.723905111874511065e-01
1.881565810527771609e-01
2.046727320673008277e-01
2.217261297231369610e-01
2.390884004531718121e-01
2.565224291940199075e-01
2.737891572984429978e-01
2.906541828933282834e-01
3.068939783503868979e-01
3.223015567109466795e-01
3.366914401427495984e-01
3.499038081555447821e-01
3.618077306312239561e-01
3.723034199453555404e-01
3.813234667513359932e-01
3.888330545398123728e-01
3.948291780626436709e-01
3.993389193445022189e-01
4.024168615702500840e-01
4.041417449732028211e-01
4.046124893798993538e-01
4.039437248033161953e-01
4.022609840312681984e-01
3.996957192484356103e-01
3.963803081879938572e-01
3.924432140731468066e-01
3.880044577329457844e-01
3.831715499234433220e-01
3.780360173230153942e-01
3.726706372682848656e-01
3.671274745157747654e-01
3.614367886995148993e-01
3.556068543254280456e-01
3.496247067812096043e-01
3.434577986778400982e-01
3.370565216456460900e-01
3.303575202774723940e-01
3.232876980474213013e-01
3.157687905339714440e-01
3.077223599197888015e-01
2.990750472709033381e-01
2.897639062090835993e-01
2.797416339121412965e-01
2.689815134564191301e-01
2.574818858078162243e-01
2.452699806162288998e-01
2.324049525924874737e-01
2.189799947259412349e-01
2.051234308594440114e-01
1.909987279308950625e-01
1.768034120852242930e-01
1.627669222238501134e-01
1.491474885367111980e-01
1.362281810632197387e-01
1.243123330028455126e-01
1.137186037130610561e-01
1.047760051566167389e-01
9.781927072368883092e-02
9.318499422605450166e-02
9.120900641011921162e-02
9.222548309477864026e-02
9.656828905580465416e-02
1.045750505613795567e-01
1.165944119283282149e-01
1.329968618665763880e-01
1.541894072205493849e-01
1.806342176821492118e-01
2.128711568940290511e-01
2.515438437970156649e-01
2.974285426470583138e-01
3.514647490702346166e-01
4.147858096037362330e-01
4.887472685013894425e-01
5.749498614292773979e-01
