-8.893250507234598534e-02
-1.359982111416435935e-01
-1.359872378625195111e-01
-1.359351806383366223e-01
-1.357813033574851169e-01
-1.354244408795174937e-01
-1.347091704682850666e-01
-1.334066031601379987e-01
-1.311860991541217714e-01
-1.275714188964860163e-01
-1.218708839175257908e-01
-1.130693442152327644e-01
-9.969158184469192885e-02
-7.978809256376344361e-02
-5.167611881564113108e-02
-1.626530305743623811e-02
2.160297796642317650e-02
5.678548637899434592e-02
8.698002642783754512e-02
1.119828420554852960e-01
1.323663514827581045e-01
1.488694451026319476e-01
1.622000138068792618e-01
1.729819856861815330e-01
1.817469604360739122e-01
1.889397591914144248e-01
1.949286396289630352e-01
2.000169722701732877e-01
2.044549348262674204e-01
2.084504596488598593e-01
2.121790640386505000e-01
2.157924654894989858e-01
2.194260632405984068e-01
2.232054707985679509e-01
2.272523310920413209e-01
2.316896535066882423e-01
2.366468880979502865e-01
2.422648901135741051e-01
2.487007979177249528e-01
2.561325810795124225e-01
2.647624790286773888e-01
2.748175143779546525e-01
2.865434184137586326e-01
3.001855115748869873e-01
3.159473439147873486e-01
3.339195682637084439e-01
3.539867919335595858e-01
3.757542276726005270e-01
3.985629643343279738e-01
4.216249782420805614e-01
4.442110070627605656e-01
4.657810157072100332e-01
4.860122849745159845e-01
5.047587878278471107e-01
5.219921772936306770e-01
5.377524589168902747e-01
5.521150074181859768e-01
5.651711384399278337e-01
5.770176558931521260e-01
5.877517095402567948e-01
5.974685874501587390e-01
6.062610600044726628e-01
6.142195333017426151e-01
6.214326571496956442e-01
6.279882638747177337e-01
6.339746589363215445e-01
6.394823894339959347e-01
6.446067160163050369e-01
6.494511382370593555e-01
6.541325107806511552e-01
6.587885970564445470e-01
6.635894438026072040e-01
6.687549366036501519e-01
6.745827625053000265e-01
6.814948025740164006e-01
6.901183202526364191e-01
7.014384859541934469e-01
7.171136864877615258e-01
7.402172707743036595e-01
7.772847463197533058e-01
8.438735714984431091e-01
9.465498447309766972e-01
1.024171616015246089e+00
1.072108030239206977e+00
1.104157820563198555e+00
1.126548338729474130e+00
1.142338637193457407e+00
1.153342360421448332e+00
1.160816347912474900e+00
1.165718413962205657e+00
1.168800706820746660e+00
1.170645126578609085e+00
1.171685531456250429e+00
1.172231011617588026e+00
1.172491040651245209e+00
1.172599756018568584e+00
1.172637184453144688e+00
1.172646564007839176e+00
1.172647846244168957e+00
1.172647884965022147e+00
