-2.785996756486752712e-01
-2.836247666942665058e-01
-2.836242764961712237e-01
-2.836219514247736440e-01
-2.836150832838383318e-01
-2.835991815036674746e-01
-2.835674192240265623e-01
-2.835099493859176145e-01
-2.834130573690754606e-01
-2.832581038731764034e-01
-2.830201921283137523e-01
-2.826664630725874705e-01
-2.821538741142052831e-01
-2.814262400504265460e-01
-2.804101887481759148e-01
-2.790094741500019349e-01
-2.770967328247222472e-01
-2.745011612556645941e-01
-2.709895731631439819e-01
-2.662367848309502016e-01
-2.597801416322086387e-01
-2.509588892824473616e-01
-2.388866071928779922e-01
-2.227156505261482511e-01
-2.028023828492978575e-01
-1.819885445094112653e-01
-1.635979242593110783e-01
-1.488125449111860621e-01
-1.372928735276467138e-01
-1.283429268426420078e-01
-1.213370451718701198e-01
-1.157901382661755130e-01
-1.113387546873237377e-01
-1.077108876189722536e-01
-1.047008968354379010e-01
-1.021510316418701297e-01
-9.993818956069698556e-02
-9.796442081461095852e-02
-9.615004240348258568e-02
-9.442856561206755539e-02
-9.274289029913082572e-02
-9.104238979012159449e-02
-8.928062441561115947e-02
-8.741349809938850357e-02
-8.539772351717742072e-02
-8.318949540604148041e-02
-8.074329378348732433e-02
-7.801075233264503916e-02
-7.493953392965337079e-02
-7.147215630640034456e-02
-6.754470677328404393e-02
-6.308537635062512472e-02
-5.801273179444555589e-02
-5.223363211050603694e-02
-4.564069251893076995e-02
-3.810922367895017843e-02
-2.949367465824134088e-02
-1.962389329783145731e-02
-8.302229016158853281e-03
4.695848983731272519e-03
1.961140986860169383e-02
3.666914805856114068e-02
5.600014462287639799e-02
7.749930620829030559e-02
1.006438948347378737e-01
1.244197615279284269e-01
1.475498985800398066e-01
1.689480475161458661e-01
1.880218253359745850e-01
2.046503156048067595e-01
2.190006264668119818e-01
2.313641112612482842e-01
2.420633169819700892e-01
2.514129834329341673e-01
2.597109181129817479e-01
2.672437778930500385e-01
2.743010274994555631e-01
2.811952885773677524e-01
2.882901784742579743e-01
2.960387754009375372e-01
3.050377962008412602e-01
3.161050796750922709e-01
3.303924979676609586e-01
3.495582278633492246e-01
3.760603079272306637e-01
4.137647556885243327e-01
4.695458104083473638e-01
5.583710000919559491e-01
7.029643192866987800e-01
8.119481933992614975e-01
8.582352591358165528e-01
8.803020765814606463e-01
8.914142190039234803e-01
8.969178387290663856e-01
8.994699309547645738e-01
9.005237518610949010e-01
9.008847609188469496e-01
9.009750762861060691e-01
9.009874166037865617e-01
9.009877891836193253e-01
