5.261095034699517020e-11
6.556908406357872011e-03
2.272010267786812518e-02
4.422242229119908302e-02
6.792360997611524009e-02
9.159840089840122490e-02
1.137613530713814519e-01
1.335215091249499775e-01
1.504611535912224463e-01
1.645339802774734850e-01
1.759789086754992293e-01
1.852465880052380776e-01
1.929363066355406220e-01
1.997415897598829593e-01
2.064032275162225594e-01
2.136688386076170121e-01
2.222583510446626831e-01
2.328349824256286671e-01
2.459814378097524845e-01
2.621811241593567932e-01
2.818042165724639614e-01
3.050984125846576966e-01
3.321841854811589112e-01
3.630543038336067618e-01
3.975773295126303064e-01
4.355047464847343064e-01
4.764813131276750546e-01
5.200581760335728498e-01
5.657082368693346908e-01
6.128432285366297583e-01
6.608319345236410847e-01
7.090189771301347310e-01
7.567436066584265486e-01
8.033579445708244338e-01
8.482441683600806526e-01
8.908301733483383611e-01
9.306033053270706956e-01
9.671218260791633048e-01
1.000023849360561323e+00
1.029033565685026685e+00
1.053964657988091247e+00
1.074720894661755022e+00
1.091293969305796141e+00
1.103758735684438719e+00
1.112266059801953144e+00
1.117033576895380964e+00
1.118334697888092366e+00
1.116486256106530961e+00
1.111835219763544158e+00
1.104744918076839610e+00
1.095581238447630668e+00
1.084699248709171782e+00
1.072430682214041475e+00
1.059072694912798651e+00
1.044878263327169599e+00
1.030048541457343259e+00
1.014727434460192868e+00
9.989985789005020322e-01
9.828848452217824327e-01
9.663503996913478389e-01
9.493052824700403125e-01
9.316123777678942952e-01
9.130965734665732469e-01
8.935558333379530760e-01
8.727738372720653670e-01
8.505337858990078548e-01
8.266329177039698495e-01
8.008972511101818403e-01
7.731960427798827418e-01
7.434554480752290084e-01
7.116708814842764852e-01
6.779176048021794410e-01
6.423591195702910150e-01
6.052530079352953507e-01
5.669539524880554682e-01
5.279137700988105752e-01
4.886784160887939210e-01
4.498820515163933220e-01
4.122384155494060454e-01
3.765299038264165454e-01
3.435949186481236373e-01
3.143142232772109246e-01
2.895971952134389071e-01
2.703690257808553099e-01
2.575600484434166781e-01
2.520984875792147695e-01
2.549079934048779084e-01
2.669113564247734827e-01
2.890417637760693825e-01
3.222628560950803744e-01
3.675986511527856160e-01
4.261741015602557026e-01
4.992666280999231154e-01
5.883683949030348304e-01
6.952583420978305506e-01
8.220820368008575629e-01
9.714362118978684402e-01
1.146453397378755623e+00
1.350880269911622245e+00
1.589141206609165691e+00
