#Upper limit for the Conditional distribution of mass given radius from initial fitting w/o bootstrap
-7.002044086942167400e-01
-1.239356666557195896e-01
1.655938919032689804e-01
3.083624586914496257e-01
3.955325328776488902e-01
4.553875781955762370e-01
4.996011608356658029e-01
5.340155642740156416e-01
5.619501594958969948e-01
5.854708813587181648e-01
6.059582993395542516e-01
6.243913027222146583e-01
6.415006851903368723e-01
6.578573913073653134e-01
6.739253286209940796e-01
6.900935876039930861e-01
7.066958378131438234e-01
7.240211170622524728e-01
7.423183637003154534e-01
7.617960608355189844e-01
7.826179131156676405e-01
8.048954130710429533e-01
8.286784102743138813e-01
8.539453082479705470e-01
8.805951403300761315e-01
9.084442437799219450e-01
9.372301738001745930e-01
9.666245265516776319e-01
9.962544347875157413e-01
1.025730155366959995e+00
1.054674313089158932e+00
1.082747868293749915e+00
1.109668970181525216e+00
1.135222980373263191e+00
1.159264138915636622e+00
1.181710830615521512e+00
1.202536946011420804e+00
1.221761616485169233e+00
1.239439008308125478e+00
1.255649204915304740e+00
1.270490669653631555e+00
1.284074418183512645e+00
1.296519824582177849e+00
1.307951895940886233e+00
1.318499835011157195e+00
1.328296737847812325e+00
1.337480323872078491e+00
1.346194659598092702e+00
1.354592912047428488e+00
1.362841256999721473e+00
1.371124179608272042e+00
1.379651556501871656e+00
1.388668126315240503e+00
1.398466286062530983e+00
1.409403676381890680e+00
1.421927891788577814e+00
1.436612165611377945e+00
1.454208619811546699e+00
1.475730858135651413e+00
1.502587932171164375e+00
1.536812589978787891e+00
1.581468348077416541e+00
1.641381467126413751e+00
1.724192197217149003e+00
1.838891275679895410e+00
1.976112302816593225e+00
2.093187648586378291e+00
2.174447156136290804e+00
2.230181976975894376e+00
2.269696267413669588e+00
2.298535722714179830e+00
2.320015689847086282e+00
2.336230390655140265e+00
2.348574513823218801e+00
2.358017551132063794e+00
2.365256299114260496e+00
2.370804580348448098e+00
2.375048775852277583e+00
2.378283740447421302e+00
2.380736927666113889e+00
2.382585134264044058e+00
2.383966456826736469e+00
2.384989042157967809e+00
2.385737628536229948e+00
2.386278524985835148e+00
2.386663459819765798e+00
2.386932592925158136e+00
2.387116897505947577e+00
2.387240058142330756e+00
2.387319992201333729e+00
2.387370074156315969e+00
2.387400123052864753e+00
2.387417199513623967e+00
2.387426248563861542e+00
2.387430617035675606e+00
2.387432468606068170e+00
2.387433115125670469e+00
2.387433279447172652e+00
2.387433302220974607e+00
1.113180406699983770e-12
