#Bayesian Information Criterion from bootstrap run
9.942925935049615873e+02
1.007435486101372135e+03
1.020008416676367688e+03
9.861604972447165665e+02
1.045217121917371060e+03
1.006306213148775441e+03
1.033684239925035172e+03
1.028289360033653566e+03
9.642035162486744184e+02
9.906973089971002082e+02
1.084835405861346317e+03
9.613067460622658018e+02
1.023685112520988696e+03
1.015092132970472335e+03
1.057629339013169556e+03
1.007823760290411883e+03
1.001950878517624460e+03
9.839700849181378999e+02
9.911151676470274197e+02
1.042958447539135250e+03
9.888109746853549495e+02
1.002894440106891125e+03
9.992558034407738887e+02
9.643644094784917797e+02
1.049667711270850759e+03
1.042190443605792552e+03
1.019122664515880274e+03
1.042938365871792712e+03
1.009868330680603094e+03
1.011039451018113141e+03
1.009667569424408498e+03
1.032735544094224906e+03
1.020986962086239828e+03
9.865652179570353155e+02
1.072552423516147428e+03
9.880811288923914617e+02
9.780823837513573835e+02
1.027558524124663563e+03
1.036093294810317275e+03
9.986399783729198134e+02
1.039761614922868375e+03
9.706292839957376373e+02
9.435344312600278727e+02
9.911263328136701602e+02
1.018336744971691019e+03
1.024871505113079593e+03
9.427646841099522135e+02
1.004631445452826142e+03
9.771796939780463163e+02
1.016779753842839455e+03
