#Marginalized radius distribution from initial fitting w/o bootstrap
1.148558452602583109e-09
6.215164280585910167e-02
1.076780352303071259e-01
1.397171014902409969e-01
1.609428589709773760e-01
1.736484136612256313e-01
1.798186616859017428e-01
1.811908343626647822e-01
1.793023809884024544e-01
1.755266677447183954e-01
1.710976472077511412e-01
1.671250785755456769e-01
1.646021041533924922e-01
1.644070564323310557e-01
1.673013197397077989e-01
1.739249329030581603e-01
1.847914216473030280e-01
2.002831140709563085e-01
2.206479380551592262e-01
2.459984408300407710e-01
2.763135199902900241e-01
3.114431210839068154e-01
3.511159461484233968e-01
3.949500348010744899e-01
4.424659274761653660e-01
4.931020003999486145e-01
5.462314738901814515e-01
6.011805385154501691e-01
6.572470156680698672e-01
7.137189676689487117e-01
7.698926946300769236e-01
8.250895976187926362e-01
8.786714466686640357e-01
9.300536642543755228e-01
9.787163164004675231e-01
1.024212591138312645e+00
1.066174634251492392e+00
1.104316702081878931e+00
1.138435677816631797e+00
1.168409078671691415e+00
1.194190754609172789e+00
1.215804542921680609e+00
1.233336195807658076e+00
1.246923938949149324e+00
1.256748047460036322e+00
1.263019841132500876e+00
1.265970503751780329e+00
1.265840121774675087e+00
1.262867316574156185e+00
1.257279812705401234e+00
1.249286243447243816e+00
1.239069445616004073e+00
1.226781439898076753e+00
1.212540232389769823e+00
1.196428509440390364e+00
1.178494233087246545e+00
1.158753080176802008e+00
1.137192606482707369e+00
1.113777959490459768e+00
1.088458911648415128e+00
1.061177941279592973e+00
1.031879052334185864e+00
1.000516997869555613e+00
9.670665564828624383e-01
9.315315065569034214e-01
8.939529505170173973e-01
8.544166604624974237e-01
8.130591473692331261e-01
7.700721981060123511e-01
7.257056770127860990e-01
6.802684507099869826e-01
6.341273648107990102e-01
5.877042776870171625e-01
5.414712375302271896e-01
4.959439725561975432e-01
4.516739480175239740e-01
4.092393252405330806e-01
3.692352345746811038e-01
3.322638432325196733e-01
2.989247577590612992e-01
2.698063465663221305e-01
2.454785979377421268e-01
2.264881406189652446e-01
2.133560452417479769e-01
2.065789933304930659e-01
2.066343448277573325e-01
2.139895536985988722e-01
2.291162735149665786e-01
2.525093608822826519e-01
2.847108247688713845e-01
3.263385856686668030e-01
3.781197024207260116e-01
4.409274998017098657e-01
5.158217912086606738e-01
6.040911436114932975e-01
7.072958835868218275e-01
8.273103022268708528e-01
9.663622932164157575e-01
1.127068464256914648e+00
1.312462610981049327e+00
