1.310564454370565304e-02
1.310572238612256468e-02
1.311454186839859822e-02
1.326829831504833246e-02
1.440101213112064682e-02
1.940491660592974857e-02
3.357139012591071892e-02
5.740639572295065662e-02
8.031949891959982990e-02
9.467887998523749626e-02
1.019934550619131935e-01
1.056068683750927967e-01
1.075707346755836458e-01
1.088757025047258908e-01
1.099789886791537469e-01
1.110879146633404341e-01
1.122830234107921182e-01
1.135714314901398875e-01
1.149160465350589772e-01
1.162586167112228813e-01
1.175398606661526429e-01
1.187139783873422116e-01
1.197552568038018628e-01
1.206575495115437408e-01
1.214295878553277030e-01
1.220891808980576754e-01
1.226582054517056375e-01
1.231590414311483223e-01
1.236123402886806777e-01
1.240357374979036836e-01
1.244431407534720979e-01
1.248443654658891733e-01
1.252450388933370184e-01
1.256467956748731629e-01
1.260478130672569308e-01
1.264436837963439642e-01
1.268285293983412720e-01
1.271961714442597091e-01
1.275411520220885164e-01
1.278594441402974846e-01
1.281487912746888669e-01
1.284087158617518432e-01
1.286403012937803458e-01
1.288458694517774505e-01
1.290286574253573515e-01
1.291925628098865853e-01
1.293419931575877369e-01
1.294818295137343256e-01
1.296174963727754759e-01
1.297551154850362376e-01
1.299017001154520179e-01
1.300653089065121615e-01
1.302550142181339854e-01
1.304804478455270922e-01
1.307505979555134978e-01
1.310715428471967148e-01
1.314431013039651652e-01
1.318551171753888085e-01
1.322850918668077025e-01
1.326992704812774149e-01
1.330579884183595574e-01
1.333233339772654791e-01
1.334652686371430585e-01
1.334633340599069851e-01
1.333040520435802845e-01
1.329763499748416733e-01
1.324675345693732409e-01
1.317613422058231676e-01
1.308386461406946810e-01
1.296809013333871663e-01
1.282760596133374065e-01
1.266260564366489261e-01
1.247539255649354195e-01
1.227076046523635638e-01
1.205575682684227046e-01
1.183873892475945100e-01
1.162796492736673931e-01
1.143021846709749156e-01
1.124994603666400056e-01
1.108910599212628717e-01
1.094760150645323615e-01
1.082399869726235059e-01
1.071625087247276148e-01
1.062226969561437528e-01
1.054030467711228741e-01
1.046916876441049554e-01
1.040838330235063502e-01
1.035833421148112943e-01
1.032056082586631229e-01
1.029837063798593744e-01
1.029812492301038496e-01
1.033177395616504818e-01
1.042116555899676861e-01
1.060194338842041645e-01
1.091153996907882617e-01
1.132556763014501977e-01
1.169247321577441961e-01
1.187762796052425629e-01
1.192319248187527769e-01
1.033274920626409132e-01
