-7.846224934853772703e-01
-7.846219980610095179e-01
-7.845660108926627574e-01
-7.835839379400588722e-01
-7.759787880505520929e-01
-7.313674357660759906e-01
6.364206082064523262e-02
4.106709797264569972e-01
5.351472603086849800e-01
5.887393043620366972e-01
6.153169404735702175e-01
6.331511583625807349e-01
6.501866958475361891e-01
6.702055515377637329e-01
6.950157703649574303e-01
7.249806653971051507e-01
7.590572464538195563e-01
7.950554084440742963e-01
8.303765043056977602e-01
8.628819993213538986e-01
8.913701001005467361e-01
9.155478169292975421e-01
9.357442070720117799e-01
9.526098713547851426e-01
9.669040297021729291e-01
9.793727730819227206e-01
9.906899256422578848e-01
1.001431867180479385e+00
1.012066483700927000e+00
1.022945407284513664e+00
1.034295957986913095e+00
1.046214654476590011e+00
1.058667565813839140e+00
1.071503321389183361e+00
1.084481681563690625e+00
1.097315050722293739e+00
1.109714883169205191e+00
1.121432718267149742e+00
1.132287837894899507e+00
1.142178715375044451e+00
1.151080567015190903e+00
1.159034269783247861e+00
1.166132313543031929e+00
1.172506229629613150e+00
1.178318241330275740e+00
1.183758481062930690e+00
1.189048272167851694e+00
1.194449588021994968e+00
1.200280597191127230e+00
1.206936764818177688e+00
1.214915688442973041e+00
1.224840736292333476e+00
1.237472272302555298e+00
1.253684680674772123e+00
1.274374504248437789e+00
1.300262092545751536e+00
1.331587467617482590e+00
1.367813763414036821e+00
1.407586381300680367e+00
1.449148023422133003e+00
1.491074728456498022e+00
1.532924121893316061e+00
1.575545298168698372e+00
1.621164592206896682e+00
1.673540954845496476e+00
1.738414306216200300e+00
1.823882839180032578e+00
1.937264865116973933e+00
2.071595741609565611e+00
2.203349295774356342e+00
2.319262707204505336e+00
2.419360675336266642e+00
2.506454828923538880e+00
2.582654802750754541e+00
2.649219369819463044e+00
2.706945693218045790e+00
2.756485088662728344e+00
2.798510312563654789e+00
2.833766922311117487e+00
2.863055501782229229e+00
2.887182709368865563e+00
2.906907517021395382e+00
2.922898535642738604e+00
2.935708753868610632e+00
2.945766297702403946e+00
2.953374966780085931e+00
2.958715817177879348e+00
2.961839035811915988e+00
2.962630993894710407e+00
2.960730561087540291e+00
2.955344534707047277e+00
2.944864699445347345e+00
2.926128936166349170e+00
2.893296624039462195e+00
2.837882889722042723e+00
2.758116151220266321e+00
2.681480950449947276e+00
2.641705674949095695e+00
2.631865786671990115e+00
2.786293976275898476e+00
