-2.927910618878524773e-01
-2.927910576971429757e-01
-2.927910506925163192e-01
-2.927910231650682760e-01
-2.927906861121323256e-01
-2.927874866894557004e-01
-2.927665378612152036e-01
-2.926618605415496899e-01
-2.922299759927470819e-01
-2.906630483763439909e-01
-2.852688589243634332e-01
-2.638763446937654189e-01
-1.207672539153799574e-01
-7.883351244361153087e-02
-6.302989254416895004e-02
-5.298790552182971320e-02
-4.417984444424397777e-02
-3.502923201975893103e-02
-2.486619176108270657e-02
-1.335835814600592163e-02
-3.420077232296836814e-04
1.419445912491444292e-02
3.005617235839624923e-02
4.678805068602630290e-02
6.372146424828269151e-02
8.016329046272567538e-02
9.561054331253635019e-02
1.098356679660566770e-01
1.228346436491088989e-01
1.347303580650601185e-01
1.456962287597791395e-01
1.559128482966137541e-01
1.655483473471657252e-01
1.747517056414914505e-01
1.836520765602250860e-01
1.923604931744811175e-01
2.009722702030665997e-01
2.095694220624335080e-01
2.182229174287676765e-01
2.269948502372974575e-01
2.359407614649540741e-01
2.451124576149426859e-01
2.545617664778975220e-01
2.643457623022992808e-01
2.745341016143648671e-01
2.852192804311050600e-01
2.965309292995234602e-01
3.086558241509060330e-01
3.218663122705749391e-01
3.365617797948501910e-01
3.533318297761994242e-01
3.730595876091664653e-01
3.971100733452859743e-01
4.277275030736801820e-01
4.690115450995884228e-01
5.293469208873727849e-01
6.186507107528376181e-01
7.079686434603422729e-01
7.765290164859853794e-01
8.312213491803819299e-01
8.730304945984789233e-01
9.027882686564376868e-01
9.235781059959583539e-01
9.384563067024149774e-01
9.495557301462843602e-01
9.582374295533894193e-01
9.653591864470614237e-01
9.714626334193603441e-01
9.768879247319720571e-01
9.818437467991505407e-01
9.864514673248943044e-01
9.907742326324532334e-01
9.948370055042365934e-01
9.986407907223981972e-01
1.002172729285855768e+00
1.005412853637642101e+00
1.008337797781603706e+00
1.010921448387766874e+00
1.013132244806285387e+00
1.014926473795581430e+00
1.016236474893743358e+00
1.016952586736742825e+00
1.016899489996889283e+00
1.015815718012115232e+00
1.013367930170752773e+00
1.009270826415988864e+00
1.003581407724082775e+00
9.970289572325747862e-01
9.909012324835048124e-01
9.863185007942205651e-01
9.836562281675348407e-01
9.826986139696368694e-01
9.831338990359884678e-01
9.849249451517085863e-01
9.885252644121231835e-01
9.949765792037732481e-01
1.005233732171146421e+00
1.017096042711544523e+00
1.024204785933126249e+00
1.025387409263859073e+00
