-2.595728532620562579e-01
-2.595724027086923069e-01
-2.595716626655421577e-01
-2.595698861399445279e-01
-2.595564418572560705e-01
-2.594381843394837905e-01
-2.586699678553103787e-01
-2.548598781292284454e-01
-2.399712579958616920e-01
-1.964579442189189340e-01
-1.146273891071427770e-01
-2.659814497715626627e-02
3.431164103358629036e-02
7.143757680330305171e-02
9.738226205762935683e-02
1.193317455667723681e-01
1.401258348375994112e-01
1.606142388865888782e-01
1.808640165456749105e-01
2.006777315226226932e-01
2.198114726264470964e-01
2.380637446288194070e-01
2.553051650566582342e-01
2.714799541230977775e-01
2.865947818619246079e-01
3.007034129398198918e-01
3.138916375737573761e-01
3.262645721003210597e-01
3.379369761110735948e-01
3.490264562516086078e-01
3.596490813082801608e-01
3.699168435567906088e-01
3.799364442624688643e-01
3.898089797674915702e-01
3.996302169055168663e-01
4.094912539935992024e-01
4.194794617419583260e-01
4.296796900225679505e-01
4.401758180909283169e-01
4.510528252741879962e-01
4.623996731914203351e-01
4.743134224723660752e-01
4.869051508695519392e-01
5.003083698492394316e-01
5.146906859865889583e-01
5.302692732794724861e-01
5.473300164492866937e-01
5.662484188456685663e-01
5.875067101811066728e-01
6.116950918241544910e-01
6.394756087223552043e-01
6.714780440857367472e-01
7.080995660878147691e-01
7.492141301039354495e-01
7.938791899781576511e-01
8.402239418157201323e-01
8.857053114291617568e-01
9.277265460674940512e-01
9.643325182173461130e-01
9.946121024987536474e-01
1.018660512675811258e+00
1.037244863570760511e+00
1.051415863488328162e+00
1.062222230401069112e+00
1.070561847554916124e+00
1.077135906349254713e+00
1.082459669089486543e+00
1.086895646545084970e+00
1.090690319412961573e+00
1.094006314581489336e+00
1.096947787486597603e+00
1.099579324875079589e+00
1.101939509948576035e+00
1.104050346988542763e+00
1.105923519551005541e+00
1.107564169315570224e+00
1.108972600133616426e+00
1.110144031857908553e+00
1.111066217263216416e+00
1.111714354007161676e+00
1.112042283628856820e+00
1.111968708905832326e+00
1.111358066734232208e+00
1.110000746440934272e+00
1.107613074842704215e+00
1.103909476648704757e+00
1.098819110960235212e+00
1.092805578204577133e+00
1.086935885857086559e+00
1.082352358352559163e+00
1.079602759659573641e+00
1.078590629653207067e+00
1.079026275634851206e+00
1.080838891865887774e+00
1.084384499536074742e+00
1.090422275832862331e+00
1.099308735757908995e+00
1.108731163220112448e+00
1.114050029957556864e+00
1.114916215931811339e+00
