#Upper limit for the Conditional distribution of mass given radius from initial fitting w/o bootstrap
-1.161852202802286627e+00
-1.161852116389673562e+00
-1.161843304865131321e+00
-1.161484834744326955e+00
-1.156413402224273579e+00
-1.111896961477994772e+00
5.534714218442399192e-02
4.475706339456986260e-01
5.547682007710383889e-01
5.879621955894409613e-01
6.001805213673739869e-01
6.075555598766489984e-01
6.157227689467652532e-01
6.276587876193142623e-01
6.457342104102399283e-01
6.718402604549242874e-01
7.065370665257288962e-01
7.479279117400481347e-01
7.916473033642568158e-01
8.327501863481863165e-01
8.679393934160587465e-01
8.962262277136489041e-01
9.182328183260862753e-01
9.352696623068965653e-01
9.487471277035682826e-01
9.599284651160198134e-01
9.698802795052706704e-01
9.795031427080388431e-01
9.895753132000967289e-01
1.000774668461237749e+00
1.013659940549112681e+00
1.028604113992044100e+00
1.045692152577845757e+00
1.064625933722573414e+00
1.084705348965695260e+00
1.104940261549009373e+00
1.124276668402408363e+00
1.141840558689922291e+00
1.157092129523648705e+00
1.169849561058881493e+00
1.180216422853519243e+00
1.188474530553859321e+00
1.194989055294619407e+00
1.200145724571330286e+00
1.204321017797412852e+00
1.207878740604731993e+00
1.211186199386069084e+00
1.214645950113488748e+00
1.218741929409655089e+00
1.224099743191858991e+00
1.231557276930746792e+00
1.242228100444542127e+00
1.257506923540971266e+00
1.278907313500751375e+00
1.307572340348918560e+00
1.343420083946663457e+00
1.384401940652081331e+00
1.426867493620345595e+00
1.467268269790592772e+00
1.503836501788060609e+00
1.537024900527536042e+00
1.569016394216567578e+00
1.603182002987049160e+00
1.643966195645576001e+00
1.697229304692305041e+00
1.770488059368223288e+00
1.870428993654322136e+00
1.993569409792210756e+00
2.122924075575721048e+00
2.245131344516605676e+00
2.356773563698968843e+00
2.457636175396780587e+00
2.547333626087799452e+00
2.625480689241818766e+00
2.692380923050138541e+00
2.749054888482550307e+00
2.796863609983888388e+00
2.837170631974951451e+00
2.871169263134968119e+00
2.899830639645294639e+00
2.923912262224068748e+00
2.943988726435184500e+00
2.960483260602734035e+00
2.973686841564309624e+00
2.983753936218365155e+00
2.990661192493902831e+00
2.994106194340321103e+00
2.993305037804354196e+00
2.986621079964626002e+00
2.970949190212683000e+00
2.940913923685962050e+00
2.888646794651945182e+00
2.807683108536283001e+00
2.709415023009371648e+00
2.631192663247135854e+00
2.590934910168713579e+00
2.576336937828877183e+00
2.572702925493592474e+00
2.572218599138485828e+00
2.958276959535564021e+00
