#Lower limit for the Conditional distribution of radius given mass from initial fitting w/o bootstrap
-1.195820352136055947e-01
-3.044023195157770090e-01
-3.044023961534204070e-01
-3.044024063537790203e-01
-3.044024092343264876e-01
-3.044024101146651229e-01
-3.044024100764474161e-01
-3.044024092633884071e-01
-3.044024065006772362e-01
-3.044023932272969524e-01
-3.044023197091892396e-01
-3.044019365641448815e-01
-3.044001371784227916e-01
-3.043924836776941700e-01
-3.043626022318064450e-01
-3.042540100881940268e-01
-3.038811692871441483e-01
-3.026450832200701657e-01
-2.984861723762904373e-01
-2.812929067315356191e-01
-1.217810631826136969e-01
-8.668514505735057385e-02
-7.377620806036233603e-02
-6.583865931445030684e-02
-5.894793139363646572e-02
-5.174182128017824206e-02
-4.362102020619369747e-02
-3.422938744364913133e-02
-2.328408376314883635e-02
-1.053836636542908670e-02
4.164143571215484126e-03
2.073228879683065504e-02
3.862136446930104772e-02
5.683379079903713021e-02
7.433186442235874269e-02
9.050021186502209269e-02
1.052115841931763329e-01
1.186262002642258923e-01
1.310060638561548474e-01
1.426208410654190017e-01
1.537145302469143382e-01
1.644989177203016184e-01
1.751560098497738638e-01
1.858419387884638896e-01
1.966893708703515431e-01
2.078072045238364141e-01
2.192772194608531289e-01
2.311484233193806248e-01
2.434317699132338142e-01
2.561004990981346485e-01
2.691027700304532977e-01
2.823906743645575035e-01
2.959628717931391817e-01
3.099125440585792091e-01
3.244749391091563129e-01
3.400793094230724067e-01
3.574235012451879578e-01
3.776085301578954168e-01
4.024226343705855080e-01
4.350612002343508533e-01
4.824760731704678118e-01
5.649065750633577299e-01
6.867537554349434359e-01
7.718234000499550884e-01
8.329362428455655554e-01
8.756200070578233907e-01
9.044813354826940488e-01
9.248285236298293688e-01
9.401785620840513724e-01
9.525486539315520806e-01
9.630608787838800255e-01
9.723165148078179998e-01
9.806118432329741230e-01
9.880721652429385049e-01
9.947403626677363553e-01
1.000633922953640953e+00
1.005776587625686114e+00
1.010210346609474064e+00
1.013994420675726760e+00
1.017197227357912626e+00
1.019885069749467021e+00
1.022108426764914757e+00
1.023883904832827207e+00
1.025167574198925680e+00
1.025816090470398567e+00
1.025546899727120875e+00
1.023965862400284532e+00
1.020826734587528151e+00
1.016555482231783714e+00
1.012367620043957528e+00
1.009369639596734869e+00
1.007808047583689026e+00
1.007395929619636421e+00
1.007938525511434147e+00
1.009763990773365316e+00
1.014215010391526395e+00
1.023526723745216138e+00
1.034964270205920078e+00
1.039733552997818888e+00
1.040089862340438209e+00
