7.890772736858146438e-03
1.578582106376547128e-06
1.584516238869388332e-06
1.541872389655726016e-06
6.245709708691038318e-07
1.688957453382388342e-06
1.606592705170127316e-06
2.086040605853203458e-07
1.425767302143476100e-06
1.843924880006147425e-06
1.672552878704950201e-06
1.496878395208981552e-06
1.501349367964898178e-06
1.776392988001717597e-06
1.997684678756356013e-07
1.682568921282038481e-06
1.560449707456615262e-06
1.962071880701495994e-07
1.957331105804180759e-07
1.661977153307384398e-06
1.950048772858308399e-07
1.018539817704532556e-06
2.166069104739406028e-07
4.374545882403723429e-07
1.582568172567435473e-06
4.443717544105938326e-07
1.585243597858090695e-06
1.520606281241684458e-06
1.408582260865703006e-06
1.578206265572937690e-06
1.426901923255725533e-06
1.580909481698985097e-06
2.026359313708943168e-07
1.591346320224907163e-06
9.757627196941903123e-07
1.553436956448361050e-06
1.907228481123334940e-07
2.277391518159714191e-07
1.729263807900745431e-06
2.177748815384340424e-06
2.233422009826238109e-07
1.344628527955433518e-06
2.041206949110110202e-06
3.570390884063296457e-07
2.030748386657169948e-06
1.664724139025973974e-06
1.728700579782562885e-06
1.473852086072856297e-06
5.517920185574978236e-07
3.989940761798440639e-07
1.041700433684979768e-06
1.608877977449186454e-06
1.066219610594180314e-06
2.193366362911088164e-07
2.892190312333965113e-07
1.816370530911853330e-06
9.394355458860537825e-07
9.529988046531150504e-07
1.665922838612468827e-06
1.359044652439720862e-06
2.048566188977983151e-07
1.616872323642691762e-06
1.626566543797687236e-06
2.199921665482174008e-07
1.419913530848291116e-06
1.531589393882756602e-06
1.468014498199093227e-06
1.253170890599645530e-06
1.961635195316756304e-07
1.658656579596219115e-06
2.582582159564209313e-06
1.184751276797443762e-06
1.116498633605829770e-06
1.614791012554469661e-06
1.591947071523803825e-06
1.450790369713066479e-06
1.383840389302265048e-06
3.805071548226108268e-07
1.575686473454159334e-06
1.574239176867257257e-06
1.584478566153460344e-06
1.547464044976150222e-06
1.935367961210086049e-06
9.548160419317682255e-07
1.929711426225076477e-07
1.664807295192772441e-06
2.248773340475877964e-07
8.647351302476935192e-07
1.452832121650393863e-06
1.947343992984431056e-07
1.322192973458073983e-06
9.796747625064622276e-07
1.449386282399890233e-06
1.801329523758459202e-06
1.423883929275487382e-06
1.975981043698894681e-07
1.180374622622542546e-06
1.608656584735734938e-06
1.581570046260958147e-06
1.835200727947637392e-06
1.569445985861665450e-06
1.576539558717686985e-06
3.669000631203378121e-07
4.696045857514318643e-07
4.560649913334080714e-07
1.584961311582453329e-06
5.023094807120517048e-07
1.736208718789454892e-06
8.931228576843005345e-07
4.033890570835550173e-07
1.593584639769160073e-06
1.007016913372781423e-06
3.458631305915665662e-07
1.758598611637956551e-06
9.704581010397646129e-07
1.714557071324709112e-06
2.327524181869501448e-06
9.595110644518310799e-07
5.981956719815958996e-07
1.542599008623783290e-06
2.964786001536724876e-06
1.630407209109338705e-06
1.459979254951860813e-06
1.171184869662336106e-06
1.579220820423841296e-06
2.074309496878534071e-07
1.155550455712082338e-06
1.488607502360051396e-06
1.692262433992566203e-07
1.587794080046477316e-06
1.575954051334385636e-06
1.590578709011152269e-06
4.930856654594759618e-07
1.771003160668199402e-06
3.291514946311042634e-07
1.583473101215887631e-06
1.580231335676141067e-06
1.588456403007272677e-06
7.295288610158701609e-07
5.123592053593127441e-07
1.585894808603037423e-06
1.334221944441996883e-06
2.269533584206147383e-06
2.105004114138413135e-07
1.941805125492501371e-07
1.993188791992010237e-07
7.319313256371202420e-07
1.489397981420327677e-06
1.580891134609587590e-06
1.328528506809522443e-06
1.773068819807517893e-06
9.204878523954053520e-07
1.755375142161403603e-06
1.590792882177702104e-06
1.964099691343708827e-06
1.856466199217370918e-06
9.624100428797492707e-07
1.445164884146157481e-06
5.599543208164722454e-07
4.549086562285995118e-07
9.319411399609726114e-07
1.921533887909154707e-06
9.825635527855326899e-07
1.001399521735368081e-06
4.051363483016017252e-07
1.579790482963099425e-06
1.951845363216466481e-07
2.011275216951591546e-07
1.602583518902769248e-06
1.412313028710773560e-06
2.522860691763260799e-06
1.605022303448872191e-06
1.414390383751421894e-06
9.466396786446889605e-07
1.293193092754833299e-06
7.643588864388534665e-07
2.025963246372283302e-06
2.141337721643263158e-06
1.253372131837714904e-06
1.983081719697679422e-06
1.754019040163142242e-06
1.612390302555403088e-06
1.433599383385863011e-06
1.585690184401388041e-06
1.185107707885317350e-06
1.272279039431906721e-06
1.576131945042661218e-06
1.809467888573416402e-07
7.332869753668238262e-07
1.487974505994861941e-06
1.511643382740453003e-06
1.528738326684559090e-06
1.587920391765891462e-06
1.483531904545892374e-06
1.960490210253925729e-07
1.630119359899613251e-06
1.611133844471754864e-06
1.540220107355981771e-06
1.966236118093239067e-07
2.596959807580018804e-06
1.669899674367476959e-06
1.493912606142888944e-06
7.331401334982494677e-07
2.930824030762607575e-06
1.462108467913427048e-06
1.007493756182338979e-06
1.269418011204041851e-06
1.591268284856780235e-06
1.655472476622803390e-06
9.806335865617275265e-07
1.438672470285570558e-06
1.607144842594233706e-06
1.585529801417356959e-06
5.753529301960530428e-07
1.924867733790051068e-06
1.569979001982944210e-06
1.608030877324923306e-06
1.744170388169860293e-06
1.565077448053965306e-06
6.118642431544251312e-07
4.196965015384943595e-07
4.199303186875217848e-07
2.589497454220914474e-07
2.211219327746390574e-07
1.796183505400331742e-06
2.184353050490770673e-07
1.489411295804018583e-06
2.259736659660876216e-07
1.488914557629919791e-06
1.184739389904614154e-06
1.607327982477327119e-06
2.428219310216789460e-06
1.866465349234347785e-06
1.643761651199672721e-06
2.804879252303789366e-06
4.352435414613219418e-07
1.701710007071471086e-06
1.412019522755246843e-06
2.251721115977648939e-07
2.148126837008653626e-07
1.592783972224934795e-06
1.585050548051874043e-06
1.574994594498900539e-06
1.604467885237275446e-06
1.547439247796988083e-06
2.485704383907476472e-06
1.583294438487787100e-06
2.474056342062525410e-06
2.214199915638101707e-07
5.019782386953046367e-07
1.889966275981306585e-06
1.583028777881276814e-06
1.924694011211251026e-07
2.038226710102612891e-06
1.253222265297512599e-06
1.132114814178668349e-06
2.950822997471640725e-06
1.520272113028185904e-06
1.423871443982890571e-06
1.189075859750317208e-06
2.987605732018813798e-07
2.232634689266516710e-07
1.627887025673940238e-06
2.131459999741696458e-07
1.950045573209865227e-07
1.575597039154888186e-06
1.589615628604631956e-06
1.585155963678989348e-06
4.035301556167449588e-07
1.035880694754198942e-06
1.053833425601507733e-06
3.156130606620263811e-07
1.183806311164101327e-06
9.524412461094914931e-07
2.192160469014095916e-06
1.576344134828479809e-06
1.605650394399035085e-06
3.098407778044699519e-07
4.563513487729177758e-07
1.848886807487493976e-07
1.345188416392268967e-06
1.460518441928438439e-06
1.251485993368365856e-06
1.482633524513924807e-06
7.670617471420131986e-07
1.889670944451363254e-06
2.142260726573608019e-06
1.188411892540677932e-06
1.410827582254076219e-06
8.884453617549474940e-07
2.000850208373413826e-07
9.815038845402921959e-07
1.572688941806740655e-06
2.085064263305908295e-06
1.588381020387248303e-06
1.578099148605985856e-06
2.076185673588491796e-07
9.772955938192461879e-07
1.575760221299364767e-06
1.962249203460209788e-07
1.591787984532536371e-06
1.019911925257819386e-06
1.574638029661635349e-06
1.053029965165228473e-06
1.787990468932441465e-07
1.590057522409170167e-06
1.402456284664650812e-06
1.620696057618142825e-06
7.304462997686144791e-07
1.584850629270675743e-06
1.121151988478716832e-06
1.121286919161525634e-06
2.633479709137596953e-06
1.251833612022957538e-06
2.174963007581741478e-06
1.912790567319092514e-07
1.941678792478657490e-07
1.876028086011751249e-06
1.945465293884359613e-06
5.436622458764685367e-07
1.417753072891285574e-06
1.586093673374266133e-06
1.494788296962922903e-06
1.510399993331202852e-06
2.087890671352826587e-06
3.409027286744651098e-07
1.610000104023670757e-06
1.350297743229229542e-06
9.020470989939590330e-07
1.662129885555641994e-06
1.118596915666335306e-06
2.194667970405560903e-07
1.594566856914649464e-06
1.407965243042599116e-06
3.601598017970884798e-07
2.062397378799104233e-07
1.414863324266407895e-06
1.924578776389288136e-06
2.429745211917727165e-06
1.440237302870325921e-06
2.314229381537038339e-06
1.474854354131290603e-06
1.791982044069423071e-06
9.013610651037036909e-07
1.253317023125225089e-06
1.576587852002051145e-06
1.592783335282347448e-06
1.606452306201620300e-06
1.452796149171486895e-06
1.446354444327725469e-06
1.589035767268610020e-06
6.652542264243207133e-07
1.962659099819511405e-07
7.627397761359637112e-07
1.577646824144636767e-06
1.110692850922620808e-06
1.264627404947637190e-06
1.479426346799808147e-06
4.219882623326376509e-07
4.047708643513322745e-07
2.056389538053676290e-07
1.724353021274841339e-06
1.414241362326905862e-06
1.646448313270174973e-06
1.585381270471074542e-06
1.125748062521590544e-06
2.169306614351977964e-06
1.537813161342001314e-06
2.059788322138672897e-07
1.411718416976941189e-06
1.942923946770784898e-07
2.327324970616451826e-06
3.343220518091651210e-06
1.583011590419459433e-06
2.116946450290908119e-06
4.484611630069703570e-07
6.126619911589584952e-07
7.483614130019180030e-07
3.852602632893817634e-07
5.721700432019393959e-07
1.175153675828641507e-06
5.598530996413204534e-07
1.587946159092266999e-06
2.646942985263617815e-07
2.455215491169088092e-07
1.585769413215667750e-06
9.572950056526690764e-07
1.519510110500355763e-06
6.151932542722007510e-07
3.977305800648454426e-07
1.506636138998103302e-07
1.562327868128794890e-06
2.544518202939817478e-06
1.485895001093733310e-06
2.245861146246451697e-06
1.236649033896459687e-06
1.805384303833516448e-06
1.835293602261119196e-06
2.343926951331175221e-06
1.401540056724292242e-06
2.071619640656520026e-07
2.063395794119748439e-07
2.110599637080833168e-07
1.772364283270183706e-06
2.195577045363384597e-06
1.748693650517731713e-07
1.160411365837595493e-06
1.456571061135935986e-06
1.569141448648126681e-06
1.452997293295164699e-07
2.199423551459250253e-07
1.976788436981220859e-07
1.398550802133752310e-06
3.946016742536542704e-07
1.459341660795055065e-06
1.585905842129786143e-06
1.386513062955831718e-06
1.365776776888444119e-06
1.570038886297860437e-06
1.409763960786076602e-06
1.242948959886703767e-06
1.190414564779192771e-06
1.460902371057832746e-06
9.886454963322491192e-07
1.249927817796302971e-06
1.225835168825765927e-06
1.425036567041774283e-06
1.587017418929319958e-06
2.038796831123736172e-06
7.630121164975931584e-07
4.477922119910615180e-07
4.023940124946402292e-07
1.586086803295303459e-06
1.480549883625478833e-07
1.517028386291928100e-06
2.100444044116317621e-07
1.047519008400914935e-06
5.841263339127067626e-07
7.643203958023478378e-07
4.282447411302434068e-07
5.014903225404240961e-07
4.212007313736090188e-07
4.969638969336276357e-07
1.431174779486517773e-06
1.887470660079866536e-06
1.566505640287025667e-06
1.876201309393948369e-06
2.768472185625613928e-06
9.425514368255737917e-07
1.617248148848356765e-06
1.154792015494688506e-06
2.562267752728313582e-06
9.802075626284288422e-07
1.822614495379496688e-06
2.011043296007965318e-06
1.523544955975941221e-06
1.403657897005528642e-06
1.403346982043034079e-06
1.951813012071581192e-07
2.059332586404721357e-07
1.401094680745249012e-06
1.977689207383686819e-07
1.506703119671741276e-06
1.591447002715113022e-06
1.717800181369120241e-06
9.496411535240841387e-07
1.603690193509608367e-06
1.654590193164224343e-06
1.450396661515203954e-06
5.140852066233332334e-07
1.949454292866082329e-07
1.202929701663077945e-06
2.303870595301157731e-06
1.435661453297870898e-06
2.439456501171182150e-06
1.501077980318876005e-06
2.269290163925555888e-06
2.068074261010063453e-06
2.205707922650098689e-06
2.101933959293345923e-06
1.494411570412657170e-06
1.752919737221503670e-06
1.402067959406031400e-06
9.060124521727187516e-07
5.276993047208955108e-07
1.675823910134646928e-06
1.606769789610304824e-06
1.574610806241148323e-06
3.177394304078773688e-07
1.101489351152045988e-06
1.604450701086726273e-06
3.550877184158461857e-07
3.382159157089902659e-07
2.656296952728657384e-06
1.600852928720602399e-06
1.605516843697463792e-06
9.943703418053812096e-07
1.453868778433753339e-07
1.709967539167901648e-06
4.562144462700830872e-07
1.578708289413873765e-06
1.572522247866903176e-06
1.081047120662296482e-06
2.809573240939761964e-06
1.253963332736569214e-06
2.481757289891294305e-06
1.652957221772783975e-06
1.916629965659561801e-07
1.844235145396420068e-06
2.782084452050530959e-07
2.082482117158477641e-07
1.399987608710950841e-06
9.221752579042948791e-07
1.588513212612117233e-06
1.592986837957692548e-06
1.653814576856907538e-06
2.102651221021066749e-06
1.580580580172512046e-06
1.584532364334562252e-06
1.586077932312365569e-06
2.186263173310248435e-07
1.186016462075184291e-06
2.247156347552166217e-07
3.108420765152170640e-07
1.510579765828088379e-06
1.405916557702405231e-06
2.622455918166567607e-06
1.457018836218830664e-06
4.391271394307216932e-07
1.472796381433319405e-06
1.742385346446219106e-06
2.605799646371085439e-06
2.682352942524826391e-06
2.183376231167304247e-06
2.402123665812180532e-06
1.494997824463393118e-06
3.990087691294985847e-07
1.483773130138867270e-06
2.078175993191669065e-06
1.459109855820850945e-06
2.076098066928883317e-06
1.851747288101311709e-06
1.083040394994614716e-06
3.418305721106954695e-06
1.875187612500696863e-06
7.638569570138597205e-07
5.721683557911668720e-07
1.572223409604063304e-06
4.975807801606512961e-07
3.778475714240651279e-07
1.800021142497947172e-07
6.161148167993949434e-07
1.952772469395677616e-06
1.079762045536038959e-06
4.303426655970901012e-07
3.060395459431881877e-06
2.002157853406843447e-06
2.132296908038628629e-06
2.694940609761119721e-06
1.606212040516028588e-06
1.739203586715475702e-06
1.942827844062376408e-07
2.715884287541389556e-06
8.823237863150105982e-07
9.512346304950129782e-07
1.591722812598079268e-06
2.071963990973858821e-07
1.658556741844606178e-06
1.450840042918187030e-06
1.717542495122706444e-06
1.590619965418528049e-06
1.969593936326162087e-06
1.589452327733330374e-06
1.101334541451221847e-06
2.334465463236533975e-06
1.568334348273773077e-06
1.587535861757352071e-06
1.575152212080541236e-06
1.506022640554021199e-06
3.179395285605106412e-07
1.414956051174743672e-06
2.074360231476494829e-06
1.532935308495194242e-06
1.439842706140197588e-06
1.450314714720763544e-06
1.904206576837930569e-06
2.436399321240374879e-06
1.578776393527666637e-06
2.351679381661574584e-06
2.113282204235448884e-06
2.248730136466568839e-06
2.775274890676298315e-06
2.335289424442676859e-06
2.488344272192390873e-06
1.574727417395427769e-06
2.166947607548888374e-07
2.915830231791953117e-06
1.643905405471491641e-06
4.054916595623158942e-07
1.491368509254889615e-06
8.904666936320453712e-07
4.525250389714330659e-07
2.543167662482310901e-07
5.760781988505076705e-07
1.581930058957130955e-06
1.585481789095334840e-06
2.171510317846836362e-07
1.586716355756404785e-06
4.140749211728811302e-07
1.672187949194138329e-06
2.625332501870747048e-06
1.375595219629763627e-06
2.584591281866670373e-06
2.492914156701718928e-06
1.489879341551772339e-06
1.191524875745749267e-06
3.703205467184888233e-06
1.586768707805194690e-06
1.458523169526566682e-06
9.935401301602116066e-07
1.402800034374378880e-06
2.433654558850750788e-06
1.757805549973279015e-06
1.448362305788385369e-06
1.547818080027752792e-06
1.470474224232621539e-06
6.999427774326191344e-07
1.582836732961639001e-06
2.233394772890437948e-07
1.152112714455116000e-06
1.583839504382064720e-06
9.795404436083350004e-07
7.670352769795527154e-07
1.445928347999334994e-06
1.866968869946959669e-06
1.547455427920363126e-06
1.492580305990175940e-06
2.335207557222315116e-06
2.199404962087255631e-07
2.213342463637077229e-07
2.246884410896889753e-06
2.720972072526382051e-06
4.564128074548735937e-06
3.174291842381862876e-06
2.127242117325314794e-06
1.841475204941477243e-06
9.794965004451879295e-07
2.562913387497659408e-06
3.260279337679852624e-06
1.947321460233222580e-07
8.616147038347220754e-07
1.225468585270602704e-06
1.589580380619462907e-06
1.663536137738266871e-06
3.958668184803643573e-07
1.033743234792963310e-06
1.782002894805736026e-06
1.026463599483808729e-06
1.493363759930696830e-06
2.443198209944404919e-07
2.211199489858034741e-07
8.270262902842917360e-07
5.006115587685512363e-07
4.024005991862192463e-07
1.254536650440614237e-06
2.105005079575739376e-06
2.647279887187281988e-06
2.909327144547628858e-06
3.475994932930400137e-06
2.419601122612302470e-06
9.487250024643010420e-05
1.118111710683961377e-06
1.322138309814896265e-06
1.403405218807984155e-06
3.004348273264504105e-06
1.383823849305696307e-06
1.481954634741941497e-06
1.839295007111006109e-06
1.586993460492044618e-06
1.979585921485980210e-06
1.534218883288130811e-06
1.586866182028518900e-06
1.405133528579397611e-06
1.419755633255053522e-06
1.144373797445897551e-06
1.363881585850751197e-06
1.586548583873512386e-06
1.573855752978058656e-06
8.031229975272356317e-07
1.321397359899362288e-07
1.579655148461623242e-06
2.005170458536458227e-06
2.868409444873581808e-06
1.250912900916414217e-06
1.500183324802612969e-06
1.471534944007747952e-06
2.449076060327028792e-06
3.746600883195815990e-06
1.605881053736718274e-06
2.622040183670610193e-06
1.745560995240634574e-06
2.545338141407473862e-06
3.642141673050334624e-06
1.602353131682372099e-06
1.727434235300416289e-06
1.578766376705290061e-06
1.577047831891161534e-06
1.603620020693208352e-06
1.580105626676537491e-06
9.804869149408991691e-07
1.978641144304186746e-07
3.476499293969679465e-07
1.981401398266814462e-07
1.170430528044953774e-06
1.603449349433242472e-06
4.390492492275765038e-07
1.954507010729368109e-07
2.066972622253360546e-07
1.387726196468258889e-06
1.469012592400177092e-06
1.350538527430808076e-06
2.326706156465769005e-06
3.005880453531993888e-06
1.432289153290673300e-06
1.550450789210822654e-02
1.515704093095380893e-02
2.861202724628010509e-06
2.691826052473657710e-06
1.930214437284543697e-06
1.255408742043585383e-06
1.255531356193271652e-06
1.656949529624468009e-06
2.315399642806367391e-06
1.253056402723413938e-06
1.970872895932142062e-06
1.587392079544001616e-06
1.252215929225422071e-06
2.298401857382566401e-06
2.714146675544947537e-06
1.402471646010384597e-06
1.535558024859380305e-06
1.732149447240595277e-06
1.185605819719992789e-06
1.253482891679914012e-06
3.097047819531117701e-06
1.186539922236475681e-06
2.075333883726489299e-07
2.250912566261799747e-07
1.503593324496611837e-06
1.221010204865076653e-06
9.769402718133402948e-07
2.416367747408566194e-06
1.850998103068004615e-06
2.042327270605240558e-06
2.285330381939018127e-06
1.157535642903308593e-06
3.478992477779284061e-06
1.969098053449573697e-06
2.737560997356498089e-06
2.018335785110757356e-07
1.577848303493508655e-06
2.027286992287054686e-06
1.916223421074545369e-06
3.671792119029556834e-07
1.572186945713003464e-06
1.602329372836656926e-06
5.839130982188857084e-07
1.594607896320183325e-06
1.736242587276533972e-07
1.577236114827565634e-06
5.317141864419330136e-07
1.879147247879837429e-07
1.539381680442847318e-06
1.594343030491487216e-06
1.251705861380085280e-06
2.469275927056618053e-06
2.285455797843052348e-06
2.433501078929199768e-06
3.366093257052019096e-06
2.440802655518480154e-04
1.553633598974934868e-06
2.564446067576477380e-06
4.463017689760339534e-06
3.131356706760294304e-06
1.336783566725830528e-06
2.439984940871600226e-06
1.252477534853309571e-06
3.103880118530944950e-06
1.757926929530161624e-06
1.419944214772269830e-06
1.334510327616730378e-06
1.430225245733835331e-06
1.336053773504220851e-06
2.325599606614401138e-06
1.250100778596536896e-06
1.487892148198749162e-06
1.252495009079009618e-06
2.074565172091887283e-06
1.605203374187787903e-06
2.284410434435819672e-07
1.253609881749827981e-06
1.251150626646645305e-06
1.549033330534607707e-06
2.597853588420140125e-06
2.504657309392970310e-06
2.319957995710130833e-06
3.094835279139239688e-06
3.002073141626884743e-06
2.044719313097713884e-06
2.884141107779528851e-06
1.863717998134622446e-06
2.318829945319851742e-06
1.584215981426167541e-06
1.156186018686359413e-06
2.164980127750102400e-07
1.592977084256533376e-06
1.605103788206517084e-06
6.970422775182243934e-07
1.308584606385344207e-06
1.582962567540947403e-06
1.604765985218549148e-06
5.284047535833792019e-07
1.472151305818185896e-06
1.490034506294789643e-06
1.695551235130533858e-06
5.793912013653372392e-07
2.209789093683923606e-07
1.797820913835300605e-06
5.325213911863704061e-07
1.390672476697173529e-06
1.443543566789673451e-06
2.169338527664159618e-06
2.738048679294608603e-06
2.332865768899815016e-06
1.673907684616877897e-06
2.486298170470686628e-06
2.751184882499019744e-06
3.534637986221330078e-06
2.409009104169046311e-06
2.305744383314241140e-06
2.496547990249876797e-06
2.728557353732045474e-06
2.499713648526943358e-06
2.071276363945280714e-07
1.301855632108473550e-06
1.439498077654982684e-06
1.917462240699618183e-07
1.580368747563892667e-06
1.730946273209835530e-06
1.575649786761123447e-06
1.854021224644123949e-06
2.165327539101136893e-06
2.100270802095520961e-06
1.606996679966854175e-06
1.118594696768614214e-06
2.274543842716511944e-06
1.252591918610898787e-06
9.801188188393567292e-07
2.265611801504404194e-06
4.833084246366801021e-06
1.837315667043981705e-06
3.264069022198153912e-06
4.522671089236303946e-06
2.070756958384928271e-06
1.396380399708335569e-06
2.942244713389640937e-06
1.253828333447163873e-06
1.481564199898078513e-06
1.403049716357300397e-06
1.574887491696303428e-06
1.655763727836033607e-07
2.709490021151914586e-07
1.576805642606645225e-06
5.522250783270974444e-07
3.953454809368915144e-07
3.055278952857038930e-07
1.521990251554323874e-06
1.242044681040243498e-06
2.968019373884612913e-06
1.578082852052545718e-06
2.213354093851268934e-07
1.968878601834005838e-07
3.261361191803390165e-07
1.378956762432877367e-06
8.318684895809463035e-07
2.070424979778138029e-06
1.522896409020986149e-06
3.425244200951892741e-06
1.704316965303794884e-06
2.184850124572232966e-06
2.439369953517772235e-06
2.464482675804833149e-06
3.447728532151587761e-06
3.429507512500111211e-06
3.861096481365295258e-06
2.894790234494404818e-06
2.686649984170139996e-06
1.449156424320373205e-06
2.062498408144417736e-06
2.563434948093461220e-06
1.583129681103813757e-06
1.923296468878391718e-07
1.888788185464097023e-06
1.474162766078965323e-06
1.254072777547471296e-06
1.822410102657902478e-06
1.126502982981199948e-06
1.530270463695232245e-06
1.153433219704245800e-06
2.424458975352632290e-06
1.997669968513440307e-06
1.533064595020170803e-06
3.751158810898250970e-06
2.187885624732708269e-06
3.426448529979644946e-06
3.553970714498403976e-06
2.957244269544502217e-06
4.308850039599059052e-06
2.225534204252169438e-06
1.438087631641844898e-06
1.200757103580081130e-06
2.097612256514496949e-07
2.263451774410381043e-07
2.079182549926411312e-07
1.585575119007822948e-06
1.578280231991342122e-06
3.694907892667117028e-06
4.377262173273687360e-07
1.622613682953893576e-06
1.540809868595863050e-06
4.405869649447107237e-07
1.404994736582288628e-06
1.645311455031567533e-06
1.592502170648643679e-06
3.167779118919198180e-07
2.252225767472402916e-07
1.682325041208205213e-06
1.521169167478857587e-06
1.762417180968429778e-07
1.589650719085513334e-06
1.658812869555520517e-06
2.459121198361793942e-06
2.914117423637900903e-06
9.821090706563304265e-07
1.499727421673527206e-06
2.692024145162987392e-06
4.603089437574266034e-06
4.817637196486815330e-06
2.029631012623946348e-06
3.385298995569794266e-06
3.833443104411032992e-06
1.417456572294617747e-06
2.294624908903398495e-06
9.795998878880270365e-07
1.409579923369866821e-06
1.255518316666320627e-06
3.507407019231570150e-06
9.765952542467441246e-07
1.614327450493520774e-06
1.493139057924720965e-06
2.544944307243771294e-06
2.540373794836761271e-06
1.901139188599183439e-06
2.245224609848504165e-06
1.414158809246897742e-06
2.794312981662483155e-06
2.215203755589549066e-06
1.950707484218411106e-06
1.411351291217904698e-06
2.912078462096353432e-06
1.056730036707709036e-06
2.517663862025091697e-06
4.913464927599695924e-06
1.253070499470463851e-06
2.508152326130702732e-06
1.590101148741274491e-06
2.089022711846353986e-07
1.191668332257676383e-06
2.496539224077659929e-06
4.871215853022266654e-07
2.394391589441482237e-06
4.120438504844897355e-07
1.237978401422890458e-06
2.849708778694714274e-06
1.605555218274459536e-06
1.137716224157224469e-06
4.197978567262937394e-07
1.260152591976287733e-06
1.608924731257378365e-06
1.313403395898748466e-06
1.589896029205670092e-06
7.635689557622518532e-07
2.073120688848532916e-07
2.486595347979309848e-07
9.252541700323841235e-07
1.356226531974178765e-06
1.482982997473609659e-06
2.199390093974676600e-06
3.309832938124871611e-06
1.551072360913561207e-06
2.548128547842338807e-06
3.308779923043012861e-06
3.430419207640935555e-06
3.311293020129026884e-06
3.323777140133353826e-06
3.754443385994522710e-06
9.610231932598002624e-02
7.332562253154271958e-02
1.592470962291944001e-06
2.422577142600962028e-06
1.426451899383291856e-06
2.065022579609934432e-06
2.378542032166718294e-06
2.062084630537827024e-06
1.461564240702536533e-06
1.969301864540390421e-06
1.361939235448169959e-06
1.183507581757662131e-06
2.401386077362700139e-06
7.651541061803205670e-07
2.462777916267402682e-06
9.768217863591643646e-07
2.372671326962212192e-06
2.605563197274105258e-06
2.627649400251215673e-06
2.606760789157158632e-06
5.086286716329917213e-06
2.374730609681968535e-06
2.091532325649781055e-06
2.813990554698165119e-06
1.178100568949739865e-06
1.029540185232396859e-06
2.003362694264311700e-06
1.130607073564289916e-06
1.127768525405956094e-06
1.925306782534218015e-06
3.324598624183141324e-07
5.111536581275647102e-06
1.653171595510865146e-06
1.615929612584924862e-06
3.535602005338938165e-06
7.729893046148621743e-07
1.591758366539157338e-06
7.417597007536084588e-07
2.838874683289023526e-06
1.938124767549562521e-07
1.581236511746131404e-06
1.429153752016226995e-06
1.771982400640281350e-06
1.425044435769616520e-06
1.583275069813286341e-06
1.328138371406524569e-06
2.058935675736764312e-06
2.271944314250822370e-06
2.448144635201732896e-06
4.343435318758355689e-07
2.451568992499759310e-06
2.047146565086648603e-06
2.754956287312965358e-06
3.245678869037050925e-06
2.872606589735166477e-06
2.692115406060749845e-06
3.691975340167675135e-06
2.759747709812511458e-06
1.961219506466063987e-06
1.500653649698759813e-06
2.139626690634197138e-06
2.078769440415443832e-06
1.809477254015356779e-06
1.912914336354449249e-06
2.160050403050092313e-06
1.438686176565355449e-06
2.380274575706968947e-06
1.517322445928871430e-06
1.487212038816136966e-06
2.746484154709143389e-06
3.415368744168324571e-06
2.462775175404932360e-06
1.692975826775818556e-06
2.434879383606115219e-06
5.532357056880549866e-06
2.495278849600358207e-06
2.869747360522259853e-06
1.347632632958983487e-02
1.932162847667432650e-06
7.313512359380210420e-07
1.502599067497471263e-06
3.699026639380456535e-06
3.606339585176511093e-06
3.233684940420945366e-06
1.186545565179580090e-06
2.515257140853286419e-06
2.186200225754106019e-06
1.695574507419737938e-06
1.364303831765561117e-06
1.486371802724532779e-06
1.606448590587325931e-06
2.050239027679467898e-06
1.550730634416699539e-06
1.585633540578811092e-06
1.762585227007137900e-06
2.199667047505912170e-07
1.671299997603145989e-06
1.579268322211273026e-06
1.985818359545133788e-06
2.220504248139279708e-07
1.188629891895591492e-06
1.874062384433932973e-06
1.603351863134031690e-06
1.724328188301693364e-06
7.675084579252484291e-07
2.160921174645929829e-06
2.467365905832391314e-06
2.398890785056575393e-06
3.836196916615629518e-06
2.564173219091197809e-06
2.446304782181497525e-06
2.946771481419126819e-06
1.497019123550236245e-06
2.581017051826129507e-06
3.029186906481984916e-06
1.475081183662857810e-06
1.481019548124239680e-06
4.534678867097788754e-06
2.486741656959186308e-01
2.204136097065854906e-04
1.780072865057116961e-06
1.802335222461535081e-06
2.574019917059456611e-06
1.942576658824807724e-06
2.823857359704069228e-06
1.253889063371620462e-06
2.746545609461245909e-06
3.538261837248765550e-06
2.598400481153746987e-06
2.913738060790883286e-06
3.363675272410249565e-06
6.081074668434200900e-03
1.882962360986980069e-02
2.126926552121013679e-07
1.771784814776327712e-07
1.171486830832731013e-06
9.242100026867219525e-07
2.400851941352030924e-06
3.435337941308309668e-06
4.106004064702438149e-06
1.963933157671856635e-06
6.912011005741738981e-07
3.525290912556460634e-07
1.589460663815221900e-06
2.285775321141968431e-07
1.609236366028799096e-06
3.634194266806224623e-07
1.125832745766418461e-06
6.529356483805305686e-07
2.100390433870885672e-07
7.526778196338827345e-07
1.580110832639376288e-06
1.580462954432322467e-06
2.080652378229065009e-07
1.588933461961475234e-06
2.099813364806245274e-07
2.220884965534978575e-07
2.480722613179030999e-06
2.233658257193043131e-07
7.680775616475290798e-07
2.180658631146558832e-06
2.181335405866540729e-06
1.028784058958946733e-06
2.456091446914755531e-06
2.568654862158141921e-06
2.331657148986093350e-06
9.822669290478708058e-07
2.964927457333136947e-06
7.685955296689525496e-07
2.497789106847074572e-06
1.731020024244237112e-06
2.198967142353799798e-06
2.570783037066991625e-06
2.271354113392373465e-06
9.990302789942447545e-06
6.343867483689051567e-02
1.397298959805360919e-05
1.640279272317667230e-05
1.379328018393528821e-06
2.645338172839306189e-06
2.468507253608262520e-06
3.556149217459263225e-06
2.948985528554394997e-06
3.242461302293939382e-06
3.830715695824717322e-06
3.709219953000597005e-06
2.820322827042473861e-06
2.016776182320781229e-06
1.374219002627727024e-06
1.409680490049164318e-06
1.530934728285878500e-06
1.751349923079906661e-07
2.109049484330184861e-06
2.174135869485198745e-06
9.895410623806427295e-07
2.565003943706511044e-06
3.676847149139650355e-07
4.923250791438958149e-07
4.551873664663037763e-07
1.480637194006260726e-06
1.704612527641492115e-06
4.679162113987638320e-07
2.632226188648604675e-07
1.159501710297085301e-06
1.549566088581722292e-06
1.813619591745090000e-07
9.454881260391713657e-07
3.141101742554867834e-07
1.506732530313284624e-06
1.812925703897393078e-06
1.583044654745529509e-06
2.249203391929410993e-07
2.203739546429425064e-07
1.702680163484876341e-06
1.653375911011833993e-07
1.275297868546422847e-06
2.239276521230075275e-07
2.379409610838720547e-06
1.552095700908951056e-06
1.252808036029569949e-06
2.085242977176236960e-06
2.204834539752551059e-07
2.576777198184197607e-06
7.667558534752284272e-07
1.250296401658987067e-06
1.734630647863453296e-06
2.201677948518930209e-07
3.072100040486673288e-06
4.312830843173371863e-07
3.164680528131101267e-06
1.672105605817128185e-06
2.919279944102539090e-06
2.841815495669332246e-06
2.576268449261824249e-06
2.581696936216513155e-06
3.250834370204143222e-06
2.541897774455572372e-06
2.623454171427663381e-06
2.328248744672211068e-06
2.376159530117556479e-06
3.418763319154083993e-06
1.587745898612145532e-06
2.095450647055049840e-06
1.749952769857939194e-07
1.390591202861816352e-06
1.406737952267947482e-06
1.446902709184661070e-06
1.570636521499627327e-06
1.507555923859329922e-07
5.590140836002068206e-07
2.078869341134392707e-07
1.568120891022255306e-06
7.672595212944237413e-07
3.609174423185377682e-07
6.720524783356812498e-07
1.456165572135824671e-06
3.463930413107195181e-07
2.773910267031571357e-06
2.044003417776676107e-06
1.527180594148110360e-06
3.460985340218958924e-07
1.492920661163296748e-06
2.233882141942154933e-07
1.483816404952672660e-06
1.578097289512296315e-06
1.907105119730547029e-06
1.073329794323758899e-06
2.069881340876244301e-07
1.624984819561184097e-06
1.568881724144045904e-06
1.459089041056162189e-06
1.464837790547968070e-06
1.488416109684364191e-06
1.252977092034081032e-06
3.247241723638093486e-06
1.998031281468245365e-06
7.660413793727879040e-07
1.968203371698321604e-06
2.204113747802935772e-06
1.796430283233693764e-06
1.601498709805612523e-06
1.513538727091690867e-06
1.253094697723334636e-06
7.658971430129552185e-07
1.154188567398292922e-06
2.411916848247338136e-06
1.563431870120272456e-06
3.472196005752328513e-06
2.566259964353468047e-06
1.776209940861998844e-06
2.907608846595613263e-06
3.661392214180020894e-06
2.202810113590230824e-06
2.663348804572616704e-06
9.813833544382887357e-07
2.680075165308498702e-06
2.270133659202065955e-06
2.684951446543719735e-06
2.169381192137910831e-06
2.464687875273083472e-07
3.491213065374417772e-06
1.390331348379335502e-06
2.868780372511084344e-06
9.561035383604933722e-07
1.091864308908790114e-06
3.216919178375129682e-06
3.607008291513351251e-07
1.368555543652754399e-06
1.609248030616808692e-06
2.982946787600549805e-07
1.321340684733121142e-06
5.298945298090809544e-07
1.579405710180952742e-06
5.640106768571059654e-07
1.488709465890464521e-06
2.204136181762209909e-07
1.709945555825524191e-07
3.147786607432501030e-07
2.522022627026422532e-06
2.062087812781637042e-07
2.088538851156133848e-07
1.958814636298176704e-06
1.130333030886163081e-06
1.495097191245953131e-06
2.024494285772590793e-06
1.426338873154614099e-06
1.464641442979609599e-06
1.461269084942358426e-06
1.169896686355048745e-06
1.458337623614775111e-06
1.252906038094343789e-06
1.978953002028169781e-06
1.432735911867361944e-06
1.701624208201036578e-06
1.583170796185340216e-06
1.717070623220955207e-06
1.529716733545766591e-06
2.539842629754118692e-06
1.329647280161543720e-06
2.926130635025728293e-06
1.251447679314596134e-06
2.237432885641757769e-07
9.773063016947419653e-07
2.908783362187675817e-06
2.571823727008236843e-06
1.450019380312689714e-06
1.458972672189169667e-06
1.482007946811762011e-05
4.855804736978824900e-06
6.021823068858148987e-05
2.441661051845185689e-06
2.550123360219350597e-06
4.239628006057697535e-06
1.448670831799982343e-06
2.491199412072754999e-06
7.792835231284336424e-07
3.315561785072480862e-06
1.816082124876524010e-07
2.984948113814736787e-06
1.017793289617611880e-06
2.444583241492729595e-06
3.316338827772198264e-06
1.579339227332069481e-06
1.983997703250866393e-06
1.612192863973471086e-06
2.589742996907125345e-06
1.252641698948922690e-06
2.566589468842486112e-06
4.153846676034886278e-07
4.915424525516308624e-07
1.575355543629810896e-06
2.140750149341704168e-07
1.588639233814380926e-06
1.183751520292362001e-06
2.061924104886337223e-07
1.581825838967855594e-06
1.610669127423945726e-06
1.771699960799312782e-06
1.565433588426878508e-06
1.568969787428015828e-06
4.587210248868455369e-07
1.606643844288270525e-06
1.589061895687216791e-06
1.089407160266347214e-06
9.391024685364918133e-07
1.604363820638760345e-06
1.677479976650632505e-06
1.573884262794568320e-06
9.782128056886727064e-07
1.953966719294384900e-07
1.943790416054138419e-06
2.952046499781439642e-06
2.372570779322863908e-06
1.590069829198838402e-06
1.070546609338172341e-06
1.882518231820258593e-06
1.457299713547751773e-06
2.282348282982899746e-06
2.271542131535126853e-06
1.431843349580141138e-06
9.815890177622084454e-07
2.246123444058624736e-06
2.091321043025087832e-06
4.368398992160244659e-02
8.150231259283640534e-03
6.562720999010084261e-05
2.175040643563281990e-05
7.668709258199988363e-07
7.098686126419366617e-07
1.250207369988073099e-06
2.892015406140699150e-06
1.585662056894990807e-06
1.475884740419818163e-06
2.331751659242682921e-06
1.070451586638654255e-06
1.575031021922899928e-06
3.075625772689642931e-06
1.052465668117284267e-06
2.093449170986377492e-06
1.155822288955788772e-06
2.610162698133002822e-06
3.668194430676635755e-07
2.063125913175573489e-06
1.591066018125512998e-06
3.069208851497860562e-07
1.682833481516071886e-07
2.203861229098668486e-07
1.586845599008381942e-06
1.599985095472005898e-06
1.590085244075396599e-06
1.058139122241350513e-06
2.078698746670899172e-07
1.577621172813841621e-06
1.578779768373977022e-06
1.835431234775620706e-06
1.573562855658619676e-06
2.134698059555952110e-06
1.070851476638110091e-06
4.304183811672463003e-07
1.585429736457113584e-06
1.904619437780867644e-06
5.943453428456773926e-07
2.053175311111693738e-07
1.575915800427609076e-06
1.064360301012868141e-06
7.657150840271301591e-07
2.097793697710395479e-06
1.722739549988498710e-06
2.052588003796510073e-07
1.275208715544050366e-06
1.499180611948311672e-06
1.317111355290668949e-06
2.795810441300789927e-06
1.425619080990242635e-06
3.325481754940358885e-06
3.096884634440776784e-06
3.582560552065717326e-06
2.890391580158278956e-06
9.866398088218427374e-05
3.015184080909384841e-03
1.126038949621056373e-04
3.515281373607176212e-06
1.511076329173553689e-06
2.821112156256857685e-06
1.967582009038540716e-06
1.516130796771887030e-06
1.884186659847508864e-06
4.754212772731298921e-06
2.074359164666592998e-06
1.559385486164479954e-06
1.446597708451814568e-06
1.479969931717632675e-06
1.367605015022359471e-06
3.056177988967830163e-07
1.093261198671166291e-06
1.612412270834104312e-06
1.088691135286595693e-06
1.234279311398826099e-06
1.182089899461759981e-06
1.566826302796267815e-06
1.091037081906985681e-06
1.001148724951668587e-06
1.787474154787510180e-07
1.150557668793540711e-06
4.711455555359753468e-07
1.904105419217023156e-07
1.363663966413524989e-06
1.343420871788724819e-06
1.594218307562802297e-06
1.574495251472187359e-06
1.584708477451293848e-06
1.968351397328805702e-07
1.407211345755004109e-06
1.577681940187909468e-06
4.351366121553973091e-07
1.504683735810073664e-06
1.477214310330477787e-06
1.605706500261905134e-06
1.503952708266380738e-06
2.187749331985544163e-07
2.119542858042660421e-06
1.478982983618775932e-06
7.663062397928118799e-07
7.656997383992496513e-07
1.589216867591425777e-06
2.087791707589740583e-06
1.194943218008470599e-06
2.528532136831289692e-06
2.869705674951727348e-06
4.233394328234763395e-06
1.450795377334144128e-06
3.070993446585294743e-06
1.712157130211701080e-06
2.602461294989932548e-06
4.599603883704541442e-06
3.021348301197249373e-06
3.789498469154472030e-05
1.173368592195509798e-02
2.181304680229386489e-06
2.163000254830647678e-06
1.348189188878736355e-06
2.026152511194974250e-06
2.877403095452523197e-06
1.064189112178825818e-06
9.979620943055046106e-07
2.083446972192229428e-07
1.257962493283297435e-06
1.577378335013458721e-06
2.237357061428112948e-07
2.077743542552682440e-06
6.424228363783254879e-07
1.822674497948703009e-06
1.591209208091941249e-06
1.575974454785210454e-06
1.579316023198310592e-06
1.575495252076365236e-06
1.515072541797001391e-06
9.421893045330138105e-07
3.085580739066514698e-07
2.894238499249399603e-07
3.984768742679670204e-07
2.229479524873332894e-07
1.578794393079379817e-06
2.112373484513991498e-07
1.579063124208296105e-06
1.443831425629696376e-06
4.318570223377058430e-07
5.385136366979296617e-07
5.470005205745694422e-07
1.826377607647615955e-06
1.593906059574794607e-06
1.025281711959570796e-06
3.540617927120490067e-07
1.581239307526407859e-06
9.021159989554679038e-07
2.053685439509296070e-06
1.585943760099118161e-06
1.501457256322447971e-06
2.158424637469981644e-07
1.643372909587142164e-06
2.045498141837683476e-06
1.436852751629353717e-06
3.162228480658659125e-06
3.349796898480903448e-06
3.048224730369140366e-06
4.275417584556515061e-06
3.119116922989284189e-06
3.021559534620891630e-06
2.143762934939550256e-06
1.958494835519110467e-06
2.991499817407761811e-06
1.750677799483417651e-06
4.194472970383596895e-06
2.347102462451304203e-02
2.724286169355312558e-06
6.901467355336380678e-06
3.886056409932030693e-06
2.556960426208144428e-06
2.188811777431251536e-06
4.729248725597070143e-06
2.022645554981901969e-06
2.535067896737810688e-06
4.403706319788781564e-07
1.544857658423451840e-06
4.137944577474312656e-07
9.204424850360192986e-07
9.811263175174692412e-07
1.582581707790393891e-06
1.942471285994092642e-06
1.177416918804867337e-06
9.334984792115052149e-07
2.678329686864646734e-07
1.584709125403732546e-06
3.720219094865066165e-07
3.177225417148797882e-07
1.318138194360443207e-06
1.617560170380108280e-06
1.581008023076400223e-06
2.746700038655940545e-07
1.774173312723310929e-06
1.581010335550750660e-06
1.589955045505565488e-06
1.380553292524640496e-06
9.221162815626748914e-07
1.818998739489431149e-06
1.604671375983220698e-06
1.439507172504860610e-07
1.604153218315177520e-06
2.723602306547381235e-07
5.143238502413503970e-07
2.105970008687454885e-07
1.585969593617731453e-06
9.000082433639481433e-07
3.138824316279374261e-07
1.443376418751348957e-06
1.586383134421715240e-06
2.536469784297913199e-06
1.402797767365394755e-06
4.645000269898457607e-06
3.299036829007705635e-06
3.081337001789749706e-06
3.028069937459086741e-06
3.848021716053991409e-06
3.483745312049217523e-06
3.813732325742877813e-06
3.715614148732584524e-06
3.470309890215127868e-06
2.829051829404416101e-06
1.066183402400245714e-05
1.253435040098691607e-06
2.337088734600944503e-06
4.878506459248828416e-06
2.720680953362385997e-06
2.274639854700885186e-06
1.963253862904967500e-06
1.232867227429817235e-06
1.618628146813457706e-06
1.695707644415223715e-06
2.226274208008438044e-07
1.606106494395938366e-06
3.256978267610420592e-06
1.751399687224011947e-06
2.697421985523854538e-06
1.101854421542481331e-06
9.901902825878247372e-07
2.245670334577009125e-06
1.519422693557649710e-06
1.382287893900740029e-06
4.445175050821231941e-07
1.584233294166296791e-06
1.920969856282610143e-07
7.723379400216340531e-07
1.604606704626768410e-06
1.587244430106585590e-06
4.344011285084734954e-07
3.199887241405054271e-07
1.580938235480179243e-06
1.459967105918356718e-06
4.082217296205837814e-07
1.583914514929721061e-06
1.352628425483110602e-06
1.952874677407634197e-07
4.132167254883822785e-07
1.488629622042385649e-06
1.580082922488412760e-06
8.340145106204389185e-07
1.878351775594424814e-06
1.591272760654533051e-06
1.518580179020392898e-06
1.589391181445868471e-06
1.363015248004900038e-06
2.246659200366763769e-07
2.163949731043200614e-06
1.809219735607555440e-06
2.374341989199599535e-06
2.557150608914850885e-06
2.661962296611032746e-06
2.168024514500456311e-06
2.400376693140806071e-06
2.719951257917811769e-06
2.060269897748251497e-06
2.712999920007644719e-06
3.010427370651198063e-06
4.279143385392178344e-06
2.612467566174047685e-04
3.609388854234725669e-06
2.614667230726092799e-06
2.687681589070971339e-06
1.113989970741878977e-06
9.904697254933393676e-07
1.605830572949405863e-06
1.614050215601667900e-06
3.361214429077261513e-07
2.305864943386213791e-06
1.606287918126917283e-06
1.900303652989194248e-06
2.945018476654774964e-06
2.047695426371379508e-06
1.609074523477893650e-06
1.154290615844677828e-06
1.550643037554301721e-06
1.578430270990619544e-06
3.246889629428161983e-07
1.610703625014088286e-06
1.791673551623206204e-06
8.320737620240459422e-07
4.803972060558894737e-07
1.578376912704806478e-06
2.290206671149796995e-07
1.586197772501217685e-06
7.635754975068460227e-07
1.606855897545263294e-06
1.609112696450549397e-06
1.586320912058042515e-06
2.986996038169785081e-07
2.101015933088667694e-07
2.927761888708238207e-07
1.730417932230755090e-07
1.592090019680755589e-06
1.979339039442814315e-07
5.535398374509733211e-07
1.608293962103663316e-06
7.304008638646338513e-07
1.955836808343961059e-07
1.585075718073103901e-06
1.125031962882918907e-06
3.240248869473679082e-06
1.778740194898223721e-06
3.133926007999313986e-06
2.897709237236524802e-06
3.124275747126644660e-06
2.783980206775844412e-06
2.774836917536089770e-06
2.783462445633197514e-06
2.731279864792171278e-06
2.090093833028915671e-06
1.697857509843228712e-06
3.775378663080900636e-06
4.371194336167102197e-06
3.294176863662648463e-06
1.530688492895827241e-05
3.131872951907528738e-06
1.533081194001211844e-06
3.281213267836460259e-06
2.308483139083367458e-06
3.160090096879656104e-06
1.609861463521978658e-06
2.111585435088036827e-06
3.286119533369833001e-06
1.881997292907808476e-06
1.333464799394641036e-06
2.925732615913974004e-06
1.604407064870141748e-06
1.926543593770213572e-07
2.464588521663674511e-07
1.677870584121599762e-07
2.222530045517750095e-07
1.588721661956793850e-06
1.002765161453071671e-06
1.969980048621693626e-06
1.705991791865130260e-06
1.554191475977260848e-06
2.661930829482096958e-07
1.588513409487078838e-06
1.579827536992666116e-06
1.588413645191133363e-06
9.778394994636016815e-07
1.586122292979673774e-06
2.846449100366535607e-07
1.023615488636211206e-06
1.323545138046926216e-06
2.234594110541505497e-07
8.938607692405083567e-07
5.849465056782450437e-07
1.326875263104559973e-06
2.222940052241916582e-07
1.421094690949683012e-06
2.081189028250203088e-07
1.568910140594011993e-06
1.455216977135782686e-06
1.591999297764486469e-06
2.498397053667275491e-06
1.448968948689198131e-06
2.330803772059729704e-06
2.904910948434554830e-06
4.747082671231689103e-06
2.743956422302029932e-06
1.728012641210406820e-06
9.969978220341882428e-07
2.002960012073485112e-06
1.616948735308854471e-06
1.384703173566636905e-06
2.568284792895638171e-06
2.184107682495109071e-06
2.627567699880816308e-06
1.062518424695507132e-06
1.333844818257297049e-06
4.207429802945119415e-06
1.253241476704113526e-06
2.016431793331195180e-07
1.703692441987355488e-06
1.409300829076623808e-06
2.480278892449054811e-06
2.203730525201402623e-07
2.383219020387643219e-06
2.673761816119115389e-06
4.841788594108889350e-06
2.059422516204998512e-07
4.268471345295314233e-06
1.605985339692411136e-06
1.610790655598092909e-06
5.729059954371243657e-07
2.209383409925092201e-07
2.919513355916828478e-06
1.585327347484025841e-06
1.585080677593385726e-06
2.535424944281223478e-07
1.581643584421109786e-06
3.416397112921074558e-07
3.368315355237498946e-07
8.827483735065684388e-07
4.821819904862122770e-07
2.158509560516574599e-07
2.181859161792181745e-07
9.634800440130667502e-07
1.222951286294400365e-06
1.593217008974490992e-06
8.599106192455186382e-07
3.512603318757511424e-07
1.564338895809301182e-06
2.499415934372975226e-07
1.589852480435805660e-06
1.183271210683029716e-06
1.540477771647318726e-06
2.136944890386304437e-06
2.202453298305110933e-07
1.579710825079307354e-06
1.253336438055124025e-06
2.494663900206208833e-06
9.751846093743351645e-07
3.126268245816419841e-06
1.875885365034610474e-06
1.853583900752711770e-06
2.638062690415260195e-06
1.942191606320537654e-06
2.012002004885158781e-06
3.232365815141590813e-06
2.933114353057575158e-06
1.589894225380170970e-06
3.110287191705265375e-06
2.844580379123498592e-06
1.253425232779078677e-02
1.917692164096652630e-06
2.845846787944514079e-06
3.752864899527284719e-06
2.025467870245624779e-06
2.410066180331624987e-06
2.154438016544108042e-06
3.315292970785718307e-06
2.264171707096235466e-06
2.010686699933858699e-06
2.877741205261060494e-06
5.162989955941167570e-06
3.276167989053617501e-06
3.129137564658643957e-07
4.636306112004550811e-07
1.919776948760792972e-07
1.341307209479240837e-06
4.142881846472944416e-07
1.860770161111017492e-07
1.588966212979671521e-06
7.697785876568409744e-07
2.242167110159472870e-07
1.754406468780087325e-07
1.970448965081363043e-07
1.655121048972249567e-07
1.602771412329876331e-06
1.483402116303268085e-07
2.261754035762285249e-07
1.602122624751991607e-06
1.573105066593453284e-06
1.576929962841844388e-06
1.575828425662569818e-06
1.585040632516069726e-06
2.084436451136783790e-07
2.015719912073541622e-07
1.543344557602773912e-06
1.576276345286545429e-06
1.435368859887221760e-06
1.589613460695076834e-06
1.585110279010990455e-06
2.688978595543856106e-06
1.022705254901632446e-06
2.247415664475782732e-07
1.433246698217817579e-06
2.248573691208490720e-06
1.595313250035099344e-06
2.904476618267109285e-06
1.670798544543543125e-06
2.027925382117995559e-06
2.375811694280176100e-06
1.342748843032813330e-06
1.267308289841100353e-06
2.085203428596665789e-06
2.742520945556183495e-06
1.823108714862007661e-06
2.114976443369010609e-06
1.414622825578065908e-02
1.842845516294177826e-06
1.647467777790936500e-06
2.279202794813489911e-06
9.797843018930986626e-07
2.124126919407731217e-06
2.186916684485806151e-06
1.714987925622220262e-06
2.837406015695894785e-06
4.994726138168962279e-06
4.938413109673359882e-06
1.796455531172321252e-06
2.162116711784242098e-07
3.490058410120184719e-07
3.123985430104015384e-07
1.477791340095287809e-06
1.520794541569629561e-06
2.130637285905564007e-07
5.649633742180057481e-07
1.923635918086920669e-07
2.638379113529667864e-07
1.578937132003693541e-06
1.071148158153683747e-06
1.890994975277506484e-07
1.618363868661905052e-06
2.192847967521252835e-07
1.591038712918010415e-06
1.585352918503237086e-06
1.010878284330441455e-06
2.173186117948839680e-07
1.575850559185162814e-06
1.576110841457972374e-06
2.447485758330040007e-07
2.117298664586052631e-06
1.008134841675406496e-06
1.498709923051964561e-07
1.580134565401029275e-06
1.940182923996351054e-07
1.583654864040537658e-06
1.849186431912099716e-06
2.098419374023312171e-07
1.602741907686008172e-06
2.253961238532899488e-06
1.429541494426439155e-06
2.190529311094742068e-06
1.444883725079198710e-06
1.559587928991713063e-06
2.041554084494926809e-06
1.637101242866096503e-06
1.422644951039340497e-06
1.853737103543212977e-06
1.936523857616740406e-06
1.798754350465748306e-06
2.550446980813275642e-06
3.593760281118068374e-06
7.667799858436132987e-05
5.509358478493944208e-05
2.655374610808086406e-06
1.593574908547632117e-06
3.352512347555843016e-06
1.575941047559955219e-06
1.607521094565958546e-06
2.871431222259967239e-06
3.204795092646584918e-06
2.460375065982670296e-06
3.874082520775560315e-06
4.969258939755507046e-06
8.784482071816144406e-07
6.220207954558033373e-07
2.083166922973603588e-07
1.570254102999950743e-06
1.965816882777434925e-07
1.575987348963221390e-06
2.139148630233668009e-06
1.579786044275420475e-06
4.857712230783124089e-07
1.606779972392198909e-06
1.557997918022929413e-06
1.573458330438754265e-06
1.528009482723100072e-06
2.633278677764709283e-07
7.869570748995220711e-07
2.752172872801008826e-07
1.575304805203544496e-06
1.603369408357080464e-06
1.851109572932567015e-07
1.574577282014795861e-06
1.720468013720345609e-06
6.626595210471443074e-07
1.605031546131483194e-06
9.767993839459552752e-07
2.069323558171381440e-07
5.174356494173020568e-07
2.239448368976665902e-07
1.587840913224150262e-06
9.031044757478590615e-07
1.139402444683875155e-06
1.252104571281305789e-06
1.707776332823129775e-06
1.153702807440277541e-06
3.364700198566527641e-06
1.715475282454576792e-06
3.846715500010741707e-07
1.096458876337495101e-06
3.391661746476966799e-06
2.059187588244212453e-07
1.861585620653400821e-06
2.591147764145782100e-06
1.588728559749140794e-06
1.943257332750232230e-06
2.731036952625535086e-06
7.105999392725510788e-02
2.796139481299187038e-06
3.950805371725655285e-06
6.247926855488750971e-07
3.377192653176430150e-06
2.514582127010779865e-06
2.027172782596522099e-06
3.550710087870202694e-06
1.653974856095472321e-05
6.118026138723631541e-06
3.401741508507642711e-06
1.240162554339426546e-06
1.863306585675905055e-06
1.686190421798783547e-06
1.152796448506098194e-06
1.571964830685498100e-06
1.016813167426565750e-06
1.946468864220277741e-06
1.424820990639909265e-06
7.601255698248803208e-07
1.467609951647797806e-06
1.588038848502698147e-06
1.117706050982064014e-06
4.071306349037801747e-07
1.860198210353751729e-06
1.000539915483991708e-06
1.529383949042698963e-06
9.045118236089213844e-07
1.006590532450732900e-06
3.381474728297081939e-07
1.590474574115393994e-06
5.783047574484430994e-07
1.580822014833294275e-06
5.153712034279343972e-07
1.732583322723072217e-06
2.086918011311987527e-07
1.099665177161668547e-06
1.584862237918706103e-06
2.127388542571033877e-07
1.525810875347913939e-06
2.452915502155185713e-06
3.096191451917719656e-06
1.402071355921899489e-06
1.423117017620326464e-06
1.253877306418287551e-06
2.154196243402409772e-06
1.606805767914328944e-06
8.825483336766016725e-07
1.737526762801864467e-06
1.577293277637963603e-06
1.988650547435875514e-06
2.424843362498402676e-06
2.450520731663771447e-06
1.254220742423231297e-06
1.038814978675187778e-06
2.277543852926678656e-06
6.440733677318179217e-05
1.525661380057878973e-06
1.977062749559818861e-06
2.073459758646164651e-06
1.692635104178606395e-06
3.092111460508827165e-06
3.921949968343587566e-06
2.628757917018099619e-02
4.820836498905995457e-06
3.005203819779140742e-06
1.804181390506863417e-07
9.379580881219065323e-07
1.415882901456978284e-06
1.521723216881592649e-06
9.455965827040160789e-07
1.578952254409122483e-06
5.840188219265967861e-07
3.396032171446834116e-07
1.568550592281888995e-06
6.799579350792175211e-07
1.468742014890095846e-06
2.208128446972233616e-07
9.903382411418868970e-07
1.862920625651562624e-07
1.574212038697775095e-06
9.746881943920044274e-07
1.471969334590416571e-07
2.203066132744100224e-07
1.967140058766872313e-06
1.585591125469276373e-06
1.440485495206957274e-06
1.544283744029841696e-06
1.578177633924429157e-06
1.590136885149080869e-06
2.124053574037148019e-07
3.710531995927566091e-07
1.683042176812921574e-06
7.526211427217213434e-07
1.895821620512362598e-06
1.771517122484815361e-06
1.593812086842587188e-06
1.537174891137046490e-06
1.604478184648030717e-06
2.196577727716898835e-07
1.252106290213048052e-06
2.005286439377049654e-06
8.299631485766085065e-07
1.506729244548899270e-06
9.821798899775639987e-07
1.271478285624641615e-06
1.486105192208116035e-06
3.272734764427036664e-06
2.679998210679473560e-06
1.804257726785947255e-06
1.830573381157400528e-06
1.765009038716793801e-06
8.009058499139697085e-02
1.726771753937026442e-06
1.634231324651686690e-06
3.694829900511158351e-06
1.683404554083523009e-06
1.250805177572758163e-06
5.732997598239350302e-06
7.848480047895941951e-06
5.112970432663360949e-06
5.819331503115568914e-07
3.515917492375077526e-07
1.530634255848773459e-06
1.342057503060150704e-06
1.568363177379534321e-06
1.456722698188585457e-06
2.042927073172456927e-07
1.604801191169186840e-06
1.693503199541265728e-06
1.305904373604071441e-06
1.960581568483538731e-07
1.586795959743111163e-06
2.155620046193310319e-07
1.188839461391159445e-06
2.633313105900384430e-07
1.575615435695345844e-06
3.272471856145399542e-07
1.588559413149368933e-06
1.141868642175286260e-06
1.355605612310522931e-06
1.573146499115145904e-06
1.246323685080747524e-06
1.607206067778474660e-06
1.915217745922744609e-07
1.860138189523011426e-06
2.986662917547866182e-07
1.896671402383285538e-07
1.571995298061132523e-06
1.224970674190782577e-06
2.017645079680043903e-06
1.869083180904525520e-06
1.571652169216376844e-06
2.044004118203562923e-06
1.501968410197509394e-06
2.249057092309701910e-06
1.587819978540866866e-06
1.716329381870962841e-06
1.590228635456536615e-06
1.159864305173343079e-06
1.583951541019056200e-06
2.773432045714093330e-06
1.586662712765636931e-06
2.119341407717902979e-07
2.385083784589479327e-06
2.384446127545283945e-06
2.098656852740655445e-06
1.757361847920649518e-06
2.039004853329226977e-05
2.571851060290898879e-06
2.083542016677763989e-06
1.950639879228429897e-06
2.001007186381564631e-06
1.135448686043512682e-06
1.793963976959261717e-06
5.623964750505848176e-06
2.461641485633388367e-07
1.574995153851396492e-06
2.090986898339633830e-07
5.599994711927114555e-07
7.641209362230971986e-07
1.520674916458143144e-06
2.068637342479777163e-07
1.709008612022369263e-06
1.575030585186186994e-06
1.060856024408101759e-06
1.291605312595145305e-06
2.108847726324338601e-07
1.591479015704567651e-06
1.575516200136318196e-06
1.589408222469504591e-06
2.793482587948185580e-07
1.633103367732804324e-06
1.590471401893997086e-06
7.142231239505080789e-07
1.738819159136999025e-06
1.586482337125834536e-06
6.303791793905971705e-07
1.516881416813257895e-06
1.119847669952333410e-06
2.112670046885344763e-06
8.861262168321477123e-07
2.084765837607424624e-07
1.470580469520938111e-06
1.465831415902221526e-06
2.105485478305630925e-07
1.613155528243243620e-06
1.956651574284644290e-07
1.586242941306201957e-06
2.016855888196244175e-06
3.740587611443569743e-07
2.060646253677781556e-06
2.355622625042295067e-06
2.121445774726327315e-06
1.477469432795193378e-06
1.547482467403267979e-06
1.475443643843262501e-06
2.198930808170114474e-06
2.888377952370270516e-06
2.039778292877850934e-06
9.780314277968646335e-07
2.096593115387182498e-07
1.733773250755181307e-06
2.109516180754990661e-06
1.498422408101880163e-06
2.405764243553584209e-06
1.945187963632223366e-06
4.049826336396543124e-06
2.875087367465118314e-06
2.980478118543428089e-06
2.708540677125726424e-06
7.664346786386452567e-07
8.989313139023199143e-07
1.589363843141149574e-06
3.865949538542687693e-07
1.005435130142445211e-06
2.264527429144362744e-06
1.485090423898478570e-07
1.581598626103128504e-06
1.609079973445670899e-06
1.027029891530989689e-06
1.661254427524047844e-07
4.136928241001123800e-07
1.023221768351829304e-06
2.066676353520626610e-07
2.137492960715046210e-07
2.082457075691427917e-07
1.606055961368099961e-06
1.570686142280561002e-06
3.902341576211086263e-07
1.593334358935526682e-06
1.588995926823544505e-06
3.643374779111430696e-07
1.476324711800826364e-06
1.414758587919639983e-06
1.189521109365237880e-06
1.031754202978028823e-06
1.578052730519359128e-06
1.579065972347726365e-06
1.574842543270695635e-06
1.576083911982799849e-06
1.570100178677513935e-06
2.223241712163475517e-07
1.574756093990272799e-06
2.063285846514164789e-07
1.602688822938979461e-06
1.715016571406492769e-06
4.841109225204670918e-07
1.911771929008394714e-06
2.238338906722998332e-07
4.198439618243145192e-07
4.925372061613415831e-07
6.038571166335263576e-07
2.925977843894008346e-06
2.962082249480623717e-06
1.970237869232874813e-07
3.019997919950746267e-06
2.674899841102734677e-06
9.848274015341288042e-05
1.432258046103233511e-06
2.816129898614996165e-06
4.417439501309915464e-07
1.610565279386443776e-06
3.888768427222839828e-06
3.710362762397674663e-06
1.856403517554959761e-06
1.299450926964790303e-06
2.678582761565781802e-07
1.574802664324943936e-06
1.420635126641959014e-06
1.574757250366905110e-06
1.560466793668101959e-06
2.787247523423029312e-07
7.885310365611236265e-07
1.579039574015316076e-06
1.487510973163071041e-06
1.153430810019468416e-06
1.479587652453789308e-06
1.969492719107914756e-07
2.776173844704389295e-07
1.602695119895736178e-06
4.974767320093860604e-07
2.203196125395586364e-07
1.454920043227134007e-06
1.629321123813186971e-07
1.575497207372050460e-06
1.560258235064484327e-06
4.599037041041367964e-07
2.204266740705613396e-07
2.779351957880833183e-07
1.795069702109141436e-06
1.581395409496253716e-06
6.038010941118085524e-07
1.483469812055681870e-06
1.501563764280126715e-06
1.556592862032622200e-06
1.602172731918194263e-06
1.575968896919039074e-06
1.049763095933216381e-06
1.429250047673819979e-06
1.561973453952551635e-06
4.404393235059654145e-07
5.647461056314931621e-07
9.423004753084648253e-07
1.980758145802775321e-06
1.565543268546432519e-06
4.084880384208982454e-07
2.825258443525833817e-06
1.252022045048849095e-06
2.386959032842359354e-07
2.604473845672316413e-06
1.579663677222396702e-06
1.240594539611118199e-06
1.173501621948183221e-01
2.201685421431167752e-07
1.608918449695904768e-06
2.252899490684086321e-07
1.457857749717972648e-06
3.703684960837865802e-06
1.497992639044392758e-06
6.367261584925732039e-06
1.736956689549685383e-06
9.448678037241352834e-07
7.916204762673308212e-07
1.855000878376918792e-07
2.227999200560585306e-07
9.457550142108255330e-07
3.940101004862484859e-07
2.571674467201535717e-07
5.373343794300700843e-07
2.215783407370971397e-07
1.981642067029627607e-07
1.437033321522553711e-06
2.134906612565342548e-07
4.586664376062587592e-07
1.583359831459831986e-06
1.733322230651103852e-07
1.185539177006964774e-06
2.179745273687072442e-07
2.076439851087620495e-07
3.822245033562779595e-07
1.530556146616270002e-06
1.550992777432817539e-06
4.720802287049250742e-07
1.581798502669184306e-06
9.878040905183931679e-07
1.103601262548735506e-06
1.585249240435185391e-06
1.512768640653909120e-06
1.605586779931852850e-06
1.608630561581756782e-06
1.504750829693982790e-06
1.477831192662056332e-06
1.677794074516861356e-06
1.506315231726511981e-06
1.146756567326977237e-06
1.251871434630656859e-06
2.255591249130640824e-06
1.582016590540584360e-06
1.151940470857199448e-06
5.953708464751055069e-07
1.917348399537993998e-06
1.581851107454012239e-06
1.586032983993348402e-06
1.963847587996629641e-06
2.320572623118283247e-06
1.791748766575240626e-06
1.422326975564131609e-06
1.074807100741441513e-05
1.536721273983188012e-06
2.590470319560822236e-06
1.363397703311259169e-06
2.584046453786731406e-06
1.611133711238043697e-06
1.733602113180821789e-06
4.416605207426643856e-06
2.205503156363497581e-07
4.330063048499154241e-07
1.585431604812380801e-06
3.756727585420586029e-07
5.416858157033398839e-07
1.564040642488460204e-06
1.030559569642930521e-06
1.406719209785799588e-06
3.072745591428532633e-07
1.523396172150218732e-06
7.661421591941850561e-07
1.040422545320240885e-06
1.680920055110308129e-06
1.602678455650475149e-06
3.287801275003192215e-07
1.518342280637372376e-06
1.602265457031348528e-06
2.786681127187965268e-07
1.473640271223585182e-06
2.056077061707863957e-07
1.583257273366821658e-06
1.607254555573685094e-06
1.401489208802355848e-06
1.051645577689203677e-06
3.165406752605985943e-07
1.629510774525711779e-06
5.010602554361952731e-07
1.481877523606900635e-06
1.517547213016640526e-06
1.498740153072848233e-06
1.945900492786031711e-06
1.576951456999929578e-06
1.607680663230393733e-06
1.797350391976872166e-06
1.589379168086348241e-06
1.589558686647310465e-06
1.004892564148610267e-06
1.250619461687786215e-06
1.752096090351680169e-06
1.549949875393685193e-06
1.605476872078318873e-06
1.271474086645714433e-06
2.060117439780001752e-07
4.570132853013179873e-07
2.098962055827328247e-06
2.667518953440153379e-06
1.252881025563380240e-06
7.528923773212296291e-07
1.255858881184989813e-06
2.791430089666213285e-06
3.119519961482193664e-06
1.254923433983673790e-06
1.387272697439956956e-06
2.919145247750784224e-06
2.198838068263124532e-07
2.859451784938202291e-07
9.836090787554186000e-07
9.781331135673074641e-07
1.576248980913976557e-06
3.319683879192907333e-07
2.385313104228991916e-07
3.056349660977748454e-07
2.952026344220899334e-07
2.214572211916096027e-07
1.256871284763899208e-06
4.715190077346569016e-07
2.953987824988275365e-07
1.583584729348362150e-06
3.817676361182855148e-07
1.610248178590678126e-06
3.412707241277442851e-07
1.581917104989818611e-06
1.537169713244585645e-06
1.578966843094642531e-06
1.158351530081502077e-06
3.283914532593906790e-07
1.001183736901001356e-06
1.481080685302367702e-06
2.128253140202287374e-07
2.061847818146949393e-07
1.957220676004035387e-06
2.146754211336486702e-07
2.066644580393911851e-07
1.689934728158789552e-06
9.937673821743784248e-07
6.658902960641854080e-07
1.660309422322555483e-07
1.448656701884880444e-06
1.098125250973422785e-06
1.172525187138533075e-06
2.849112302913835590e-07
2.311352683354669635e-06
1.032911784921026849e-06
3.361370515565903663e-07
7.644098438889024873e-07
1.608636069759362937e-06
1.610610741098722943e-06
1.591683950175814557e-06
1.643732568960297148e-06
6.633982836231569835e-06
1.072342410078398603e-06
2.406830817638728340e-06
3.616294176580274902e-07
2.252595968892939194e-07
2.654518299642261197e-06
7.316571079268423662e-07
1.575393645451711356e-06
1.592034618653399911e-06
1.667839379740422795e-06
2.994126532944187471e-07
2.171670808867512493e-07
1.216268659410267850e-06
2.124173295419578495e-07
4.281994928982114651e-07
2.064626286101088995e-07
1.603423260836237368e-06
8.471966879857877060e-07
3.228735221260474457e-07
9.217922665404399606e-07
3.030102409435777975e-07
1.566489008896383305e-06
2.102187765954716456e-07
4.413420999819781575e-07
1.144426399290605938e-06
2.319414711477622375e-07
9.661322599190578247e-07
2.202154826853492254e-07
1.587454751305811842e-06
1.221311864437319201e-06
6.826535601288986531e-07
1.506549005117480814e-06
8.490178403126964679e-07
1.589753545584348284e-06
1.580520956310979618e-06
2.084787391188255966e-07
2.145454228120241907e-07
1.776789969523765269e-07
1.295233684637616659e-06
1.734742460347747005e-07
1.588337771920957332e-06
1.513772660036635177e-06
3.803320218908410162e-06
1.580663501759558811e-06
1.763498569798494074e-06
3.143104003769256731e-07
1.276964276045268849e-06
1.588483786019908202e-06
2.962478870278541933e-06
1.611258968477098036e-06
4.605173733326833041e-07
1.599248729379293226e-06
1.729020687360810053e-06
2.214081856092269781e-06
1.600206760593184273e-06
2.561764940235867929e-07
1.421000090050684481e-06
2.284238185510757802e-07
7.372020859282243937e-07
1.768654521532264056e-06
1.256110091802302410e-06
4.875719919727295004e-07
3.441391214899459936e-06
1.137501287006920284e-06
1.744887231267388148e-06
1.606862136365094172e-06
2.380988311626823547e-07
5.787138924741997043e-07
3.508360482916726135e-07
2.097201997462160767e-07
7.262527930861316059e-07
2.095329256489262017e-07
1.572890600075602353e-06
1.517154559913143310e-06
3.958813575203945114e-07
7.643976780764707532e-07
4.334590665490601683e-07
3.024139566479837217e-07
2.303215096479449552e-07
2.975861959505460591e-07
1.579358586264154194e-06
2.969147923237717220e-07
1.604493067226215393e-06
1.601937155144028913e-06
1.575106686321074691e-06
1.805760038154875339e-07
1.576614334421687285e-06
3.242632544097399243e-07
2.161481430632388183e-06
1.790734792741899920e-06
2.100455221114538791e-07
1.976900350777097010e-07
3.467100605150285444e-06
2.263808146290663900e-07
2.645879497579959648e-06
2.062801859330093017e-06
2.199974340661310166e-06
4.523162669885626474e-07
1.606617553893342820e-06
1.591458976515749444e-06
2.029628417527590749e-07
2.087732182382156379e-07
1.254238988857029599e-06
1.415799954396616935e-06
2.229347649445634393e-07
1.608632371283603515e-06
8.114342778620634518e-07
1.103979674124223839e-06
1.609879348332749354e-06
1.252133992309178783e-06
1.579091768301246892e-06
2.023058518787165329e-06
2.199429864311483480e-07
3.455014683722236155e-06
9.108502589052958071e-07
2.340773041114740389e-07
1.499058831181589066e-06
2.622362735532041411e-06
1.903146823645404544e-06
2.259058085990063509e-07
1.905583056532559646e-06
1.046891989402926309e-06
2.696650911071201132e-07
2.219982694185712539e-07
2.482543917271597424e-07
1.589828997046429321e-06
2.322847799443140567e-07
2.203047545789009826e-07
3.888895107845821142e-07
2.162956335780579381e-07
3.220743851100773277e-07
7.018299959506030145e-07
1.017663701355458382e-06
1.002685363928433556e-06
9.757821380758535407e-07
9.606516805786505800e-07
5.374955568259352773e-07
2.059046187077274541e-07
2.214883839559833450e-07
3.226823189400404134e-07
2.987643964885893777e-07
3.397083779700829740e-06
1.678030045929593781e-06
3.946305861518592321e-07
1.085722447596624855e-06
9.891360016335491199e-07
1.587957340936113628e-06
8.812840751358493405e-07
1.027533879349711190e-06
2.187458330395957679e-07
1.236774316950961735e-06
1.588649224480872428e-06
1.590915703866953453e-06
1.573829920854329057e-06
1.121270578892419897e-06
2.019912431385281635e-06
2.224267786999710597e-07
2.870007801135959243e-06
1.589914270419238857e-06
1.150760523400928335e-06
1.184852706358706218e-06
1.592396848193970114e-06
1.836771313612056003e-06
1.932692670119050720e-07
1.480351048038456071e-06
1.494836225206648168e-06
2.863869996821350293e-06
2.948892275055610126e-06
3.501733376152717308e-06
7.685364203678761585e-07
1.583615704802696883e-06
1.662874975630754898e-06
5.975390019260204818e-07
4.105463763482297134e-07
1.008711519824661261e-06
6.853233124484918707e-07
2.859881137611099972e-07
4.091196188684467780e-07
9.566844006814854803e-07
3.094363667738922840e-07
5.005613543474125933e-07
2.189108335129998634e-07
1.675872433067155282e-06
2.063631861236405980e-07
5.899591728898182598e-07
9.903846866354153277e-07
2.150662990490948247e-07
2.079937023523773863e-07
2.195898941583210546e-07
7.225768195181179349e-07
2.525683091224663509e-07
3.254638823532487948e-07
4.248718315609717529e-07
1.430204913702917296e-06
5.914070363577616976e-07
4.133840665073242351e-07
1.595734770971374367e-06
9.694517388618486589e-07
3.477519488326019404e-07
3.844373826552570111e-07
1.571024351549686057e-06
4.042342265781672638e-07
4.572931415093136578e-07
1.845430428484867539e-07
1.932323762853134201e-07
1.576362090335558004e-06
7.648689856482775298e-07
2.071988763138513312e-07
1.578988048270613149e-06
9.625949480707727738e-07
1.680356385840788418e-07
1.409495115588352873e-06
1.572085320856000122e-06
1.308501005802509709e-06
1.583696241673748425e-06
1.605382473332819750e-06
9.616661698208666513e-07
1.068287569538262030e-06
1.915106468319301616e-06
2.221854269654633947e-06
1.583656481669407148e-06
4.008632222795419243e-06
8.276412263996210891e-06
3.091704359335356663e-06
2.905142459359569621e-06
2.048124656847747844e-06
2.157027478690976970e-07
2.208815147418142129e-07
2.080798556098632964e-07
2.234124571017622529e-07
1.480604349335595999e-06
1.633012265500516421e-06
3.571441786245205639e-07
2.101465654824611450e-07
1.015633856396933464e-06
3.115205965051065692e-07
2.201320622499029779e-07
4.237791156703308294e-07
2.305614239148897839e-07
7.347164506027270366e-07
2.267785613932632536e-07
1.589910180012976431e-06
1.049967389648315924e-06
1.573180635960855312e-06
4.852527108844669507e-07
4.015735087858310401e-07
2.135227868874662935e-07
9.523146985962395454e-07
1.403878860943454085e-06
3.365355862984133573e-07
1.569967112182626790e-06
9.761675018565527766e-07
1.547297656347201094e-06
2.130560261996387178e-07
2.234659154442711963e-07
1.583086943043457129e-06
1.522503376429702778e-06
1.975570458820268792e-06
9.575601502803891023e-07
1.734387249915481767e-06
3.544312478351524438e-06
1.946186875079769412e-07
1.897081345904358654e-06
1.675762932759037566e-06
9.430094889531800661e-07
9.535644555605796237e-07
1.583971950296868631e-06
1.398153077817392036e-06
1.952254153884504366e-06
1.581918663512794263e-06
2.263624156721113219e-06
1.423463566484159143e-06
2.515259529443307740e-06
2.007912982459263966e-06
1.897849464321107575e-06
1.008378362281941079e-06
1.896107075551164849e-06
2.103726600029036040e-02
1.590477754088924739e-06
2.346936846310171571e-06
1.199674781033439829e-06
3.581680139780036455e-06
2.205977214802497083e-06
8.253242701207230656e-07
4.787696679602362021e-07
2.267257935133291078e-06
1.357432548565241210e-06
2.287077460477860427e-07
1.774524882164149227e-07
1.589909617482414130e-06
1.028185185804538258e-06
1.580015387193709372e-06
1.585857135611935959e-06
4.655519814209452746e-07
9.369778669093783354e-07
5.072798843895951099e-07
9.823840909272215560e-07
4.286830365795670470e-07
9.848492052327491516e-07
4.306814673483101821e-07
5.057163291042192805e-07
1.891784621929094343e-07
2.257648681396369626e-07
1.570399535380432713e-06
2.103514263468335607e-07
4.589669914114958354e-07
1.583010306915929797e-06
2.718127717813950307e-07
1.590482097395256512e-06
3.580139165575434285e-07
1.586508895838777074e-06
3.152847909173841817e-07
5.233489981862492070e-07
5.729475336582089775e-07
2.058849637168325137e-07
2.021178000573902563e-06
1.716445091359577796e-07
1.609037128135677921e-06
7.617972309379693086e-07
1.971057215696908935e-07
2.099513360098771821e-06
2.009869101834132270e-06
1.576886901579087536e-06
2.684554821141063602e-06
3.719028034536998493e-07
2.206673148991457131e-06
1.607738681897279261e-06
1.584481657542691772e-06
7.671339116860558315e-07
1.921940457576893262e-06
1.903736072749532114e-06
2.524139316896083781e-06
3.793472862006082755e-06
1.179616438607463251e-06
1.493626962738134109e-06
2.158353750760135518e-06
2.405242529664763182e-06
1.580707403606051465e-06
1.609044612861529084e-06
1.586578212997857046e-06
1.421616559782526841e-06
5.272500538400762591e-07
1.574054411919934323e-06
1.600975489826712337e-06
2.098260111428271216e-07
3.853277608493851552e-07
2.325093950237538855e-07
1.571771185753683890e-06
9.698832252503069700e-07
1.236270573821700739e-06
9.912963288320738789e-07
6.888547314620916115e-07
1.225627469458560954e-06
3.242914528409082906e-07
2.238378607023662751e-07
3.370841033178099969e-07
1.163644442942082778e-06
1.379477865536815335e-06
1.023631886274543787e-06
2.168862876449736706e-07
2.743194268128484111e-07
9.733970357839800386e-07
2.194838976599929372e-07
2.759127581109894131e-07
1.572331943044655900e-06
1.547883526010941330e-06
5.294612612553965794e-07
2.157242349119432609e-07
2.928615105091528958e-07
8.897173148390918542e-07
2.211358636293451705e-07
1.092059707248072811e-06
1.573296794439317506e-06
1.906012649261372219e-06
1.498240436339601602e-06
2.202591297829457250e-07
1.586522937872771375e-06
1.578775382910496557e-06
5.558659039247449659e-07
1.365744129208268033e-06
1.925144977287898869e-06
2.364638976436389384e-06
1.412342635920759948e-06
1.607280577194158380e-06
2.117303084953788114e-06
1.910915027087889172e-06
1.434511752996958680e-06
2.016959735614604640e-06
2.190768656635923184e-06
1.455925673002890039e-06
3.156550276361901630e-06
3.369330159745168768e-07
1.616530697973654391e-06
1.584084986191679707e-06
1.989994092038575324e-07
2.542312605835559971e-06
7.610285903832227456e-07
1.603403263280079334e-06
1.548468118340178434e-06
1.520139654381550776e-06
1.706789326740902144e-07
4.507253045501113431e-07
3.020878367649296323e-07
3.432761064181685163e-07
3.078629437850839092e-07
9.629884152458319803e-07
3.148640472788797395e-07
3.326450180674888697e-07
1.000549737153124388e-06
3.005060198555723567e-07
2.102757729271906031e-07
1.566917828803688432e-06
2.269912619150260468e-07
1.000228651658340934e-06
1.776192988931683367e-07
2.116048464804020600e-07
2.034246045480953772e-06
5.290668883230213078e-07
1.958614314447980816e-07
9.484149548543576957e-07
3.161160169080077803e-07
1.602829746626290700e-06
1.040498783299379943e-06
1.658134252442868004e-06
1.129031092920404671e-06
8.664319272646781677e-07
1.488332899284556081e-06
1.231515124154942443e-06
1.038499797288021371e-06
1.566097560283460811e-06
2.960665810720211623e-07
4.199985337791756301e-07
1.611042252520185242e-06
1.016251914042978418e-06
1.397585599843172945e-06
1.879125254835360894e-06
9.308079876804349190e-07
1.659885496782776065e-06
1.471358312696802316e-06
1.579847617741703487e-06
1.498863512959776788e-06
2.352200671607132151e-06
1.338500419093690433e-06
2.944151044347425054e-07
2.132921862976352268e-06
1.486483780634207774e-06
1.410545750136196363e-06
1.096802292750093286e-06
1.877310630589167560e-06
1.776704459847961345e-06
1.984907764748897450e-06
5.370135911116618841e-07
5.288397558019671158e-07
5.053903311456998685e-07
5.054057392263374992e-07
5.203204411855211280e-07
3.319412041779920292e-07
5.094126096159889825e-07
6.476731165476909240e-07
3.455717077957373085e-07
3.446243811590588463e-07
3.379176205887543839e-07
3.379783574826655605e-07
6.008444663047228289e-07
5.950913517134733158e-07
5.944946810381696983e-07
9.956860471094726008e-07
6.121136168831738127e-07
2.059346460748608351e-07
3.712527897162150064e-07
3.643785821847812192e-07
1.003920149966194141e-06
1.008733347272670413e-06
7.636863844374033042e-07
1.872927506485650823e-07
2.576695503473019439e-07
2.747649556011424933e-07
9.795528016380638868e-07
1.906055141863071634e-07
1.580677601789332133e-06
3.263434544630054989e-07
1.009157201016934177e-06
2.229013376668289610e-07
8.363025347337896431e-07
2.080368520334540868e-07
1.789078826736049615e-07
1.202341603478376624e-06
3.090363241443744623e-07
3.179823626187342591e-07
1.591809415705822503e-06
8.464969771311427319e-07
1.582503011635414583e-06
2.386250111022428058e-06
1.354290472022343939e-06
1.607279662829162426e-06
2.544200921942667186e-06
2.242746679419920990e-06
3.554413511157648290e-06
8.427492466202116811e-03
1.833715819367200653e-06
1.418810962066052085e-06
2.021465321102476775e-07
3.462238020640737678e-07
1.575965035178530972e-06
1.617299292104207640e-06
4.811827661376637118e-07
