#Akaike Information Criterion from bootstrap run
2.446159046774652779e+03
2.303376857874446159e+03
1.957682338667836120e+03
2.291423375367928202e+03
1.996042665531701005e+03
2.124739864511800988e+03
2.006853881169349506e+03
1.857337929925426579e+03
2.139636357393022990e+03
2.061406564699006594e+03
1.782116002671554270e+03
1.954618540176748866e+03
1.766609234060073504e+03
2.657130349982949156e+03
2.433549441856314843e+03
1.749044002539900930e+03
2.214406410803090694e+03
1.668092888045175187e+03
2.222556272123283634e+03
1.729146610671484041e+03
2.033838653993755088e+03
2.183044293577018834e+03
2.493554593330670286e+03
1.835745594966007957e+03
1.727572006616635463e+03
2.364206806274107294e+03
2.018511625529384219e+03
2.054074973054291149e+03
1.959275766177446712e+03
2.144449035839562839e+03
2.073659046296967063e+03
2.157054428242974154e+03
2.428048609234092055e+03
1.717444969385879631e+03
1.729998168360381896e+03
2.054685328062768804e+03
1.880094304333645596e+03
1.607560830966752519e+03
2.267218608911830415e+03
1.806892762216315532e+03
1.723749976537078510e+03
1.764909011171509746e+03
1.728779055952579029e+03
2.237713285401186113e+03
2.035797423103298343e+03
2.087950008936333688e+03
1.742693342899023719e+03
2.000192677069144338e+03
