#Bayesian Information Criterion from bootstrap run
2.180391937906719704e+03
2.155881496842445358e+03
2.176759641575980822e+03
2.206562670158407400e+03
2.199093751926666300e+03
2.177979169364294648e+03
2.222863676404666421e+03
2.141017867914751150e+03
2.103236050606700246e+03
2.184754301009187657e+03
2.213717358391103517e+03
2.133164078288384189e+03
2.209625961069344157e+03
2.154198560808055845e+03
2.141159397421391986e+03
2.148465950001939746e+03
2.100407891766495140e+03
2.203830390410527798e+03
2.158288063307328684e+03
2.135740837851679316e+03
2.098389455866506523e+03
2.130772368879663190e+03
2.150505645443171488e+03
2.221088439354979528e+03
