#Variance for the Conditional distribution of mass given radius from initial fitting w/o bootstrap
nan
6.989792043787447506e-02
7.149332515573780800e-02
7.446947211082198537e-02
7.891209258207061705e-02
8.469802243477810022e-02
9.150751442149976378e-02
9.889931738364186875e-02
1.064154174771772543e-01
1.136704708768751099e-01
1.203984545271712947e-01
1.264563170610230602e-01
1.318009919026838783e-01
1.364577216503539137e-01
1.404912546068571022e-01
1.439844921467403338e-01
1.470247540997663971e-01
1.496959895358751791e-01
1.520749623518633797e-01
1.542297852665472924e-01
1.562196592800195738e-01
1.580950960548015982e-01
1.598982128164065653e-01
1.616629087863424019e-01
1.634148866623795215e-01
1.651715925317548406e-01
1.669422201123556826e-01
1.687279566115802154e-01
1.705226298833955323e-01
1.723138476197588753e-01
1.740846108653168467e-01
1.758152644556622013e-01
1.774855533236383287e-01
1.790765174217932021e-01
1.805719905272348547e-01
1.819595555254933106e-01
1.832309193017913340e-01
1.843817697510914955e-01
1.854112421422872969e-01
1.863211452317899697e-01
1.871150862320288821e-01
1.877976021092456205e-01
1.883733669636926122e-01
1.888465117858366682e-01
1.892200691422167014e-01
1.894955428188370428e-01
1.896726002096613406e-01
1.897488911907768694e-01
1.897200087199556462e-01
1.895796201925981916e-01
1.893198103065679705e-01
1.889316798191645053e-01
1.884062324779858244e-01
1.877355468125156690e-01
1.869141662471652254e-01
1.859405554368165903e-01
1.848183831037604197e-01
1.835573375015439601e-01
1.821732003199305061e-01
1.806870220424566520e-01
1.791234406923659650e-01
1.775084053327539990e-01
1.758667219490903377e-01
1.742198695274359832e-01
1.725844312221511689e-01
1.709712999580745019e-01
1.693856259814958687e-01
1.678273376806531103e-01
1.662920109562019688e-01
1.647718758327194055e-01
1.632568032049764861e-01
1.617351806790510715e-01
1.601946449661559302e-01
1.586226807690070406e-01
1.570071219641163696e-01
1.553366032252292694e-01
1.536010126309804436e-01
1.517919904504285156e-01
1.499035062288324172e-01
1.479325232907637289e-01
1.458797229741258805e-01
1.437502063227184546e-01
1.415540175122360633e-01
1.393062476105650926e-01
1.370263995213022723e-01
1.347366620357386136e-01
1.324588006076923563e-01
1.302095611404554543e-01
1.279947871894505373e-01
1.258027702701692840e-01
1.235975002335493456e-01
1.213122451859064976e-01
1.188431238497162784e-01
1.160409905179547313e-01
1.126979280531905520e-01
1.085213302515365963e-01
1.030818694948631986e-01
9.570542164139268781e-02
8.523400188234354913e-02
nan
