#Variance for the Conditional distribution of radius given mass from initial fitting w/o bootstrap
nan
9.221014910615389984e-03
9.235220442858545556e-03
9.279758275340768345e-03
9.378652786856676513e-03
9.560889176951851975e-03
9.856767407404326206e-03
1.029125960049286082e-02
1.087546103224364992e-02
1.159950104079325930e-02
1.243129421207927326e-02
1.332323200992761685e-02
1.422419325024884031e-02
1.509109358822638934e-02
1.589535428587175725e-02
1.662346917313932762e-02
1.727376195701141662e-02
1.785198438600352211e-02
1.836748028441746380e-02
1.883053307305108601e-02
1.925083510266864181e-02
1.963677085301540268e-02
1.999520177402848778e-02
2.033152060602738329e-02
2.064982795093365728e-02
2.095314759586420009e-02
2.124363788411091913e-02
2.152278002673893575e-02
2.179153682228230846e-02
2.205048139289860279e-02
2.229989818686912637e-02
2.253985935629266094e-02
2.277027963863970106e-02
2.299095254416259546e-02
2.320157022567182273e-02
2.340172900837905051e-02
2.359092225966195888e-02
2.376852214564606838e-02
2.393375193068681892e-02
2.408565093032045967e-02
2.422303515844820634e-02
2.434445825700147156e-02
2.444817956723045055e-02
2.453214917100453307e-02
2.459402308012550303e-02
2.463122464783378679e-02
2.464106915127757536e-02
2.462096500738819582e-02
2.456869458266319056e-02
2.448275835677411055e-02
2.436273972549577588e-02
2.420962064662502550e-02
2.402596269538933779e-02
2.381587728914445062e-02
2.358474937044346270e-02
2.333874244402190171e-02
2.308417626969146846e-02
2.282690432263822025e-02
2.257181093581833026e-02
2.232250363136081481e-02
2.208121669293874531e-02
2.184889183125292289e-02
2.162537493992514395e-02
2.140966508671725624e-02
2.120016494672779736e-02
2.099490087935136640e-02
2.079169845704248107e-02
2.058831203758488410e-02
2.038251450783836599e-02
2.017215674264381808e-02
1.995520715145124649e-02
1.972978125860152393e-02
1.949417051310396373e-02
1.924687900061807649e-02
1.898667668190731975e-02
1.871267820319176892e-02
1.842445692692730799e-02
1.812220390378975476e-02
1.780693963562032106e-02
1.748078017982007334e-02
1.714724458871422566e-02
1.681156310324910877e-02
1.648090156830632480e-02
1.616436121398902998e-02
1.587256575273129564e-02
1.561665756519757010e-02
1.540665654826036193e-02
1.524942051144614202e-02
1.514679838940810944e-02
1.509474975551882911e-02
1.508396924870357252e-02
1.510192002348400772e-02
1.513552823832512578e-02
1.517356905618215228e-02
1.520808257572442597e-02
1.523469842814409100e-02
1.525215664548983628e-02
1.526144293765370821e-02
1.526487934280716489e-02
nan
