#Akaike Information Criterion from bootstrap run
7.707343736210086718e+02
7.581620294746464879e+02
7.920975619300955941e+02
8.177792743640673052e+02
7.748344090011516982e+02
7.602376404792131552e+02
7.759377462478776124e+02
7.919953069456018966e+02
7.869957592847458727e+02
7.489119550364391671e+02
7.762224389433679335e+02
7.745054252598458788e+02
7.819289569696977651e+02
7.364001724592516211e+02
7.378106067026413939e+02
7.724010591976809792e+02
7.641194469738803718e+02
7.765872999969312787e+02
7.683063985768803832e+02
6.959066828988229645e+02
8.247871375693484879e+02
7.526442960021176987e+02
8.425277040571538691e+02
8.203600599882828419e+02
7.822068063667466049e+02
7.424666386885683096e+02
7.870462925198833091e+02
7.993915688616458510e+02
7.567926230529379836e+02
7.811762348535954743e+02
7.762444379578483904e+02
7.772834748023151406e+02
7.626984450931967103e+02
7.960023774927711884e+02
7.590943086935045585e+02
7.787545396813942489e+02
7.512381624999031828e+02
7.455958533253534597e+02
7.778800505244571468e+02
7.408484843611502129e+02
8.220808516735828562e+02
7.442124722953591345e+02
7.559303465361465442e+02
8.406131062294026606e+02
7.915529560281565864e+02
7.539332859833409657e+02
7.525849763067683398e+02
7.735137018571631415e+02
7.695620363591904152e+02
8.102059430832284761e+02
