-7.852865761518803556e-01
-8.013482225848866936e-01
-8.116132122912276259e-01
-7.973450666271298948e-01
-7.109612760102216322e-01
-5.099743374396171758e-01
-2.419036140894116893e-01
-1.341913677365992423e-02
1.314323726657716518e-01
2.100335126216261727e-01
2.494070443852506869e-01
2.678036147486396734e-01
2.753785134968633752e-01
2.775545651198205177e-01
2.772836682310634848e-01
2.762495484639008181e-01
2.754671340368780030e-01
2.755762138127754723e-01
2.769849988969593224e-01
2.799409163064411898e-01
2.845670543577345502e-01
2.908836004856861224e-01
2.988240341011624834e-01
3.082508118330029578e-01
3.189724922216027325e-01
3.307626069535291036e-01
3.433795943729427425e-01
3.565865473435685939e-01
3.701693003668125592e-01
3.839514443271135336e-01
3.978051623391353209e-01
4.116572533884955143e-01
4.254902552259620108e-01
4.393390920677693323e-01
4.532840710735690504e-01
4.674412845768978197e-01
4.819515347739022904e-01
4.969688124317451772e-01
5.126491818046412519e-01
5.291407067742538439e-01
5.465748467246561715e-01
5.650595870705409363e-01
5.846744622703974326e-01
6.054675754528692222e-01
6.274547030098822642e-01
6.506205719756839034e-01
6.749223875488258306e-01
7.002956440518198766e-01
7.266621559732606705e-01
7.539400848352689755e-01
7.820555105820986563e-01
8.109548135567832272e-01
8.406168211797213630e-01
8.710633776653174953e-01
9.023667825502810214e-01
9.346525005676018516e-01
9.680957642153614762e-01
1.002911243678013209e+00
1.039335858299893944e+00
1.077605958570880818e+00
1.117931303871424698e+00
1.160469191870949990e+00
1.205302449257167119e+00
1.252424581113502633e+00
1.301734234407359247e+00
1.353039540014415065e+00
1.406071287788011936e+00
1.460502674939649248e+00
1.515972794221611686e+00
1.572111102536096539e+00
1.628560641628825412e+00
1.684998488179100473e+00
1.741152530040624757e+00
1.796814030131229645e+00
1.851845489105695020e+00
1.906183075224958445e+00
1.959832420062074032e+00
2.012855954238970568e+00
2.065349237035242869e+00
2.117402952079378675e+00
2.169046382800448480e+00
2.220167072131145058e+00
2.270399338605206818e+00
2.318969285790935420e+00
2.364470155618958458e+00
2.404504136618189847e+00
2.435023584556459841e+00
2.448909243660159163e+00
2.432368498585468330e+00
2.353930496959625973e+00
2.119670502954987157e+00
1.250393605079686443e+00
5.730504078688248626e+01
4.952231907053795013e+00
4.159104688138937078e+00
3.921043997028967887e+00
3.820766500989750458e+00
3.772701454643029972e+00
3.748316092508550579e+00
3.735704727305320549e+00
