-9.439895997355930435e-01
-9.506853743906652499e-01
-9.559912542085373666e-01
-9.594471075629290580e-01
-9.594225639107389902e-01
-9.523292699326457722e-01
-9.301507767986040287e-01
-8.687012228939815506e-01
-6.015327753146494372e-01
-3.482043485275941874e-01
-2.884017717594014596e-01
-2.750181069972126302e-01
-2.802993308875358913e-01
-2.942000582733717007e-01
-3.119771348748482942e-01
-3.310132464294981425e-01
-3.497119251707754284e-01
-3.670492921468849756e-01
-3.823698937090408978e-01
-3.952803323857335127e-01
-4.055841904332045389e-01
-4.132360976343895098e-01
-4.183062572847420779e-01
-4.209515982875197126e-01
-4.213911744596599007e-01
-4.198838957963226814e-01
-4.167071957308245422e-01
-4.121360887085613323e-01
-4.064230899899656801e-01
-3.997803079372992396e-01
-3.923653739485679637e-01
-3.842726407811888345e-01
-3.755303827367663660e-01
-3.661038459946730494e-01
-3.559032132601948062e-01
-3.447950602431729683e-01
-3.326157555598709958e-01
-3.191854380948354053e-01
-3.043215760401328240e-01
-2.878515325612145959e-01
-2.696239214536109707e-01
-2.495187665024882484e-01
-2.274565645640593825e-01
-2.034063133438906712e-01
-1.773924285100609288e-01
-1.495002574326667333e-01
-1.198796043646553761e-01
-8.874534606774740764e-02
-5.637395039233086130e-02
-2.309472461342777436e-02
1.072486090940370958e-02
4.469935707359570798e-02
7.844927059620250553e-02
1.116259248898858053e-01
1.439341230316005527e-01
1.751500621081833742e-01
2.051330689629595472e-01
2.338308893463436344e-01
2.612790954747504779e-01
2.875955845190760196e-01
3.129712331008758786e-01
3.376577230552179065e-01
3.619534889732902161e-01
3.861887079138309198e-01
4.107102467749340624e-01
4.358674727193662113e-01
4.619997976857219135e-01
4.894267764628304485e-01
5.184415357143976610e-01
5.493083014590891544e-01
5.822648046989319370e-01
6.175303164089688268e-01
6.553198781429314668e-01
6.958647984923076457e-01
7.394384882211699761e-01
7.863849282959580744e-01
8.371439852645747859e-01
8.922624433606030081e-01
9.523707007944411940e-01
1.018092523047347209e+00
1.089845980703862294e+00
1.167512455456978238e+00
1.250038445925961916e+00
1.335182380150838011e+00
1.419652112435271452e+00
1.499599530852943952e+00
1.571063840263578371e+00
1.629926229384726755e+00
1.671132744198452702e+00
1.686777901182510586e+00
1.661199423723573210e+00
1.551469692399166211e+00
3.807991184904851778e+00
3.763067913059924052e+00
3.725890362531452116e+00
3.697801253750265360e+00
3.678573378279597517e+00
3.666546505585906779e+00
3.659554715418794846e+00
3.655731199859297398e+00
