-2.806977465794900373e-01
-2.804449729734024288e-01
-2.745081597682241248e-01
-2.619465578741218548e-01
-2.364434851864862241e-01
-1.319612873567065081e-01
-3.426958323630532877e-02
-7.289478260722318144e-03
5.925237987232091948e-03
1.287651975958102601e-02
1.635947979818591635e-02
1.783022376864942457e-02
1.819443734161152806e-02
1.807082019599726488e-02
1.789599384765716214e-02
1.797208469589063259e-02
1.849269607697034620e-02
1.956156754739827100e-02
2.120955550743654910e-02
2.341162044544499096e-02
2.610375773336438138e-02
2.919919452336583107e-02
3.260309133605426846e-02
3.622509450845936424e-02
3.998924684760966214e-02
4.384095668501614140e-02
4.775095621132981888e-02
5.171643308843693748e-02
5.575975413293553229e-02
5.992537105423127036e-02
6.427557656824609000e-02
6.888575969281385269e-02
7.383970768448515354e-02
7.922534751512712303e-02
8.513114466298110639e-02
9.164321154602717012e-02
9.884304614471635386e-02
1.068057396506741641e-01
1.155984697337140710e-01
1.252791367478382212e-01
1.358951011705203105e-01
1.474821293646238485e-01
1.600638230839784293e-01
1.736519471546140170e-01
1.882481148887360234e-01
2.038471830328183187e-01
2.204424296057200805e-01
2.380321906282407141e-01
2.566272290788724764e-01
2.762578191418146867e-01
2.969793945279241010e-01
3.188755590926852235e-01
3.420571405118530972e-01
3.666556732161759813e-01
3.928093427415046412e-01
4.206395836090369156e-01
4.502182946859281110e-01
4.815298691217513860e-01
5.144371525407238632e-01
5.486597120055080046e-01
5.837616513059353807e-01
6.191372410895359391e-01
6.540041145243007392e-01
6.874588847021916305e-01
7.186373248628425969e-01
7.469108978136010935e-01
7.719873105722174778e-01
7.938747924057746319e-01
8.127791163884376946e-01
8.290070154353057497e-01
8.429024543326762986e-01
8.548114279235498048e-01
8.650640133246455532e-01
8.739652294299130597e-01
8.817901198151983921e-01
8.887809904888855916e-01
8.951459548579315806e-01
9.010583541548101705e-01
9.066566087313816524e-01
9.120438234501500041e-01
9.172861003115228007e-01
9.224079789005859009e-01
9.273825763040666192e-01
9.321124479056487333e-01
9.363940414991726024e-01
9.398516769366150880e-01
9.418102861495837308e-01
9.410304560050891665e-01
9.350757060557914890e-01
9.183620577367845872e-01
8.715397853350489443e-01
1.352200919744100505e+00
1.338869352595462692e+00
1.328102523888734288e+00
1.319962704074036042e+00
1.314177013558267104e+00
1.310253551786058956e+00
1.307668267868286494e+00
1.305988002502042056e+00
1.304901770867872957e+00
