#Akaike Information Criterion from bootstrap run
2.037294589536209060e+03
2.046712291453043463e+03
2.025683864940598596e+03
1.984767920683644206e+03
2.015538618542901986e+03
2.061355983276071129e+03
2.112673099478011409e+03
2.105138451587277814e+03
2.047336328489754351e+03
2.056371038865343507e+03
2.098348962290060626e+03
2.066300231277929470e+03
2.024566915906621034e+03
2.011360693385556033e+03
2.076140677150081046e+03
2.079705739826559238e+03
2.034407989561267186e+03
2.076913771418943725e+03
2.053329056455551836e+03
2.011260721252352596e+03
2.056849149645589932e+03
2.089004857253727096e+03
2.045568509582080878e+03
2.069751558828250836e+03
2.017198043324648552e+03
2.085902350078075415e+03
2.059287664431838493e+03
2.065095085600247330e+03
2.117181685357676542e+03
2.062036590070390048e+03
2.000142741350410688e+03
2.033626223852867042e+03
2.084626586571980624e+03
2.029050851468107112e+03
2.033816394115790672e+03
2.087664110576547046e+03
2.073716592126806518e+03
2.050107480547987507e+03
2.014227470725202238e+03
2.095229875313423236e+03
2.086606861592526457e+03
2.092297895829033223e+03
2.047902217728962796e+03
2.034295671363115389e+03
2.091435905177491804e+03
2.063138730456757912e+03
2.111133909721817417e+03
2.067107701076488866e+03
1.994867327856883321e+03
2.036149418514846502e+03
