#Variance for the Conditional distribution of Radius given Mass from initial fitting w/o bootstrap
nan
4.891837554375564993e-03
4.687511544499904474e-03
4.600082648263584435e-03
4.593723110914159878e-03
4.594341723254466783e-03
4.596237915516246560e-03
4.598778605057816764e-03
4.601894449640910913e-03
4.605627268843974151e-03
4.610069557932735228e-03
4.615364688483230768e-03
4.621723814683826800e-03
4.629452955200132579e-03
4.638990534330020288e-03
4.650957441902659265e-03
4.666222333218475633e-03
4.685985047398103821e-03
4.711880542803627454e-03
4.746104148039466224e-03
4.791555377716894513e-03
4.851990848055228074e-03
4.932165421019174892e-03
5.037923202118145712e-03
5.176176320249677686e-03
5.354683136588320354e-03
5.581519618284142698e-03
5.864149671117079368e-03
6.208072522193737279e-03
6.615181211248199848e-03
7.082188814097683041e-03
7.599674662543075797e-03
8.152311362150107404e-03
8.720530222464604672e-03
9.283331057882766857e-03
9.821433199751213039e-03
1.031982583621937968e-02
1.076909243647586334e-02
1.116542715587212631e-02
1.150970130340635278e-02
1.180609867344796331e-02
1.206075650068320210e-02
1.228066299149795440e-02
1.247289052439439806e-02
1.264413576830541834e-02
1.280049243458307451e-02
1.294737710885193044e-02
1.308954200797257661e-02
1.323112665556593244e-02
1.337571673275221237e-02
1.352639074338836053e-02
1.368574391452072152e-02
1.385588501591041022e-02
1.403840666427628482e-02
1.423433403017683452e-02
1.444406109903734539e-02
1.466728764405168112e-02
1.490297321235920999e-02
1.514932566498661953e-02
1.540384000492083481e-02
1.566339763045869471e-02
1.592442695757694329e-02
1.618311503807950621e-02
1.643564895673798459e-02
1.667845839516108458e-02
1.690842904274536193e-02
1.712306105652219163e-02
1.732055606137609602e-02
1.749982731483578149e-02
1.766043732844375241e-02
1.780247280232222576e-02
1.792636675478339811e-02
1.803267184198705658e-02
1.812177714267921430e-02
1.819354296786215505e-02
1.824680387108265633e-02
1.827865880383425928e-02
1.828343396858221614e-02
1.825119086974960961e-02
1.816573216477792088e-02
1.800241967916570499e-02
1.772713669065658498e-02
1.729978178291794594e-02
1.668791581538062868e-02
1.589359421278560558e-02
1.498087599218749649e-02
1.407133965732265159e-02
1.329104175342832490e-02
1.270983123952483355e-02
1.232685544004496168e-02
1.209917514278815477e-02
1.197542431638167967e-02
1.191374000046865021e-02
1.188578851169127051e-02
1.187453351250408566e-02
1.187067406050580469e-02
1.186963038008293989e-02
1.186943877150397654e-02
1.186942181524727746e-02
nan
