#Variance for the Conditional distribution of Mass given Radius from initial fitting w/o bootstrap
nan
1.275829248506975266e-01
1.279425025997434351e-01
1.284466778984611479e-01
1.293037583934147638e-01
1.307862244450306299e-01
1.331099959615942019e-01
1.362422204639934520e-01
1.398105344684957008e-01
1.432765648470565034e-01
1.462294541808380477e-01
1.485184969395874077e-01
1.501893194782931151e-01
1.513677652137152552e-01
1.521839848332291745e-01
1.527429850767403896e-01
1.531204542383377276e-01
1.533675580682896389e-01
1.535171530990688538e-01
1.535889421686579548e-01
1.535931874931952823e-01
1.535332575523581378e-01
1.534074125444485348e-01
1.532102062420061805e-01
1.529338242069999965e-01
1.525696086739042057e-01
1.521099170030308922e-01
1.515502937379775428e-01
1.508917007550287792e-01
1.501423003814703616e-01
1.493181505456513125e-01
1.484422996399563099e-01
1.475422136111835258e-01
1.466460738371168915e-01
1.457789323454135866e-01
1.449597346604890036e-01
1.441998180871020552e-01
1.435029203385186081e-01
1.428662922783759948e-01
1.422823470507493804e-01
1.417403563925674070e-01
1.412278939875804551e-01
1.407319111498497310e-01
1.402394565462989073e-01
1.397381132654235136e-01
1.392162407419913761e-01
1.386630963909738223e-01
1.380688870727860285e-01
1.374247715398715930e-01
1.367228046244530204e-01
1.359557823376066898e-01
1.351169137589397218e-01
1.341992106183859113e-01
1.331944501272950832e-01
1.320915342704801765e-01
1.308740463108891139e-01
1.295168068620727309e-01
1.279812877143206296e-01
1.262099146793142779e-01
1.241197027696505639e-01
1.215965213123095245e-01
1.184928369945397048e-01
1.146341152684482029e-01
1.098414595899051133e-01
1.039779098557536557e-01
9.701806579794555740e-02
8.912137708135883796e-02
8.066595773715290463e-02
7.219821100730100527e-02
6.429720238859874815e-02
5.741729440915700061e-02
5.179244724781154746e-02
4.743677484360252911e-02
4.421193686776436760e-02
4.190929719866381270e-02
4.031237332879619717e-02
3.923101169295645230e-02
3.851349331461603048e-02
3.804598979083722438e-02
3.774660604238900402e-02
3.755817392433548341e-02
3.744170134871133843e-02
3.737110070410136486e-02
3.732921919731566757e-02
3.730496909581264287e-02
3.729130935926710383e-02
3.728385470957474440e-02
3.727993312990802999e-02
3.727795715845883678e-02
3.727701121031944814e-02
3.727658549315941705e-02
3.727640797052843985e-02
3.727634086115323708e-02
3.727631882382595463e-02
3.727631346568189424e-02
3.727631406209120507e-02
3.727631824163588070e-02
3.727633113242265900e-02
3.727642250281659048e-02
nan
