2.086042439355556277e-01
7.572874187884635067e-01
8.037157920815763967e-01
8.206011166643022436e-01
8.295464944489302495e-01
8.352733315926875735e-01
8.394246381398499102e-01
8.427264236701552669e-01
8.455522321370056993e-01
8.481165198782250059e-01
8.505535052141008912e-01
8.529535409747739383e-01
8.553815258756989337e-01
8.578869312141910175e-01
8.605095972867639054e-01
8.632832572271943450e-01
8.662377747394871541e-01
8.694006209663505125e-01
8.727978831223671685e-01
8.764549738951828983e-01
8.803971417430029867e-01
8.846498418851220791e-01
8.892390029561978437e-01
8.941912078300419120e-01
8.995337951866264614e-01
9.052948786407783999e-01
9.115032712153550154e-01
9.181882936490849412e-01
9.253794348536622527e-01
9.331058214993181998e-01
9.413954415285302746e-01
9.502740545108034897e-01
9.597637130596959887e-01
9.698808191551855362e-01
9.806336561151880460e-01
9.920193840182346401e-01
1.004020579856848450e+00
1.016601558009316175e+00
1.029704922949882029e+00
1.043249053079206679e+00
1.057127408570617710e+00
1.071210560064704165e+00
1.085351505831049224e+00
1.099394138637862950e+00
1.113183805493966227e+00
1.126578147400574714e+00
1.139456206360260238e+00
1.151724283597745924e+00
1.163317992124569988e+00
1.174200918927686965e+00
1.184360928571204896e+00
1.193805292409127139e+00
1.202555634146508901e+00
1.210643341574040299e+00
1.218105764035681826e+00
1.224983272378183718e+00
1.231317114744929553e+00
1.237147936833697948e+00
1.242514820861696290e+00
1.247454709668267103e+00
1.252002105274805599e+00
1.256188955806365692e+00
1.260044666697566873e+00
1.263596190063815294e+00
1.266868159958552953e+00
1.269883051497337600e+00
1.272661349226202887e+00
1.275221715327623961e+00
1.277581151866810982e+00
1.279755153734578599e+00
1.281757850579743563e+00
1.283602137091678586e+00
1.285299791670141856e+00
1.286861583930333897e+00
1.288297371724018703e+00
1.289616188473213132e+00
1.290826321652941200e+00
1.291935383252202252e+00
1.292950373006622744e+00
1.293877735144945529e+00
1.294723409332876551e+00
1.295492876437282170e+00
1.296191199674724404e+00
1.296823061653108455e+00
1.297392797765250183e+00
1.297904426349746343e+00
1.298361675999099463e+00
1.298768010369951931e+00
1.299126650839856456e+00
1.299440597367823580e+00
1.299712647969612611e+00
1.299945417351424881e+00
1.300141355543870558e+00
1.300302768052204794e+00
1.300431840644362902e+00
1.300530676059978630e+00
1.300601362055106902e+00
1.300646131731671762e+00
1.300667856223480134e+00
1.300672227538773873e+00
