-1.366327468317361626e+00
-1.127038688941944367e+00
-9.535330729142773576e-01
-8.212101313790800550e-01
-7.163859679889993393e-01
-6.308415562116077568e-01
-5.593413808303397960e-01
-4.983914898242623459e-01
-4.455702066603187128e-01
-3.991454213163514453e-01
-3.578448312256162223e-01
-3.207122667802969618e-01
-2.870146794595195283e-01
-2.561801030022423653e-01
-2.277551830081477879e-01
-2.013754293468490164e-01
-1.767439520267357345e-01
-1.536159818307321623e-01
-1.317874151326376697e-01
-1.110862087997079029e-01
-9.136582654241189039e-02
-7.250018362149200646e-02
-5.437970055820435383e-02
-3.690818762356454924e-02
-2.000035854057065354e-02
-3.579825507758200090e-03
1.242253424306241118e-02
2.806992274040033195e-02
4.342073885857346965e-02
5.852951695007654886e-02
7.344772334540017322e-02
8.822443930873920259e-02
1.029069527693072666e-01
1.175412763157708679e-01
1.321726051650539691e-01
1.468457258180426162e-01
1.616053836869455196e-01
1.764966159666594425e-01
1.915650543061561684e-01
2.068572003225533085e-01
2.224206756159031739e-01
2.383044466264858108e-01
2.545590233786431122e-01
2.712366298343236171e-01
2.883913422011004091e-01
3.060791900760732598e-01
3.243582137391001763e-01
3.432884692260720905e-01
3.629319710175007985e-01
3.833525602877121408e-01
4.046156847148391633e-01
4.267880739185175853e-01
4.499372927727035565e-01
4.741311532807427898e-01
4.994369645961524440e-01
5.259206003828758025e-01
5.536453633559450527e-01
5.826706289167438158e-01
6.130502537451113509e-01
6.448307415228089479e-01
6.780491671343648052e-01
7.127308731667433284e-01
7.488869686220682720e-01
7.865116795434135000e-01
8.255796244409914220e-01
8.660431131944147376e-01
9.078295950526767966e-01
9.508394072739799752e-01
9.949439979022541847e-01
1.039984810575853125e+00
1.085773022140570143e+00
1.132090311320075537e+00
1.178690805649072582e+00
1.225304302674777857e+00
1.271640790732195603e+00
1.317396207910832784e+00
1.362259281737032701e+00
1.405919195907848973e+00
1.448073745197931306e+00
1.488437576711816757e+00
1.526750084617369829e+00
1.562782532548649961e+00
1.596344024356372016e+00
1.627286025803862612e+00
1.655505248278454244e+00
1.680944828297472826e+00
1.703593859851867176e+00
1.723485447648091862e+00
1.740693538105414495e+00
1.755328845669254845e+00
1.767534223285543771e+00
1.777479830636294000e+00
1.785358438200184583e+00
1.791381177884833864e+00
1.795774021731934900e+00
1.798775249743730598e+00
1.800634168089247478e+00
1.801611374219635797e+00
1.801980955742667811e+00
1.802035186776537623e+00
