3.011556576870986768e-01
3.576118286856595496e-01
3.978637081946763687e-01
4.279799811567992496e-01
4.513355001796988120e-01
4.699565419077659789e-01
4.851330980250851965e-01
4.977253297362796425e-01
5.083287124096349530e-01
5.173684636373825363e-01
5.251562288054300032e-01
5.319255237616316023e-01
5.378546752100746842e-01
5.430821173498715515e-01
5.477168588807271865e-01
5.518458095176800304e-01
5.555390120306633595e-01
5.588534456480919177e-01
5.618358351719321409e-01
5.645247554241645815e-01
5.669522279925415242e-01
5.691449466474828300e-01
5.711252273948019820e-01
5.729117517037322083e-01
5.745201525320817737e-01
5.759634795259785944e-01
5.772525703716738787e-01
5.783963485210200650e-01
5.794020626003593133e-01
5.802754792034732212e-01
5.810210380921482232e-01
5.816419768254399436e-01
5.821404303305189876e-01
5.825175097861485796e-01
5.827733643232080318e-01
5.829072283895564421e-01
5.829174571316211306e-01
5.828015517781639510e-01
5.825561767480944564e-01
5.821771700263956850e-01
5.816595482478638113e-01
5.809975078891447264e-01
5.801844239899853761e-01
5.792128479015860032e-01
5.780745056916248847e-01
5.767602990211463387e-01
5.752603105473423906e-01
5.735638161971799986e-01
5.716593069971787067e-01
5.695345235293282071e-01
5.671765065032100539e-01
5.645716673755284409e-01
5.617058833888244340e-01
5.585646218102026106e-01
5.551330984858285911e-01
5.513964760313669888e-01
5.473401069804300079e-01
5.429498269240440322e-01
5.382123019896973837e-01
5.331154338118200275e-01
5.276488233135333550e-01
5.218042920348294755e-01
5.155764563103372167e-01
5.089633452720946361e-01
5.019670484567696489e-01
4.945943728693933394e-01
4.868574829769338197e-01
4.787744907254064541e-01
4.703699569262814184e-01
4.616752610418805025e-01
4.527287944311326751e-01
4.435759334318805647e-01
4.342687540678228375e-01
4.248654601951200038e-01
4.154295115851089348e-01
4.060284571837855516e-01
3.967325002963660308e-01
3.876128447512798281e-01
3.787398917567068035e-01
3.701813735697668806e-01
3.620005199039671440e-01
3.542543545359050361e-01
3.469922121924474134e-01
3.402545500541961920e-01
3.340721057918442649e-01
3.284654275202302243e-01
3.234447734055567736e-01
3.190103528229112917e-01
3.151528593391385580e-01
3.118542299470944412e-01
3.090885554628891585e-01
3.068230634122957601e-01
3.050190958610034531e-01
3.036330086779885362e-01
3.026169234572665401e-01
3.019192662583145004e-01
3.014850255871037166e-01
3.012556520504245938e-01
3.011684988448895539e-01
3.011556577431105941e-01
