-1.872958012126330063e+00
-1.840977512017806017e+00
-1.806325430887472994e+00
-1.768857770754634462e+00
-1.728519585074962839e+00
-1.685399164529622462e+00
-1.639784435393457196e+00
-1.592200827921947504e+00
-1.543402889444164261e+00
-1.494301234256812272e+00
-1.445836085342030897e+00
-1.398840730202808968e+00
-1.353944427086890334e+00
-1.311538895932561788e+00
-1.271799407567507201e+00
-1.234734656925489116e+00
-1.200241729760544773e+00
-1.168152748246508610e+00
-1.138268961541152535e+00
-1.110383165719300624e+00
-1.084293160488460694e+00
-1.059809026691183709e+00
-1.036756446087274020e+00
-1.014977634832208153e+00
-9.943309256032553112e-01
-9.746896470948884783e-01
-9.559406912743262374e-01
-9.379829937291167541e-01
-9.207260503448873035e-01
-9.040885320991415286e-01
-8.879970237381562548e-01
-8.723848917496441757e-01
-8.571912760330585579e-01
-8.423601942707810153e-01
-8.278397457358634970e-01
-8.135814008571932154e-01
-7.995393633140166489e-01
-7.856699923582973755e-01
-7.719312741230371921e-01
-7.582823317295351861e-01
-7.446829649688790909e-01
-7.310932111635671804e-01
-7.174729194990469017e-01
-7.037813316505999728e-01
-6.899766619224729780e-01
-6.760156703797138844e-01
-6.618532225684810033e-01
-6.474418294574378896e-01
-6.327311611154705639e-01
-6.176675274538773186e-01
-6.021933190647744683e-01
-5.862464008100745083e-01
-5.697594503656476794e-01
-5.526592334236690718e-01
-5.348658067350424705e-01
-5.162916396867062163e-01
-4.968406447444173035e-01
-4.764071069974851191e-01
-4.548745034612389215e-01
-4.321142041264086631e-01
-4.079840496502702973e-01
-3.823268061404486162e-01
-3.549685074512670679e-01
-3.257167126684937242e-01
-2.943587356719015724e-01
-2.606599523884807756e-01
-2.243623716943083657e-01
-1.851837870543851794e-01
-1.428180375495124721e-01
-9.693724300125623750e-02
-4.719739937926816647e-02
6.750500414386878534e-03
6.524056681074559549e-02
1.285587459331030968e-01
1.968904199066319194e-01
2.702432934647527873e-01
3.483441043541328774e-01
4.305197149660284217e-01
5.155956855556664831e-01
6.018717655006503575e-01
6.872389154317248838e-01
7.694545244056432143e-01
8.464986811077288564e-01
9.168692630083902229e-01
9.797079274472690891e-01
1.034752430952762925e+00
1.082188577293404785e+00
1.122483450573496189e+00
1.156248306687332139e+00
1.184145054203207925e+00
1.206831223417771826e+00
1.224932558315796838e+00
1.239033198275802272e+00
1.249676191414715420e+00
1.257369735783658848e+00
1.262596512646816604e+00
1.265824794870104242e+00
1.267520879307818316e+00
1.268163000148964326e+00
1.268257390023679987e+00
