1.299472088058441221e-01
1.240928685918243901e-01
1.195970994770805262e-01
1.163736182730699953e-01
1.143385401319557959e-01
1.134103588951157204e-01
1.135099274416507542e-01
1.145604380368942798e-01
1.164874026809206570e-01
1.192186334570542322e-01
1.226842228803781826e-01
1.268165242462433173e-01
1.315501319787767964e-01
1.368218619793911406e-01
1.425707319752930469e-01
1.487379418679923571e-01
1.552668540818104015e-01
1.621029739123893976e-01
1.691939298752012100e-01
1.764894540540559997e-01
1.839413624496108179e-01
1.915035353278791430e-01
1.991318975687395021e-01
2.067843990144435373e-01
2.144209948181260705e-01
2.220036257923131418e-01
2.294961987574307416e-01
2.368645668903148760e-01
2.440765100727183279e-01
2.511017152398216101e-01
2.579117567287403934e-01
2.644800766270349879e-01
2.707819651212191037e-01
2.767945408452683886e-01
2.824967312291297716e-01
2.878692528472301393e-01
2.928945917669845689e-01
2.975569838973061154e-01
3.018423953371139890e-01
3.057385027238428421e-01
3.092346735819513359e-01
3.123219466714310388e-01
3.149930123363152146e-01
3.172421928531874435e-01
3.190654227796916320e-01
3.204602293030389126e-01
3.214257125885185418e-01
3.219625261280049666e-01
3.220728570884680564e-01
3.217604066604806134e-01
3.210303704067288821e-01
3.198894186105196158e-01
3.183456766242903080e-01
3.164087052181171478e-01
3.140894809282243627e-01
3.114003764054930623e-01
3.083551407639695263e-01
3.049688799293746033e-01
3.012580369876126096e-01
2.972403725332797841e-01
2.929349450181734649e-01
2.883620910998003772e-01
2.835434059898861436e-01
2.785017238028840159e-01
2.732610979044831079e-01
2.678467812601181275e-01
2.622852067834776091e-01
2.566039676850128681e-01
2.508317978204469556e-01
2.449985520392833349e-01
2.391351865333152527e-01
2.332737391851334996e-01
2.274473099166365864e-01
2.216900410375384489e-01
2.160370975938779581e-01
2.105246477165276797e-01
2.051898429697023851e-01
2.000707986994683385e-01
1.952065743822515853e-01
1.906371539733474618e-01
1.864034262554289390e-01
1.825471651870557432e-01
1.791110102511830060e-01
1.761384468036701900e-01
1.736737864217898497e-01
1.717621472527367799e-01
1.704494343621364982e-01
1.697823200825542278e-01
1.698082243620036291e-01
1.705752951124560601e-01
1.721323885583487812e-01
1.745290495850942980e-01
1.778154920875891221e-01
1.820425793187221142e-01
1.872618042378843273e-01
1.935252698594769338e-01
2.008856696014202359e-01
2.093962676336632023e-01
2.191108792266909244e-01
2.300838511000354303e-01
