-7.073784701882676607e-02
-6.966338939316236989e-02
-6.635020404865656085e-02
-6.075771113192027922e-02
-5.297830420097033449e-02
-4.323068649430888283e-02
-3.183531349157072560e-02
-1.917739323963396636e-02
-5.665519826814123180e-03
8.306116827368318495e-03
2.238637592274169211e-02
3.628438839055705967e-02
4.977598289641729790e-02
6.270172708844375109e-02
7.495959259497769755e-02
8.649499241546154682e-02
9.729025829155454885e-02
1.073548680168678465e-01
1.167170929020849429e-01
1.254172815823298703e-01
1.335027195164795732e-01
1.410238630763360479e-01
1.480316973881885823e-01
1.545759701914488915e-01
1.607040831780448542e-01
1.664604608357111160e-01
1.718862554195620673e-01
1.770192808687993113e-01
1.818940967082821880e-01
1.865421852109282186e-01
1.909921820405164894e-01
1.952701331778854410e-01
1.993997600843565032e-01
2.034027215895011786e-01
2.072988655746196007e-01
2.111064666835785197e-01
2.148424484290594738e-01
2.185225894731384344e-01
2.221617147650488122e-01
2.257738727740487561e-01
2.293725003743567747e-01
2.329705771018418248e-01
2.365807705641404801e-01
2.402155747853471357e-01
2.438874432291758543e-01
2.476089181873638301e-01
2.513927581535170264e-01
2.552520647322855107e-01
2.592004105618190835e-01
2.632519696531234188e-01
2.674216514699101488e-01
2.717252399810163310e-01
2.761795388060736545e-01
2.808025234323783259e-01
2.856135012917937477e-01
2.906332802314827157e-01
2.958843455662528155e-01
3.013910454314572274e-01
3.071797835234569285e-01
3.132792174693621590e-01
3.197204599468284614e-01
3.265372782022015752e-01
3.337662857001775230e-01
3.414471171737161193e-01
3.496225752080944771e-01
3.583387325564025838e-01
3.676449695130720730e-01
3.775939197503154210e-01
3.882412909762228970e-01
3.996455186163614948e-01
4.118672016188009710e-01
4.249682598455296056e-01
4.390107431186569542e-01
4.540552141375100992e-01
4.701586231714551256e-01
4.873715945331254518e-01
5.057350572027393687e-01
5.252761794096075798e-01
5.460036149062809097e-01
5.679021423431512838e-01
5.909268821838362662e-01
6.149974077463714606e-01
6.399922211827733243e-01
6.657442246097751148e-01
6.920379521904141962e-01
7.186094000914073909e-01
7.451492506090442447e-01
7.713100914376842532e-01
7.967178589419724455e-01
8.209872021467002901e-01
8.437398399002534743e-01
8.646243841269547481e-01
8.833356704025262518e-01
8.996315021678786827e-01
9.133449456302941138e-01
9.243908859866688532e-01
9.327663564193936496e-01
9.385450040305716168e-01
9.418667811924557043e-01
9.429244149713382761e-01
