1.223824804767949109e-01
1.243615292129308381e-01
1.304704729664485641e-01
1.408050535784432511e-01
1.552006215321045657e-01
1.731908229381860786e-01
1.940137092657660545e-01
2.166928768196364763e-01
2.401850265505595661e-01
2.635422777113570203e-01
2.860280568954502445e-01
3.071577742586681925e-01
3.266765985324445176e-01
3.445055940716800214e-01
3.606832514209180052e-01
3.753167423245717393e-01
3.885468687669770271e-01
4.005253288177773041e-01
4.114012274804592084e-01
4.213138487782183694e-01
4.303893781957530140e-01
4.387399726822173718e-01
4.464641380430999229e-01
4.536477698229289812e-01
4.603654750109643645e-01
4.666819569735858320e-01
4.726533471072983383e-01
4.783284269150688273e-01
4.837497189861695857e-01
4.889544446562796853e-01
4.939753561746285104e-01
4.988414558566952040e-01
5.035786162922223363e-01
5.082101156115432783e-01
5.127571009164547666e-01
5.172389917341388976e-01
5.216738340233960658e-01
5.260786139960110797e-01
5.304695398856311694e-01
5.348622988234011943e-01
5.392722952081043797e-01
5.437148763016667052e-01
5.482055503547735853e-01
5.527602022449022989e-01
5.573953114518680474e-01
5.621281771828021689e-01
5.669771555719036460e-01
5.719619141520763117e-01
5.771037091778383754e-01
5.824256919290429213e-01
5.879532507909149830e-01
5.937143967059371752e-01
5.997402004808892739e-01
6.060652913464055214e-01
6.127284269783136450e-01
6.197731456566124564e-01
6.272485109339159814e-01
6.352099573579258474e-01
6.437202411464156837e-01
6.528504900213697448e-01
6.626813279827579173e-01
6.733040173136575213e-01
6.848215015115000082e-01
6.973491327977439092e-01
7.110147019573928029e-01
7.259571226670320510e-01
7.423227197867147131e-01
7.602575152248901569e-01
7.798932741581581229e-01
8.013247029956421796e-01
8.245759312034558475e-01
8.495577861791923091e-01
8.760248518856638134e-01
9.035515012787364020e-01
9.315509108736045318e-01
9.593482884874054983e-01
9.862889326606832929e-01
1.011837140638598198e+00
1.035628794064965552e+00
1.057471375444157369e+00
1.077310424430724556e+00
1.095186030573756852e+00
1.111194400756571055e+00
1.125459808165203190e+00
1.138116503954122782e+00
1.149298146089641426e+00
1.159132220835383809e+00
1.167737512860625326e+00
1.175223313914343537e+00
1.181689553640573154e+00
1.187227371191536873e+00
1.191919857523473736e+00
1.195842825234401108e+00
1.199065536344056326e+00
1.201651359447662992e+00
1.203658349489354906e+00
1.205139754138332853e+00
1.206144455285284911e+00
1.206717355378755352e+00
1.206899717853451515e+00
