3.942085101943573061e-02
3.954357510768011230e-02
3.992021515321927949e-02
4.055266468089300386e-02
4.142776608266313804e-02
4.251832346403330853e-02
4.378610169333874841e-02
4.518615397672730988e-02
4.667154614688560216e-02
4.819758621445656421e-02
4.972495490675610946e-02
5.122151243365262452e-02
5.266288183582789467e-02
5.403210214901915664e-02
5.531870179309415769e-02
5.651750486581759436e-02
5.762740077279086826e-02
5.865021958515309608e-02
5.958978281906886915e-02
6.045114874420035034e-02
6.124004120704219095e-02
6.196243627137767301e-02
6.262427637012639436e-02
6.323128278738841812e-02
6.378884113576772930e-02
6.430193921213744890e-02
6.477514119914527801e-02
6.521258616901894067e-02
6.561800209719043098e-02
6.599472912792568591e-02
6.634574774736826108e-02
6.667370892728936849e-02
6.698096431691859254e-02
6.726959527659294447e-02
6.754144004335509155e-02
6.779811865549348338e-02
6.804105548597670639e-02
6.827149937756342435e-02
6.849054145960495332e-02
6.869913077582813499e-02
6.889808787616505392e-02
6.908811653274297970e-02
6.926981373651716622e-02
6.944367812087705316e-02
6.961011694468099975e-02
6.976945175144265432e-02
6.992192280501946522e-02
7.006769238592779059e-02
7.020684701682361473e-02
7.033939867106976662e-02
7.046528500489125657e-02
7.058436864159103874e-02
7.069643552588655844e-02
7.080119235790546806e-02
7.089826311014799098e-02
7.098718462733176471e-02
7.106740130925030818e-02
7.113825888164082567e-02
7.119899727096598574e-02
7.124874261781061202e-02
7.128649849265007721e-02
7.131113642010682152e-02
7.132138587727071544e-02
7.131582401289630890e-02
7.129286544290668048e-02
7.125075262015462263e-02
7.118754746007846523e-02
7.110112513633737308e-02
7.098917124881135021e-02
7.084918391569007545e-02
7.067848275273223846e-02
7.047422716950586807e-02
7.023344691531187289e-02
6.995308830818043611e-02
6.963008001304984984e-02
6.926142249758623914e-02
6.884430523843684813e-02
6.837625517944233289e-02
6.785531861344099025e-02
6.728027630378526081e-02
6.665088803730914724e-02
6.596815777008696591e-02
6.523460417916096543e-02
6.445451422530174002e-02
6.363415022453805525e-02
6.278187544067234671e-02
6.190816132223612295e-02
6.102544329251928523e-02
6.014780302149624891e-02
5.929047362632156731e-02
5.846918854127802767e-02
5.769942094438983149e-02
5.699558306700922006e-02
5.637026765436357889e-02
5.583361313667109527e-02
5.539285880343885332e-02
5.505212937273330082e-02
5.481245578206041247e-02
5.467200792494773809e-02
5.462649151213293947e-02
