-2.540363228694359488e-01
-2.538214155860321064e-01
-2.531528666593996224e-01
-2.519944675715964921e-01
-2.503099806559074270e-01
-2.480643542527055379e-01
-2.452256469755693113e-01
-2.417677972577095824e-01
-2.376742747487549656e-01
-2.329424491413813192e-01
-2.275881996805554364e-01
-2.216499146484320060e-01
-2.151907366534960009e-01
-2.082979132983469872e-01
-2.010785927823393326e-01
-1.936523260404961755e-01
-1.861415629095085622e-01
-1.786620649684328987e-01
-1.713150816485860262e-01
-1.641824325585254929e-01
-1.573247077297156848e-01
-1.507820548482935452e-01
-1.445766687810790541e-01
-1.387160986567325671e-01
-1.331966897468742084e-01
-1.280067333851274691e-01
-1.231291185959486750e-01
-1.185434320511262463e-01
-1.142275415014046280e-01
-1.101587386886779679e-01
-1.063145287460346977e-01
-1.026731480705869587e-01
-9.921388067023964585e-02
-9.591722925449741588e-02
-9.276498447863135155e-02
-8.974022482385972388e-02
-8.682727083149496816e-02
-8.401161063845032084e-02
-8.127980866779231650e-02
-7.861940557012114805e-02
-7.601881478078985344e-02
-7.346721909763830050e-02
-7.095446929056195562e-02
-6.847098577167576305e-02
-6.600766366548083131e-02
-6.355578113502140247e-02
-6.110691047826393579e-02
-5.865283126162470356e-02
-5.618544456998474101e-02
-5.369668729879647356e-02
-5.117844527461946902e-02
-4.862246384768452445e-02
-4.602025445186335578e-02
-4.336299543374896870e-02
-4.064142525108378756e-02
-3.784572586298144692e-02
-3.496539381281172504e-02
-3.198909610142759014e-02
-2.890450744408998296e-02
-2.569812490273805025e-02
-2.235505510753175301e-02
-1.885876835515029604e-02
-1.519081269804012022e-02
-1.133047969229824918e-02
-7.254411666879010886e-03
-2.936138121265254378e-03
1.654473970066292323e-03
6.551874729517572285e-03
1.179561409897864066e-02
1.743128169916341452e-02
2.351164002015387194e-02
3.009799633736401012e-02
3.726187034765555267e-02
4.508702908196348530e-02
5.367197853653270234e-02
6.313302255697671173e-02
7.360802226576315666e-02
8.526100871006264681e-02
9.828780425002456300e-02
1.129227629288604845e-01
1.294465742669818342e-01
1.481946273960491889e-01
1.695643545626324689e-01
1.940175444615514222e-01
2.220684815147942193e-01
2.542389244350778954e-01
2.909456464044024027e-01
3.322750192313350670e-01
3.776332945108950012e-01
4.254149425509279880e-01
4.730551421736782225e-01
5.177174438286814562e-01
5.572115718407933960e-01
5.904332267277059287e-01
6.171987746200369163e-01
6.378543956618893951e-01
6.529589063816246819e-01
6.631057036612074684e-01
6.688452525809983618e-01
6.706618663734876806e-01
