#Akaike Information Criterion from bootstrap run
8.061145121979520809e+02
8.597089446080569815e+02
7.665098802637758126e+02
7.503613735402872180e+02
7.588399779931372677e+02
7.382696767484716247e+02
8.017052004504594152e+02
8.091047957481198409e+02
7.999636316964835032e+02
7.879243188034221248e+02
7.291260920924269158e+02
7.870849959778538505e+02
8.049371850496984280e+02
7.807123837272436049e+02
8.228011350008011959e+02
7.513118162690698227e+02
8.307016130720685396e+02
8.205767096554826594e+02
7.809350455612043334e+02
7.885779301642844530e+02
7.943308379562538448e+02
7.594498484447829014e+02
7.545240096696113596e+02
7.912874604290624347e+02
7.465295885805045373e+02
7.559266489078979703e+02
7.806960002277145350e+02
7.821072296560923860e+02
7.611417613072514996e+02
7.717601569724317869e+02
8.151713046835074010e+02
8.103359004885953709e+02
7.517053955402378733e+02
7.832512327831849461e+02
7.518325041257604653e+02
7.849134945036627187e+02
8.052993243169444213e+02
7.680994527582822684e+02
7.552855290872201977e+02
7.900878685712079914e+02
7.787106855673632708e+02
7.681902938304210693e+02
7.701646694736443806e+02
7.429713287748140829e+02
7.461595015624106964e+02
7.559681717053891816e+02
7.351484191088973148e+02
7.345607979153164706e+02
7.962743511451799350e+02
8.076744538829734665e+02
7.846048268987550500e+02
7.853072317071480484e+02
7.775277088081898000e+02
8.139905765040741699e+02
7.808032245690162654e+02
7.616228562856117605e+02
7.377595445378735803e+02
7.575696333843313823e+02
7.827850859281634257e+02
8.318801771547682620e+02
8.213772458666652483e+02
7.868044727935666742e+02
7.790188647360756704e+02
7.473824905337331757e+02
7.365894158660595394e+02
8.035252150184250013e+02
8.867014800434253630e+02
8.326384740395711788e+02
7.945251194388436033e+02
6.973354717469281923e+02
7.469038135177067943e+02
7.567873069408337869e+02
7.805653770232944453e+02
7.677334710635705051e+02
7.734143778146481054e+02
7.880393525690448087e+02
8.402039139308053564e+02
7.972368519286393393e+02
7.793032675427962204e+02
7.822409016787248675e+02
7.389339404765984227e+02
7.374575404552324471e+02
7.900863552527760021e+02
7.240955226377213876e+02
8.119528257960922701e+02
7.751807124490596834e+02
7.996245582699704073e+02
7.721510817972900895e+02
7.921702936339696635e+02
7.662856071086492875e+02
7.433605090515145548e+02
7.643746013112275932e+02
8.201123810223913324e+02
7.543922746922643228e+02
8.352352894280966211e+02
7.808637595483478435e+02
8.339871755675881104e+02
7.730527739453686991e+02
7.354925058377666574e+02
7.308795517308992657e+02
