#Variance for the Conditional distribution of mass given radius from initial fitting w/o bootstrap
nan
9.627903775680868304e-02
1.092905577348124851e-01
1.262267907154975000e-01
1.431875616511706084e-01
1.580465558960297001e-01
1.701957342229012127e-01
1.798099602275156084e-01
1.873262334577300015e-01
1.931975948393821474e-01
1.978082852156959059e-01
2.014594596576017860e-01
2.043793183403135871e-01
2.067385773915531022e-01
2.086646756692779880e-01
2.102530773101218831e-01
2.115757515660719179e-01
2.126873736762394107e-01
2.136298142025779834e-01
2.144353837333153323e-01
2.151291852500047397e-01
2.157308302732743877e-01
2.162557022348091940e-01
2.167158980304253191e-01
2.171209413892637441e-01
2.174783350318955089e-01
2.177939990829349248e-01
2.180726283892406581e-01
2.183179897595586838e-01
2.185331709879191064e-01
2.187207867608817469e-01
2.188831423794874720e-01
2.190223547626077849e-01
2.191404311405809047e-01
2.192393083776919271e-01
2.193208588115819480e-01
2.193868707218289416e-01
2.194390122893671580e-01
2.194787870156495180e-01
2.195074863813102350e-01
2.195261426503361812e-01
2.195354817660646052e-01
2.195358736339143857e-01
2.195272748698562093e-01
2.195091572110718370e-01
2.194804129860771502e-01
2.194392270052472338e-01
2.193829016182872460e-01
2.193076181533255564e-01
2.192081131724117338e-01
2.190772416425617874e-01
2.189053909953404820e-01
2.186797001001531959e-01
2.183830258652995626e-01
2.179925890225245799e-01
2.174782232797000947e-01
2.168001560650313908e-01
2.159062792251924545e-01
2.147289506092483480e-01
2.131815459876589824e-01
2.111553193521024940e-01
2.085177049347640976e-01
2.051140540685760794e-01
2.007758516269294857e-01
1.953392510445362273e-01
1.886772303193816613e-01
1.807451101375512903e-01
1.716312751555500171e-01
1.615943245677319839e-01
1.510616974536151402e-01
1.405733281380961430e-01
1.306796395097024610e-01
1.218312015693985562e-01
1.143042609125282799e-01
1.081850071719972217e-01
1.034040826853410699e-01
9.979463463972898518e-02
9.714859146800830514e-02
9.525762215682632983e-02
9.393647268298935260e-02
9.303240561683104315e-02
9.242592029762647377e-02
9.202705105235403638e-02
9.177006166018285283e-02
9.160808909459920713e-02
9.150844306960020935e-02
9.144878333074966947e-02
9.141415561087183617e-02
9.139476803147200679e-02
9.138436427882183632e-02
9.137905813906080366e-02
9.137651470906223150e-02
9.137538657094985972e-02
9.137493409519797938e-02
9.137477642303117042e-02
9.137473351977032365e-02
9.137473053775713172e-02
9.137474489323740845e-02
9.137479338726184341e-02
nan
