#Akaike Information Criterion from bootstrap run
2.895122639314668049e+03
2.812120088396717620e+03
2.808565604718686700e+03
2.775908137072252430e+03
2.864431624098739576e+03
2.804659324807701068e+03
2.752644452193322650e+03
2.892118728739703784e+03
2.811348400531252992e+03
2.865446883705479195e+03
2.827488730629512247e+03
2.864466773606793595e+03
2.749809992406341280e+03
2.801965618619531142e+03
2.791488346788585659e+03
2.900413769451752160e+03
2.805808392113037371e+03
2.790080235415473453e+03
2.875285392506919379e+03
2.803401952753832120e+03
2.867540265789421028e+03
2.886324204881046171e+03
2.848381359925901052e+03
2.757076243645577051e+03
2.873567967964834679e+03
2.726748120355356605e+03
2.793978096256734716e+03
2.869525683222006137e+03
2.800094436917746407e+03
2.878486604075343166e+03
2.869343838665507974e+03
2.881902130942885378e+03
2.804962833311457416e+03
2.795397277526102243e+03
2.809706795300299746e+03
2.796094135923729027e+03
2.829827285948281769e+03
2.852675060238197602e+03
2.878054109689517190e+03
2.874517346611394260e+03
2.866134200916383634e+03
2.902416499635855871e+03
2.828024181604332625e+03
2.770798107576223174e+03
2.861215387812067547e+03
2.776997898859409361e+03
2.868806362369533417e+03
2.828090193233949321e+03
