#Variance for the Conditional distribution of radius given mass from initial fitting w/o bootstrap
nan
5.249883716534444952e-03
5.310519532857281393e-03
5.469282435117221557e-03
5.744427557296058993e-03
6.111038407912627347e-03
6.514907456540785548e-03
6.905596210840784892e-03
7.257817931960690652e-03
7.571015703625703225e-03
7.858814788382243594e-03
8.139304101195130384e-03
8.429044505454636599e-03
8.739838585975332266e-03
9.077109987145164094e-03
9.439501595453488048e-03
9.819732690577202480e-03
1.020663194458866149e-02
1.058784658015148386e-02
1.095244010294899907e-02
1.129269226090049739e-02
1.160482374152127169e-02
1.188879433540277614e-02
1.214754433641025699e-02
1.238604070229844430e-02
1.261035746516680871e-02
1.282687736441242773e-02
1.304160960523962146e-02
1.325958940846315090e-02
1.348434613022067921e-02
1.371747574298739884e-02
1.395840153134123192e-02
1.420442165710060489e-02
1.445110023283661255e-02
1.469296404457711563e-02
1.492436084051849791e-02
1.514027499756017900e-02
1.533691775887408536e-02
1.551199870307133112e-02
1.566469245551526529e-02
1.579539043511913460e-02
1.590535150640381284e-02
1.599634790264234385e-02
1.607036686483346091e-02
1.612939367430782367e-02
1.617527748814174757e-02
1.620966831694381841e-02
1.623400807423911948e-02
1.624955681112365963e-02
1.625743456846501234e-02
1.625865960891247422e-02
1.625416676123371887e-02
1.624479671822227911e-02
1.623125748078100769e-02
1.621406880934931835e-02
1.619350484910565477e-02
1.616954718790682491e-02
1.614185293474729860e-02
1.610973467551037389e-02
1.607214500295802567e-02
1.602765867070201841e-02
1.597444927141857332e-02
1.591026332677239474e-02
1.583240209954416694e-02
1.573773023339198121e-02
1.562274025096569048e-02
1.548371123837025999e-02
1.531700380172408560e-02
1.511952234031838094e-02
1.488933753465547342e-02
1.462638852717429959e-02
1.433308637308040520e-02
1.401456301795839937e-02
1.367832689832202200e-02
1.333325096716805706e-02
1.298809322999130988e-02
1.264998537091861427e-02
1.232335998226078734e-02
1.200958892553108046e-02
1.170730545048432637e-02
1.141315730051968569e-02
1.112267166724543316e-02
1.083097190241416249e-02
1.053318826563622718e-02
1.022449199663802953e-02
9.899741630504388379e-03
9.552784987090428420e-03
9.175549195358069857e-03
8.757226554600622270e-03
8.284192791784460164e-03
7.741821791731749031e-03
7.119909922211363484e-03
6.423059209836602147e-03
5.683938124647520095e-03
4.969602146663341241e-03
4.366060496643983484e-03
3.939929428832625660e-03
3.704015065719732779e-03
3.615784253310911668e-03
nan
