#Conditional distribution of mass given radius from initial fitting w/o bootstrap
nan
-2.305184453151102597e-01
-2.304374746778382055e-01
-2.301941659054465850e-01
-2.296668297080338705e-01
-2.287015471981133641e-01
-2.271083584900681074e-01
-2.246585559809238519e-01
-2.210837293020557204e-01
-2.160776029824033329e-01
-2.093019277990507687e-01
-2.003977527364899647e-01
-1.890031899805637294e-01
-1.747781401975313786e-01
-1.574352610696803656e-01
-1.367747679723564369e-01
-1.127187233244408143e-01
-8.533886156066053386e-02
-5.487146222033177645e-02
-2.171397787321171710e-02
1.359880102176754847e-02
5.043693883819477808e-02
8.812955375829366333e-02
1.260219859331409287e-01
1.635266969845336205e-01
2.001608667792973695e-01
2.355672802720583103e-01
2.695188175088037430e-01
3.019096139109898602e-01
3.327372941156934161e-01
3.620807279430859893e-01
3.900769630191256443e-01
4.168998551430610489e-01
4.427418200108675927e-01
4.677992684722889760e-01
4.922617162209287911e-01
5.163042434003257686e-01
5.400828494771972021e-01
5.637322310514087942e-01
5.873655465248694973e-01
6.110757822698419384e-01
6.349383781712499841e-01
6.590147977479174912e-01
6.833567401634037530e-01
7.080106940726477172e-01
7.330225339296210230e-01
7.584418648866276813e-01
7.843258372240810017e-01
8.107421769159323111e-01
8.377712143906432818e-01
8.655067361058472741e-01
8.940555303133718157e-01
9.235355476158096932e-01
9.540726490362391177e-01
9.857959722375553291e-01
1.018832015037861138e+00
1.053297619693044140e+00
1.089292144895218639e+00
1.126889233700510307e+00
1.166128715793484538e+00
1.207009303389151578e+00
1.249482824238361767e+00
1.293450749362779151e+00
1.338763685296222361e+00
1.385224290243292966e+00
1.432593742617290333e+00
1.480601470944570730e+00
1.528957408386258932e+00
1.577365645443606246e+00
1.625538103819057278e+00
1.673206803624909922e+00
1.720133464972191550e+00
1.766115545497572326e+00
1.810988299737489315e+00
1.854622965994639161e+00
1.896921655685824826e+00
1.937809874813932520e+00
1.977227813375073362e+00
2.015121591533587164e+00
2.051435567414038985e+00
2.086106617127085450e+00
2.119061022817669393e+00
2.150214278398651313e+00
2.179473774813628584e+00
2.206743989249760673e+00
2.231933511085624211e+00
2.254963027574854451e+00
2.275773294762457599e+00
2.294332150557202521e+00
2.310639783401141845e+00
2.324731725239143731e+00
2.336679346974967153e+00
2.346587945422971444e+00
2.354592773858229293e+00
2.360853548917704270e+00
2.365548050220390497e+00
2.368865421208361521e+00
2.370999702468246539e+00
2.372144033189597767e+00
nan
