#Upper limit for the Conditional distribution of mass given radius from initial fitting w/o bootstrap
5.971196311077407421e-09
7.993695325891803094e-02
8.007384204657902460e-02
8.048463422676034595e-02
8.137307750514481686e-02
8.299788731470099379e-02
8.568208921336774309e-02
8.982339676582870580e-02
9.590568596191326178e-02
1.045107852361102374e-01
1.163280653272683041e-01
1.321557494259061605e-01
1.528806914342108747e-01
1.794119047348823881e-01
2.125303861406628858e-01
2.526226318018968131e-01
2.993302354443420077e-01
3.512950430411687641e-01
4.062777596973266014e-01
4.617232306985537549e-01
5.154401302397744189e-01
5.659857174675555491e-01
6.126738514114046241e-01
6.553838515552108390e-01
6.943451114325946971e-01
7.299722853271438661e-01
7.627584863704622853e-01
7.932117323807840181e-01
8.218188735102055498e-01
8.490257607227742476e-01
8.752267057293540153e-01
9.007592694058481619e-01
9.259022532454710408e-01
9.508759628884956294e-01
9.758444617152275402e-01
1.000919913745438983e+00
1.026169195910339393e+00
1.051622785303210961e+00
1.077285657512935035e+00
1.103149545521792563e+00
1.129205652282220473e+00
1.155456845896436935e+00
1.181928440620329646e+00
1.208677023085496627e+00
1.235797049144866433e+00
1.263425228203908901e+00
1.291742795321067394e+00
1.320975671502380822e+00
1.351392169872353444e+00
1.383297323650281463e+00
1.417022168939000126e+00
1.452905341026249797e+00
1.491263884952459984e+00
1.532350659994133890e+00
1.576299054205778427e+00
1.623063160664052429e+00
1.672372034543446073e+00
1.723723854964962943e+00
1.776438350649224285e+00
1.829760247257108396e+00
1.882977918871572287e+00
1.935514208136175585e+00
1.986966015718410361e+00
2.037096542940758592e+00
2.085799298965381521e+00
2.133052961336463049e+00
2.178879297064169052e+00
2.223309487866325984e+00
2.266360280977758990e+00
2.308019736041426295e+00
2.348241887910220260e+00
2.386949244724033914e+00
2.424041515105918698e+00
2.459408251199048046e+00
2.492942563532178468e+00
2.524553324329831039e+00
2.554173854171135183e+00
2.581766368547654178e+00
2.607322462208462088e+00
2.630860649609476631e+00
2.652422201410083336e+00
2.672066385159006963e+00
2.689865909697388258e+00
2.705903004441469140e+00
2.720266292874638836e+00
2.733048428858950274e+00
2.744344367786229810e+00
2.754250108143997622e+00
2.762861782327364679e+00
2.770274902013500462e+00
2.776583772842226683e+00
2.781880941660617612e+00
2.786256690629499655e+00
2.789798560068106337e+00
2.792590905166696835e+00
2.794714497374146678e+00
2.796246183328964463e+00
2.797258620927841832e+00
2.797820192942238382e+00
5.971196311077407421e-09
