#Conditional distribution of radius given mass from initial fitting w/o bootstrap
nan
-5.363984714517811003e-02
-5.344055129202786303e-02
-5.287874130830157865e-02
-5.174347059186939352e-02
-4.980643559101001483e-02
-4.682817692555586025e-02
-4.256829997918316205e-02
-3.679991870863881520e-02
-2.932772178632292101e-02
-2.000798310792929052e-02
-8.767720338483248055e-03
4.380561642466982222e-03
1.933208141041321826e-02
3.589340005646892567e-02
5.379687488887922170e-02
7.272396654194046572e-02
9.233344443136362600e-02
1.122896785106479861e-01
1.322866859857072530e-01
1.520651054933442048e-01
1.714211609140258719e-01
1.902083246365027791e-01
2.083334217821380951e-01
2.257492700644027628e-01
2.424457818993621117e-01
2.584410035002371875e-01
2.737730399071058862e-01
2.884933497599197483e-01
3.026615479881388238e-01
3.163416341652743324e-01
3.295994471767035860e-01
3.425011026909097755e-01
3.551121705909968118e-01
3.674973734671405090e-01
3.797206200029951684e-01
3.918452199699854477e-01
4.039341561487987398e-01
4.160503111764943251e-01
4.282565641396762768e-01
4.406156838186704450e-01
4.531899546317009753e-01
4.660404798221615130e-01
4.792261169579307145e-01
4.928020163170598877e-01
5.068177561830041755e-01
5.213151029781046830e-01
5.363254698444935853e-01
5.518672038577919770e-01
5.679428953478515840e-01
5.845369644519494701e-01
6.016138274340709913e-01
6.191169629095018001e-01
6.369691705086322209e-01
6.550742312012426405e-01
6.733200392557225911e-01
6.915830946630409093e-01
7.097340504411042694e-01
7.276438399102040933e-01
7.451898032567041419e-01
7.622612174825497133e-01
7.787637155890565488e-01
7.946222426232899538e-01
8.097824027040874117e-01
8.242102594109517177e-01
8.378908236429057910e-01
8.508255737027808907e-01
8.630293946914915360e-01
8.745273062303533518e-01
8.853512864911563529e-01
8.955374169389735961e-01
9.051234843495770122e-01
9.141470977506553908e-01
9.226443153699717126e-01
9.306487328764619926e-01
9.381909580819028927e-01
9.452983857698175063e-01
9.519951856472720353e-01
9.583024228947112366e-01
9.642382413096316496e-01
9.698180512600791392e-01
9.750546770643189198e-01
9.799584303168737964e-01
9.845370873355663299e-01
9.887957617044571546e-01
9.927366798134338310e-01
9.963588935581857431e-01
9.996580080269994451e-01
1.002626073658917427e+00
1.005251901451575725e+00
1.007522202465309213e+00
1.009424083897221047e+00
1.010949420681773070e+00
1.012101208876714731e+00
1.012900899727756210e+00
1.013393944505527777e+00
1.013649328394961691e+00
1.013749736632360676e+00
1.013773466041837157e+00
nan
