#Weights for Beta densities from initial fitting w/o bootstrap
0.000000000000000000e+00
0.000000000000000000e+00
0.000000000000000000e+00
0.000000000000000000e+00
0.000000000000000000e+00
0.000000000000000000e+00
0.000000000000000000e+00
0.000000000000000000e+00
0.000000000000000000e+00
0.000000000000000000e+00
0.000000000000000000e+00
0.000000000000000000e+00
0.000000000000000000e+00
0.000000000000000000e+00
0.000000000000000000e+00
0.000000000000000000e+00
0.000000000000000000e+00
0.000000000000000000e+00
0.000000000000000000e+00
0.000000000000000000e+00
0.000000000000000000e+00
0.000000000000000000e+00
0.000000000000000000e+00
0.000000000000000000e+00
0.000000000000000000e+00
0.000000000000000000e+00
0.000000000000000000e+00
0.000000000000000000e+00
0.000000000000000000e+00
0.000000000000000000e+00
0.000000000000000000e+00
0.000000000000000000e+00
0.000000000000000000e+00
0.000000000000000000e+00
0.000000000000000000e+00
0.000000000000000000e+00
0.000000000000000000e+00
0.000000000000000000e+00
0.000000000000000000e+00
0.000000000000000000e+00
0.000000000000000000e+00
0.000000000000000000e+00
1.395374147246730148e-09
1.903175057605273616e-09
2.268792007900116856e-09
2.473282582992711207e-09
2.374407643666089399e-09
1.910188708790966595e-09
1.189389887343476056e-09
4.125582338543419952e-10
7.518436691687216096e-10
2.154623425343440433e-09
2.981003933044599830e-09
3.368891620671355207e-09
3.491871143501564690e-09
3.502230339907488614e-09
3.507869938376871406e-09
3.569210980456890880e-09
3.705077904273566123e-09
3.901863667472686969e-09
4.129005480065121158e-09
4.351499568830185114e-09
4.539107064115217951e-09
4.672116889659518184e-09
4.740600567627962610e-09
4.743119425850193892e-09
4.682459244829977396e-09
4.563773819637614559e-09
4.392921050193768391e-09
4.179808716620408798e-09
3.939609778797367130e-09
3.696482764018324229e-09
3.475327132236125278e-09
3.282900831397858392e-09
3.077022748778811587e-09
2.751765395236894768e-09
2.179647319995383163e-09
1.343546393319668350e-09
5.154423046085992905e-10
3.014836671366195857e-10
1.288466832746728643e-09
0.000000000000000000e+00
0.000000000000000000e+00
1.788160745968569629e-09
2.269613086809050590e-09
2.550267682285946429e-09
2.642102544122357100e-09
1.803332655092192128e-09
2.015690708983977522e-09
1.278456624543953106e-09
4.911251959588444369e-10
5.493726324733453743e-10
1.988014336381607951e-09
2.848794987879747225e-09
3.264593325351913672e-09
3.407440694300322110e-09
3.430879240400634974e-09
3.445764861238210007e-09
3.515428803272246844e-09
3.659599044820106253e-09
3.865387894974413503e-09
4.101609716714714325e-09
4.332084650405536079e-09
4.526370972049437506e-09
4.664246737770070636e-09
4.736027111043214113e-09
4.740387923858624515e-09
4.680780366320341469e-09
4.562367523863807738e-09
4.391844030454339670e-09
4.178674662239641224e-09
3.938669211759485958e-09
3.695332938743708861e-09
3.474362586727312167e-09
3.282013740105491620e-09
3.076205807595844856e-09
2.750908781271742535e-09
2.178848039136374362e-09
1.342550628141144006e-09
5.142940526904139772e-10
3.004231839717733511e-10
1.287631287589318989e-09
0.000000000000000000e+00
0.000000000000000000e+00
1.198895973455478758e-07
1.694053040103384191e-09
2.728967222873647740e-09
3.041938273446952786e-07
2.589701265842162519e-09
2.083702755608103606e-09
1.354051357715932595e-09
5.739201216316629096e-10
3.020275110372531717e-10
1.762880061989849215e-09
2.660678519750794451e-09
3.112650558617030956e-09
3.283646732288067229e-09
3.326790764923761081e-09
3.355954821821246716e-09
3.437848834117100040e-09
3.594461829050045619e-09
3.813430808292914927e-09
4.062552931889477202e-09
4.304666652321139059e-09
4.508358095463200281e-09
4.653009393113550234e-09
4.729377459035400613e-09
4.736508761487566119e-09
4.678188195992167862e-09
4.560567729146291829e-09
4.390325221006308107e-09
4.177089972660776333e-09
3.937070896438895035e-09
3.693833943157994454e-09
3.472942793458935165e-09
3.280844052398307681e-09
3.075027607207971558e-09
2.749818012218411909e-09
2.177623063741048146e-09
1.341289763296987025e-09
5.129425769789070716e-10
2.989755935241111164e-10
1.286552758094913465e-09
0.000000000000000000e+00
0.000000000000000000e+00
2.088107182617823555e-09
4.329406042451607808e-09
1.848316001393312050e-02
3.774925128352984213e-03
2.608798407551994626e-09
2.130637845129383674e-09
1.435796623015564247e-09
6.820928322754862475e-10
1.436630818026829409e-11
1.438819911228298703e-09
2.386319083590968183e-09
2.890175709795343273e-09
3.102936652896662641e-09
3.175596542608193082e-09
3.226157779517843027e-09
3.326268918862268157e-09
3.501131151979381002e-09
3.739107554280811013e-09
4.006679199987181405e-09
4.265436569472537869e-09
4.482561957151252341e-09
4.637014249030041403e-09
4.719939290182768947e-09
4.730943677626558319e-09
4.674857385359673804e-09
4.558047792853915255e-09
4.388145237190818004e-09
4.175050374329812567e-09
3.934896319704362210e-09
3.691838790277810810e-09
3.471090924247901475e-09
3.278996714248499275e-09
3.073421506900490787e-09
2.748455096525249505e-09
2.176171887898870136e-09
1.339621955971137020e-09
5.109106267707570551e-10
2.970345783652956251e-10
1.284990279372443021e-09
0.000000000000000000e+00
0.000000000000000000e+00
1.875431497352096909e-09
2.375777413367798119e-09
2.632092059050408890e-09
2.730835400173121699e-09
2.601752643016747350e-09
2.189810133605729786e-09
1.554079298661622449e-09
8.368456509493380447e-10
1.790503249011385963e-10
9.856031148189768052e-10
2.001047553602459948e-09
2.578299991703134933e-09
2.849121217403297909e-09
2.962446641989551937e-09
3.042298828185402401e-09
3.167757006706823113e-09
3.368296482229593868e-09
3.633069357494059012e-09
3.927111454575943446e-09
4.209331924314918444e-09
4.445729630463130068e-09
4.614249826621105060e-09
4.706485962729272653e-09
4.723106445430715037e-09
4.669960598543397452e-09
4.554602786611267873e-09
4.385143015587443722e-09
4.172239313872465978e-09
3.932136063778576191e-09
3.689114943810835946e-09
3.468568178138453922e-09
3.276677415510102911e-09
3.071397773707442277e-09
2.746357881425242207e-09
2.174109421358804994e-09
1.337278062670237245e-09
5.082980978937212686e-10
2.945052729724554585e-10
1.282956779970626621e-09
0.000000000000000000e+00
0.000000000000000000e+00
1.466784476884233016e-09
2.041504445815664896e-09
2.414470455562981087e-09
2.629438744904405284e-09
2.606769118298051378e-09
2.289814842744281726e-09
1.727348286414418616e-09
1.049271289803322294e-09
3.960475441648088312e-10
3.987862777422089136e-10
1.505533541487385225e-09
2.172219682347921969e-09
2.512700414110988987e-09
2.674357270459053698e-09
2.789931225556143800e-09
2.947885810285262736e-09
3.182688064935665884e-09
3.484242086147100612e-09
3.814973289403522215e-09
4.130424867581324585e-09
4.393645442802098288e-09
4.581909066539421814e-09
4.687391271902284164e-09
4.711959330797460059e-09
4.663105266003549105e-09
4.549717852148170285e-09
4.380973265206948994e-09
4.168208927454579566e-09
3.928260052337125051e-09
3.685388541310451309e-09
3.465053527168875868e-09
3.273536721793042313e-09
3.068487872357131229e-09
2.743725153902629962e-09
2.171283285134973982e-09
1.334184904311613129e-09
5.048851073994803631e-10
2.908996620315308555e-10
1.280246197079506941e-09
0.000000000000000000e+00
0.000000000000000000e+00
9.690088547571928293e-10
1.642181566255027430e-09
2.174261925003546216e-09
2.542795094822375077e-09
2.649705498545855522e-09
2.436419342516672721e-09
1.945459644765356148e-09
1.301351179190272219e-09
6.458444503512202542e-10
8.939159415813632173e-11
9.345229077577171891e-10
1.689087279208525556e-09
2.097556911767687895e-09
2.305933237460797963e-09
2.458326177135697778e-09
2.653516553369850984e-09
2.931669237422423729e-09
3.281476413774908682e-09
3.661406243221429951e-09
4.021617146152363524e-09
4.321370055945926397e-09
4.536994482623681003e-09
4.660674568024884277e-09
4.696317756314185472e-09
4.653526354385014534e-09
4.542788404281578763e-09
4.375166072466349805e-09
4.162783377555322018e-09
3.922995064672565142e-09
3.680401030857140335e-09
3.460518821973693137e-09
3.269408904763043946e-09
3.064640711782406650e-09
2.740125335394426320e-09
2.167590777034588232e-09
1.330168814952461065e-09
5.001970154422915392e-10
2.861686693911190980e-10
1.276672911424070042e-09
0.000000000000000000e+00
0.000000000000000000e+00
4.915726252647214726e-10
1.272657185979037117e-09
1.972636862816773734e-09
2.498858493030193250e-09
2.729870532401422248e-09
2.606184284011194242e-09
2.172752353809971457e-09
1.552468123787439805e-09
8.923376227468452209e-10
3.134268355516629182e-10
3.458875452325041385e-10
1.165653499100210591e-09
1.620482969266148281e-09
1.861230962014374142e-09
2.044151256769712931e-09
2.278095039567239424e-09
2.607007830401511533e-09
3.016739919852835596e-09
3.458764922762884321e-09
3.876582460707409477e-09
4.224269864884748151e-09
4.475751327566917202e-09
4.624019270851939553e-09
4.674784169649713854e-09
4.640055641598516832e-09
4.533273214371640470e-09
4.367253699694551286e-09
4.155348392154950450e-09
3.915766707765573448e-09
3.673547926172242889e-09
3.454001559765022995e-09
3.263707125456933750e-09
3.059456699134606003e-09
2.735082265254609592e-09
2.162592011944615318e-09
1.324401520906545744e-09
4.938200557897617469e-10
2.799000773359730511e-10
1.271706941608120136e-09
0.000000000000000000e+00
0.000000000000000000e+00
1.117447815097404564e-10
9.939472217507652878e-10
1.844027696287556730e-09
2.503238763090367024e-09
2.828585993834440577e-09
1.257204355184369484e-09
2.365941375278123583e-09
1.757859775431123121e-09
1.095286789263058402e-09
5.057865111845659937e-10
6.289764872109187812e-11
6.461816056328459538e-10
1.108289973152498820e-09
1.356585301609610255e-09
1.556649211917133544e-09
1.826005809639171753e-09
2.209850565344434811e-09
2.688573630259879253e-09
3.204699841347207575e-09
3.692133220925453827e-09
4.098928219464302905e-09
4.395614448419652885e-09
4.575064419448855308e-09
4.645214360721962322e-09
4.621381156187375062e-09
4.519971382196330377e-09
4.355993542234392699e-09
4.144852100211596998e-09
3.905705566418480480e-09
3.663997330922885058e-09
3.445432667568325433e-09
3.255722639849901229e-09
3.052440562398362075e-09
2.728591958715980386e-09
2.155821205729802013e-09
1.316942724021880891e-09
4.854595630846436694e-10
2.714795178255739966e-10
1.265206922928108886e-09
0.000000000000000000e+00
0.000000000000000000e+00
3.916925500628681616e-10
8.323443900080154376e-10
1.795224587181393132e-09
2.545579824593048809e-09
2.921978659311561670e-09
2.695451178295744304e-07
2.491785900817112657e-09
1.888023798809984296e-09
1.228703780539886715e-09
6.452425102457950139e-10
2.119887056694307348e-10
1.674551204657826466e-10
5.945415820208813392e-10
8.210697355234025621e-10
1.021471989236688859e-09
1.318624700330696874e-09
1.756110288991648529e-09
2.307109434138994291e-09
2.903665314287186288e-09
3.469507632716456929e-09
3.944369769916971443e-09
4.294344353644727373e-09
4.511733602726868305e-09
4.606169523046688961e-09
4.596109673481792769e-09
4.501367617268579600e-09
4.340226662825512099e-09
4.130093015925225548e-09
3.891687403257665376e-09
3.650892507711041740e-09
3.433417230691750245e-09
3.245123131569840472e-09
3.042931688125410868e-09
2.719707696647225633e-09
2.146896576811716459e-09
1.306830201779718365e-09
4.741928134491983974e-10
2.601280109202712982e-10
1.256479784997262406e-09
0.000000000000000000e+00
0.000000000000000000e+00
6.798986543682180645e-10
7.883257914651288413e-10
1.815327329945782316e-09
2.603155537089117426e-09
2.988916535260320796e-09
5.525028427369370906e-08
2.537380631340642115e-09
1.933094095491567106e-09
1.286662020381243702e-09
7.258632988724630048e-10
3.209045274812908848e-10
7.919420865942198592e-11
1.155909663581112512e-10
2.965813989415934085e-10
4.814949298852629134e-10
7.947575763380936873e-10
1.277041805763715639e-09
1.894822283041155269e-09
2.570123351963230926e-09
3.215981009088568607e-09
3.763095028784683445e-09
4.171923885706032609e-09
4.432495730019403124e-09
4.555377234231192518e-09
4.561724869061331387e-09
4.475353439611085193e-09
4.317884894413118636e-09
4.109239352314749933e-09
3.871768118519473325e-09
3.632335610366472421e-09
3.416565304207195352e-09
3.230354585872584732e-09
3.030030474183765754e-09
2.707793014013329559e-09
2.134850924421090421e-09
1.293489429377941352e-09
4.591009992666848500e-10
2.451072346482460787e-10
1.244809982729445054e-09
0.000000000000000000e+00
0.000000000000000000e+00
5.206360200488231219e-10
8.539422399287673422e-10
1.884923930717350541e-09
2.658446993632456632e-09
2.433738902926130546e-07
6.207262711119059667e-02
2.501929086980049758e-09
1.898705031605696473e-09
1.275733460318802238e-09
7.526900229700779121e-10
3.886886065867054702e-10
1.843896365924385348e-10
9.528455187936546286e-11
5.528697898362418726e-11
3.666150896136835307e-12
3.059684179821697945e-10
8.163630708075238937e-10
1.484207709853100292e-09
2.225237220021675940e-09
2.943534465022429007e-09
3.560518909663417653e-09
4.029475256404470049e-09
4.335994131689896107e-09
4.490180418193000902e-09
4.515160817359799835e-09
4.438470402704417383e-09
4.284917092350220493e-09
4.078496199119526992e-09
3.842928673100244971e-09
3.605858531559642905e-09
3.393123480598690328e-09
3.209939756510273420e-09
3.012194842632155472e-09
2.691561518817452161e-09
2.118650490545775247e-09
1.275633007124431129e-09
4.391388468899052155e-10
2.251191732954626088e-10
1.229327824714246800e-09
0.000000000000000000e+00
0.000000000000000000e+00
3.021334887415821453e-11
1.020698564480579295e-09
1.986608977138202442e-09
2.688433470965394986e-09
2.971873499228729223e-09
8.251936926740346956e-02
2.389489201234838317e-09
1.796618241419215659e-09
1.208667731098320641e-09
7.327199728386722071e-10
4.160592041085171929e-10
2.508815042032539472e-10
1.907866376555246719e-10
1.706743851280971978e-10
1.316698301378833710e-10
3.288324599306685016e-11
4.188650689198255066e-10
1.110374724302014886e-09
1.893291789245685827e-09
2.666604876657585758e-09
3.343272453031777553e-09
3.867957543082132194e-09
4.219803053711590001e-09
4.405994360028890509e-09
4.450890246907913877e-09
4.384516685950061695e-09
4.236182452496775301e-09
4.032711297040370335e-09
3.800261724309021704e-09
3.567166193949807260e-09
3.359190206004920055e-09
3.181096874997719817e-09
2.987591931744088126e-09
2.669674923726492026e-09
2.096913733880481084e-09
1.251837748540270235e-09
4.126282871954490277e-10
1.986451092450275131e-10
1.208902635267335142e-09
0.000000000000000000e+00
0.000000000000000000e+00
3.794155383045087739e-10
1.280412711337424494e-09
2.111472345591792671e-09
2.679828094534998073e-09
2.862343291552879644e-09
1.058350032350590862e-07
1.276058317911366147e-07
1.638149122925816804e-09
1.097655647570421412e-09
6.754038386631921797e-10
4.056315162904513878e-10
2.754480084251518644e-10
2.387140733810101057e-10
2.353546120263450499e-10
2.102723290949667272e-10
1.237902047567694039e-10
1.196168148777261097e-10
7.997906234391291871e-10
1.593308886058555694e-09
2.396235013413256046e-09
3.115534516782248565e-09
3.685940689779968473e-09
4.078308005547581010e-09
4.294904670969077290e-09
4.359281306677186227e-09
4.303818973883889145e-09
4.161608877922719566e-09
3.962710022586082934e-09
3.735601691887317707e-09
3.509600510594008692e-09
3.309884102785153739e-09
3.140021828393596394e-09
2.953315696922045810e-09
2.639586602391988094e-09
2.067644152870865339e-09
1.220064344026380960e-09
3.775022964897243936e-10
1.635689339357787075e-10
1.181755106750390765e-09
0.000000000000000000e+00
0.000000000000000000e+00
8.387535611000769692e-10
1.605372387350656827e-09
2.241354183277764314e-09
2.631464589435651379e-09
2.687476214225351665e-09
1.473103370502277188e-08
1.537803125218414319e-09
1.438142359610543439e-09
9.560930368824105045e-10
5.911843092421882925e-10
3.647188659742316306e-10
2.613805983730253974e-10
2.397525995603856361e-10
2.482773550241412138e-10
2.372192455801497204e-10
1.689224224311871899e-10
2.568492696455356226e-11
5.621383431820900245e-10
1.330452701312421845e-09
2.134107548027259677e-09
2.873774088534200711e-09
3.475361499560681010e-09
3.899801015963198251e-09
4.142578147511540253e-09
4.224796002010293007e-09
4.180428280521445143e-09
4.045591438783259598e-09
3.853999642916344547e-09
3.636644729457112001e-09
3.422978001448592898e-09
3.237011677933135188e-09
3.080444527377936183e-09
2.904950806301451804e-09
2.598282027044508065e-09
2.028199030465960049e-09
1.177840977936242233e-09
3.308387656903991600e-10
1.172379928437821837e-10
1.146096644685259894e-09
0.000000000000000000e+00
0.000000000000000000e+00
1.334128310556749568e-09
1.942332696408113654e-09
2.354815596572108725e-09
2.539959333795441828e-09
2.463354431267525108e-09
2.150767100517449361e-09
1.698404454756574540e-09
1.219663723389109239e-09
8.039156579971258208e-10
4.970296162130148014e-10
3.088011108337778338e-10
2.235157502443306543e-10
2.080154844235148451e-10
2.221477848827898361e-10
2.234694021597442238e-10
1.767300360085562930e-10
6.083084843389663056e-11
3.812891632741021133e-10
1.091820559998188963e-09
1.865767960005134177e-09
2.601791051293867116e-09
3.217121739588744047e-09
3.662465113198661108e-09
3.925405407004695889e-09
4.023133022505624947e-09
3.989930582192865102e-09
3.865221181379690010e-09
3.685979816750045577e-09
3.485128949186727205e-09
3.292049273964971437e-09
3.128881903592758736e-09
2.994040594031101424e-09
2.836315353943742957e-09
2.541001408677774630e-09
1.974800554705187387e-09
1.121454941531955423e-09
2.692383428672965248e-10
5.627906851095280872e-11
1.099147879282274967e-09
0.000000000000000000e+00
0.000000000000000000e+00
1.753494142664721343e-09
2.208506982553778327e-09
2.405786294773906682e-09
2.403856219259705740e-09
2.207840595053473051e-09
1.855217894841928640e-09
1.426883654769470125e-09
1.010713756605965571e-09
6.661958318450917754e-10
4.172012168063901470e-10
2.622006907112401934e-10
1.869706464425746113e-10
1.691806384796690326e-10
2.158593880384513307e-07
1.928941704150223455e-10
1.675203998925963152e-10
8.246240781368263297e-11
2.161016259824339962e-10
8.420875963318971399e-10
1.558939521624435410e-09
2.268196639748898994e-09
2.879188269793210025e-09
3.333669193370380532e-09
3.610160718984820438e-09
3.721138145381846984e-09
3.700565084625498627e-09
3.590179085894564463e-09
3.430577373116190399e-09
3.256651983698501172e-09
3.096648269160954722e-09
2.969408909750150809e-09
2.868647347325994738e-09
2.738516391671354428e-09
2.461698983552868834e-09
1.902514580648873985e-09
1.046544302632700319e-09
1.880731773637470602e-10
2.217126953663332720e-11
1.037867757453258136e-09
0.000000000000000000e+00
0.000000000000000000e+00
1.981027928443695882e-09
2.310233172734985894e-09
1.887532977320623487e-02
1.246269674098279519e-03
1.929484609041664423e-09
1.564944577567567159e-09
1.178722389904959363e-09
8.343553515916719650e-10
5.645827032309494410e-10
3.726219621913543116e-10
2.472367342283525711e-10
3.562551528154695399e-08
1.159597460427853367e-02
1.017847951630418135e-01
1.720153626964558988e-10
1.664732762164377775e-10
1.138188905907558175e-10
8.517772810498550854e-12
5.298870888171823683e-10
1.167412732501770091e-09
1.828734529189786587e-09
2.419939079361768384e-09
2.872949118734226202e-09
3.157661565275898105e-09
3.280719913006497570e-09
3.274974582041058696e-09
3.185051025629491677e-09
3.054982572782389705e-09
2.921572165684787985e-09
2.811550667280330816e-09
2.738127104944758151e-09
2.688525508372430820e-09
2.600583670012276332e-09
2.351825669038760376e-09
1.804786444736070772e-09
9.470760986143678342e-10
8.150696715376253478e-11
5.700979268587660706e-11
9.581829328713671593e-10
0.000000000000000000e+00
0.000000000000000000e+00
2.176079362777503999e-08
8.831682392481385444e-08
2.100653965755430678e-08
6.211013707496144866e-08
1.620544618253180428e-09
1.280548900538558219e-09
9.576100753458342755e-10
6.956536911723977920e-10
5.051298521936048632e-10
3.709743708598488073e-10
2.739058629852337247e-10
3.409486594970265970e-09
1.731712449723959157e-01
3.598454740301142739e-07
1.818155691635082423e-10
1.946033966933531561e-10
1.753433590728161075e-10
1.009905337438896083e-10
1.019685767937070977e-10
6.421147377263869560e-10
1.238826871937816858e-09
1.797743815631613582e-09
2.241699222582477376e-09
2.531278552657543459e-09
2.666641743166576531e-09
2.679017083574153065e-09
2.616234923302159773e-09
2.526946220723879775e-09
2.449930194318040639e-09
2.409583500161467874e-09
2.412336332475073238e-09
2.435680717160872441e-09
2.408266204921045970e-09
2.201009632412872858e-09
1.673247282224870659e-09
8.155160320096271178e-10
3.232407025089105462e-11
1.028108640484994600e-10
8.555667684347480035e-10
0.000000000000000000e+00
0.000000000000000000e+00
1.603435058283726285e-09
1.803438884123951651e-09
1.729729513933248436e-09
1.528275754537760753e-09
1.263302672389621675e-09
9.847787631859432489e-10
7.462016859167800176e-10
5.771531015121589239e-10
4.701544083611310141e-10
3.952026133098114178e-10
3.292743040864939797e-10
2.913365168942321920e-07
2.261429435080946015e-09
2.098640778841038809e-10
2.286869401336102759e-10
2.614183776970276728e-10
2.776209039113562996e-10
2.486146325150828019e-10
1.590031098725892077e-10
1.587379375104813487e-11
4.713867906271769566e-10
9.879739705664474470e-10
1.418043568290136793e-09
1.710796297304591634e-09
1.858847136663727395e-09
1.891960871887893024e-09
1.862116961479609270e-09
1.823127914975199685e-09
1.817859628740390842e-09
1.867812627291623231e-09
1.970715200554298810e-09
2.091554036106452259e-09
2.146587177686659527e-09
1.996814238311453594e-09
1.497628146604930189e-09
6.428449657354334776e-10
9.344956293501742538e-11
1.607061775805953222e-10
7.250616438314952642e-10
0.000000000000000000e+00
0.000000000000000000e+00
1.053825813683722731e-09
1.230731482892168692e-09
1.186975916031714120e-09
1.040058174547572801e-09
8.471802779823668692e-10
6.565876619964066358e-10
5.163417202526712184e-10
4.442539205481664189e-10
4.202932309914219958e-10
4.069348618834327122e-10
3.759789395589499459e-10
3.271769666718007521e-10
2.825768943681180153e-10
2.692615786285702846e-10
2.981055892838601313e-10
3.573664082906404259e-10
4.158044964405873736e-10
4.372692657720926730e-10
3.988505122705457652e-10
2.982919160717524437e-10
1.546409559394917168e-10
1.049073594643883708e-12
4.107378782994155466e-10
7.035808494230108408e-10
8.633904395291762908e-10
9.178558928072699141e-10
9.228162294579717901e-10
9.401703640721340778e-10
1.017113321872660930e-09
1.173625422324435297e-09
1.397890999927253732e-09
1.640230510707963650e-09
1.800614180495845206e-09
1.726591392282882336e-09
1.266515786916186871e-09
4.186031285608798732e-10
1.708165856424215744e-10
2.350465256333532305e-10
5.614534829269197155e-10
0.000000000000000000e+00
0.000000000000000000e+00
3.990603657816846839e-10
5.613740276724075985e-10
5.636671529050259477e-10
4.894022407506296337e-10
3.826224375950641658e-10
2.879537482026138490e-10
2.443702360555408991e-10
2.628349590715699269e-10
3.157396375276482801e-10
3.596999536125365248e-10
3.655907894183483373e-10
3.377686159330312407e-10
3.061391181809993289e-10
3.067946415284975502e-10
3.593661640243672976e-10
4.560584495362013267e-10
5.649746421541127884e-10
6.444610708820839766e-10
6.627208850621132771e-10
6.108349625624126165e-10
5.028822334026496690e-10
3.685205697660421908e-10
2.417217092668949341e-10
1.467158850401791168e-10
9.176046092971663746e-11
6.759887692644913791e-11
5.543759319953673169e-11
3.098476327082930043e-11
6.148867047832373593e-11
3.319633355160004644e-10
6.911067757007993166e-10
1.073516123670351043e-09
1.359469425805297429e-09
1.378368460483774547e-09
9.681117587792386446e-10
1.315017096411795482e-10
2.688622525323428597e-10
3.267007850963744005e-10
3.600847562779548043e-10
0.000000000000000000e+00
0.000000000000000000e+00
7.116709396920607522e-10
2.757469186358418419e-10
1.432034555217432841e-10
1.668275222226907323e-10
2.574220336463601249e-10
3.011845845532089818e-10
1.971681672718115083e-10
1.694909843006586010e-11
1.287784907386660711e-10
2.183896386539434976e-10
2.594414967510259407e-10
2.595402216164295791e-10
2.540170028020074710e-10
2.839304819247302114e-10
3.747626248854958338e-10
5.203493366700974079e-10
6.872275109757972438e-10
8.300281266499551430e-10
9.111885105998729462e-10
9.143435194964638663e-10
8.496113069798937585e-10
7.450865196915216700e-10
6.360255632377688577e-10
5.496415158919146334e-10
4.974073848948219953e-10
4.724796814144302789e-10
4.532008068837794212e-10
4.150382109621609624e-10
3.360653542993308683e-10
2.100287098238494741e-10
4.399879332012818778e-11
3.936805980905143684e-10
8.182537814854877821e-10
9.429631243687720455e-10
5.911635188130085584e-10
8.766538118990187167e-11
3.901027462181177024e-10
4.379623480901943173e-10
1.165921503508945348e-10
0.000000000000000000e+00
0.000000000000000000e+00
2.308363468913852328e-09
1.958305283676338159e-09
1.775823148451238664e-09
1.682901898327339508e-09
1.617627850250963975e-09
1.491054907578248110e-09
1.229124572642001931e-09
8.381770758368454869e-10
4.104028486173540383e-10
6.365458223398024032e-11
4.558077361497281557e-11
7.602289158734234163e-11
1.051902602770488649e-10
1.758832020941931675e-10
3.137628866317007048e-10
5.136813851250078721e-10
7.423911438520206416e-10
9.516682784632566950e-10
5.615107641483047046e-08
1.167159963381867300e-09
1.157739869370935571e-09
1.097030650712736127e-09
1.019364447719732769e-09
9.527325978583535816e-10
9.111756640677778663e-10
8.896488502304915711e-10
8.678523705920972962e-10
8.195764287681485658e-10
7.211685649265207397e-10
5.634154124996087332e-10
3.553948736802451231e-10
1.292191935005386340e-10
1.781364383161618365e-10
4.143552837971145638e-10
1.255363471891755128e-10
2.374180298714000455e-10
5.368552935618634504e-10
5.710150288766181559e-10
7.207904202189760434e-11
0.000000000000000000e+00
0.000000000000000000e+00
3.477260068928697447e-09
3.224020105526144515e-09
3.048192286518092878e-09
2.911755668056563789e-09
2.773034875820457072e-09
2.566450999291810841e-09
2.242849468334399335e-09
1.818487399494155679e-09
1.374996091560313336e-09
1.006076169032057239e-09
7.566232843978236519e-10
5.875441105927365616e-10
3.935184095829059133e-10
5.638527288644583158e-11
1.637932811969203335e-10
4.142393816073596723e-10
6.975945947420441022e-10
9.681413797001983898e-10
1.183262232202956624e-09
7.815254219399537821e-08
1.371913954401078854e-09
1.367550684088953767e-09
1.334057052274616334e-09
1.298761446901582448e-09
1.276886090706696459e-09
1.267428032341391333e-09
1.252312687785016474e-09
1.204533424343528199e-09
1.099582108956849697e-09
9.235246918250883439e-10
6.841783493678672320e-10
4.161555885427243151e-10
1.837551961066256099e-10
7.222079108004043384e-11
1.521099040639974145e-10
4.185158948187569034e-10
7.126597516197112711e-10
7.262563405159577991e-10
1.884304564840034038e-10
0.000000000000000000e+00
0.000000000000000000e+00
4.233886108364711893e-09
4.069972329959691485e-09
3.933162068675654485e-09
3.805253441703821546e-09
3.657905967313751510e-09
3.445982703166923177e-09
3.140216714367217673e-09
2.759174265597293442e-09
2.366179529058327630e-09
2.028645647084443401e-09
1.771066350968559056e-09
1.550631587968569837e-09
1.273773700521934193e-09
8.392526938379967170e-10
1.888732162570715379e-10
2.203622313883808954e-10
5.436205678865180553e-10
8.618135604268248676e-10
1.133992851644883192e-09
1.335332334281802645e-09
9.636124246209207736e-08
1.352536587395025969e-01
1.547827379085699828e-09
1.556361324021028642e-09
1.565676968753226501e-09
1.578396917616774967e-09
1.580262816152279662e-09
1.546475617455653801e-09
1.449555046400793619e-09
1.271337272222818679e-09
1.015894737753768625e-09
7.196092212094633726e-10
4.539037069837182472e-10
3.138549271121232089e-10
3.774829605242756810e-10
6.357290691547157426e-10
9.183605616359285738e-10
9.070486782525694775e-10
3.316810760254592358e-10
0.000000000000000000e+00
0.000000000000000000e+00
4.669096848210533468e-09
4.574885328442295438e-09
4.484272451023636649e-09
4.389058122652919226e-09
4.269398477810882238e-09
4.096765439032028349e-09
3.855258464973469701e-09
3.560632355449260178e-09
3.255608532952331225e-09
2.982103260837181966e-09
2.747669397988888701e-09
2.510908116800602152e-09
2.193457169580822916e-09
1.713898934667231193e-09
1.024846400449472907e-09
1.392147168881578454e-10
2.903659626305184057e-10
6.348444319601278536e-10
9.488168173854722699e-10
1.209153160083621054e-09
1.402963770826951612e-09
1.537678037110816488e-09
3.173848341428291836e-02
6.327636608465204906e-07
1.742210212123836711e-09
1.789198432988544638e-09
2.373771416027274734e-07
1.816971407387818692e-09
1.745710241230518839e-09
1.585033544016160921e-09
1.334605788498723920e-09
1.029973457733809483e-09
7.482394885820194859e-10
5.921906945334654749e-10
6.452182417956974286e-10
8.928961871654575676e-10
1.156929968242197488e-09
1.117586304563112199e-09
5.155202961428653720e-10
0.000000000000000000e+00
0.000000000000000000e+00
4.892207578763864992e-09
4.843783152907197161e-09
4.792044069695263832e-09
4.732043520480653244e-09
4.650990668512087129e-09
4.532309757985298016e-09
4.367707439437571133e-09
4.168001391749403728e-09
3.958363366901698532e-09
3.759391322600284719e-09
3.568118541765804363e-09
3.346898798112736274e-09
3.034113422428286620e-09
2.567141336576605151e-09
1.909054589417284050e-09
1.065863038476301440e-09
8.796470567854659083e-11
3.136832614516082363e-10
6.472785714796961465e-10
9.456481722247728290e-10
1.197692640641375168e-09
1.397514718472729700e-09
1.552617113800914260e-09
1.439326665663593441e-07
4.055378206305925740e-08
1.872111443064269346e-09
7.904081946126564895e-02
1.989338844923326770e-09
1.963256636670054189e-09
1.843382339943975242e-09
1.624159694673469305e-09
1.339067347217385504e-09
1.066900024265004236e-09
9.131685584951671361e-10
9.609036440198357086e-10
1.192820708209986408e-09
1.429389546055073734e-09
1.363007138661349946e-09
7.632148792717944620e-10
0.000000000000000000e+00
0.000000000000000000e+00
4.994024020220213477e-09
4.972048517280519694e-09
4.946203766513335473e-09
4.913165374296713751e-09
4.866135656784358956e-09
4.795601216046335083e-09
4.697627144416187132e-09
4.578293339477303647e-09
4.449272529934986273e-09
4.318493592598844022e-09
4.176421597113798130e-09
3.992608115848876224e-09
3.720514801829166292e-09
3.313240283485785044e-09
2.740293135102693916e-09
2.000937614514539014e-09
1.123853642964683644e-09
1.628406436211146123e-10
2.716308030072423813e-10
5.859614956193416112e-10
8.730182788916418169e-10
1.122280112085894371e-09
1.332915782001427602e-09
1.512512036036918098e-09
1.671214892267889904e-09
1.816693084097400007e-09
1.947156677292679029e-09
4.876875403955604343e-02
2.081751175319437440e-09
2.025829154510729577e-09
1.867972037735030695e-09
1.636972704195163746e-09
1.405872926328426346e-09
1.276040839078174715e-09
1.323561862054234955e-09
1.529413496490946476e-09
1.727048804215604373e-09
1.646607711656369514e-09
1.096254458794509398e-09
0.000000000000000000e+00
0.000000000000000000e+00
5.035400845225906896e-09
5.026448815102548416e-09
5.015074260951625061e-09
4.999423088906960232e-09
4.975485535823614858e-09
4.938954785073318296e-09
4.887771486563487850e-09
4.824468427804611187e-09
4.753287744747281865e-09
4.674505347286046867e-09
4.577715500352412028e-09
4.439108257068342549e-09
4.224980837254192612e-09
3.899824981883578077e-09
3.437439877198175023e-09
2.828809678448879701e-09
2.086106314462686397e-09
1.237748900507524990e-09
3.275453126325546343e-10
1.979893631076116548e-10
4.962744119177465783e-10
7.725043407080749465e-10
1.021114014740593679e-09
1.243641405517754278e-09
1.447429571080459369e-09
1.640628503220344496e-09
1.822579843159426935e-09
1.980764218778325656e-09
1.933620325380164203e-07
4.612470344543415826e-08
2.047066087864480839e-09
1.905459606657114860e-09
1.748906474492605370e-09
1.661542270016275205e-09
1.708680065652550085e-09
1.874397218893451629e-09
8.182880858328842335e-08
1.948650041434722914e-09
1.518035638957348431e-09
0.000000000000000000e+00
0.000000000000000000e+00
5.050116073188648911e-09
5.046999162489223890e-09
5.042626443851207607e-09
5.036008408459292992e-09
5.025432299020673570e-09
5.008720465694623628e-09
4.985458824149748395e-09
4.955467916791285640e-09
4.919962492183344224e-09
4.875496617292813843e-09
4.813129607486927303e-09
4.714458573033514820e-09
4.554056321441481367e-09
4.303469019167092823e-09
3.937279337739882657e-09
3.439737423500981185e-09
2.809558676056903926e-09
2.061985753237599104e-09
1.225887416212740204e-09
3.435365502322861413e-10
1.783835328457400693e-10
4.608880253600163397e-10
7.225077067906204462e-10
9.625068119007732372e-10
1.188254490119568596e-09
1.406546713424263134e-09
1.620780546266603468e-09
1.822983475391900511e-09
1.992135340702577053e-09
2.103537388132347475e-09
2.140848235362341298e-09
2.110471927493446462e-09
2.048840437592753896e-09
2.014524909527426279e-09
2.055208365157542788e-09
2.163032330592340276e-09
5.914457448580455994e-10
2.761471181242896217e-09
1.979910482835947897e-09
0.000000000000000000e+00
0.000000000000000000e+00
5.054883851219930733e-09
5.053916155400578540e-09
5.052396128040542691e-09
5.049853535420042749e-09
5.045878506805679247e-09
5.039411280066383299e-09
5.029906025255169119e-09
5.017061680618211298e-09
4.999954255834079628e-09
4.974884433999256729e-09
4.933080157570394329e-09
4.859016629298778852e-09
4.729821222564174457e-09
4.517551093279051144e-09
4.193448428018646902e-09
3.734979280735932208e-09
3.133558644958723424e-09
2.400878960825151957e-09
1.570544743653255436e-09
6.919998231064646034e-10
5.840679115158454123e-11
3.315750104496500645e-10
5.793552567320249132e-10
8.026932112759519193e-10
1.010233258504524227e-09
1.213322553846427371e-09
1.421171334863274299e-09
1.630776346192485058e-09
1.831682796344216026e-09
2.003891544566470041e-09
2.130656876193595153e-09
2.202717722978167219e-09
2.231295264397277161e-09
2.240318270821971774e-09
2.258322572222568324e-09
2.294578272040751865e-09
1.826846005510232920e-02
2.256007224206089262e-02
2.358748767349737355e-09
0.000000000000000000e+00
0.000000000000000000e+00
5.056113571840532498e-09
5.055837081870522137e-09
5.055313589483034096e-09
5.054727616421879841e-09
5.053272550356166446e-09
5.051011540188065043e-09
5.047465158364475013e-09
5.042204618627725691e-09
5.033022035464777198e-09
5.015780623693804901e-09
4.980611464898655528e-09
4.910702372626996606e-09
4.779105093871331720e-09
4.550822578980938841e-09
4.187542821743907193e-09
3.658034651081546370e-09
2.952105720128095964e-09
2.092003949251209051e-09
1.134944995287887837e-09
1.637494779198591742e-10
2.448173268465325112e-10
5.034197918459286035e-10
7.100796986894388189e-10
8.752332535735686092e-10
1.016644200519601579e-09
1.155005556131845372e-09
1.305042653282795188e-09
1.473085730301301914e-09
1.655199788474911106e-09
1.837646153217213290e-09
2.003039911184004362e-09
2.224400688368052962e-07
3.327955942160427617e-08
2.230986036169903650e-09
2.206356721916049416e-09
2.162167438176728453e-09
2.145034375991680505e-09
2.234425809334617006e-09
8.146940368429279357e-04
0.000000000000000000e+00
0.000000000000000000e+00
5.056460660344999843e-09
5.056458059648709807e-09
5.056211329458617513e-09
5.056036525104522930e-09
5.055711247744219423e-09
5.054823094249155294e-09
5.053565326558391846e-09
5.050485012515189375e-09
5.043571999837613282e-09
5.026854660095716319e-09
4.987748246387169279e-09
4.903493126876739379e-09
4.738284975368927757e-09
4.443120163385116453e-09
3.964539873336243247e-09
3.260424118164711986e-09
2.322936434153774159e-09
1.196638991560474948e-09
4.430046045380261945e-12
3.942772859738795020e-10
7.229732503750073335e-10
9.612094241269682031e-10
1.106674436127354605e-09
1.178682651526836780e-09
1.213441428700706529e-09
1.245051145862903017e-09
1.296393335165485108e-09
1.379146618933377666e-09
1.490725401195124675e-09
1.623075541537022893e-09
1.757287201172833515e-09
5.828798897819341407e-02
1.235111958156781360e-07
1.921758027740272747e-09
1.835883120156587063e-09
1.713976716090215628e-09
1.647700650557638648e-09
1.777239661795699396e-09
2.171091854536531001e-09
0.000000000000000000e+00
0.000000000000000000e+00
5.056623357493909028e-09
5.056515266378802681e-09
5.056456481225121660e-09
5.056410917207096502e-09
5.056255717204486904e-09
5.055957736838793472e-09
5.055220473614823187e-09
5.052680472360962266e-09
5.045393156284459475e-09
5.025942719271829014e-09
4.978340012784430396e-09
4.873139253978854299e-09
4.663708262283507273e-09
4.286258580384704668e-09
3.671552925803304773e-09
2.767709947732035508e-09
1.571186188381231545e-09
1.529006300325340201e-10
4.474916647646612694e-10
9.053345254193854411e-10
1.259799944582349680e-09
1.473354797569833279e-09
1.547970694673287311e-09
1.519418732018670427e-09
1.440054117951010918e-09
1.359083430787333671e-09
1.307379687355475408e-09
1.293576340287881213e-09
1.311447490430144715e-09
3.416302051402415191e-02
5.776952399499413887e-02
1.435365238550689683e-09
1.428026077493295319e-09
1.350001826508751644e-09
1.195195544309517472e-09
1.008733396139072802e-09
8.977582839410115550e-10
1.015470828967944519e-09
1.432104460435398367e-09
0.000000000000000000e+00
0.000000000000000000e+00
5.056553358933941986e-09
5.056557083199491575e-09
5.056517367627302617e-09
5.056447602134983258e-09
5.056405732982888272e-09
5.056185196307040793e-09
5.055645212363505618e-09
5.053108515104502110e-09
5.045499883254124272e-09
5.024546748737067860e-09
4.972731478972812107e-09
4.857808857187731178e-09
4.627626801796676292e-09
4.212315794095039358e-09
3.535952339664629606e-09
2.543448771354788296e-09
1.235846354983187165e-09
9.970123074769414043e-11
6.327868320603280139e-10
1.108304969584990459e-09
1.455060588446909753e-09
1.767456985847437320e-08
1.180884209772215324e-02
3.322330187791108247e-08
1.409365546949410936e-09
1.263533598435654419e-09
7.948927474673500638e-11
4.221557817134907765e-08
9.292270463081165673e-08
1.946915198807172070e-08
9.377279355664446297e-10
8.827409312301524019e-10
7.940211584318108444e-10
6.496023047814419675e-10
4.430290257395683498e-10
2.151189971839604305e-10
6.364203598847796721e-11
1.188065437024450874e-10
4.354853788475768388e-10
0.000000000000000000e+00
0.000000000000000000e+00
5.056516416347922741e-09
5.056531921086215099e-09
5.056468890955150242e-09
5.056488440092068778e-09
5.056433477373504970e-09
5.056369157448586180e-09
5.055883559389999644e-09
5.053668930674283693e-09
5.047088377359050544e-09
5.028912144319972439e-09
4.983831848036989889e-09
4.883498815850809580e-09
4.682611688734843905e-09
4.320181731864770660e-09
3.730422470388827485e-09
2.866308560200265386e-09
1.731328380309775083e-09
4.040615005261228633e-10
3.203241126381342551e-10
7.216535475269267127e-10
1.006597159091712449e-09
1.142416531322120328e-09
1.137796126867274150e-09
1.036384183126238033e-09
8.963896934066720164e-10
7.650004183567472466e-10
6.624986276003879567e-10
5.851319466243952678e-10
5.166631397139680585e-10
4.443299464355845346e-10
3.623423452004992383e-10
2.645912029916078042e-10
1.389371917511047092e-10
9.374533297026714806e-11
7.386901761858934966e-10
1.432719441722883811e-09
1.957201350878747713e-09
2.031911108594436556e-09
1.548229425671466303e-09
0.000000000000000000e+00
0.000000000000000000e+00
5.056554708595577569e-09
5.056595381165711503e-09
5.056470868987139634e-09
5.056472686815985163e-09
5.056428689997518704e-09
5.056342428188363000e-09
5.056104895251757727e-09
5.054765515618306637e-09
5.050545047739085193e-09
5.038819908080384276e-09
5.009950834133177739e-09
4.945643122748587314e-09
4.816829680522502720e-09
4.584440161975046152e-09
4.206535785380168460e-09
3.653659804344139903e-09
2.928242609955065954e-09
2.082019863422509425e-09
1.215892238121888360e-09
4.581076327728441117e-10
2.458356784057603508e-11
1.100857869636842983e-10
1.096250294098199590e-10
5.310759725881626428e-11
5.783281918907746885e-11
2.479679183465148228e-10
3.764290826635640669e-10
4.632542879158253480e-10
5.467297065717480732e-10
6.527598454587690090e-10
7.907210931103856647e-10
9.733598510129860483e-10
1.236399246501746441e-09
1.628974604274987309e-09
2.171181111159853345e-09
2.797792255834518044e-09
3.349085833661122377e-09
3.631378941206310739e-09
3.561385131485291568e-09
0.000000000000000000e+00
0.000000000000000000e+00
5.056583005325979030e-09
5.056483993271767832e-09
5.056489118364123768e-09
5.056630700107922210e-09
5.056457315097297805e-09
5.056450987325268386e-09
5.056389891529929558e-09
5.055747206023556907e-09
5.054046909290566917e-09
5.049276125988555450e-09
5.037165851034122806e-09
5.010166019626681324e-09
4.956485826759224179e-09
4.859546797378463271e-09
4.701947525953465365e-09
4.471541767939324632e-09
4.169278672829396069e-09
3.816947816467119819e-09
3.455958296417501448e-09
3.138875225414428601e-09
2.910811934515958554e-09
2.791304600230580200e-09
2.765117336379092763e-09
2.787507740898423907e-09
2.802696870068208656e-09
2.764674195628758493e-09
2.644949264789123109e-09
2.430877673562151096e-09
2.113794153294628199e-09
1.689914189036178726e-09
1.180482608203169204e-09
6.649350127686326359e-10
2.961242407361932000e-10
2.799939736441947255e-02
7.189986827178339534e-10
1.626562415273217467e-09
2.753105710782745644e-09
3.741656402247885826e-09
4.328407478124365780e-09
0.000000000000000000e+00
0.000000000000000000e+00
0.000000000000000000e+00
0.000000000000000000e+00
0.000000000000000000e+00
0.000000000000000000e+00
0.000000000000000000e+00
0.000000000000000000e+00
0.000000000000000000e+00
0.000000000000000000e+00
0.000000000000000000e+00
0.000000000000000000e+00
0.000000000000000000e+00
0.000000000000000000e+00
0.000000000000000000e+00
0.000000000000000000e+00
0.000000000000000000e+00
0.000000000000000000e+00
0.000000000000000000e+00
0.000000000000000000e+00
0.000000000000000000e+00
0.000000000000000000e+00
0.000000000000000000e+00
0.000000000000000000e+00
0.000000000000000000e+00
0.000000000000000000e+00
0.000000000000000000e+00
0.000000000000000000e+00
0.000000000000000000e+00
0.000000000000000000e+00
0.000000000000000000e+00
0.000000000000000000e+00
0.000000000000000000e+00
0.000000000000000000e+00
0.000000000000000000e+00
0.000000000000000000e+00
0.000000000000000000e+00
0.000000000000000000e+00
0.000000000000000000e+00
0.000000000000000000e+00
0.000000000000000000e+00
0.000000000000000000e+00
