#Bayesian Information Criterion from bootstrap run
1.304176986422351092e+03
1.317295008890741428e+03
1.361991078163097427e+03
1.316901036806151296e+03
1.316961186357172664e+03
1.257707607194371576e+03
1.308735416956756126e+03
1.377100494143016022e+03
1.268150503246531798e+03
1.360296323165079002e+03
1.370710841403159066e+03
1.320718963595980540e+03
1.306095576407792578e+03
1.341846991306881364e+03
1.356361813027735252e+03
1.305077629806350842e+03
1.316098547046827889e+03
1.360489931136314453e+03
1.362495175007837361e+03
1.361835721639281019e+03
1.355513282223960914e+03
1.392908381447330157e+03
1.321875618296748371e+03
1.363695337481722390e+03
1.325638423412525981e+03
1.377091033053352476e+03
1.363977148915105545e+03
1.363634104385395858e+03
1.291104571521722391e+03
1.309786017709843009e+03
1.320620373401966390e+03
1.300994621257966173e+03
1.357412812434467241e+03
1.333157722681788755e+03
1.399956277253994358e+03
1.342666255766878294e+03
1.359737622987568102e+03
1.376333458570103176e+03
1.311285810972007994e+03
1.278485394502370582e+03
1.374875286737900296e+03
1.319167724511331926e+03
1.316298355000383026e+03
1.376814476537514565e+03
1.297474170997439387e+03
1.363927400361876607e+03
1.304765823049733172e+03
1.321162280572486907e+03
1.339883824629971514e+03
1.319117311645742120e+03
