#Marginalized mass distribution from initial fitting w/o bootstrap
5.758009959167368143e-09
2.990059054990830412e-02
5.023308283175418471e-02
6.318337165736889749e-02
7.052762418268070099e-02
7.371079861642391984e-02
7.391409203935855876e-02
7.211138786856835514e-02
6.911503621583565959e-02
6.561158960697040243e-02
6.218838280731793511e-02
5.935206166305416475e-02
5.754031742077789224e-02
5.712816491434790506e-02
5.843011714029327369e-02
6.169956161308370185e-02
6.712654500312061068e-02
7.483503302569263771e-02
8.488054403379609314e-02
9.724886869773066711e-02
1.118563951436430393e-01
1.285523683831560071e-01
1.471232327651245675e-01
1.672990429231891729e-01
1.887617870955741461e-01
2.111553500329501898e-01
2.340967528259171315e-01
2.571882444204914298e-01
2.800297837646451016e-01
3.022314409114869038e-01
3.234252577038682075e-01
3.432761410128236657e-01
3.614914106275692873e-01
3.778286862881219399e-01
3.921018704109223152e-01
4.041850612186870251e-01
4.140143118314639215e-01
4.215872312294263180e-01
4.269604999937862688e-01
4.302454448706407586e-01
4.316018793862566594e-01
4.312304712974984744e-01
4.293639403444141633e-01
4.262574207646637747e-01
4.221783419216720845e-01
4.173961871638125487e-01
4.121724859966327537e-01
4.067513784549703915e-01
4.013510641222967079e-01
3.961564127078651687e-01
3.913129697933686035e-01
3.869225417795219002e-01
3.830404897813610154e-01
3.796748048828124666e-01
3.767869784339489270e-01
3.742946226145528188e-01
3.720757399076072280e-01
3.699744869658148638e-01
3.678082300535284177e-01
3.653756471232122438e-01
3.624655968135294115e-01
3.588664482464097860e-01
3.543755482841985383e-01
3.488084955208239912e-01
3.420078931481237983e-01
3.338512661615304911e-01
3.242578521122150281e-01
3.131940084899811905e-01
3.006770232853862024e-01
2.867771675108002905e-01
2.716178883566186530e-01
2.553741078292601219e-01
2.382686624774467965e-01
2.205669931846336584e-01
2.025702677237409821e-01
1.846071902977391710e-01
1.670248188393305688e-01
1.501787694151175967e-01
1.344232345127357175e-01
1.201012750294543352e-01
1.075358611721961150e-01
9.702213208029686342e-02
8.882131491072496610e-02
8.315668893395801453e-02
8.021189708030078414e-02
8.013179545959793482e-02
8.302589096656011469e-02
8.897425005024726941e-02
9.803557190116510278e-02
1.102569129467196596e-01
1.256843358446315950e-01
1.443735478564099617e-01
1.663994074887114871e-01
1.918630364403445809e-01
2.208952037232204124e-01
2.536546844431120107e-01
2.903204787413214971e-01
3.310771569275670623e-01
3.760932345643941965e-01
4.254934465745959793e-01
