-9.790814493939100638e-01
-9.790814305752649771e-01
-9.790793137190275663e-01
-9.790423406254704641e-01
-9.787658775415628565e-01
-9.774517233842637820e-01
-9.726583165948394782e-01
-9.573705815096078542e-01
-9.061834383921698599e-01
-3.205034479136867898e-01
-1.195344862117868334e-01
-6.864621747525234685e-02
-4.516594142476339918e-02
-3.015299452872756067e-02
-1.705091958482006509e-02
-2.919456793274270451e-03
1.375177129576015886e-02
3.368810932386733653e-02
5.698328848263924107e-02
8.310976530466702983e-02
1.109707424479423610e-01
1.391080108784093772e-01
1.660614512213610672e-01
1.907300330794436394e-01
2.125573970852008276e-01
2.314989229389727288e-01
2.478632466322864547e-01
2.621401727058008668e-01
2.748719197298523653e-01
2.865743203002924511e-01
2.976938125169327209e-01
3.085848265498519760e-01
3.194977507040351883e-01
3.305736196295905316e-01
3.418458097144056462e-01
3.532507260855178854e-01
3.646486733023946991e-01
3.758534319520999700e-01
3.866659481077076577e-01
3.969057625271398271e-01
4.064344622709684662e-01
4.151682019058097195e-01
4.230797454291663762e-01
4.301929931942992669e-01
4.365738901965846575e-01
4.423212098993326014e-01
4.475596629980722607e-01
4.524367103029151016e-01
4.571236731718957280e-01
4.618212508862342136e-01
4.667691940655099847e-01
4.722593366472205845e-01
4.786500183770215355e-01
4.863775709358045263e-01
4.959564581444409481e-01
5.079539704670313904e-01
5.229203606652532699e-01
5.412577627258015056e-01
5.630332408809833877e-01
5.877923385469999706e-01
6.144918505313220480e-01
6.416751797024794479e-01
6.678872687865711200e-01
6.921330289706020267e-01
7.141347112625288096e-01
7.343129838765927175e-01
7.536066911830464621e-01
7.732854740375931790e-01
7.948393010041416851e-01
8.199582163243550603e-01
8.505873800096119819e-01
8.890487976500976997e-01
9.382499370498654789e-01
1.002052825645617817e+00
1.085960161478211283e+00
1.198222718876195136e+00
1.349178277383931368e+00
1.531624914980348251e+00
1.691691278060375669e+00
1.802964902259478919e+00
1.879731438677586075e+00
1.935618830204744345e+00
1.978564181129928157e+00
2.013182267863692143e+00
2.042252964992424591e+00
2.067448812086441823e+00
2.089698966264172952e+00
2.109373979254731246e+00
2.126358740249040036e+00
2.140016048695263517e+00
2.148992717038192612e+00
2.150783589311741295e+00
2.141076252010263303e+00
2.113798812014831885e+00
2.065655661199926829e+00
2.007584743113103087e+00
1.963215747114879228e+00
1.942983738038162489e+00
1.938147084686213661e+00
1.704953673738643927e-01
