#Conditional distribution of mass given radius from initial fitting w/o bootstrap
nan
-5.886121930610106467e-01
-5.868495927137843404e-01
-5.798475567212499904e-01
-5.664658082608851064e-01
-5.461136102441135343e-01
-5.197662655767127937e-01
-4.897481824751286350e-01
-4.588356750611107815e-01
-4.292759205824289714e-01
-4.022453609604135782e-01
-3.778166218750399485e-01
-3.552004229840089455e-01
-3.330438568465163840e-01
-3.097150439185906712e-01
-2.836131897594117990e-01
-2.535500292411740353e-01
-2.191491420020882652e-01
-1.810651132680000386e-01
-1.407976675770723496e-01
-1.000982879276418325e-01
-6.028631210763922554e-02
-2.186368840808438144e-02
1.543027721350792754e-02
5.226433986794900427e-02
8.929071223754213305e-02
1.268190549970623082e-01
1.646696947428308022e-01
2.022196987720097650e-01
2.386004533936293692e-01
2.729623111582759054e-01
3.047111057946998991e-01
3.336524259421300154e-01
3.600318896960158499e-01
3.845000707631155423e-01
4.080413403504581926e-01
4.318911509422764805e-01
4.574408250808369991e-01
4.861062931463447923e-01
5.191291874659988981e-01
5.572988438674180145e-01
6.006423434245868886e-01
6.482106060285912630e-01
6.981265305835836488e-01
7.479757206901253008e-01
7.954229862284972752e-01
8.387825544982676629e-01
8.773068903614138492e-01
9.111489135622266033e-01
9.411191169822272773e-01
9.683963331972051947e-01
9.942919452808026692e-01
1.020092968415204471e+00
1.046964388159140835e+00
1.075878221067299467e+00
1.107543580908192382e+00
1.142328419631897019e+00
1.180183816409662523e+00
1.220599935928333046e+00
1.262630078357094954e+00
1.305006453876121686e+00
1.346338331252387110e+00
1.385345656542889659e+00
1.421063221437440349e+00
1.452965253930623479e+00
1.480998108195512142e+00
1.505545651419613717e+00
1.527369810540388562e+00
1.547564904316213852e+00
1.567545572882993898e+00
1.589058627798581869e+00
1.614164876197707654e+00
1.645073379400759928e+00
1.683656791133167463e+00
1.730554090091925179e+00
1.784160304051862544e+00
1.840382744108257640e+00
1.893944687823782669e+00
1.940652506908949082e+00
1.978899629535791682e+00
2.009506973504080474e+00
2.034583466411008956e+00
2.056454664950511990e+00
2.077091110869289992e+00
2.097952068386078839e+00
2.120042668293576238e+00
2.144054533720917810e+00
2.170544567082056009e+00
2.200148707190174413e+00
2.233817133738182914e+00
2.272973527922753867e+00
2.319300475274779227e+00
2.373581179310280120e+00
2.433265224176445862e+00
2.490497223393836279e+00
2.534922409255029763e+00
2.561135066830876550e+00
2.572056541206546143e+00
2.574702129266187356e+00
nan
