#Sequence of mass points for initial fitting w/o bootstrap
-7.892651336200238177e-01
-7.540248401900706554e-01
-7.187845467601174931e-01
-6.835442533301642198e-01
-6.483039599002110576e-01
-6.130636664702578953e-01
-5.778233730403046220e-01
-5.425830796103514597e-01
-5.073427861803982974e-01
-4.721024927504451352e-01
-4.368621993204919174e-01
-4.016219058905386996e-01
-3.663816124605855373e-01
-3.311413190306323751e-01
-2.959010256006791573e-01
-2.606607321707259395e-01
-2.254204387407727772e-01
-1.901801453108196149e-01
-1.549398518808664527e-01
-1.196995584509131794e-01
-8.445926502096001709e-02
-4.921897159100685482e-02
-1.397867816105358152e-02
2.126161526889958076e-02
5.650190869885274303e-02
9.174220212880590530e-02
1.269824955587590676e-01
1.622227889887123409e-01
1.974630824186655031e-01
2.327033758486187764e-01
2.679436692785719387e-01
3.031839627085251010e-01
3.384242561384782633e-01
3.736645495684314255e-01
4.089048429983845878e-01
4.441451364283377501e-01
4.793854298582909124e-01
5.146257232882442967e-01
5.498660167181974590e-01
5.851063101481506212e-01
6.203466035781037835e-01
6.555868970080569458e-01
6.908271904380101081e-01
7.260674838679632703e-01
7.613077772979166546e-01
7.965480707278698169e-01
8.317883641578229792e-01
8.670286575877761415e-01
9.022689510177293037e-01
9.375092444476824660e-01
9.727495378776356283e-01
1.007989831307588791e+00
1.043230124737541953e+00
1.078470418167495337e+00
1.113710711597448499e+00
1.148951005027401662e+00
1.184191298457354824e+00
1.219431591887308208e+00
1.254671885317261371e+00
1.289912178747214533e+00
1.325152472177167695e+00
1.360392765607120857e+00
1.395633059037074020e+00
1.430873352467027182e+00
1.466113645896980344e+00
1.501353939326933506e+00
1.536594232756886669e+00
1.571834526186839831e+00
1.607074819616792993e+00
1.642315113046746156e+00
1.677555406476699318e+00
1.712795699906652480e+00
1.748035993336605642e+00
1.783276286766559249e+00
1.818516580196512411e+00
1.853756873626465573e+00
1.888997167056418736e+00
1.924237460486371898e+00
1.959477753916325060e+00
1.994718047346278222e+00
2.029958340776231385e+00
2.065198634206184547e+00
2.100438927636137709e+00
2.135679221066090872e+00
2.170919514496044034e+00
2.206159807925997196e+00
2.241400101355950358e+00
2.276640394785903521e+00
2.311880688215857127e+00
2.347120981645810289e+00
2.382361275075763452e+00
2.417601568505716614e+00
2.452841861935669776e+00
2.488082155365622938e+00
2.523322448795576101e+00
2.558562742225529263e+00
2.593803035655482425e+00
2.629043329085435587e+00
2.664283622515388750e+00
2.699523915945341912e+00
