#Upper limit for the Conditional distribution of radius given mass from initial fitting w/o bootstrap
9.050186166102874461e-09
-1.087708147267327230e-01
-1.086356199904498082e-01
-1.077001261350235689e-01
-1.042606627888214010e-01
-9.551108334933887389e-02
-7.951711660607355125e-02
-5.968779000970361737e-02
-4.235024631392345779e-02
-2.942365833895779423e-02
-1.937648634226065911e-02
-1.001075203495586236e-02
7.632150055058437499e-04
1.491399219695530888e-02
3.385558084960210018e-02
5.680627545788803634e-02
8.023053282340339432e-02
1.011683670312124861e-01
1.190852143424122322e-01
1.347893237239823072e-01
1.495192954211149450e-01
1.646584700205265539e-01
1.816020005429745676e-01
2.013754107824623774e-01
2.237508705179371005e-01
2.466957633717377640e-01
2.677042233892081846e-01
2.854999183777380822e-01
3.000557668159637981e-01
3.119252197653061276e-01
3.218387560994070973e-01
3.305691616188097259e-01
3.389219846686296611e-01
3.477872807927029908e-01
3.582384653310384803e-01
3.716694015002268148e-01
3.898576792417415837e-01
4.143424071772994211e-01
4.440064173772811373e-01
4.739262404522254779e-01
5.000996266054656969e-01
5.217306762749494009e-01
5.393987384316726308e-01
5.538778305028126958e-01
5.658619096494624801e-01
5.759465623340132012e-01
5.846494403982054333e-01
5.924298217508432440e-01
5.997068810835215480e-01
6.068806074071773082e-01
6.143572635536019844e-01
6.225784888184766608e-01
6.320484735891955808e-01
6.433414890945119424e-01
6.570424622258460579e-01
6.735255204651511285e-01
6.925073474535553553e-01
7.126882805285638112e-01
7.321916503325617276e-01
7.495929693744658451e-01
7.643736139395430618e-01
7.766718705235190479e-01
7.869393592530760095e-01
7.957515781705499780e-01
8.037417484947207980e-01
8.116058137882650181e-01
8.201627888310509817e-01
8.304860232595736580e-01
8.441407109751383198e-01
8.634312817843670107e-01
8.902506950394907248e-01
9.206512576353197419e-01
9.470315150396590997e-01
9.678006419303550878e-01
9.843120684180054480e-01
9.978352786079538461e-01
1.009256077003725105e+00
1.019211856511339942e+00
1.028185407822515884e+00
1.036533687649561220e+00
1.044477244141141625e+00
1.052084717189737617e+00
1.059288613083332997e+00
1.065947352113175040e+00
1.071929964650836009e+00
1.077185068382406463e+00
1.081781623578179863e+00
1.085942968671594011e+00
1.090117221763723609e+00
1.095156740939063233e+00
1.102742089777447143e+00
1.116012889056882562e+00
1.136731063164989619e+00
1.155414838431699120e+00
1.165884275210145482e+00
1.170563394627911036e+00
1.172215059666916748e+00
1.172627642572803053e+00
1.172683211654873547e+00
9.050186166102874461e-09
