#Conditional distribution of radius given mass from initial fitting w/o bootstrap
nan
-1.647453413915954956e-01
-1.646647665153988249e-01
-1.640875633898885855e-01
-1.619877010621886271e-01
-1.567582525771717139e-01
-1.471439557536863008e-01
-1.338372799811409219e-01
-1.195582798128854013e-01
-1.068241190219147568e-01
-9.635052512873326647e-02
-8.746274844224909140e-02
-7.904656331152862259e-02
-7.008600985249159587e-02
-5.985428834573631313e-02
-4.797635635982573643e-02
-3.444091128369507204e-02
-1.954940781792632171e-02
-3.786189956131589401e-03
1.236157983859275528e-02
2.856684931296811850e-02
4.474529458113919028e-02
6.103379891589088418e-02
7.768212630376448991e-02
9.489938110973478169e-02
1.127086956828759895e-01
1.308674079416977110e-01
1.488944975193215448e-01
1.662021000541947513e-01
1.822733381206896042e-01
1.968072154715822253e-01
2.097812397668835371e-01
2.214345006560370643e-01
2.322064276913809733e-01
2.426661692620601107e-01
2.534487949737970758e-01
2.651955191787133126e-01
2.784852555674030561e-01
2.937468308040451781e-01
3.111557461869151608e-01
3.305433140574992601e-01
3.513662589276664860e-01
3.727793880094990020e-01
3.938106990465766177e-01
4.135795307572652790e-01
4.314713354229185449e-01
4.472116338090276200e-01
4.608400085170391569e-01
4.726266032782357462e-01
4.829790430285169078e-01
4.923695465556965356e-01
5.012906181115240889e-01
5.102336467085665239e-01
5.196784066981887662e-01
5.300795755839594614e-01
5.418369558132131170e-01
5.552401949531203806e-01
5.703899576751375600e-01
5.871176206281761845e-01
6.049473514100340843e-01
6.231474903053113579e-01
6.408832398302100053e-01
6.574219144651174407e-01
6.723041627058821135e-01
6.854167661830722347e-01
6.969640944208880251e-01
7.073824702070223847e-01
7.172473903625475877e-01
7.272011663209718701e-01
7.379028137364610496e-01
7.499857833003911178e-01
7.640036086900742207e-01
7.803477001158954929e-01
7.991371826102647846e-01
8.201093404038251045e-01
8.425711322843426609e-01
8.654785564651312768e-01
8.876611172308999098e-01
9.081172906471302042e-01
9.262470142882660573e-01
9.419209350838129158e-01
9.553848726300496752e-01
9.670758550922026187e-01
9.774385873766152644e-01
9.868009056658314515e-01
9.953319346293034720e-01
1.003081912064876846e+00
1.010085652116328614e+00
1.016504958535974890e+00
1.022799770484426052e+00
1.029949681753004942e+00
1.039722628987713282e+00
1.054611521614577274e+00
1.075927446380444685e+00
1.099362430237331711e+00
1.116230511896292965e+00
1.123744394677617109e+00
1.125781150560914101e+00
1.126061547676267205e+00
nan
