#Weights for Beta densities from initial fitting w/o bootstrap
0.000000000000000000e+00
0.000000000000000000e+00
0.000000000000000000e+00
0.000000000000000000e+00
0.000000000000000000e+00
0.000000000000000000e+00
0.000000000000000000e+00
0.000000000000000000e+00
0.000000000000000000e+00
0.000000000000000000e+00
0.000000000000000000e+00
0.000000000000000000e+00
0.000000000000000000e+00
0.000000000000000000e+00
0.000000000000000000e+00
0.000000000000000000e+00
0.000000000000000000e+00
0.000000000000000000e+00
0.000000000000000000e+00
0.000000000000000000e+00
0.000000000000000000e+00
0.000000000000000000e+00
0.000000000000000000e+00
0.000000000000000000e+00
0.000000000000000000e+00
0.000000000000000000e+00
0.000000000000000000e+00
0.000000000000000000e+00
0.000000000000000000e+00
0.000000000000000000e+00
0.000000000000000000e+00
0.000000000000000000e+00
0.000000000000000000e+00
0.000000000000000000e+00
0.000000000000000000e+00
0.000000000000000000e+00
0.000000000000000000e+00
0.000000000000000000e+00
0.000000000000000000e+00
0.000000000000000000e+00
0.000000000000000000e+00
0.000000000000000000e+00
0.000000000000000000e+00
0.000000000000000000e+00
0.000000000000000000e+00
0.000000000000000000e+00
0.000000000000000000e+00
0.000000000000000000e+00
0.000000000000000000e+00
0.000000000000000000e+00
0.000000000000000000e+00
0.000000000000000000e+00
0.000000000000000000e+00
0.000000000000000000e+00
0.000000000000000000e+00
0.000000000000000000e+00
1.994173240469799987e-14
6.500829674335778908e-12
3.641184040234065891e-11
1.353302611143685521e-10
1.251556720462466534e-10
7.746309965841042394e-03
2.214886847878390160e-10
1.754884076362664202e-10
1.364571122623008850e-10
1.036755895758758698e-10
6.508371405798991836e-11
1.410247477242937440e-11
7.407177398408714780e-15
4.470077776054146801e-15
3.242606942497810720e-15
1.611997381192982043e-14
1.328011717863047933e-15
1.514630443354354899e-14
1.514265640917574337e-14
1.496808216121166477e-14
1.171932950774880077e-15
1.512949122133140889e-14
1.530463691708787569e-14
1.572387044945278964e-14
1.336470891517902921e-15
1.335201545626033309e-15
1.552048615299136271e-14
1.588145417758004707e-14
1.494378164912379299e-14
2.370851282912824741e-15
1.573342626835205974e-14
1.495697243507645650e-14
1.524851209590510919e-14
1.696428858583528700e-15
1.489424490865420755e-14
1.045277446913012903e-15
1.430049005647107942e-15
1.255228632749543857e-15
1.556635045775210389e-14
1.557135572729363975e-14
1.556634236521322437e-14
1.556959797480288020e-14
1.557409594090631709e-14
1.558305773917489572e-14
1.556720637926784700e-14
1.555849437006296383e-14
1.557583662218599047e-14
1.557621941392242686e-14
1.556924752251753595e-14
1.557709352826839294e-14
1.557709475606715367e-14
1.556490960760708195e-14
1.557874443254381332e-14
0.000000000000000000e+00
0.000000000000000000e+00
1.509651304167918666e-11
7.755400583687359069e-11
1.268805330686809320e-10
1.580256511554599618e-10
1.224914775461464604e-12
8.717783131314423746e-11
1.596085115004203133e-10
9.280471173121652450e-11
1.143704066265327718e-10
6.525656593329037585e-11
5.454972847819226525e-12
8.533233823736757709e-15
5.676574053759559536e-15
3.775756198773948770e-15
3.254755907811503822e-15
1.630929316509821380e-15
2.061751080060363072e-15
1.532696503629016027e-15
1.463800305318239689e-15
1.392770658433658128e-15
1.443735311145471516e-15
1.525653513457698053e-14
1.284734086117048269e-15
2.237937236664692482e-15
1.476581113566389332e-14
1.553423102641300036e-14
1.573189714725138065e-15
1.505860847609936902e-14
1.047266654046018641e-15
1.146063855971646313e-15
1.498177656043622281e-14
1.337598532808768786e-15
1.526424154311246276e-14
1.506124859188320129e-15
1.330802829490852540e-15
1.568070936369417021e-14
1.238119389286571752e-15
1.515496336864104019e-14
1.474476054400982189e-15
1.258958954403878956e-15
1.557228190980315824e-14
1.556533193800192704e-14
1.557556250517036689e-14
1.556986635576478465e-14
1.557669949183747887e-14
1.555852499450586396e-14
1.556723056455072422e-14
1.557054206885660805e-14
1.557266671584590864e-14
1.556536081413834933e-14
1.557233479417322356e-14
1.556523526537591957e-14
1.556444400219842933e-14
0.000000000000000000e+00
0.000000000000000000e+00
5.757648716862600666e-11
6.380309319245304071e-11
1.243846002725419826e-10
1.658961037688210780e-10
4.928032723154281841e-02
1.689830963257167365e-10
1.500928017184981824e-10
6.446108790335610513e-11
7.263973234855048518e-11
6.174098900531416577e-12
9.276192451378649723e-15
6.460311468326766839e-15
4.601309898877254344e-15
2.866679545365914269e-15
1.800832882680475195e-15
1.576893345784445474e-14
2.447447956903243226e-15
1.510730435839987846e-14
1.941397397854976390e-15
1.569057528267343178e-14
2.118856957057816282e-15
1.485231843457913738e-14
2.186689121698153853e-15
5.755590804606293884e-16
1.586035682171481026e-14
1.376628929845227702e-15
2.000716565760653334e-15
1.247870413766673784e-15
1.485774574397964674e-14
1.502427875405635737e-14
1.579366985786974438e-14
1.533937781583845500e-14
1.537569498667698997e-14
1.468732869889810509e-15
1.055409160540236284e-15
1.768337774263729160e-15
1.555766744206326796e-14
1.150048958333232371e-15
1.498551198835315786e-14
1.895577315169637062e-15
1.735129846462314500e-15
1.556805926302961333e-14
1.556883180592935217e-14
1.557626613810973000e-14
1.557205738657714252e-14
1.557231356271459675e-14
1.557003160684629740e-14
1.556166441839105085e-14
1.557650532014371430e-14
1.558045372640671994e-14
1.556956428656209815e-14
1.557010425464567952e-14
1.557390534596918812e-14
0.000000000000000000e+00
0.000000000000000000e+00
8.255530997364340596e-11
9.732318953796813532e-11
1.631182292806860146e-10
1.272731723380227167e-10
2.063324577780144701e-12
1.170546357838360569e-10
9.259888838773680199e-11
8.474349335443902430e-11
8.086021682847977510e-12
1.034285125388518512e-14
7.340027381109165210e-15
4.355043722672043841e-15
1.671091052820009149e-14
1.540643987729169650e-14
1.539449481295246787e-14
1.429970302213355584e-14
9.869215378451432028e-16
1.453149513795657065e-14
1.478241594895875729e-14
1.477860092340864333e-14
1.482193084473963062e-14
1.224589326545148727e-15
1.515440110372326894e-14
1.484397306875470016e-14
1.156618744661190233e-15
1.321260733116507383e-15
1.195844500505993036e-15
1.331860865286579513e-15
1.533218133418359083e-14
1.566334197652435524e-14
1.514910311416252180e-14
2.049294478400963757e-15
1.484682399056331315e-14
1.645104498068650411e-15
1.319815627248906772e-15
1.535159165435937586e-14
1.100555569379712052e-15
1.531900280923919348e-14
1.579974085725609770e-14
1.512629770716868601e-15
1.634055140395550890e-15
1.515944076021648229e-15
1.557065498543000313e-14
1.557255180828531602e-14
1.556515410707887662e-14
1.557584438493122187e-14
1.556481241257865549e-14
1.557203569401576398e-14
1.556869895730908592e-14
1.556626897223356637e-14
1.557473440603740785e-14
1.556837836473725356e-14
1.556086097783639278e-14
0.000000000000000000e+00
0.000000000000000000e+00
7.674709722583977615e-11
9.756187780549379944e-11
1.652226170192746566e-10
2.109499356469311850e-10
1.644904903918943966e-10
1.046617994172224595e-08
6.807613842076444294e-12
9.895361333237364546e-11
2.949291451422254220e-11
5.994969034296077961e-15
3.425582088148525272e-15
2.104691866993959581e-16
1.296037610164832574e-14
9.104359761319385929e-12
1.163313888275852327e-14
1.177223624848893028e-14
6.819218356894465541e-12
1.345502032592646962e-14
1.376945453840660639e-14
1.385619113425084151e-14
1.414960987960007198e-14
1.484789773361743621e-15
1.545894263480765660e-14
1.523275792221029421e-14
1.237774169721886924e-15
1.229557451116665617e-15
1.341437841476169336e-15
1.532035459079962305e-14
1.567420495604181277e-14
1.089031301576660231e-15
1.472138164928608867e-14
1.192611149689283720e-15
1.467689840579398437e-15
1.664936748402331236e-15
1.518890193167662288e-14
1.550288102101144806e-14
1.506276294182718064e-14
1.173375043974457209e-15
1.563130753771665949e-15
1.096213525790678317e-15
1.513477131376825775e-14
1.594395367911664696e-14
1.275657615046405473e-15
1.558208662345275401e-14
1.557409398689928427e-14
1.556771214021493807e-14
1.556105272026221599e-14
1.555813668816648040e-14
1.556207883888503982e-14
1.557345800414701259e-14
1.556720443265608224e-14
1.556476133352796728e-14
1.555458173597658781e-14
0.000000000000000000e+00
0.000000000000000000e+00
5.467055069905244030e-11
7.344274334262164188e-11
1.456980703469981914e-10
3.981069787379336238e-11
8.418913030196909468e-12
3.869029921699564231e-15
3.512348321258816630e-02
5.439151122073050681e-02
2.467317377793381024e-15
1.113104834527628552e-11
3.403842376919052803e-11
5.495603852922215808e-15
5.499771114096200105e-11
5.635797169528110021e-15
6.244147119562433876e-15
8.466116700700996988e-15
9.145680949418430213e-15
1.062062332357267491e-14
1.136562854048762127e-14
9.238530890461423645e-12
1.294715353947288858e-14
1.744852493422446179e-12
1.405645855587246429e-14
1.393145367844616700e-14
1.459832195741375559e-14
1.448936568148307486e-14
1.503896997716829928e-14
1.469124109933802172e-14
1.548059277703118949e-14
1.573613652920442193e-14
1.000400778626255830e-15
1.298618300719432565e-15
1.504079580345029157e-14
1.592879385362802724e-14
1.988308400951821475e-15
1.494615696203059072e-14
1.579100505365788047e-14
1.491019354662312427e-14
1.496476466852382251e-14
1.533305992329417342e-14
1.231178461091245984e-15
1.557817557100365851e-14
1.556437719200671187e-14
1.488335309223351350e-15
1.555655787255925261e-14
1.557456604715000341e-14
1.556898600974460284e-14
1.556475058040327066e-14
1.557649260067694238e-14
1.556860846688077125e-14
1.557206701818285927e-14
1.556781825921384817e-14
1.557400261750895610e-14
0.000000000000000000e+00
0.000000000000000000e+00
3.587108724500961331e-11
4.911160428503712761e-11
4.863871835350084608e-11
3.317271897268556506e-11
1.942971959340545837e-11
9.461241333725167885e-12
8.327709330383789309e-12
3.996471132200371014e-03
6.735252131941827227e-09
1.357117868785746631e-16
1.910113231319255973e-11
1.101229680398862720e-10
3.780163222573885568e-11
1.084098740984550515e-10
1.324800158859109142e-11
6.152468348297333138e-16
5.693583960990730541e-11
4.417162503451488211e-11
8.485982796856552764e-15
9.759376378083217387e-15
1.097828309817077909e-14
1.601779506039245673e-11
1.228450103823087346e-14
1.243665710065651150e-14
1.344503943557698998e-14
1.410165154376329133e-14
1.419345699331338762e-14
4.380259538272734902e-16
1.474321067609532418e-15
1.481261648552223255e-14
7.808832892320132214e-16
1.317884888656301208e-15
1.819676800888988064e-15
1.485449216098744571e-14
1.541096816021695565e-14
1.505704571644763271e-14
1.475503689508426278e-14
1.238258545505702434e-15
1.523754938912058829e-14
1.529030901864864808e-14
1.556382166232479383e-14
1.556697414895212199e-14
1.580053218245252280e-14
1.595176724669615879e-14
1.557208587535719398e-14
1.557591127660112896e-14
1.556238472695248852e-14
1.556800365123634529e-14
1.557140642259671492e-14
1.556715956528746367e-14
1.556436114668433650e-14
1.556741873073210027e-14
1.557086858697308074e-14
0.000000000000000000e+00
0.000000000000000000e+00
1.053834644374120242e-14
2.873003344836553199e-11
3.359907793917132516e-11
3.806521053677249044e-11
4.567376894603764509e-11
3.983198126964426219e-15
1.182861932126701458e-15
2.696449673111534646e-11
7.835988784254700975e-09
8.488198764828570427e-11
1.031622551982493808e-10
1.078533620204773568e-10
1.847646840055149486e-10
8.995055531343858715e-11
7.034582991756776010e-11
5.152961883800444652e-11
2.385544156853457708e-11
5.907487206016208897e-12
6.842590070901496841e-11
6.203769260486568868e-11
4.966427669326558963e-11
3.884064815109527058e-11
8.945820508209974215e-15
9.914008448223784839e-15
1.783479158891746798e-11
8.467776771661831302e-12
1.258326247527230574e-14
1.393695898843381938e-14
1.474043955040851975e-14
1.495774819670395461e-14
1.451680349971382858e-14
1.529478281755649141e-14
1.559865882604072718e-14
2.128959562261087427e-15
1.089950453709468335e-15
1.275133968157124832e-15
1.564433777706596609e-14
2.052503449334497508e-15
1.507112214538798216e-14
1.498574567983474645e-14
1.526039315688102826e-14
1.514395421390219386e-14
1.528559669251981178e-15
1.503163636506800425e-14
1.053254783870118896e-15
1.556790405666017322e-14
1.556633046454627301e-14
1.556335055285220219e-14
1.558835508372745538e-14
1.557107176107398648e-14
1.556116220408678642e-14
1.556191511194633397e-14
1.556623299084037507e-14
0.000000000000000000e+00
0.000000000000000000e+00
1.248733107836931715e-14
1.004521028933604076e-14
7.745871613950039828e-15
4.881278457803526255e-15
3.751584520170228678e-16
2.571702616672061287e-11
6.054174580314535245e-11
1.014820677113170807e-10
1.399586653379273450e-10
1.664024376234872767e-10
1.883500955142701657e-10
1.895200966763175892e-10
1.750844304619463440e-10
2.348666247039867446e-10
2.105276884761215211e-10
1.035625027346109067e-10
1.652565220840270248e-10
6.388023914087466703e-11
1.240943930867946957e-10
1.118655805933220792e-10
9.797097146370546727e-11
1.505889456717215839e-16
6.909827703603508272e-11
5.547651651466568686e-11
4.110232513289526065e-11
2.908508839184016850e-11
1.087368185776309978e-14
5.233149148548052946e-12
1.394776829245487770e-14
1.446046416551970781e-14
1.425989884388648404e-14
1.606202894656827185e-15
1.497936724941225285e-14
1.548561955177967992e-14
1.320336306387820260e-15
1.507584250992232520e-14
1.507959882187567275e-15
1.571499802990098013e-14
1.351915726293703157e-15
1.064961273317839140e-15
1.538670407187389154e-14
1.369459457367694882e-15
1.553036173021864450e-14
1.222277400299356235e-15
1.518729635178812241e-14
1.276376220518163025e-15
1.557699900575566078e-14
1.557038008582465032e-14
1.557132661834743536e-14
1.557128874296988625e-14
1.557089026842149172e-14
1.557099176125518015e-14
1.557563580394908026e-14
0.000000000000000000e+00
0.000000000000000000e+00
1.371312507336684231e-14
1.814686407044544986e-11
3.306851557303217166e-11
2.734010255590419770e-15
1.030490045956148275e-10
2.358106686826693587e-15
1.055016420430676258e-10
1.579921720411239583e-10
1.227381591695190969e-10
2.353593258680367627e-10
2.529575988445107129e-10
2.507964292513247954e-10
3.228119874221476815e-10
2.200199968217997551e-10
1.952695121526921814e-10
1.679955625868901750e-10
2.284765308357713962e-10
1.338846523410286571e-10
1.998656347495069866e-10
1.059434539089579184e-10
1.731035153929675516e-10
1.493960332894859950e-10
1.306439090777337571e-10
1.015218427847243582e-10
7.847020809192471595e-11
5.578109146415545316e-11
8.083879846860362738e-15
1.038698961726996664e-14
1.234578216863029412e-14
1.386096643243329978e-14
1.429807231105930571e-14
1.114152137121604111e-15
1.452043894115511712e-14
1.437038705223723332e-15
1.387398763836026118e-15
1.658584313723280725e-15
1.469712905269141752e-14
1.461202482281156521e-14
1.498682985351439962e-14
1.536282969703001645e-14
1.537792936965865979e-15
1.508690111999612637e-14
1.578073866131892768e-14
1.590208701109968330e-14
1.468604025599326922e-15
1.565964083129243779e-14
1.502860833479444708e-14
1.556236409325330415e-14
1.556953792803738008e-14
1.556732835206354966e-14
1.556563795155871166e-14
1.551602046097643620e-14
1.552980708310793639e-14
0.000000000000000000e+00
0.000000000000000000e+00
6.608154124315435167e-13
1.117856409326347418e-14
7.085677374426168452e-15
1.476124389249909647e-15
7.131758014883766187e-15
3.173906670248251129e-12
5.565414244168403825e-11
1.857297126633128275e-10
2.324061723462033549e-10
1.890111305813553766e-10
2.356021257099444120e-13
2.959842528766509188e-10
2.921975722494931344e-10
2.743365769741753577e-10
2.552152896188993646e-10
3.158620595303755569e-10
3.057042726345166243e-10
2.222957089483201031e-10
2.887490833373938713e-10
2.811348918856842042e-10
2.613070341208469329e-10
3.191384296366946568e-10
2.061545894752893073e-10
1.665703657164750216e-10
1.292767517186239463e-10
9.327186755374157568e-11
6.531753939777937714e-11
3.778236862918514364e-11
1.506741032238521069e-11
1.269573415528756598e-14
5.891260981106295009e-16
1.428467515989621205e-14
8.574902833402862594e-16
1.154983394652208843e-15
1.263291710522858735e-15
1.494137654796232856e-14
1.534991545480370536e-14
1.592178688844186569e-14
1.507397901919244214e-14
1.547562084534560889e-14
1.494058132761134027e-14
1.499243363445821889e-14
1.791675169068731990e-15
1.514775832477436305e-14
1.563106231103824232e-15
1.230818645898114983e-15
1.589938082645761050e-14
1.478063160437082686e-14
1.556212806419006375e-14
1.557349481644764780e-14
1.557363491379175194e-14
1.556232641895466744e-14
1.558084709751249484e-14
0.000000000000000000e+00
0.000000000000000000e+00
5.783044922555161050e-13
1.130846239399173347e-11
7.555465721298900959e-15
1.109216548007452662e-15
3.979266789718695697e-11
8.639733148292932610e-11
5.896741240981510223e-11
1.903595300339269962e-10
2.391747524543317073e-10
2.783530395586293215e-10
1.954410555479590806e-09
4.246243477482257445e-02
3.189921809707656153e-10
3.129439175209336506e-10
3.090211837714794599e-10
3.079623346639921001e-10
3.850384522592775987e-10
3.910412046633069548e-10
4.721794035968739517e-10
3.843567550541213148e-10
3.638480027160858224e-10
4.167944257365945429e-10
3.719583245099625501e-10
3.235958526645475037e-10
2.684905541825156621e-10
1.355207019137086145e-10
9.240360228091358355e-11
4.442832934803213834e-15
8.224170848792325274e-15
1.125459839765676894e-14
1.636639231583621916e-12
1.445083895420442326e-14
1.459424245703360278e-14
1.014048512108006587e-15
1.519937631626489148e-14
1.875649023159667771e-15
1.586902986697897931e-15
1.574252953475002647e-14
1.669132222929224900e-15
1.000847144442824194e-15
1.513826603493792580e-14
1.526989701501347181e-14
1.507919401630513690e-14
1.377616545544209816e-15
1.476594385128004000e-14
1.585666835875738794e-14
1.517884595677743778e-14
1.610311971957467785e-15
1.553561402935389934e-14
1.556697371337367797e-14
1.556850089566731271e-14
1.556548046550747951e-14
1.557814826146308182e-14
0.000000000000000000e+00
0.000000000000000000e+00
7.392822830796328436e-16
1.181060722455941581e-14
8.342219869489518762e-15
2.305329941482800093e-15
1.120388161035229816e-10
7.759577325100376118e-11
1.238772188207380642e-10
9.367739919390003837e-11
2.180053136870636169e-10
1.766795072401591057e-10
2.911088388862281815e-10
9.167046865533176603e-02
2.452441442440983999e-10
3.374751231365779781e-10
3.529493949356100895e-10
3.689995971663877022e-10
4.634914271118255616e-10
4.797569858227654494e-10
4.865103972765842765e-10
5.652064732453757668e-10
6.247896532511160026e-10
5.066233793248435167e-10
3.768983373118932337e-10
3.966891983241423727e-10
2.503523363700716860e-10
2.652131171685691376e-10
1.266403228091747842e-10
8.074906717866397163e-11
6.031344663964396670e-15
9.881451537253928038e-15
1.256925135429309566e-14
1.355412981576831113e-14
1.441781092227521341e-14
9.188249986929617045e-16
1.538036052830794662e-14
1.570390722614829879e-14
1.491303575294340473e-14
1.850495918005067346e-15
1.577154879436013114e-14
1.484362456302464768e-14
1.641389683315404588e-15
1.474919039032951596e-14
1.204044709614107071e-15
1.003046799686457948e-15
1.480646802436350850e-15
7.367351504429304120e-16
1.202153538800980110e-15
1.499479259163780577e-14
1.517541092052095826e-14
1.548064035702680117e-14
1.553109557876393018e-14
1.552295006531209025e-14
1.556703851044145770e-14
0.000000000000000000e+00
0.000000000000000000e+00
1.406075777953696521e-14
1.265827466727916632e-14
9.194042687944242002e-15
4.785483485986842879e-15
1.579471367500386040e-11
5.534423322423967540e-11
1.748192657489283371e-11
1.447693020702548331e-10
1.063096530403107012e-10
1.436261207312358641e-10
1.842188819023592376e-10
2.104331218674986906e-10
4.088782744924927706e-12
3.474824534588938632e-10
3.001596985277035366e-10
4.099484711037212818e-10
4.438445745210259778e-10
5.563981965703585371e-10
6.505475982030157275e-10
6.497919106093540916e-10
6.308419185187331806e-10
5.886135035262484895e-10
5.268569588359797386e-10
4.554047420773514262e-10
3.813020628821089003e-10
2.244919034760824946e-10
1.574863695885898853e-10
9.971169304587301876e-11
6.111575612669485740e-11
2.741763386647354744e-11
1.170360469660828568e-14
1.476083092423116142e-12
1.461894856362790671e-14
1.444978367466675322e-14
1.131089451887724726e-15
1.529777419019545461e-14
1.509882543713690200e-14
1.551872878677957303e-14
1.503181705076614754e-14
1.758953602309823639e-15
1.573184299646209680e-14
1.408584108773836372e-15
1.528143563422170044e-14
1.494764533965134861e-14
1.582021213958039104e-14
1.147208763768393854e-15
1.292423763405597842e-15
1.558447195736499103e-14
1.655786102589924171e-15
1.554505630846975113e-14
1.552338422045391633e-14
1.552214400211685646e-14
1.553123519461700526e-14
0.000000000000000000e+00
0.000000000000000000e+00
1.432699283916559263e-14
1.307037214297735258e-14
1.070644689687312895e-14
6.742063307087534946e-15
1.514498048772044771e-14
3.261600187083753611e-11
1.480654913489336506e-15
1.035017712323543096e-10
1.482365972479814744e-10
1.043498526927926227e-10
1.411267639422193673e-10
1.763317505882101133e-10
2.178658754836755583e-10
1.031745580276451631e-12
3.028772359249949061e-10
4.304459017054949285e-10
4.755223021034587110e-10
5.161593132772498114e-10
6.175258735354977823e-10
6.234958837129922068e-10
6.872788364877207374e-10
6.383008284281095444e-10
6.537506818140286637e-10
4.951601163332745988e-10
4.114380942712861100e-10
2.531825875592215784e-10
1.787355146857785619e-10
1.178013226778926553e-10
7.639719728552188046e-11
3.705511149247473536e-11
1.022784633185298122e-14
2.251449723856948179e-12
1.442994873544519715e-14
1.527262533893938745e-14
1.528875481493451322e-14
1.509797195346363020e-14
1.425720364624951619e-15
1.520612145011259412e-14
1.569119255207110265e-14
1.500500858917585640e-14
1.502097202192825101e-14
1.424430547047560912e-15
1.550935565212891710e-14
1.537886523702629636e-14
1.551855826494131170e-14
1.408194155162556379e-15
1.539275029790886370e-14
1.141575908432189882e-15
1.489516121959992309e-14
1.101551445905297818e-15
1.098969117545112341e-15
1.575432442704527570e-14
1.552347092663822943e-14
0.000000000000000000e+00
0.000000000000000000e+00
8.357044961045734235e-16
2.272907939369367597e-16
1.013273075869716216e-11
8.881738615759967385e-15
5.876547204109423383e-11
6.117630135846749222e-12
3.707430286544416168e-11
1.835809348509896442e-15
1.027999327972038288e-10
6.108772638552068017e-11
1.000792565723381197e-10
5.991423320897833862e-11
1.040728751672681542e-10
2.302923468924266135e-10
4.595633675462200106e-09
1.257361810593273919e-08
4.758583813968369144e-10
5.210519211099288820e-10
6.335370235301559368e-10
6.438268798759153569e-10
7.004788908657196421e-10
5.850110125133829979e-10
5.967232332478617049e-10
5.205233516456223829e-10
4.333164621536398508e-10
2.743367199271592761e-10
2.011463502544974420e-10
5.648506545993598038e-11
8.503147684033715446e-11
5.324727380410188467e-15
2.537969209171519211e-11
1.259232589966398411e-11
2.933997450734135275e-12
1.458302268597231561e-14
8.739447220907262373e-16
1.253157462402560786e-15
1.546701353375537452e-14
1.794280850048567685e-15
1.177385643967929908e-15
1.586037250831588505e-14
1.492509072091266748e-14
1.312847470173372582e-15
1.510049463274044374e-14
1.403118255104495403e-15
1.511390014691758724e-14
1.098672549280244195e-15
1.239186787845901813e-15
1.131823306976325846e-15
1.495196425325130296e-14
1.552259716141447725e-14
1.552180994387677693e-14
1.552061373842038778e-14
1.552434798426561968e-14
0.000000000000000000e+00
0.000000000000000000e+00
1.426519789993563402e-14
1.429197494742093690e-14
5.042193885148401217e-12
1.005643255048126228e-14
7.556229172802725245e-15
6.473183618149971704e-11
9.193875644432240584e-11
7.049452293030876743e-15
6.318157164037266729e-11
1.031745616320539521e-14
5.316960727348482091e-11
9.576817454222970166e-11
6.231775432752518164e-11
1.087532379512307309e-10
2.455484622957065729e-10
3.055592537010885389e-10
7.008090998861198789e-09
4.901828657435895657e-10
5.268568936846286614e-10
6.208358648493336875e-10
6.147527283475603501e-10
6.587790186698569223e-10
5.218725995012819309e-10
5.286032034952194195e-10
3.703782589874956412e-10
2.930949272286093277e-10
2.236619606759153609e-10
8.118557308942189795e-11
1.041439975538741173e-10
6.185954889802029978e-11
8.327175527683998819e-15
1.056285170956418802e-14
1.254607791960641059e-14
1.450835952267115701e-14
1.427319901745851446e-14
1.525248302760477921e-14
1.538059427391009177e-14
1.546064371049249575e-14
1.490888748520814295e-14
1.499913006430411465e-14
1.532634233764788662e-14
1.485701757975956764e-14
1.572624991953185159e-14
1.547298903694942831e-14
1.541481581798761726e-14
1.581214134762759111e-14
1.329588936909892176e-15
1.472576214955120608e-14
1.486698862491792934e-14
1.732275011596904274e-15
1.524981315708992389e-14
9.661199801901219982e-16
1.547433030415831843e-14
0.000000000000000000e+00
0.000000000000000000e+00
1.480873667571205732e-14
1.488675188695215348e-14
5.256518375389095353e-13
1.216045057759568263e-14
9.897840501407928799e-15
6.196778359038515805e-15
2.056371038054773270e-15
1.121702398025260948e-11
3.331113570017797844e-11
6.098974781387100850e-11
9.660890687163007545e-12
4.787759234188609642e-11
1.335662115855099972e-11
5.571982827010613564e-11
1.906131444807279623e-10
2.502471547186083366e-10
2.277640746676250559e-10
3.026208644051037714e-12
5.025296863146678140e-12
5.812608921712276686e-10
5.847755988422606071e-10
5.652741526467638575e-10
5.225159173190151901e-10
4.605113338920011302e-10
3.889886132575957910e-10
3.199348967991692102e-10
1.670871243718140233e-10
1.065465697385254106e-10
5.129353634432667744e-11
1.998972946754455009e-17
4.915599774767966112e-11
9.332839203006416511e-15
1.186687544811190412e-14
1.366702301701742224e-14
1.480612648030878746e-14
1.534006596961611183e-14
1.510674436746460639e-14
1.531919634661629079e-14
1.242924781065134999e-15
1.564992111407625088e-14
1.499276009585021246e-14
1.520259670195887451e-14
1.657186717790132602e-15
1.478657783084375158e-14
1.484496937354387836e-14
1.566020431619297064e-14
1.555404963254074314e-14
1.031511701449822176e-15
1.562599042212888122e-14
1.524968442251380440e-14
1.848314255740531613e-15
1.547970682847860426e-14
1.571520826070498245e-14
0.000000000000000000e+00
0.000000000000000000e+00
1.473899185562127033e-14
1.467525499698511193e-14
1.268663357758970834e-16
6.747962845577436330e-12
1.097327944714315364e-14
9.076597761087352876e-15
5.018146373191811763e-11
1.618797324394369596e-14
7.288899466012863864e-12
8.826590793162509027e-15
5.009705072257459595e-15
3.588574464671170663e-12
3.638308221408386485e-11
3.418970177740919527e-12
5.359045645476266949e-11
1.891503995237557374e-10
2.456375333897886319e-10
3.003178485253773053e-10
4.535841273039648014e-02
3.453935444033058577e-02
4.768868435794984522e-10
4.739115350789515807e-10
4.499604673197586674e-10
4.821303542688750105e-10
3.471970708137611861e-10
2.791974985763099348e-10
2.931259556785178237e-10
1.405233266521750610e-10
8.159666418975393488e-11
2.755175197809548952e-11
2.797048190338541918e-15
8.023607294962126716e-15
1.138588156620534007e-14
1.379588252398128789e-14
1.433937094800384424e-14
1.500385661783597687e-14
1.504807448765156500e-14
1.500176611514550452e-14
1.571043237362872815e-14
1.552514952858239993e-14
1.571318539858534607e-14
1.475003865164540095e-14
1.875999188147840050e-15
1.515185553414664347e-14
1.509149409852091841e-14
1.128303701938496437e-15
1.629626188238223443e-15
1.621882608753879186e-15
1.540653722028428909e-14
1.559911572107723939e-14
1.219582700400606540e-15
1.531383519329913192e-14
1.541714175399000873e-14
0.000000000000000000e+00
0.000000000000000000e+00
1.297678844486408387e-15
1.687066660791063236e-15
1.500678200704494056e-14
4.056765233542968148e-13
4.094778740471504305e-12
1.145114433722444827e-14
8.926650611998662623e-15
5.651767140495588901e-15
3.066927078373900954e-15
1.323147494880337405e-14
1.019989520837212401e-14
6.234311997770764045e-15
1.158448562646846440e-15
3.329755023180213978e-11
1.842241204875910418e-16
4.990021575933198709e-11
1.888239174802543231e-10
2.492039803530471734e-10
3.039179466641554752e-10
6.651037876599733001e-02
4.714691122456091358e-10
4.082668895432078377e-10
4.002286763001889192e-10
3.717045457524568898e-10
3.252930070893666864e-10
3.377617531885841024e-10
2.647047223660682628e-10
1.884337162734401793e-10
2.017527273909671543e-10
1.383460883388954150e-10
8.935773790972284094e-11
5.403054013090302814e-15
2.066690236240073153e-11
1.319000551064000201e-14
6.026898053911420595e-16
1.540072648180788729e-14
1.615014707596662211e-15
1.824568856016850575e-15
1.529337210078694463e-14
1.060822744930752851e-15
1.599924738263526980e-14
1.548474332204131509e-14
1.719987149938104879e-15
1.523128571922287480e-14
1.524338992796476114e-14
1.571216147795003670e-14
1.551533843330979340e-14
1.592536484408402719e-14
1.564719986473926565e-14
1.506752698084802495e-14
1.514183563962979067e-14
1.556849390663903441e-14
1.513563432654250251e-14
0.000000000000000000e+00
0.000000000000000000e+00
1.010045865659403377e-15
1.501800237061408744e-14
1.484266794337631740e-14
7.058140564919755730e-16
1.453023523980819408e-14
1.216581872863469987e-14
1.834994940223023709e-11
9.234273818924262895e-15
1.986371461983984570e-14
3.430531504011589509e-15
8.703589574298487659e-16
1.448196005922606261e-11
6.831623080967562160e-15
1.450581727022431103e-14
3.550800908234080521e-11
7.477034319197763576e-12
6.576994575655393823e-11
2.123219273671668406e-10
2.020188864180814905e-10
2.724228733757409760e-10
1.899912959530997051e-08
4.465181638561342919e-10
3.744949558710969381e-10
4.413782558815130011e-10
3.197778790020444577e-10
3.316109179262939997e-10
3.314874316208137651e-10
1.687560449554490397e-10
1.607823154701201506e-10
9.046454867909646974e-11
3.207956338780307386e-11
2.990158756484202237e-15
2.267859689125094360e-14
1.231293479775469381e-14
1.400655442623153925e-14
1.425189835837463554e-14
1.547003691619353056e-14
1.121712743768585501e-15
1.519854877347484576e-14
1.620141560548609618e-15
1.450874228243312150e-15
1.515978726679680255e-14
1.487223641609496054e-14
1.568042989989878036e-14
1.549979085427227977e-14
1.718273203922078596e-15
1.514355374751534515e-14
1.394708648576923507e-15
1.556119328946767048e-14
1.800657385266904021e-15
1.566176357392471756e-15
1.139587277141369970e-15
1.554729597144418024e-14
0.000000000000000000e+00
0.000000000000000000e+00
1.514565476947873829e-14
1.423280419556474246e-15
1.447803258585238810e-14
9.550253323891326127e-16
1.465909350933559126e-14
1.723918200419396434e-13
1.259645446678620650e-14
1.122160215885411679e-14
9.369742157930864668e-15
2.103573955624876267e-14
3.557085131328474573e-15
6.455964437954077488e-16
1.074470718941243582e-14
6.176491753490965084e-15
1.223632479499917636e-14
6.093196747716326701e-11
4.722017088621896868e-11
1.228056398847524446e-10
2.020804046657298614e-10
2.938540605410036919e-10
2.859709073673040022e-10
2.368769000535324839e-12
4.518754272003983824e-10
4.441302208918847930e-10
4.089465565808781981e-10
4.193919964961016506e-10
3.260999868274512770e-10
2.235965928797550290e-10
2.053842438448902839e-10
1.919865980568181977e-10
4.319913837240792081e-11
8.622432740557770679e-16
3.958487826532374446e-11
1.141201773334869721e-14
9.435383027013972603e-14
5.367174344259384654e-16
1.505410582519387475e-14
1.670218048553626594e-15
1.506208676888534700e-15
1.501663011357981726e-14
1.298609598374168409e-15
9.040824023528254271e-16
1.507812549635254063e-15
1.545924358257119792e-15
1.661976230987446903e-15
1.546262592693682797e-14
2.026850611035769713e-15
1.280386256172666357e-15
1.499919750236135819e-15
1.162537584497003743e-15
1.293086534232049734e-15
1.165752581558683233e-15
1.970916286640279629e-15
0.000000000000000000e+00
0.000000000000000000e+00
1.926660185527578734e-15
1.552595579142101806e-14
1.958292950588628264e-15
1.507753115118027009e-14
7.280032634661640013e-16
1.408586707361522882e-14
1.396464624448127516e-14
3.646211880177980940e-12
1.167646130924957731e-14
1.027028525982751473e-14
7.905043328692454129e-15
1.852154841324003798e-14
1.340914215776935499e-14
8.196861624901837444e-15
8.354823730271785720e-16
4.890100624082111734e-11
4.296293135669027572e-11
1.294724861105769294e-10
2.244465746570079093e-10
3.208650332957346156e-10
3.343433253014492036e-10
3.311306636063190842e-13
4.441846647580527818e-10
4.475998349044230276e-10
4.850191384989080436e-10
4.135775821204644274e-10
3.898959986370863870e-10
3.545076914057197770e-10
2.402229401080905756e-10
1.371945838032122362e-10
5.953934285669635892e-11
8.306652634061749406e-11
5.493939953298044724e-15
1.008795510114631906e-14
1.309332104487402063e-14
4.928485811582015094e-16
1.480539443375760615e-14
6.833757072288438126e-16
1.533018356631095460e-14
1.460663148507466745e-14
1.542131705454168999e-14
1.508511044060247380e-14
1.567671754365444243e-14
1.528278980817177385e-14
1.180570833718605131e-15
1.534487958131162271e-14
1.340777234149464738e-15
1.465917350458977072e-14
1.579853260581732723e-14
1.559507341188497976e-14
1.170482895653651834e-15
1.588540829608086232e-14
1.664579931350887554e-15
0.000000000000000000e+00
0.000000000000000000e+00
1.496034445674585847e-14
1.238478276112979077e-15
1.328600528658301465e-15
1.420573951596184712e-15
1.361488650317234505e-15
1.495465168996349688e-14
1.436837789337363286e-14
1.404605614973157036e-14
1.312484420333968261e-14
1.339555082763283660e-11
2.552425118194028312e-11
6.819902694934266343e-15
2.431136835240996293e-15
8.794266191325470828e-15
2.585105126465503195e-15
4.848742800933077863e-11
1.275620514502507942e-10
1.403919381807858935e-10
1.660330409257930183e-10
2.737805269552693400e-10
3.753000519919322910e-10
4.551750902082950591e-10
1.010239654982775001e-12
5.068071960691369859e-10
5.474289565978579015e-10
4.668146468083837813e-10
3.535549194208612618e-10
3.909545824073535195e-10
2.657696939807928611e-10
1.537642481139834371e-10
6.660555997604060933e-11
8.414109356705044063e-11
5.161092557709405048e-15
8.764945536852837624e-15
1.529199042490001858e-11
7.218531972424917554e-12
1.332762185292178368e-14
7.262720714810866830e-17
1.416368002443722883e-14
1.474879049937936871e-14
1.500341367125781180e-14
1.235869754753390394e-15
1.028883057300332312e-15
1.487474766983140089e-14
1.543966998359590676e-14
1.512130816501633880e-14
1.497316851520099206e-14
1.567603042452652881e-14
1.594060461087779026e-14
1.494026431807633777e-14
1.531079895978694249e-14
1.513965395814761720e-14
1.579974901233928082e-14
0.000000000000000000e+00
0.000000000000000000e+00
1.301674641687543141e-15
1.211674196610192172e-15
1.538826413841087890e-14
1.891977738053466431e-15
1.646303324084384276e-15
1.408959556707893921e-15
1.449527802293729784e-14
1.452564442031987747e-14
1.344741520945455355e-14
7.475361610459673684e-12
1.719053588561165533e-11
8.391189534592899522e-15
3.196143406451466282e-15
1.031438692359581863e-14
1.860093938847991610e-15
5.054983333509070116e-11
4.990998667432910317e-11
1.488307406964323401e-10
1.763851885071130900e-10
2.916329601848537816e-10
3.968989257718118959e-10
4.809369856028355884e-10
5.250806674864600213e-10
2.679330767007089549e-12
5.724432626031701495e-10
5.672373254760063287e-10
4.536821466632254167e-10
3.249284178746953598e-10
2.768441267173192021e-10
2.428606452752075452e-10
1.572143481674864142e-10
9.349120140600205536e-11
5.490495243021908720e-11
7.003008922124170071e-15
8.517304507403256615e-15
1.015907743273595882e-14
1.144934574181678664e-14
1.200998739994344795e-14
1.272795092727152843e-14
1.392505506036395283e-14
1.445829045993357556e-14
1.492797555527788578e-14
1.270278287136204288e-15
1.682461102577459167e-15
1.489615133791481682e-14
1.498196416407693909e-15
1.553264676579850735e-14
1.539198862966437885e-14
1.555176712530438711e-14
1.552446841687465920e-14
1.597626166237002322e-15
1.536031509639881879e-14
1.400669923183422894e-15
0.000000000000000000e+00
0.000000000000000000e+00
1.543214843362802810e-14
1.528067670261835265e-14
1.512144717770323870e-14
1.959732394789835581e-15
1.502643137495050021e-14
1.313062674898809847e-15
1.370631449058220463e-15
1.013512720110270605e-15
2.787889255515002717e-14
1.319567089493814457e-14
1.148411683229197769e-14
2.736615297791868233e-11
5.658459158266360080e-11
1.180154373104368880e-14
2.806201206312006146e-15
4.700332745702066228e-11
4.871883218558702929e-11
5.917744373131074149e-11
1.687138298658255716e-10
1.996772790801538936e-10
3.832375513399957898e-10
4.605855131254617896e-10
4.274652885913613902e-10
5.955517616899699635e-10
4.794678338334335414e-12
4.796511924094213249e-10
4.492617159865367986e-10
4.090625979141498657e-10
3.638887899891572221e-10
2.523073531913362810e-10
1.686260421333663752e-10
3.128795407072975613e-11
7.602354896425675000e-11
5.508229283429084091e-11
5.130212216844249304e-15
4.242117834796401513e-11
2.997094688620993132e-11
9.577541671375847096e-15
1.292755419794015163e-11
1.247325072005856302e-14
3.866088358275284480e-12
1.454134538028560981e-14
1.439497679338921234e-14
1.487028387605902763e-14
1.504742322878407946e-14
1.559498564404956836e-14
1.537256852273361752e-14
1.527228757740362758e-14
1.968199590859389003e-15
1.595294750686315325e-14
1.600135443826232280e-14
1.514457573156941396e-14
2.915248153951662910e-14
0.000000000000000000e+00
0.000000000000000000e+00
1.495453775016162876e-14
1.492402350545441074e-14
1.459585634376123550e-15
1.587770027072852249e-14
1.305695939833783889e-15
1.497353774529633831e-14
9.815497233215607630e-16
1.442293570434965125e-14
1.437646152319446131e-14
1.379886687308402715e-14
1.277223920836544982e-14
9.587111769094964511e-15
5.630204526485757819e-15
2.792545127215416937e-12
4.676544658196552927e-11
3.564740781613370933e-11
1.054660426853741724e-10
1.167634528093218041e-10
2.137940011459022477e-10
2.380854113233809056e-10
2.535436832008143506e-10
4.078847285976253588e-10
5.310203994792750349e-10
4.578813898086233005e-10
5.063823025771905640e-10
6.029095592529652020e-02
6.356053323263896593e-13
3.153424632467693802e-10
2.835316042708450121e-10
1.920171043231520473e-10
1.158162739871724206e-10
1.424625201021713838e-10
1.079099543353826070e-10
8.691182741890388021e-12
3.723574669761471660e-16
6.824063951638145823e-11
6.225540953479663494e-11
5.794911419388869326e-15
8.303579855536213953e-15
1.045138746365055173e-14
1.217238978761392829e-14
1.288769549598443054e-14
1.439004612474231968e-14
1.453064117444081552e-14
1.489426253758575066e-14
1.556713892488331185e-14
1.843866875277349978e-15
1.549343347252970412e-14
1.491647206707880429e-14
1.633034963729353978e-14
1.562210374949190937e-14
1.523545133931599611e-14
1.622133200926209407e-14
0.000000000000000000e+00
0.000000000000000000e+00
1.508158135063728421e-14
1.514078683705851382e-14
1.148800855500371607e-15
1.525110048612948273e-14
1.544308326771540230e-14
2.908413273910202842e-14
1.489080078412707528e-14
1.476459005254876261e-14
1.424878031910324296e-14
1.413773857464100154e-14
1.283424554589878459e-14
1.019649814223211138e-14
7.265742557504842363e-15
1.591326826128600445e-14
3.213825314764798918e-11
1.226651914725982249e-11
9.456436410064647386e-13
7.945318284856360223e-11
1.637744497139182575e-10
2.552169804360320395e-10
2.590278671816684298e-10
4.048222817948643940e-10
4.453938901345589786e-10
4.562954541336524732e-10
5.119277785941230501e-10
4.611887156781301631e-10
7.825268083029455041e-09
5.668399686265103432e-02
2.933307636306213196e-10
2.975015062051326594e-10
2.335359592198304362e-10
1.905241126243877215e-10
7.620586893677465761e-11
1.385040422581458344e-10
1.192238219487898936e-10
2.673983502752819075e-11
1.184381127181429494e-11
3.415528726695014322e-16
4.603336014741271275e-15
8.620745021754668458e-15
1.061789727340314094e-14
1.252600979636515952e-14
1.369318883452442630e-14
5.521864332572359220e-16
1.829684454940566598e-15
1.563197036398214205e-14
1.555037221719434981e-14
2.233517180173735737e-15
1.558162716271345950e-14
1.509873676129223332e-14
1.574474048691358273e-14
1.514198700627964312e-14
1.534505332145722462e-14
0.000000000000000000e+00
0.000000000000000000e+00
1.608575330844347027e-14
1.567453778514947386e-14
1.522040513304701788e-14
1.155556160068646170e-15
7.799344358695126560e-12
1.261811314594701694e-14
1.219895256000546393e-14
1.250861565511232522e-14
1.201179924349589883e-14
1.175070714704100573e-14
1.063977814867998154e-14
2.916438595437960426e-11
5.315703249292424292e-15
1.614567624399160500e-15
2.629574102420867429e-11
1.579264703503524443e-15
5.812098284045847065e-11
1.238441226831666039e-10
1.147591041194183843e-10
1.124696219277891119e-10
2.566208643056457399e-10
3.192679079005462466e-10
2.791904618366276052e-10
4.545571139209927807e-10
4.497567572165439048e-10
4.158266806591892740e-10
3.656667589906009396e-10
3.848450264902136803e-10
3.514334793635146872e-13
2.748489820037689773e-10
3.086565647947627879e-10
2.706213090709011056e-10
1.614029649500363317e-10
2.143249729008399253e-10
1.905830583602442625e-10
9.187858482896956547e-11
6.288337894430254229e-11
4.096416360566070658e-11
9.536491678133228053e-11
2.814245361117226991e-15
4.777663622868363047e-11
8.402186053239184445e-15
2.172081473718866275e-11
1.125082713518637743e-14
1.183363297178811340e-14
1.268547356666236734e-14
2.671027129279967427e-14
2.652791595048766089e-14
1.318730339278564901e-14
3.660249397188086281e-12
1.245374673219976927e-14
2.739452149023612276e-12
1.300874886902142517e-14
0.000000000000000000e+00
0.000000000000000000e+00
1.303628479036327875e-14
1.028379741065813856e-11
1.264616432781323456e-14
1.260126868625838065e-14
5.176455684763889161e-12
1.240148006535832478e-14
9.275004256310715172e-12
1.247919330059709764e-14
6.562605383448917490e-12
1.166575909509519483e-14
1.051979886709505806e-14
9.231183394087547893e-15
7.314508867897887650e-15
3.909202579113884406e-15
5.228894640548010912e-12
6.704331648357251123e-15
8.551084666786462270e-12
6.781254984317699404e-11
1.278126195535601894e-10
1.844240621932008021e-10
2.400820672507666760e-10
2.141891600355180940e-10
2.509748574594345358e-10
3.568593415950083306e-10
3.633420893894866960e-10
4.360815755585998686e-10
3.366385756718110179e-10
3.867244186428590659e-10
3.389879264023168989e-09
1.318265440322828733e-09
2.919371899070989532e-10
2.603397488704685114e-10
2.343541408293746147e-10
2.046048748740251745e-10
1.742927900376861110e-10
1.439346267765790623e-10
1.110537837349254172e-10
7.252988540617363566e-11
4.492012723580248441e-11
4.240216357322199397e-16
5.370702311055743456e-15
8.999345135985402323e-15
1.222244157448531597e-14
2.755852732447552173e-14
1.429589626502249133e-14
1.486169481413533373e-14
1.543994693069685776e-14
2.936873549866928243e-14
1.541539157340015806e-14
1.560147224437445880e-14
1.594961026612356906e-14
1.560007280763318908e-14
1.507040518080712970e-14
0.000000000000000000e+00
0.000000000000000000e+00
1.378049912505177092e-15
1.489119371061691271e-14
1.970098574845579359e-15
7.345185740829129221e-16
1.459051559336044006e-15
1.008097859437589844e-15
1.517740914399563491e-14
1.478493064528945447e-14
1.529299254825291880e-14
1.454120800246556015e-14
3.364976957774954075e-16
1.323008363842434179e-14
1.088772876668574462e-14
8.604873601144689907e-15
5.901043523175297175e-15
7.328953706317693954e-16
3.380155593402975689e-11
1.606907911698415848e-15
4.330196190880541526e-11
8.829733175244514019e-11
1.368823018202695963e-10
1.032147211610072970e-10
2.226676109553077053e-10
2.559263753379594734e-10
3.588226824808184205e-10
2.908156860432093186e-10
3.779703121011726291e-10
3.721737316877669534e-10
2.881630324169807732e-10
1.538244347674199310e-08
2.592135538160739082e-10
2.414858334111871686e-10
2.981935859062064770e-10
2.604991512694149095e-10
1.437492214574298228e-10
2.620966745379388015e-10
1.415323890439423972e-10
9.267532363634488008e-11
5.502007789069658086e-11
2.165239660964254918e-11
1.943280682825819443e-15
6.655097818932927581e-15
1.046991428107343753e-14
1.242328763934793586e-14
1.366740391753865031e-14
1.494753605167668819e-14
1.497401925223042418e-14
1.531888487746840342e-14
1.591685415581669421e-14
1.632445033291262787e-14
1.511724441453856162e-14
1.575069493781161175e-14
1.581594118323195462e-14
0.000000000000000000e+00
0.000000000000000000e+00
1.459273827551602948e-14
1.533559109402749876e-14
1.489715640444723405e-14
1.434006352183242637e-15
1.558722769443746436e-14
1.548342476603918085e-14
1.509173874010359440e-14
1.506404709650810527e-14
1.419484794210499987e-14
1.492764388069538860e-15
6.977028951398589728e-16
2.875593955618930592e-12
1.271248503770723664e-14
1.082328616045812614e-14
3.013452368376232910e-11
1.859427874826591088e-14
8.681416646875216818e-16
9.328924756982576339e-15
6.090941403074031656e-11
2.182513255427050750e-11
6.033188228649080058e-11
2.019424299076469873e-10
1.582266453553375863e-10
1.987814964633369952e-10
2.320395531203142227e-10
2.629342923812424903e-10
3.672666323660338152e-10
3.926339726517664794e-10
4.032180415252082791e-10
4.113964461994756639e-10
4.274467974535935133e-02
3.964111786333936234e-10
2.925357399742586063e-10
3.374405604496358261e-10
2.989241165281319812e-10
1.683662038301878226e-10
1.988093073274279718e-10
1.537228298656608073e-10
2.720741347500330496e-11
6.486073220464008145e-11
3.308400136311166731e-11
1.016726069086496482e-15
4.292878284688813273e-15
7.345961340531411132e-15
2.059520907482694772e-11
1.139326421946932390e-14
1.257028521486264222e-14
1.311549481936114294e-14
1.249025336388729903e-14
4.132284282013557666e-12
1.326232802571591952e-14
1.329451612546847573e-14
1.386093248948083303e-14
0.000000000000000000e+00
0.000000000000000000e+00
7.233386452896467941e-12
1.295083800606681841e-14
9.594829381578437624e-12
8.556223931607692723e-12
1.282110046844683063e-14
8.298263501817183959e-12
1.230922384501230166e-14
5.941209232349707590e-12
1.222249825128389048e-14
1.205058966838305850e-14
1.271886062066438501e-14
1.134064208011869047e-14
1.124026370188718511e-14
1.021341460356473187e-14
8.359387964932710865e-15
4.400432598978235436e-11
3.270649418481292985e-15
2.187502827938693355e-12
2.679856990874591524e-11
6.062350840037123842e-11
9.893804148420083093e-11
1.360555421263991090e-10
1.739844794806592837e-10
1.357871206891925613e-10
2.588787295643096176e-10
2.227943259431482545e-10
2.616378758897792973e-10
3.783086843801867884e-10
3.312513002822443332e-10
3.516895350104024673e-10
3.596613694206203953e-10
5.308047030834275870e-02
3.361113563028768058e-10
3.099682965801103088e-10
3.449788998456001654e-10
2.134004092840272279e-10
2.443366873367542360e-10
1.909857890015871496e-10
1.371489838890687413e-10
1.423323138501044679e-11
5.884635276407736552e-11
2.017224970139845508e-11
1.013876438693058905e-15
5.801864102776463821e-15
8.549803795215921009e-15
1.019562097918836746e-14
1.161530635902236277e-14
1.227011946741076128e-14
1.305865163873208576e-14
6.059759771679654907e-12
1.416193994157366306e-14
1.314049235862187995e-14
1.313518676535288997e-14
0.000000000000000000e+00
0.000000000000000000e+00
9.997031515466248198e-12
1.228610950293466873e-14
1.267302683790249196e-14
1.491083016708573652e-14
1.493007463222592566e-14
1.527389921796871088e-14
1.280473674830331804e-15
1.472648007944600213e-14
1.591950390892985271e-14
1.471304424169325421e-14
1.459503693551216672e-14
1.446873132553293321e-14
1.445592131513717875e-14
1.346205218902685163e-14
6.157046096509979263e-12
1.598963402290777821e-11
9.307834552366433220e-15
6.929754579363434419e-15
3.864711932731359973e-15
1.345481733959222929e-16
3.215945350306725019e-11
1.465444755306627782e-10
3.095214309516529734e-11
1.498466768905227680e-10
1.926303271594815589e-10
2.462873453217473530e-10
2.138716188135580569e-10
2.590824173106934241e-10
3.779753841919182525e-10
3.303934676103348535e-10
3.472785166254420255e-10
3.501373686141119905e-10
2.442963481666935898e-12
3.164389853178209089e-10
2.795091963165839672e-10
2.345883477179849361e-10
1.857202345704707435e-10
1.340247061185024459e-10
8.116747066607915160e-11
1.153680866653649868e-10
7.262009893755228657e-11
3.752082540462267457e-11
1.333203326920322211e-14
1.854617433203067922e-14
9.727609146509511049e-15
1.204979905455158351e-14
1.346199310660708982e-14
1.528519452178665415e-14
1.532115128823833540e-14
1.669410777528944472e-14
1.518340437664411685e-14
1.964582224587682580e-15
2.892468996642431859e-14
0.000000000000000000e+00
0.000000000000000000e+00
1.077625653956357645e-15
1.567617369720934480e-14
1.498388239767834251e-14
1.482440503899678579e-14
1.961161012191781313e-15
1.472607643012809396e-14
1.673228008300575232e-15
1.819036207753323712e-15
1.474464999516806710e-14
1.513392873758745233e-14
1.521053292891631115e-15
1.336670250210522559e-15
1.098894582740720864e-15
1.392276681406043374e-14
1.384612485288863131e-14
1.335113097086901341e-14
9.711540700760906438e-12
9.998003217897545041e-15
8.415821563990432444e-15
5.241074459322941674e-11
1.069889739392178495e-15
2.395085661144418801e-11
3.345673926271319039e-15
1.050033314311330392e-10
2.291649961363438463e-10
1.195398048108932695e-10
1.670129102928281018e-10
2.979336384360072292e-10
3.430408313333866223e-10
2.998374556804209420e-10
3.265075112376722122e-10
3.341334417028286671e-10
3.330019168153989060e-10
5.537461916695471182e-13
3.763939833805793994e-10
2.594707879900118968e-10
2.156504909543540336e-10
2.520575545813227112e-10
2.826040239714309733e-10
1.586551888239631504e-10
1.079995259195630182e-10
6.752642480304970112e-11
2.617542219679918667e-11
9.399101553030039333e-16
6.858794754735223080e-15
1.057041116841701916e-14
1.342005074029432546e-14
4.286097906122578899e-16
1.175364672396739073e-15
1.601983585991986313e-14
1.604918182161942797e-14
2.250063403570837955e-15
1.510892619298267426e-14
0.000000000000000000e+00
0.000000000000000000e+00
1.535381556176561890e-14
1.522597587215674464e-14
1.573929608743663425e-14
1.503066515083475864e-14
1.536038434085016224e-14
1.474692264668547837e-14
1.548252631538044654e-14
1.535464641520131039e-14
1.927027824800671489e-15
1.950392580711025632e-15
1.383375579791878787e-15
1.484074231484345155e-14
1.490350892637430935e-14
1.510152080440971743e-14
1.253923087252581574e-15
1.428595126431867101e-14
1.321864677729892618e-14
1.216295911622740771e-14
1.720655901486194959e-11
3.258052973462773625e-11
4.728237228613592940e-11
7.585263248656431807e-11
2.839995787429923188e-11
6.475667016090126775e-11
1.093649665480620809e-10
1.504307920263057226e-10
1.978197372557401457e-10
1.651244365548354244e-10
2.062790953468218496e-10
2.479923316781743354e-10
3.547547949221841714e-10
3.787364868786441483e-10
3.108521994930200669e-10
3.078532381399594737e-10
7.641928760820316491e-13
2.685378709311245507e-10
2.436663868674864014e-10
2.861495267144828760e-10
2.437464629813823280e-10
1.967147551056365187e-10
1.499118934254887337e-10
1.017017808388958052e-10
4.376107806884828938e-15
8.223784140630564273e-12
3.763069386037468784e-15
7.985847408596860070e-15
2.625106006570812515e-14
1.224759402994686899e-15
2.972353616503819517e-14
2.983175481653994520e-15
1.584533294507543099e-14
1.601833786207717831e-14
1.433707273524525959e-14
0.000000000000000000e+00
0.000000000000000000e+00
1.122673881712144547e-15
1.592171841168362933e-14
1.224232387185315634e-15
1.222791856820119792e-15
1.515577560558522230e-14
1.553512982993126546e-14
1.778672793140215114e-15
1.516137982121567832e-14
1.572082611734528447e-15
1.524558651741912552e-14
1.486513471912133138e-14
1.641354229802263894e-15
1.493132712018938353e-14
9.068105462059576367e-16
1.506235910595237741e-14
1.496810288558272038e-14
1.397361368226275640e-14
1.020433007379618770e-12
7.318422025075764361e-12
1.122636245657771472e-14
3.161012641645213435e-11
5.569896211488884178e-15
1.442008535746980087e-15
2.685746656768098993e-11
6.785723716085612690e-11
2.240102210424703951e-11
6.271199930787832317e-11
1.885257380023524783e-10
1.472753331186428981e-10
2.648234115304073447e-10
2.978593431982547539e-10
2.438511698460306494e-10
2.669211235663798224e-10
2.790202336432149288e-10
2.790828151771828211e-10
7.359766802653804242e-12
2.583596794023401869e-10
3.120596023197992653e-10
3.597225805514981062e-10
2.328989925853709345e-10
1.082786056933657978e-10
1.353177242136125001e-10
1.542168343882717872e-10
1.143053360767363950e-10
2.396477512886169400e-15
3.417697201497949961e-11
1.093677731009874662e-11
1.227446501954646943e-15
6.933474688024388140e-11
1.590315313277048177e-14
1.643713021139075042e-14
1.470404960339402558e-15
1.626581246036821649e-15
0.000000000000000000e+00
0.000000000000000000e+00
1.036183759037047078e-15
1.329678303608559659e-15
1.043622334648927669e-15
1.504718085569899381e-14
1.273379155734671831e-15
1.505224715498982341e-14
1.519723075770197965e-14
1.535661579409656949e-14
1.274076304453112575e-15
1.163786023476699189e-15
1.549506257888502963e-14
1.579949093225747508e-14
1.526643672159981803e-14
1.572049322273069349e-14
1.535845923887729004e-14
1.461582045202928003e-14
1.464502564651743198e-14
3.562656856640684908e-16
1.357154513092555818e-14
1.244247237435035330e-14
1.094420962463299239e-14
2.697107704324394230e-11
5.715515081700770239e-15
2.104628754920438912e-15
1.016227124669849526e-10
1.367962021463462935e-10
8.922943169349290936e-11
1.253365973571798168e-10
8.410479660394072287e-11
1.981924972758280312e-10
2.359678220677480665e-10
2.650365489978636912e-10
2.181486473932925786e-10
2.402168047026555656e-10
2.544330957082212907e-10
3.446473896444798916e-10
4.980360224817099307e-02
2.460476881297943600e-10
3.797826138333619608e-10
2.657472181521728209e-10
2.956178844037277826e-10
2.327188959163544443e-10
9.736138427370635953e-11
4.322251980368140707e-11
1.541766935485664469e-14
7.808731614463663613e-15
6.921556444434441884e-12
1.550509627022410210e-14
3.234790293910760778e-15
1.674963801391104153e-14
1.606912970168921006e-14
1.577476008875879832e-14
1.565289642571840917e-14
0.000000000000000000e+00
0.000000000000000000e+00
1.605801601118310804e-15
1.504223947747267479e-14
8.171066975091845026e-12
1.304218733964421852e-14
9.127678894167440761e-12
8.002777012785934534e-12
1.525669031906133338e-14
1.559212611068237446e-14
8.709601536610804155e-16
1.525640215288252494e-14
1.246452478999705831e-14
1.246553394631079467e-14
7.126030779458479392e-12
1.228734815522807616e-14
1.879596574221566888e-15
1.556835721386963462e-15
1.476761324009500762e-14
1.131197945750399889e-15
1.173017110032496657e-14
1.167898358336507597e-14
1.028335016727431924e-14
8.245966170823356275e-15
2.871001662379554682e-11
5.743259619536897860e-15
1.837344432222746141e-15
1.171507253298441653e-11
6.320784940646651026e-11
9.046185836197175782e-11
1.206997182000615017e-10
7.398291123267166937e-11
1.741320672043714185e-10
2.067437668494050341e-10
1.658425472305212743e-10
1.924193888211985475e-10
2.362879873998219111e-10
3.333603634578217304e-10
2.634161323657275906e-10
1.142594286040717610e-01
3.093651378065753538e-10
2.778043206861461362e-10
1.554262189032117725e-10
2.639097630586523482e-10
1.322361351252866096e-10
1.483641904977842069e-10
8.765950240610779300e-11
3.248049841416709395e-11
2.045422557396980475e-12
2.257824646041215168e-15
3.859211071735555181e-15
4.181701635060021065e-15
1.410304417142025939e-14
1.343649746320665192e-14
1.313508476484560924e-14
0.000000000000000000e+00
0.000000000000000000e+00
1.493203567327932668e-14
1.175982431902852792e-15
1.034266963540632860e-15
1.125357613168032505e-15
1.427809850998154075e-14
1.246329122903800503e-14
1.281621267891334051e-14
1.232081837013404088e-14
1.788072958510773141e-15
1.549894594220208064e-14
1.528084733198503543e-14
1.388922655540261657e-15
1.536934337676008512e-14
7.578199268066694634e-12
1.244960288716617859e-14
1.301041869805587906e-14
8.668717621329562354e-16
9.133197658477890725e-16
1.467168620632523965e-14
1.405274276994630928e-14
3.016234803883759900e-12
1.011104658621635164e-14
8.542082988816566262e-15
7.782431726909782763e-15
6.822302365004200696e-15
4.026067101670605540e-15
0.000000000000000000e+00
2.860174269968223138e-11
3.834870968954141381e-15
1.032769055974371633e-10
1.324548119679484099e-10
1.681081081689790873e-10
1.855362523882380682e-10
1.385466861921560618e-10
2.550368918520474978e-10
2.800840928077702902e-10
3.807864434298963943e-10
2.465206383084489413e-10
1.010870909051904558e-11
2.921992756749914366e-10
3.305857954075241013e-10
1.238465764862409899e-10
2.177338382278904426e-10
7.731495306889001709e-11
9.456340591918999497e-11
5.192432810291185258e-15
8.831258266801323394e-11
1.538418782891662815e-15
2.953255654557132880e-15
7.076945194906334098e-11
1.512701208133209189e-14
1.409311392026475517e-14
1.267185871309101362e-14
0.000000000000000000e+00
0.000000000000000000e+00
1.025236128343358019e-11
1.189271589937570066e-14
9.329541266618829306e-12
1.325093777681971704e-14
1.310657759407253201e-14
6.559564403892308153e-12
3.672256050920234884e-12
6.739663872922214184e-12
9.087854494340477169e-12
8.629948468699467385e-12
1.257078929621318862e-14
1.214349450317103429e-14
1.252583286147998562e-14
1.276441624853241021e-14
7.768014591692066485e-12
1.256167757601743875e-14
1.277954687987800713e-14
1.283357225533948983e-14
1.177315187918888422e-14
8.905437800507103327e-12
1.168681204119036577e-14
1.146252589130378400e-14
2.093278792182489804e-11
9.144893376630990005e-15
7.771541637786025347e-15
4.768427665496028764e-11
2.968592941169299182e-15
6.317793507535903645e-12
2.936835386530830440e-11
5.779908835448984155e-11
3.637170162524538783e-12
1.157899289003153781e-10
6.898194406729235925e-11
1.054467988367217740e-10
2.212384212374994671e-10
1.722749090710427689e-10
2.812414690996265032e-10
2.938428818191878691e-10
3.728414178994885662e-10
2.286827359702030228e-13
3.308225141683624210e-10
2.891756211213183434e-10
1.518684687633170823e-10
1.696641683644034208e-10
1.085057386681504777e-10
4.864157586777111238e-11
1.174815211500718180e-11
5.404281367281021838e-11
5.561203693387075076e-11
6.082854120718390480e-11
2.453250499321980053e-15
1.542768307876319952e-14
1.369463254954687215e-14
0.000000000000000000e+00
0.000000000000000000e+00
1.230164331907334348e-14
1.271620674029533039e-14
5.269698451680186755e-12
8.610195473333178174e-12
1.286879543725059138e-14
8.827792163065482888e-12
1.248231009728524235e-14
1.306586783710845938e-14
1.243319873895813286e-14
1.317672740535938640e-14
1.327562845713517373e-14
1.304454931247314861e-14
1.261741170868189521e-14
1.285961696824542766e-14
1.246379982158455842e-14
1.284536493640342540e-14
4.174583618368851530e-12
6.502696602473807422e-12
1.192271264698803316e-14
1.305966668873070710e-14
1.194760627060924593e-14
1.121271021403131600e-11
1.379748552741640000e-11
2.097596490132424368e-11
2.405116813081431243e-11
9.012503376671718333e-15
6.253106638451519066e-15
3.734029596868466484e-15
7.294431735638895727e-11
1.641650360069432869e-11
5.671281388910220879e-15
1.332566609913187924e-15
9.847691207483970212e-11
2.155204873393869831e-10
1.664952022449244599e-10
1.203866276912765523e-10
2.356782278932103549e-10
1.794522188149870516e-10
2.696847629443380692e-10
3.485187354874287409e-10
3.079799755558972674e-10
2.187587257152703231e-10
2.499167033188190519e-10
2.740807247275506657e-10
1.343701993766803851e-10
2.333772042989579508e-10
1.003383951056366093e-10
6.023006418030365340e-11
5.599776857509601841e-15
4.644398529465092672e-11
3.154642817129374417e-15
1.592572024863404979e-14
1.440655348992618701e-14
0.000000000000000000e+00
0.000000000000000000e+00
1.287651718494525715e-14
1.229499705947119986e-14
1.271821959157238624e-14
5.418434360003857758e-12
6.789667532022598886e-12
6.287890125779527507e-12
8.784600825851034778e-12
1.238444568760110662e-14
1.263168858814297352e-14
9.026551333732709407e-12
6.997297263548157508e-12
1.264247890096259538e-14
1.305135260851806452e-14
1.231324987049327500e-14
1.240185009499645184e-14
1.207375012075881259e-14
9.608687108639220798e-12
6.207385893774559874e-12
1.205726941550131923e-14
1.245584688038353117e-14
1.222856997207370295e-14
1.185925194546419970e-14
1.260363201793562407e-14
1.146164170160361410e-14
1.139257283572451582e-14
9.717908917011879665e-15
8.494005842552318541e-15
7.170248336578710659e-15
5.267080345074946839e-15
2.220737916257608614e-15
1.166402226411153450e-14
3.341700374977864197e-11
6.033595627017281425e-11
1.132530641839732186e-11
1.220768115439241738e-10
7.623691295995107629e-11
1.036429384326604059e-10
1.431292697128057667e-10
1.641567679084170445e-10
1.803449647737531368e-10
2.558812375923424948e-10
1.575458559803261298e-10
1.999859991560423716e-10
2.300559874922355581e-10
8.862859723983865955e-11
1.005297580251751159e-10
1.164951058567030731e-10
7.348636907859614337e-11
1.297161289205350595e-10
4.449456198673541867e-11
3.752178066444882088e-15
1.700600328501226288e-14
1.732714902692489172e-14
0.000000000000000000e+00
0.000000000000000000e+00
1.286780980796096611e-14
1.287290968414468429e-14
1.229218804253177278e-14
1.271899519753346809e-14
6.592168790390341400e-12
1.217624351656924983e-11
1.284993077332713288e-14
2.650410653295807822e-14
1.243851513302910213e-14
1.256315522846337201e-14
7.251352128866084875e-12
1.245629372988043830e-14
1.290993649381006953e-14
8.133082748158108981e-12
5.572484542906979059e-12
1.264890887397829741e-14
4.415764143171835009e-12
6.042208691694589275e-12
8.872204445124672033e-12
1.299347071663521001e-14
1.310394734115307478e-14
3.853201040891680399e-12
1.240370217019814646e-14
1.180293559389385141e-14
1.780792156788523943e-11
1.173656593762248414e-11
1.025164382427931755e-14
2.400848795197454883e-11
8.459608582294557030e-15
5.657455229736441870e-15
3.402145648866748325e-15
1.149940528271908819e-12
2.777507960525512023e-11
4.922280385625881370e-15
8.193944650504771841e-11
3.690231001443832662e-11
7.314024937996993853e-11
1.107073960222591661e-10
1.382273993357557916e-10
8.576184207435701006e-11
2.644613354847004245e-10
1.770742166803563830e-10
1.539138451445782768e-10
1.938484172158680760e-10
2.150437009963506072e-10
1.451075423732368621e-10
1.528152461388690240e-10
1.777418045069563333e-10
1.386326649164048146e-10
3.497354019964878887e-11
5.324643933363735009e-15
5.829592105071840524e-15
5.775269451979388255e-15
0.000000000000000000e+00
0.000000000000000000e+00
1.286870139466455661e-14
1.287209433578505592e-14
1.286979945464766030e-14
1.229182595915770001e-14
9.320878588483525983e-12
9.109013508407306003e-12
1.280011830353214574e-14
1.255902079376481832e-14
1.285900414556488450e-14
7.105837277723236484e-12
1.308501965839056266e-14
1.318732135791162134e-14
1.235125152821481981e-14
1.204909149710687240e-14
1.242092714598326008e-14
1.309347854277167323e-14
1.222983123360319550e-14
1.218857634706131210e-14
1.236369418726066274e-14
1.267529236601388080e-14
1.276827423374340722e-14
1.232754351231206306e-14
5.442517931665127875e-12
1.025717854669631343e-11
1.179946582149129340e-14
1.176225035889280583e-14
2.538106385134140826e-14
1.058520734259248918e-14
1.029135387317193434e-14
9.160326566930782149e-15
6.619950937042161744e-15
1.799360629970816091e-14
1.346224187758751394e-14
9.543553295933736428e-15
5.231085961171906526e-11
6.114452203721704004e-13
1.252381724417099009e-10
7.952248456163175080e-11
3.480248213603112168e-11
7.877539214574454598e-11
1.818728740949732390e-10
1.952245618924535786e-10
1.903138999957801534e-10
2.536103935847371071e-10
1.223898292362935060e-05
2.625715682038499554e-10
1.753623285550144117e-10
2.695113386323924176e-10
1.311555179671549069e-10
1.077863400471598969e-10
2.248555887268961419e-11
9.981321752370090710e-15
9.869182061484210621e-15
0.000000000000000000e+00
0.000000000000000000e+00
1.287633320694287383e-14
1.287726953093585605e-14
1.286939210992939564e-14
1.287322534192625751e-14
1.228632306842174164e-14
9.597099953934129904e-12
5.918069119565779557e-12
1.240320261031856451e-14
9.685379431871916177e-12
1.306158816829657127e-14
1.300153864359497374e-14
1.237824833674893681e-14
1.262916988356833351e-14
1.228248647719213754e-14
1.318896562542178442e-14
1.226016960688482207e-14
1.310541786531960962e-14
8.165638645304204268e-12
1.263674766722861224e-14
1.222245493446641245e-14
6.001058630277535791e-12
1.242231518069252714e-14
1.200872888180931954e-14
1.220706476359090187e-14
1.180863343336026399e-14
1.106579148215868748e-11
1.066344272235773916e-11
1.102579663900343757e-14
1.139879704040821294e-14
1.003196856013488087e-14
8.823339995368134085e-15
3.915538453877544032e-11
4.123471534240297413e-15
4.268883234586036333e-16
3.001796622440706157e-11
3.310645656973408385e-15
1.637160649382401181e-11
4.598587387758862097e-11
1.383365390980658155e-11
1.355541223073980494e-10
1.655438541552638879e-10
1.891594994798568802e-10
1.955739199365129743e-10
3.216313987879659420e-10
1.037371377858178484e-01
7.434447901113511344e-03
1.827242884288661968e-10
9.976469214106682006e-11
1.106481755329830101e-10
8.579373618721675096e-11
1.527796742878586153e-14
1.680949296630134793e-14
1.953225250744813571e-14
0.000000000000000000e+00
0.000000000000000000e+00
1.287510208737703682e-14
1.286889457005619206e-14
1.287018697890027657e-14
1.287396960159584796e-14
1.286704539816880766e-14
1.286946501346289561e-14
9.090422687633439308e-12
7.640195936439915717e-12
1.220316382206654675e-14
1.287128501373943918e-14
5.143731934820491226e-12
1.347625394496144807e-14
8.600325640068204228e-12
8.656220711727988106e-12
1.248248338774486620e-14
6.173572868557284847e-12
8.921095335602324242e-12
5.918115737380081221e-12
9.134300624092077514e-12
3.596093802418664853e-12
1.249518653505629158e-14
5.525718044842984568e-12
1.261018649973187618e-14
1.284494336234693555e-14
1.271086547132225613e-14
7.654853130074211865e-12
1.186527624360339492e-11
1.223580280887980809e-14
1.194523605008136937e-14
1.470703629506976948e-11
1.103740148960274895e-14
2.908334596672885118e-11
2.061141683853267191e-14
3.732512182108735624e-15
8.646086853492958682e-11
7.066246666888923298e-15
2.446597163896705522e-15
1.823596478935096416e-11
5.583098895960873677e-11
2.151617651790705804e-11
1.386852686358017247e-10
7.838904311247745766e-11
2.350332541200115439e-10
1.335522392825543251e-10
2.402145624374736733e-10
2.393942746071594733e-10
2.299797939811162818e-10
1.480143376840936475e-10
8.587397480122057306e-11
4.199735369884416159e-11
1.025560054320470904e-10
1.210228436443250757e-14
3.088517777208415502e-14
0.000000000000000000e+00
0.000000000000000000e+00
1.287042315391681984e-14
1.286945021186428112e-14
1.287328679679108065e-14
1.286720404361268138e-14
1.286929135942383440e-14
1.286989344627552570e-14
1.287103841918232406e-14
8.947348884449634572e-12
1.300846177779169477e-14
1.263333932774654193e-14
8.817542423483297093e-12
1.256120177657707608e-14
1.265697219316050717e-14
9.300315551888730365e-12
1.310017504038603136e-14
9.024111123188481576e-12
1.307120346810224446e-14
7.919424628077139383e-12
7.352870792468234976e-12
6.538832004269608510e-12
4.995339317377197049e-12
9.726653874512911561e-12
1.242985330590357155e-14
1.315490769136089810e-14
4.237925917863442283e-12
1.235568023553401268e-14
1.183314587885917920e-11
2.586995106818963881e-14
1.182680326696704263e-14
1.090279418997768297e-14
2.473368601033333763e-14
2.605039907121433201e-11
8.523356900703925321e-15
6.961456885792328629e-15
3.199564847150753709e-15
7.840526458841667616e-13
7.665123091921781557e-15
5.708019389953622025e-11
1.158142516573238625e-11
4.130830143709331109e-11
1.489544509989668553e-10
9.422281628132503984e-11
1.677053591994692002e-10
1.458653372523655146e-10
2.510678455879844413e-10
2.554270378400738048e-10
1.695575563609455255e-10
1.717397082118361266e-10
1.943260900062239856e-10
0.000000000000000000e+00
2.070772564013744258e-15
6.129074936969063002e-15
1.157492511716743065e-14
0.000000000000000000e+00
0.000000000000000000e+00
1.287296200448137648e-14
1.287492020665513089e-14
1.287076519412717271e-14
1.286704034364926351e-14
1.286881127330004569e-14
1.286827709391054666e-14
1.286782763168956919e-14
1.286649782983170039e-14
1.309666546016072874e-14
1.272143439416712353e-14
5.264318186561257535e-12
1.325078396659282259e-14
1.325030275995181585e-14
8.367537765795761431e-12
1.309400846840727112e-14
4.590454967375172441e-12
4.860780142061784647e-12
1.220352285834176806e-14
6.104711148066999273e-12
9.392801167413991221e-12
1.259640395488448967e-14
1.257815267703891415e-14
1.227106009767962662e-14
1.289714265085946305e-14
1.242784881715107420e-14
1.303856146611299906e-14
1.273044659339360372e-14
1.237330530137490878e-14
1.285595959991332472e-14
1.228182678501359604e-14
1.173943732903722938e-14
1.048607496409422706e-14
1.854596623119175408e-11
2.226503047323010412e-14
2.064295224061001302e-14
1.795029264046366992e-14
8.017293482955491176e-11
1.004633480373054769e-14
4.479666363922084260e-11
2.593684133883367801e-15
2.310614893750210616e-12
7.364984065546792467e-12
1.610993457462516603e-10
1.340430910586316902e-10
8.266700448570433833e-11
9.253727890117943096e-11
2.123200684013524830e-11
4.287834693846900089e-11
2.284646490437385963e-13
2.321290547456107186e-15
5.933327586498651525e-11
1.855502403909032818e-14
2.359787678947114820e-14
0.000000000000000000e+00
0.000000000000000000e+00
1.287151822275420143e-14
1.287142123530396407e-14
1.287080696747930023e-14
1.286484118990774192e-14
1.287179979322568446e-14
1.287428405032152855e-14
1.286253368908445090e-14
1.287439251567728608e-14
1.286374970226770382e-14
1.287021770932512312e-14
1.022716357319152939e-11
8.840840172612719412e-12
1.228445148152747846e-14
5.652360447623664608e-12
5.141322590248801982e-12
8.900365722325928569e-12
1.011065966757032338e-11
5.701331422479343098e-12
1.274129960930797399e-14
5.368459136091843990e-12
1.218483918671269942e-14
1.263970046903139613e-14
1.283796242382884331e-14
1.262770325309681614e-14
6.670338594694552842e-12
1.289202743861620883e-14
6.870822829710775428e-12
1.243198971769119064e-14
1.152608221127040145e-14
1.226576803834052151e-14
1.228495533889184764e-14
1.241245928655037109e-14
1.578532465448923711e-11
1.019182822351776834e-14
9.866690589773238077e-15
2.173060555515974899e-14
6.993561454263277006e-15
1.738126444593220909e-14
1.452911792215158350e-14
1.233746202427627646e-14
1.644553249340709741e-11
1.008981292609499515e-10
8.843339721443040974e-12
6.093046123287872122e-11
1.038400877350750130e-10
4.909917662659373398e-11
8.659384935881079935e-16
7.843406793935082713e-15
4.238751782306473126e-12
2.337775484521779968e-11
5.126431995015613699e-11
5.708873164421843704e-11
1.462945577869650261e-09
0.000000000000000000e+00
0.000000000000000000e+00
1.286334378154955849e-14
1.287000272921725038e-14
1.286845781913524718e-14
1.286682270101037364e-14
1.286875096983489194e-14
1.286904561691659628e-14
1.286459824421654866e-14
1.287274587106146829e-14
1.287317203716401795e-14
1.286559291914133865e-14
1.287050560589761896e-14
1.236129461235362262e-14
7.535117592272489758e-12
8.706105977501996834e-12
1.205541390877038523e-14
1.215749148835022126e-14
1.194498557304975921e-14
1.023492537672646048e-11
8.792018217601829602e-12
1.252826972000527156e-14
1.328133359835919865e-14
1.198896511850267232e-14
1.274653977658252744e-14
2.622594599638965819e-14
1.266535864034041460e-14
5.247995560152944196e-12
5.064720266930043724e-12
1.076826507899730316e-11
1.306710269894300131e-14
1.228084748322342728e-14
2.669828990930487413e-14
1.275203435620797310e-14
1.230258468778533175e-14
1.144672517712250897e-14
1.483319296254774365e-11
1.090606109649581024e-10
1.023105276793527881e-14
2.212954786827798649e-14
2.033056446228381499e-14
4.374911446855843855e-11
5.159517811497960351e-15
4.345115782018885824e-15
4.628355053295502165e-15
7.412002114539444223e-15
1.759495427073359238e-10
1.711000035813794618e-15
6.403340036989088741e-15
3.602727657577145536e-11
5.207481903866407286e-09
7.605175416678398859e-02
1.417963273401918581e-13
2.255179610823182675e-10
2.074215382465043094e-10
0.000000000000000000e+00
0.000000000000000000e+00
1.287034574291528967e-14
1.287012657018248302e-14
1.287641507149553157e-14
1.287232967850991583e-14
1.286741913174148826e-14
1.286473270071335568e-14
1.286470893116840806e-14
1.286701809559884574e-14
1.286910270896202502e-14
1.286788696412026457e-14
1.287332717476748738e-14
1.287379984795067376e-14
1.286805123324008395e-14
1.265549458533115043e-14
4.557366186654907593e-12
1.213771536463368572e-14
1.244438190876026104e-14
9.118028611143228794e-12
1.242772565600173550e-14
1.300342653425413891e-14
7.992863852252435561e-12
1.300975684785017968e-14
2.677380265434696520e-14
1.261283848600932262e-14
1.247718702783353636e-14
1.249059769961590391e-14
1.194085464990686857e-14
6.242881351206512518e-12
2.651702888896750127e-14
1.264660402100106854e-14
1.228582118977150832e-14
5.878878279909233229e-12
1.220739918646035476e-14
1.166619126085843698e-14
1.158683995352737138e-14
1.140053377028921297e-14
1.155100079848434419e-14
1.526879910403990246e-11
9.892235645427251783e-15
8.969738940338997079e-15
6.607333188557874939e-15
5.561409829635902207e-11
2.666641594982532241e-15
5.620613946136612402e-16
5.293324998501902770e-12
5.321332268437808993e-12
1.059228728778338297e-10
4.166880725644701143e-11
1.586973811064735889e-10
3.716936740574828900e-12
3.253465770294483547e-10
2.647467455498499253e-10
2.374738601518243361e-10
0.000000000000000000e+00
0.000000000000000000e+00
1.286877437607160311e-14
1.287055622109060703e-14
1.287478176142244422e-14
1.286788260552088947e-14
1.286060175792390786e-14
1.286511439727041871e-14
1.286694341958450002e-14
1.287141111481863342e-14
1.286797060628076441e-14
1.287340674888781505e-14
1.286818283902760298e-14
1.287068284498004242e-14
1.287494075887883773e-14
1.262532702644757094e-14
6.203788436857532767e-12
1.205254249022583150e-14
1.266973056201367236e-14
1.220112042270333291e-14
5.150193503997210451e-12
2.636845981120250817e-14
1.298452017456980712e-14
8.171213539499276858e-12
4.354511925409874549e-12
1.235833729277385904e-14
1.084437036966775949e-11
6.098639362322356893e-12
1.316924663826947482e-14
1.318256179329993597e-14
1.265590776446487048e-14
1.284374717242016788e-14
1.211005614715619993e-14
1.302294858126112056e-14
2.675007007723958598e-14
1.213943261463297107e-14
1.171848294693432088e-11
1.018245917234672705e-11
1.146119870219031923e-14
2.515435467504542394e-14
2.420601116252660517e-14
7.497160137997670359e-15
1.753041602346446224e-14
1.304904559790505691e-14
6.307271974072169486e-15
1.445062643731285877e-16
5.768311425317181040e-15
1.173257620681460266e-14
5.566254713543693936e-11
2.690580959467891798e-13
4.822346657326468354e-03
3.056522210375147945e-10
3.108869173068532943e-10
3.722588016509980067e-10
3.178569473154079000e-10
0.000000000000000000e+00
0.000000000000000000e+00
0.000000000000000000e+00
0.000000000000000000e+00
0.000000000000000000e+00
0.000000000000000000e+00
0.000000000000000000e+00
0.000000000000000000e+00
0.000000000000000000e+00
0.000000000000000000e+00
0.000000000000000000e+00
0.000000000000000000e+00
0.000000000000000000e+00
0.000000000000000000e+00
0.000000000000000000e+00
0.000000000000000000e+00
0.000000000000000000e+00
0.000000000000000000e+00
0.000000000000000000e+00
0.000000000000000000e+00
0.000000000000000000e+00
0.000000000000000000e+00
0.000000000000000000e+00
0.000000000000000000e+00
0.000000000000000000e+00
0.000000000000000000e+00
0.000000000000000000e+00
0.000000000000000000e+00
0.000000000000000000e+00
0.000000000000000000e+00
0.000000000000000000e+00
0.000000000000000000e+00
0.000000000000000000e+00
0.000000000000000000e+00
0.000000000000000000e+00
0.000000000000000000e+00
0.000000000000000000e+00
0.000000000000000000e+00
0.000000000000000000e+00
0.000000000000000000e+00
0.000000000000000000e+00
0.000000000000000000e+00
0.000000000000000000e+00
0.000000000000000000e+00
0.000000000000000000e+00
0.000000000000000000e+00
0.000000000000000000e+00
0.000000000000000000e+00
0.000000000000000000e+00
0.000000000000000000e+00
0.000000000000000000e+00
0.000000000000000000e+00
0.000000000000000000e+00
0.000000000000000000e+00
0.000000000000000000e+00
0.000000000000000000e+00
