#Weights for Beta densities from bootstrap run
0.000000000000000000e+00 0.000000000000000000e+00 0.000000000000000000e+00 0.000000000000000000e+00 0.000000000000000000e+00 0.000000000000000000e+00 2.212695119802571553e-01 3.795159701778747646e-02 1.392768702597562552e-03 0.000000000000000000e+00 0.000000000000000000e+00 1.092494691791431743e-01 1.133994991888888637e-01 6.801676216919758100e-02 0.000000000000000000e+00 0.000000000000000000e+00 1.219193083204438491e-03 1.607176224811742229e-02 4.314294364308061125e-01 0.000000000000000000e+00 0.000000000000000000e+00 0.000000000000000000e+00 0.000000000000000000e+00 0.000000000000000000e+00 0.000000000000000000e+00
0.000000000000000000e+00 0.000000000000000000e+00 0.000000000000000000e+00 0.000000000000000000e+00 0.000000000000000000e+00 0.000000000000000000e+00 1.270650536904361083e-01 5.218262350733371413e-02 5.593617558586013762e-03 0.000000000000000000e+00 0.000000000000000000e+00 7.496913435918864388e-02 1.592705277745641024e-01 1.245813521189972350e-01 0.000000000000000000e+00 0.000000000000000000e+00 2.040868610486037960e-03 3.147463132833139970e-02 4.228221910520766902e-01 0.000000000000000000e+00 0.000000000000000000e+00 0.000000000000000000e+00 0.000000000000000000e+00 0.000000000000000000e+00 0.000000000000000000e+00
0.000000000000000000e+00 0.000000000000000000e+00 0.000000000000000000e+00 0.000000000000000000e+00 0.000000000000000000e+00 0.000000000000000000e+00 1.403960741377486554e-01 6.431722355019686699e-02 5.932523963054560021e-03 0.000000000000000000e+00 0.000000000000000000e+00 9.375007315607687686e-02 1.632186635811377351e-01 1.018087818222657703e-01 0.000000000000000000e+00 0.000000000000000000e+00 2.520962177838332024e-03 2.900705859106079629e-02 3.990486390206204881e-01 0.000000000000000000e+00 0.000000000000000000e+00 0.000000000000000000e+00 0.000000000000000000e+00 0.000000000000000000e+00 0.000000000000000000e+00
0.000000000000000000e+00 0.000000000000000000e+00 0.000000000000000000e+00 0.000000000000000000e+00 0.000000000000000000e+00 0.000000000000000000e+00 9.019197608396693766e-02 7.696507866226634520e-02 6.833357947659481242e-03 0.000000000000000000e+00 0.000000000000000000e+00 1.029062447239376121e-01 2.195840515389602399e-01 1.138388582696905488e-01 0.000000000000000000e+00 0.000000000000000000e+00 2.859741381202793569e-03 3.353887909792239302e-02 3.532818122943938155e-01 0.000000000000000000e+00 0.000000000000000000e+00 0.000000000000000000e+00 0.000000000000000000e+00 0.000000000000000000e+00 0.000000000000000000e+00
0.000000000000000000e+00 0.000000000000000000e+00 0.000000000000000000e+00 0.000000000000000000e+00 0.000000000000000000e+00 0.000000000000000000e+00 6.949104911851274047e-02 7.177828793266458063e-02 9.079004942717301685e-03 0.000000000000000000e+00 0.000000000000000000e+00 8.715266032976418109e-02 2.096698996603396647e-01 1.592094441580747533e-01 0.000000000000000000e+00 0.000000000000000000e+00 2.520765140279916054e-03 3.156068097591175486e-02 3.595382077417350053e-01 0.000000000000000000e+00 0.000000000000000000e+00 0.000000000000000000e+00 0.000000000000000000e+00 0.000000000000000000e+00 0.000000000000000000e+00
0.000000000000000000e+00 0.000000000000000000e+00 0.000000000000000000e+00 0.000000000000000000e+00 0.000000000000000000e+00 0.000000000000000000e+00 1.486682385867170997e-01 8.492426619610356220e-02 6.629672878193173212e-03 0.000000000000000000e+00 0.000000000000000000e+00 1.373794809725467636e-01 2.085460930950474578e-01 1.198862518886176370e-01 0.000000000000000000e+00 0.000000000000000000e+00 3.312433081002218865e-03 2.473571544211559947e-02 2.659178478596565531e-01 0.000000000000000000e+00 0.000000000000000000e+00 0.000000000000000000e+00 0.000000000000000000e+00 0.000000000000000000e+00 0.000000000000000000e+00
0.000000000000000000e+00 0.000000000000000000e+00 0.000000000000000000e+00 0.000000000000000000e+00 0.000000000000000000e+00 0.000000000000000000e+00 9.504143404958743935e-02 4.441875610193183471e-02 2.365838297456390130e-03 0.000000000000000000e+00 0.000000000000000000e+00 1.104765922622838459e-01 2.228663426809179837e-01 9.455018817106894402e-02 0.000000000000000000e+00 0.000000000000000000e+00 2.294112149511648782e-03 3.503563305415624551e-02 3.929511032330854636e-01 0.000000000000000000e+00 0.000000000000000000e+00 0.000000000000000000e+00 0.000000000000000000e+00 0.000000000000000000e+00 0.000000000000000000e+00
0.000000000000000000e+00 0.000000000000000000e+00 0.000000000000000000e+00 0.000000000000000000e+00 0.000000000000000000e+00 0.000000000000000000e+00 1.567242957478731380e-01 4.266740605183170360e-02 3.821127678630273188e-03 0.000000000000000000e+00 0.000000000000000000e+00 9.376717873001280679e-02 1.398287210127166502e-01 1.101721552659112591e-01 0.000000000000000000e+00 0.000000000000000000e+00 2.295920608443864641e-03 2.587702726717441143e-02 4.248461676374059581e-01 0.000000000000000000e+00 0.000000000000000000e+00 0.000000000000000000e+00 0.000000000000000000e+00 0.000000000000000000e+00 0.000000000000000000e+00
0.000000000000000000e+00 0.000000000000000000e+00 0.000000000000000000e+00 0.000000000000000000e+00 0.000000000000000000e+00 0.000000000000000000e+00 1.076112107576242677e-01 5.456818311015983886e-02 2.711892023783229327e-03 0.000000000000000000e+00 0.000000000000000000e+00 1.274846110639991370e-01 2.210751551542210480e-01 9.196973193062556173e-02 0.000000000000000000e+00 0.000000000000000000e+00 1.847821838579248284e-03 2.444432487136689175e-02 3.682870692496410525e-01 0.000000000000000000e+00 0.000000000000000000e+00 0.000000000000000000e+00 0.000000000000000000e+00 0.000000000000000000e+00 0.000000000000000000e+00
0.000000000000000000e+00 0.000000000000000000e+00 0.000000000000000000e+00 0.000000000000000000e+00 0.000000000000000000e+00 0.000000000000000000e+00 1.262911795749058486e-01 5.074108905193311370e-02 3.094447529188293616e-03 0.000000000000000000e+00 0.000000000000000000e+00 1.077657223913043028e-01 1.602155721665502464e-01 8.866801633837781416e-02 0.000000000000000000e+00 0.000000000000000000e+00 2.765781584915917926e-03 3.152595200283098142e-02 4.289322393599933614e-01 0.000000000000000000e+00 0.000000000000000000e+00 0.000000000000000000e+00 0.000000000000000000e+00 0.000000000000000000e+00 0.000000000000000000e+00
0.000000000000000000e+00 0.000000000000000000e+00 0.000000000000000000e+00 0.000000000000000000e+00 0.000000000000000000e+00 0.000000000000000000e+00 1.216656341267926544e-01 5.872638879867221606e-02 5.172452562942164364e-03 0.000000000000000000e+00 0.000000000000000000e+00 9.113485343485346057e-02 1.517042509900331793e-01 1.079654196021759965e-01 0.000000000000000000e+00 0.000000000000000000e+00 2.086129536136136723e-03 2.491981392790234076e-02 4.366250570204916470e-01 0.000000000000000000e+00 0.000000000000000000e+00 0.000000000000000000e+00 0.000000000000000000e+00 0.000000000000000000e+00 0.000000000000000000e+00
0.000000000000000000e+00 0.000000000000000000e+00 0.000000000000000000e+00 0.000000000000000000e+00 0.000000000000000000e+00 0.000000000000000000e+00 1.629267945667924877e-01 4.594264491712048148e-02 3.320167455433423349e-03 0.000000000000000000e+00 0.000000000000000000e+00 8.290939334825671303e-02 1.378970727842457056e-01 9.415356994004540903e-02 0.000000000000000000e+00 0.000000000000000000e+00 2.262924605536356659e-03 2.957206216865537751e-02 4.410153702139138487e-01 0.000000000000000000e+00 0.000000000000000000e+00 0.000000000000000000e+00 0.000000000000000000e+00 0.000000000000000000e+00 0.000000000000000000e+00
0.000000000000000000e+00 0.000000000000000000e+00 0.000000000000000000e+00 0.000000000000000000e+00 0.000000000000000000e+00 0.000000000000000000e+00 5.634223587836403174e-02 4.351207756220799167e-02 3.106161929382011098e-03 0.000000000000000000e+00 0.000000000000000000e+00 1.012392619665248433e-01 2.338840237805207278e-01 1.348714692728347486e-01 0.000000000000000000e+00 0.000000000000000000e+00 1.991125236632547164e-03 3.000685492394990911e-02 3.950467894495829912e-01 0.000000000000000000e+00 0.000000000000000000e+00 0.000000000000000000e+00 0.000000000000000000e+00 0.000000000000000000e+00 0.000000000000000000e+00
0.000000000000000000e+00 0.000000000000000000e+00 0.000000000000000000e+00 0.000000000000000000e+00 0.000000000000000000e+00 0.000000000000000000e+00 1.298050377694942581e-01 5.093071510634741145e-02 4.198526188006386668e-03 0.000000000000000000e+00 0.000000000000000000e+00 7.617153137103345462e-02 1.199554293865134486e-01 7.014147729113488772e-02 0.000000000000000000e+00 0.000000000000000000e+00 1.978296731304908171e-03 2.834067645371364172e-02 5.184783097024513454e-01 0.000000000000000000e+00 0.000000000000000000e+00 0.000000000000000000e+00 0.000000000000000000e+00 0.000000000000000000e+00 0.000000000000000000e+00
0.000000000000000000e+00 0.000000000000000000e+00 0.000000000000000000e+00 0.000000000000000000e+00 0.000000000000000000e+00 0.000000000000000000e+00 2.025805064857551518e-01 4.370827417099230894e-02 2.278649543585072133e-03 0.000000000000000000e+00 0.000000000000000000e+00 1.134207058812300023e-01 1.453554586306135266e-01 8.839072248817000932e-02 0.000000000000000000e+00 0.000000000000000000e+00 1.458402342985827375e-03 2.026685258742913151e-02 3.825404278692391413e-01 0.000000000000000000e+00 0.000000000000000000e+00 0.000000000000000000e+00 0.000000000000000000e+00 0.000000000000000000e+00 0.000000000000000000e+00
0.000000000000000000e+00 0.000000000000000000e+00 0.000000000000000000e+00 0.000000000000000000e+00 0.000000000000000000e+00 0.000000000000000000e+00 8.875074375557831519e-02 3.913717158687136238e-02 3.538685518043960341e-03 0.000000000000000000e+00 0.000000000000000000e+00 7.463358270850571630e-02 1.376990601841233675e-01 1.050236054676884218e-01 0.000000000000000000e+00 0.000000000000000000e+00 2.509603997136731698e-03 3.412470575555594937e-02 5.145828410264963182e-01 0.000000000000000000e+00 0.000000000000000000e+00 0.000000000000000000e+00 0.000000000000000000e+00 0.000000000000000000e+00 0.000000000000000000e+00
0.000000000000000000e+00 0.000000000000000000e+00 0.000000000000000000e+00 0.000000000000000000e+00 0.000000000000000000e+00 0.000000000000000000e+00 1.319966164769139083e-01 7.020151196078955325e-02 5.251317345598904666e-03 0.000000000000000000e+00 0.000000000000000000e+00 1.051084023436514026e-01 2.300372469826457156e-01 1.009005314827278177e-01 0.000000000000000000e+00 0.000000000000000000e+00 3.017862482215951259e-03 3.936444156677463418e-02 3.141220693586821988e-01 0.000000000000000000e+00 0.000000000000000000e+00 0.000000000000000000e+00 0.000000000000000000e+00 0.000000000000000000e+00 0.000000000000000000e+00
0.000000000000000000e+00 0.000000000000000000e+00 0.000000000000000000e+00 0.000000000000000000e+00 0.000000000000000000e+00 0.000000000000000000e+00 7.517055269556026376e-02 4.502930384255250662e-02 5.339655547732327819e-03 0.000000000000000000e+00 0.000000000000000000e+00 7.807363173988525473e-02 1.739720818989002327e-01 1.245215294149325386e-01 0.000000000000000000e+00 0.000000000000000000e+00 2.620966630775692276e-03 3.692152763841032026e-02 4.583507505912506885e-01 0.000000000000000000e+00 0.000000000000000000e+00 0.000000000000000000e+00 0.000000000000000000e+00 0.000000000000000000e+00 0.000000000000000000e+00
0.000000000000000000e+00 0.000000000000000000e+00 0.000000000000000000e+00 0.000000000000000000e+00 0.000000000000000000e+00 0.000000000000000000e+00 6.371793761567870473e-02 6.190515308640863468e-02 1.049931636015797622e-02 0.000000000000000000e+00 0.000000000000000000e+00 6.756777459574125899e-02 1.732227962884453354e-01 1.737761704566508081e-01 0.000000000000000000e+00 0.000000000000000000e+00 2.014596503805236253e-03 2.918940635594474350e-02 4.181068487371673026e-01 0.000000000000000000e+00 0.000000000000000000e+00 0.000000000000000000e+00 0.000000000000000000e+00 0.000000000000000000e+00 0.000000000000000000e+00
0.000000000000000000e+00 0.000000000000000000e+00 0.000000000000000000e+00 0.000000000000000000e+00 0.000000000000000000e+00 0.000000000000000000e+00 9.625180333471577976e-02 6.302824928592518083e-02 3.195966778640075764e-03 0.000000000000000000e+00 0.000000000000000000e+00 1.184484459054157141e-01 2.451358016609740953e-01 1.000187673527772186e-01 0.000000000000000000e+00 0.000000000000000000e+00 2.279744545399438067e-03 3.201486143332490236e-02 3.396263597028274517e-01 0.000000000000000000e+00 0.000000000000000000e+00 0.000000000000000000e+00 0.000000000000000000e+00 0.000000000000000000e+00 0.000000000000000000e+00
0.000000000000000000e+00 0.000000000000000000e+00 0.000000000000000000e+00 0.000000000000000000e+00 0.000000000000000000e+00 0.000000000000000000e+00 1.553231592635176683e-01 3.505614373295271730e-02 1.608319419602167229e-03 0.000000000000000000e+00 0.000000000000000000e+00 9.425569080181075976e-02 9.555529487728946225e-02 6.486966363157961601e-02 0.000000000000000000e+00 0.000000000000000000e+00 2.190723441680039654e-03 2.425702891888617888e-02 5.268839759126812128e-01 0.000000000000000000e+00 0.000000000000000000e+00 0.000000000000000000e+00 0.000000000000000000e+00 0.000000000000000000e+00 0.000000000000000000e+00
0.000000000000000000e+00 0.000000000000000000e+00 0.000000000000000000e+00 0.000000000000000000e+00 0.000000000000000000e+00 0.000000000000000000e+00 7.635993173965492653e-02 5.880117310711616141e-02 2.237553774589336013e-03 0.000000000000000000e+00 0.000000000000000000e+00 1.085248710584741094e-01 2.208839766371133440e-01 8.951439776079155031e-02 0.000000000000000000e+00 0.000000000000000000e+00 1.699144464130545500e-03 2.635342469068742768e-02 4.156255267674427434e-01 0.000000000000000000e+00 0.000000000000000000e+00 0.000000000000000000e+00 0.000000000000000000e+00 0.000000000000000000e+00 0.000000000000000000e+00
0.000000000000000000e+00 0.000000000000000000e+00 0.000000000000000000e+00 0.000000000000000000e+00 0.000000000000000000e+00 0.000000000000000000e+00 1.166621774355599966e-01 6.558009040739480600e-02 5.932804984176111122e-03 0.000000000000000000e+00 0.000000000000000000e+00 1.262524390051229795e-01 1.561962345387279960e-01 9.986672227305649907e-02 0.000000000000000000e+00 0.000000000000000000e+00 3.349030054900755619e-03 2.852856725970904714e-02 3.976319340413518866e-01 0.000000000000000000e+00 0.000000000000000000e+00 0.000000000000000000e+00 0.000000000000000000e+00 0.000000000000000000e+00 0.000000000000000000e+00
0.000000000000000000e+00 0.000000000000000000e+00 0.000000000000000000e+00 0.000000000000000000e+00 0.000000000000000000e+00 0.000000000000000000e+00 1.192124549601509403e-01 2.785593234565260715e-02 4.054689725166349054e-03 0.000000000000000000e+00 0.000000000000000000e+00 7.039150934976318164e-02 1.381160535269194412e-01 1.201966717503714227e-01 0.000000000000000000e+00 0.000000000000000000e+00 2.464725510005317134e-03 3.647480707885859819e-02 4.812331557531122073e-01 0.000000000000000000e+00 0.000000000000000000e+00 0.000000000000000000e+00 0.000000000000000000e+00 0.000000000000000000e+00 0.000000000000000000e+00
0.000000000000000000e+00 0.000000000000000000e+00 0.000000000000000000e+00 0.000000000000000000e+00 0.000000000000000000e+00 0.000000000000000000e+00 1.072216842116519853e-01 4.055871123142430756e-02 3.919941436225132109e-03 0.000000000000000000e+00 0.000000000000000000e+00 1.001678008037448775e-01 1.409967485398010978e-01 1.106500541900227313e-01 0.000000000000000000e+00 0.000000000000000000e+00 2.766421698695829736e-03 2.861949321971513777e-02 4.650991446687187669e-01 0.000000000000000000e+00 0.000000000000000000e+00 0.000000000000000000e+00 0.000000000000000000e+00 0.000000000000000000e+00 0.000000000000000000e+00
0.000000000000000000e+00 0.000000000000000000e+00 0.000000000000000000e+00 0.000000000000000000e+00 0.000000000000000000e+00 0.000000000000000000e+00 9.751397985525192547e-02 4.369060040974685061e-02 3.535569434141154575e-03 0.000000000000000000e+00 0.000000000000000000e+00 8.433075508506615581e-02 1.389024305323046382e-01 1.155317699228099459e-01 0.000000000000000000e+00 0.000000000000000000e+00 2.266933708707309907e-03 3.019574490383574936e-02 4.840322161481362961e-01 0.000000000000000000e+00 0.000000000000000000e+00 0.000000000000000000e+00 0.000000000000000000e+00 0.000000000000000000e+00 0.000000000000000000e+00
0.000000000000000000e+00 0.000000000000000000e+00 0.000000000000000000e+00 0.000000000000000000e+00 0.000000000000000000e+00 0.000000000000000000e+00 1.395312730221429098e-01 5.581463951748131397e-02 4.914934471771389458e-03 0.000000000000000000e+00 0.000000000000000000e+00 9.517002168183549826e-02 1.640940973034882011e-01 1.150938640171535327e-01 0.000000000000000000e+00 0.000000000000000000e+00 2.564274657441028768e-03 2.712328420344613245e-02 3.956936111252399302e-01 0.000000000000000000e+00 0.000000000000000000e+00 0.000000000000000000e+00 0.000000000000000000e+00 0.000000000000000000e+00 0.000000000000000000e+00
0.000000000000000000e+00 0.000000000000000000e+00 0.000000000000000000e+00 0.000000000000000000e+00 0.000000000000000000e+00 0.000000000000000000e+00 1.357562189146203913e-01 6.714972497114815586e-02 6.141906742933292938e-03 0.000000000000000000e+00 0.000000000000000000e+00 9.949935667042418552e-02 1.813678882556942484e-01 1.328170557535907348e-01 0.000000000000000000e+00 0.000000000000000000e+00 2.490662039650328417e-03 2.779338904699286614e-02 3.469837976049459094e-01 0.000000000000000000e+00 0.000000000000000000e+00 0.000000000000000000e+00 0.000000000000000000e+00 0.000000000000000000e+00 0.000000000000000000e+00
0.000000000000000000e+00 0.000000000000000000e+00 0.000000000000000000e+00 0.000000000000000000e+00 0.000000000000000000e+00 0.000000000000000000e+00 1.340168932868142926e-01 8.220754705310953647e-02 6.606775895126469102e-03 0.000000000000000000e+00 0.000000000000000000e+00 1.197031905859347461e-01 1.935142081504727662e-01 9.447318437301280292e-02 0.000000000000000000e+00 0.000000000000000000e+00 3.248904862479449780e-03 3.317190622397808014e-02 3.330573895690718267e-01 0.000000000000000000e+00 0.000000000000000000e+00 0.000000000000000000e+00 0.000000000000000000e+00 0.000000000000000000e+00 0.000000000000000000e+00
0.000000000000000000e+00 0.000000000000000000e+00 0.000000000000000000e+00 0.000000000000000000e+00 0.000000000000000000e+00 0.000000000000000000e+00 6.944525500482631730e-02 7.911614379567981359e-02 4.018674127175125323e-03 0.000000000000000000e+00 0.000000000000000000e+00 9.411883535008203072e-02 2.616824834378019826e-01 9.611619192321392557e-02 0.000000000000000000e+00 0.000000000000000000e+00 1.623005591036982657e-03 2.960700269233314946e-02 3.642724080778506068e-01 0.000000000000000000e+00 0.000000000000000000e+00 0.000000000000000000e+00 0.000000000000000000e+00 0.000000000000000000e+00 0.000000000000000000e+00
0.000000000000000000e+00 0.000000000000000000e+00 0.000000000000000000e+00 0.000000000000000000e+00 0.000000000000000000e+00 0.000000000000000000e+00 1.460702785205576226e-01 5.037206024116510500e-02 1.743273250114002687e-03 0.000000000000000000e+00 0.000000000000000000e+00 1.046470072341355584e-01 1.603093166280431803e-01 7.704876311281590173e-02 0.000000000000000000e+00 0.000000000000000000e+00 1.492480288860815931e-03 2.181321783273985210e-02 4.365036028915679212e-01 0.000000000000000000e+00 0.000000000000000000e+00 0.000000000000000000e+00 0.000000000000000000e+00 0.000000000000000000e+00 0.000000000000000000e+00
0.000000000000000000e+00 0.000000000000000000e+00 0.000000000000000000e+00 0.000000000000000000e+00 0.000000000000000000e+00 0.000000000000000000e+00 5.647469063467308592e-02 7.226540569258475821e-02 9.666128170656422547e-03 0.000000000000000000e+00 0.000000000000000000e+00 5.517480049234356476e-02 2.052001459381246895e-01 1.648141425654145731e-01 0.000000000000000000e+00 0.000000000000000000e+00 1.699161491270574382e-03 3.496445253030436989e-02 3.997410724846280905e-01 0.000000000000000000e+00 0.000000000000000000e+00 0.000000000000000000e+00 0.000000000000000000e+00 0.000000000000000000e+00 0.000000000000000000e+00
0.000000000000000000e+00 0.000000000000000000e+00 0.000000000000000000e+00 0.000000000000000000e+00 0.000000000000000000e+00 0.000000000000000000e+00 5.595783995364130015e-02 4.373824383692145185e-02 3.833007802768215438e-03 0.000000000000000000e+00 0.000000000000000000e+00 8.679954066730599660e-02 1.942284164790066825e-01 1.342672399803518379e-01 0.000000000000000000e+00 0.000000000000000000e+00 3.367345483195711194e-03 4.218902779781177198e-02 4.356193379989969916e-01 0.000000000000000000e+00 0.000000000000000000e+00 0.000000000000000000e+00 0.000000000000000000e+00 0.000000000000000000e+00 0.000000000000000000e+00
0.000000000000000000e+00 0.000000000000000000e+00 0.000000000000000000e+00 0.000000000000000000e+00 0.000000000000000000e+00 0.000000000000000000e+00 1.002274409194831017e-01 5.141079922257969781e-02 4.904152752930288593e-03 0.000000000000000000e+00 0.000000000000000000e+00 7.019505559081158641e-02 1.760092312889116606e-01 1.147540055265029862e-01 0.000000000000000000e+00 0.000000000000000000e+00 2.001698562470123101e-03 3.375432735895111253e-02 4.467432887773592487e-01 0.000000000000000000e+00 0.000000000000000000e+00 0.000000000000000000e+00 0.000000000000000000e+00 0.000000000000000000e+00 0.000000000000000000e+00
0.000000000000000000e+00 0.000000000000000000e+00 0.000000000000000000e+00 0.000000000000000000e+00 0.000000000000000000e+00 0.000000000000000000e+00 9.310594182655726470e-02 6.653350519574562083e-02 5.598966082680668227e-03 0.000000000000000000e+00 0.000000000000000000e+00 1.036472103801972244e-01 2.273786435035233533e-01 1.168013461819299159e-01 0.000000000000000000e+00 0.000000000000000000e+00 3.588746653607711220e-03 4.181304636257725943e-02 3.415325938131805739e-01 0.000000000000000000e+00 0.000000000000000000e+00 0.000000000000000000e+00 0.000000000000000000e+00 0.000000000000000000e+00 0.000000000000000000e+00
0.000000000000000000e+00 0.000000000000000000e+00 0.000000000000000000e+00 0.000000000000000000e+00 0.000000000000000000e+00 0.000000000000000000e+00 1.306852011000511349e-01 4.298733996366526505e-02 3.899208772977568165e-03 0.000000000000000000e+00 0.000000000000000000e+00 9.390373038652383153e-02 1.412189944242565054e-01 8.101437808237574312e-02 0.000000000000000000e+00 0.000000000000000000e+00 2.778663252902399336e-03 3.373973606521010055e-02 4.697727479520372729e-01 0.000000000000000000e+00 0.000000000000000000e+00 0.000000000000000000e+00 0.000000000000000000e+00 0.000000000000000000e+00 0.000000000000000000e+00
0.000000000000000000e+00 0.000000000000000000e+00 0.000000000000000000e+00 0.000000000000000000e+00 0.000000000000000000e+00 0.000000000000000000e+00 7.370911777748269389e-02 4.207096149887148279e-02 2.467380667913286665e-03 0.000000000000000000e+00 0.000000000000000000e+00 9.487255490305944450e-02 1.478002212687863082e-01 7.299406527362342634e-02 0.000000000000000000e+00 0.000000000000000000e+00 3.125585720619187755e-03 3.799762646507293118e-02 5.249624864245714395e-01 0.000000000000000000e+00 0.000000000000000000e+00 0.000000000000000000e+00 0.000000000000000000e+00 0.000000000000000000e+00 0.000000000000000000e+00
0.000000000000000000e+00 0.000000000000000000e+00 0.000000000000000000e+00 0.000000000000000000e+00 0.000000000000000000e+00 0.000000000000000000e+00 7.515377567429780414e-02 5.883778776262856697e-02 5.689156937613376597e-03 0.000000000000000000e+00 0.000000000000000000e+00 1.017387367773080614e-01 2.380861988670644469e-01 1.548229219788657129e-01 0.000000000000000000e+00 0.000000000000000000e+00 1.802947701661995706e-03 2.772219401414449669e-02 3.361462802864156330e-01 0.000000000000000000e+00 0.000000000000000000e+00 0.000000000000000000e+00 0.000000000000000000e+00 0.000000000000000000e+00 0.000000000000000000e+00
0.000000000000000000e+00 0.000000000000000000e+00 0.000000000000000000e+00 0.000000000000000000e+00 0.000000000000000000e+00 0.000000000000000000e+00 6.604439494930838817e-02 5.115633284942222581e-02 4.430035284674042721e-03 0.000000000000000000e+00 0.000000000000000000e+00 1.048155567980501995e-01 2.147070021289794461e-01 1.393722229967690740e-01 0.000000000000000000e+00 0.000000000000000000e+00 3.731011759521349683e-03 4.084525849001210268e-02 3.748981847432630299e-01 0.000000000000000000e+00 0.000000000000000000e+00 0.000000000000000000e+00 0.000000000000000000e+00 0.000000000000000000e+00 0.000000000000000000e+00
0.000000000000000000e+00 0.000000000000000000e+00 0.000000000000000000e+00 0.000000000000000000e+00 0.000000000000000000e+00 0.000000000000000000e+00 8.228451590758442680e-02 2.882445952890166224e-02 3.341163553950133019e-03 0.000000000000000000e+00 0.000000000000000000e+00 1.053393910378044446e-01 1.590339037901037644e-01 1.210601602021608297e-01 0.000000000000000000e+00 0.000000000000000000e+00 4.389905313861878697e-03 4.246726469710865315e-02 4.532592359685244099e-01 0.000000000000000000e+00 0.000000000000000000e+00 0.000000000000000000e+00 0.000000000000000000e+00 0.000000000000000000e+00 0.000000000000000000e+00
0.000000000000000000e+00 0.000000000000000000e+00 0.000000000000000000e+00 0.000000000000000000e+00 0.000000000000000000e+00 0.000000000000000000e+00 1.334145344780367504e-01 3.428005237324906890e-02 2.331655349913754841e-03 0.000000000000000000e+00 0.000000000000000000e+00 6.608164473670560812e-02 1.422107578880641987e-01 1.026675976882372443e-01 0.000000000000000000e+00 0.000000000000000000e+00 1.017281830138865506e-03 2.541577965103676562e-02 4.925806960046177352e-01 0.000000000000000000e+00 0.000000000000000000e+00 0.000000000000000000e+00 0.000000000000000000e+00 0.000000000000000000e+00 0.000000000000000000e+00
0.000000000000000000e+00 0.000000000000000000e+00 0.000000000000000000e+00 0.000000000000000000e+00 0.000000000000000000e+00 0.000000000000000000e+00 7.598052423265100330e-02 5.827383543138363320e-02 4.239937430641899790e-03 0.000000000000000000e+00 0.000000000000000000e+00 1.098034670271225283e-01 1.883306537876755504e-01 8.458159461990587269e-02 0.000000000000000000e+00 0.000000000000000000e+00 3.221302957007700189e-03 3.705545213967296331e-02 4.385132323739387439e-01 0.000000000000000000e+00 0.000000000000000000e+00 0.000000000000000000e+00 0.000000000000000000e+00 0.000000000000000000e+00 0.000000000000000000e+00
0.000000000000000000e+00 0.000000000000000000e+00 0.000000000000000000e+00 0.000000000000000000e+00 0.000000000000000000e+00 0.000000000000000000e+00 1.415535475442483704e-01 4.396143763808557647e-02 2.052182276336226088e-03 0.000000000000000000e+00 0.000000000000000000e+00 1.199675270871280036e-01 2.027410967208178316e-01 9.056713516268531661e-02 0.000000000000000000e+00 0.000000000000000000e+00 1.994532633375952629e-03 2.842065556900657403e-02 3.687418853683160913e-01 0.000000000000000000e+00 0.000000000000000000e+00 0.000000000000000000e+00 0.000000000000000000e+00 0.000000000000000000e+00 0.000000000000000000e+00
0.000000000000000000e+00 0.000000000000000000e+00 0.000000000000000000e+00 0.000000000000000000e+00 0.000000000000000000e+00 0.000000000000000000e+00 1.083277933348092414e-01 6.376807711319747163e-02 4.767166961897578714e-03 0.000000000000000000e+00 0.000000000000000000e+00 1.131650646798253168e-01 1.703501071691209678e-01 8.408943766225400462e-02 0.000000000000000000e+00 0.000000000000000000e+00 3.330954384568544230e-03 3.463383551965028284e-02 4.175675631746768590e-01 0.000000000000000000e+00 0.000000000000000000e+00 0.000000000000000000e+00 0.000000000000000000e+00 0.000000000000000000e+00 0.000000000000000000e+00
0.000000000000000000e+00 0.000000000000000000e+00 0.000000000000000000e+00 0.000000000000000000e+00 0.000000000000000000e+00 0.000000000000000000e+00 7.150846158120710561e-02 5.513299260919541506e-02 3.201479375337388036e-03 0.000000000000000000e+00 0.000000000000000000e+00 9.806537180098760798e-02 2.716078695837532697e-01 8.848058950391682331e-02 0.000000000000000000e+00 0.000000000000000000e+00 2.315567664230686225e-03 4.260799954877121654e-02 3.670796683326005838e-01 0.000000000000000000e+00 0.000000000000000000e+00 0.000000000000000000e+00 0.000000000000000000e+00 0.000000000000000000e+00 0.000000000000000000e+00
0.000000000000000000e+00 0.000000000000000000e+00 0.000000000000000000e+00 0.000000000000000000e+00 0.000000000000000000e+00 0.000000000000000000e+00 1.610865989339904936e-01 5.965579230162727786e-02 2.370686361639200677e-03 0.000000000000000000e+00 0.000000000000000000e+00 1.337023125234013676e-01 2.119819719142930214e-01 7.354705659920492133e-02 0.000000000000000000e+00 0.000000000000000000e+00 2.232435518278164804e-03 2.822895514137165052e-02 3.271941907061938215e-01 0.000000000000000000e+00 0.000000000000000000e+00 0.000000000000000000e+00 0.000000000000000000e+00 0.000000000000000000e+00 0.000000000000000000e+00
0.000000000000000000e+00 0.000000000000000000e+00 0.000000000000000000e+00 0.000000000000000000e+00 0.000000000000000000e+00 0.000000000000000000e+00 1.373138389900341871e-01 6.658991495775708203e-02 6.312005840368471732e-03 0.000000000000000000e+00 0.000000000000000000e+00 9.818770660395198524e-02 1.800120505499971657e-01 1.252334650068960276e-01 0.000000000000000000e+00 0.000000000000000000e+00 2.542852727430139521e-03 3.047683839846994022e-02 3.533313269250950572e-01 0.000000000000000000e+00 0.000000000000000000e+00 0.000000000000000000e+00 0.000000000000000000e+00 0.000000000000000000e+00 0.000000000000000000e+00
0.000000000000000000e+00 0.000000000000000000e+00 0.000000000000000000e+00 0.000000000000000000e+00 0.000000000000000000e+00 0.000000000000000000e+00 1.028492419195127794e-01 9.687603263411991017e-02 9.213474148714151379e-03 0.000000000000000000e+00 0.000000000000000000e+00 1.116974241364375592e-01 2.469911490120864639e-01 1.294287410363456070e-01 0.000000000000000000e+00 0.000000000000000000e+00 2.874880522814575283e-03 2.958242477375436219e-02 2.704866318162142402e-01 0.000000000000000000e+00 0.000000000000000000e+00 0.000000000000000000e+00 0.000000000000000000e+00 0.000000000000000000e+00 0.000000000000000000e+00
0.000000000000000000e+00 0.000000000000000000e+00 0.000000000000000000e+00 0.000000000000000000e+00 0.000000000000000000e+00 0.000000000000000000e+00 5.217207394580292146e-02 3.974385745796131519e-02 5.311624039158148111e-03 0.000000000000000000e+00 0.000000000000000000e+00 7.369976376839405818e-02 1.675720014419144477e-01 1.486876767440010461e-01 0.000000000000000000e+00 0.000000000000000000e+00 2.620436345756314064e-03 3.825741158770690209e-02 4.719351546693051347e-01 0.000000000000000000e+00 0.000000000000000000e+00 0.000000000000000000e+00 0.000000000000000000e+00 0.000000000000000000e+00 0.000000000000000000e+00
0.000000000000000000e+00 0.000000000000000000e+00 0.000000000000000000e+00 0.000000000000000000e+00 0.000000000000000000e+00 0.000000000000000000e+00 3.826351168814318138e-02 5.368277609761006042e-02 8.621595883765516624e-03 0.000000000000000000e+00 0.000000000000000000e+00 4.385361239721440041e-02 1.935043473575207285e-01 1.830357794641311320e-01 0.000000000000000000e+00 0.000000000000000000e+00 1.487658597564375145e-03 3.968582209817740625e-02 4.378648964158732282e-01 0.000000000000000000e+00 0.000000000000000000e+00 0.000000000000000000e+00 0.000000000000000000e+00 0.000000000000000000e+00 0.000000000000000000e+00
0.000000000000000000e+00 0.000000000000000000e+00 0.000000000000000000e+00 0.000000000000000000e+00 0.000000000000000000e+00 0.000000000000000000e+00 8.447910119988141786e-02 6.927820224992983777e-02 7.066883522131013270e-03 0.000000000000000000e+00 0.000000000000000000e+00 7.468913318637668275e-02 1.843240835541035683e-01 1.138616075418243390e-01 0.000000000000000000e+00 0.000000000000000000e+00 2.277049749924066595e-03 3.648162776519952438e-02 4.275423112306294682e-01 0.000000000000000000e+00 0.000000000000000000e+00 0.000000000000000000e+00 0.000000000000000000e+00 0.000000000000000000e+00 0.000000000000000000e+00
0.000000000000000000e+00 0.000000000000000000e+00 0.000000000000000000e+00 0.000000000000000000e+00 0.000000000000000000e+00 0.000000000000000000e+00 1.010131796280320099e-01 3.988360718733751503e-02 3.556498827092602257e-03 0.000000000000000000e+00 0.000000000000000000e+00 8.795540584912449333e-02 1.502998204217734224e-01 1.203180966559819209e-01 0.000000000000000000e+00 0.000000000000000000e+00 2.599934292091784713e-03 3.276678768768571254e-02 4.616066694508805801e-01 0.000000000000000000e+00 0.000000000000000000e+00 0.000000000000000000e+00 0.000000000000000000e+00 0.000000000000000000e+00 0.000000000000000000e+00
0.000000000000000000e+00 0.000000000000000000e+00 0.000000000000000000e+00 0.000000000000000000e+00 0.000000000000000000e+00 0.000000000000000000e+00 1.115692119568140461e-01 2.817450252122516777e-02 2.806783850638482590e-03 0.000000000000000000e+00 0.000000000000000000e+00 7.605904894280343664e-02 1.217090080171931571e-01 9.138456518765077086e-02 0.000000000000000000e+00 0.000000000000000000e+00 2.687468171541091376e-03 3.800080422975539440e-02 5.276086071223778928e-01 0.000000000000000000e+00 0.000000000000000000e+00 0.000000000000000000e+00 0.000000000000000000e+00 0.000000000000000000e+00 0.000000000000000000e+00
0.000000000000000000e+00 0.000000000000000000e+00 0.000000000000000000e+00 0.000000000000000000e+00 0.000000000000000000e+00 0.000000000000000000e+00 5.114453943897324939e-02 4.956035859299611629e-02 4.183823778437532892e-03 0.000000000000000000e+00 0.000000000000000000e+00 8.653168871108869731e-02 1.854015802609099428e-01 1.126596503655180465e-01 0.000000000000000000e+00 0.000000000000000000e+00 2.853828641368029960e-03 3.396963001557469497e-02 4.736949001951337168e-01 0.000000000000000000e+00 0.000000000000000000e+00 0.000000000000000000e+00 0.000000000000000000e+00 0.000000000000000000e+00 0.000000000000000000e+00
0.000000000000000000e+00 0.000000000000000000e+00 0.000000000000000000e+00 0.000000000000000000e+00 0.000000000000000000e+00 0.000000000000000000e+00 1.516222378136225513e-01 2.534413850868997772e-02 1.567104510233237541e-03 0.000000000000000000e+00 0.000000000000000000e+00 1.058501187254533710e-01 1.389605989433565225e-01 1.052145590340368975e-01 0.000000000000000000e+00 0.000000000000000000e+00 1.699546292980816170e-03 2.130071524139335107e-02 4.484409809302333794e-01 0.000000000000000000e+00 0.000000000000000000e+00 0.000000000000000000e+00 0.000000000000000000e+00 0.000000000000000000e+00 0.000000000000000000e+00
0.000000000000000000e+00 0.000000000000000000e+00 0.000000000000000000e+00 0.000000000000000000e+00 0.000000000000000000e+00 0.000000000000000000e+00 6.493500291347342745e-02 5.198721587485928552e-02 4.087691094857118755e-03 0.000000000000000000e+00 0.000000000000000000e+00 8.807866937939745622e-02 1.878565299742017414e-01 1.013196898580878691e-01 0.000000000000000000e+00 0.000000000000000000e+00 3.211085837104583809e-03 4.329391169741057116e-02 4.552302033706078221e-01 0.000000000000000000e+00 0.000000000000000000e+00 0.000000000000000000e+00 0.000000000000000000e+00 0.000000000000000000e+00 0.000000000000000000e+00
0.000000000000000000e+00 0.000000000000000000e+00 0.000000000000000000e+00 0.000000000000000000e+00 0.000000000000000000e+00 0.000000000000000000e+00 1.387476906846567826e-01 5.321112174371574188e-02 3.266234210334485744e-03 0.000000000000000000e+00 0.000000000000000000e+00 1.120055070744397085e-01 1.818969642600036796e-01 9.516461333524943444e-02 0.000000000000000000e+00 0.000000000000000000e+00 1.777579527790778147e-03 2.296034920823677300e-02 3.909699399555726096e-01 0.000000000000000000e+00 0.000000000000000000e+00 0.000000000000000000e+00 0.000000000000000000e+00 0.000000000000000000e+00 0.000000000000000000e+00
0.000000000000000000e+00 0.000000000000000000e+00 0.000000000000000000e+00 0.000000000000000000e+00 0.000000000000000000e+00 0.000000000000000000e+00 1.088524348573596673e-01 5.514726982587194598e-02 3.489999847218350302e-03 0.000000000000000000e+00 0.000000000000000000e+00 1.175437293722978449e-01 2.042700292668598039e-01 9.019889401591361933e-02 0.000000000000000000e+00 0.000000000000000000e+00 3.673285490640219517e-03 3.865347511992139884e-02 3.781708822039172579e-01 0.000000000000000000e+00 0.000000000000000000e+00 0.000000000000000000e+00 0.000000000000000000e+00 0.000000000000000000e+00 0.000000000000000000e+00
0.000000000000000000e+00 0.000000000000000000e+00 0.000000000000000000e+00 0.000000000000000000e+00 0.000000000000000000e+00 0.000000000000000000e+00 1.386184342247080703e-01 5.409590986469677010e-02 3.479807424732416898e-03 0.000000000000000000e+00 0.000000000000000000e+00 1.056745317742969897e-01 1.722566525353820821e-01 8.312118770597824724e-02 0.000000000000000000e+00 0.000000000000000000e+00 2.893496982839925940e-03 3.444751041414280401e-02 4.054124690732226477e-01 0.000000000000000000e+00 0.000000000000000000e+00 0.000000000000000000e+00 0.000000000000000000e+00 0.000000000000000000e+00 0.000000000000000000e+00
0.000000000000000000e+00 0.000000000000000000e+00 0.000000000000000000e+00 0.000000000000000000e+00 0.000000000000000000e+00 0.000000000000000000e+00 1.008908316513807413e-01 5.303508023403243066e-02 4.892016667875462299e-03 0.000000000000000000e+00 0.000000000000000000e+00 1.321634987323381250e-01 1.728103648991373420e-01 1.064038881210461890e-01 0.000000000000000000e+00 0.000000000000000000e+00 3.788062026105468941e-03 3.101576901576337184e-02 3.950004886523208469e-01 0.000000000000000000e+00 0.000000000000000000e+00 0.000000000000000000e+00 0.000000000000000000e+00 0.000000000000000000e+00 0.000000000000000000e+00
0.000000000000000000e+00 0.000000000000000000e+00 0.000000000000000000e+00 0.000000000000000000e+00 0.000000000000000000e+00 0.000000000000000000e+00 1.591834156163401404e-01 3.759110828859033721e-02 9.878797382976689783e-04 0.000000000000000000e+00 0.000000000000000000e+00 1.331128433155103208e-01 1.775093610315180148e-01 5.451683993931635830e-02 0.000000000000000000e+00 0.000000000000000000e+00 2.371592995178080192e-03 3.087917459577332532e-02 4.038477844794758909e-01 0.000000000000000000e+00 0.000000000000000000e+00 0.000000000000000000e+00 0.000000000000000000e+00 0.000000000000000000e+00 0.000000000000000000e+00
0.000000000000000000e+00 0.000000000000000000e+00 0.000000000000000000e+00 0.000000000000000000e+00 0.000000000000000000e+00 0.000000000000000000e+00 1.374293100136294021e-01 4.486786056746977502e-02 3.340032881529014872e-03 0.000000000000000000e+00 0.000000000000000000e+00 1.257910815018832840e-01 1.292801603883850514e-01 7.548683866418373634e-02 0.000000000000000000e+00 0.000000000000000000e+00 3.379861806373295023e-03 2.643037699015345424e-02 4.539944771863930195e-01 0.000000000000000000e+00 0.000000000000000000e+00 0.000000000000000000e+00 0.000000000000000000e+00 0.000000000000000000e+00 0.000000000000000000e+00
0.000000000000000000e+00 0.000000000000000000e+00 0.000000000000000000e+00 0.000000000000000000e+00 0.000000000000000000e+00 0.000000000000000000e+00 3.804197162071436961e-02 4.723300298855656609e-02 5.830706905729462521e-03 0.000000000000000000e+00 0.000000000000000000e+00 7.397617567411604589e-02 1.876661969623305004e-01 1.414790170327779595e-01 0.000000000000000000e+00 0.000000000000000000e+00 2.678987319393431703e-03 3.556727242982911374e-02 4.675266690665526026e-01 0.000000000000000000e+00 0.000000000000000000e+00 0.000000000000000000e+00 0.000000000000000000e+00 0.000000000000000000e+00 0.000000000000000000e+00
0.000000000000000000e+00 0.000000000000000000e+00 0.000000000000000000e+00 0.000000000000000000e+00 0.000000000000000000e+00 0.000000000000000000e+00 1.385181859174147712e-01 6.119597870526610750e-02 3.451108029283169679e-03 0.000000000000000000e+00 0.000000000000000000e+00 1.312999733993742979e-01 2.089631264559685675e-01 8.733296958863646930e-02 0.000000000000000000e+00 0.000000000000000000e+00 4.172879297956175355e-03 3.951943092230508769e-02 3.255463476837955339e-01 0.000000000000000000e+00 0.000000000000000000e+00 0.000000000000000000e+00 0.000000000000000000e+00 0.000000000000000000e+00 0.000000000000000000e+00
0.000000000000000000e+00 0.000000000000000000e+00 0.000000000000000000e+00 0.000000000000000000e+00 0.000000000000000000e+00 0.000000000000000000e+00 9.468976033240053547e-02 4.369265313544301588e-02 4.484839389840849719e-03 0.000000000000000000e+00 0.000000000000000000e+00 9.650210615267623693e-02 1.553388113073617682e-01 9.874420137263120734e-02 0.000000000000000000e+00 0.000000000000000000e+00 2.915122261483297714e-03 3.581947518257330015e-02 4.678130308655899516e-01 0.000000000000000000e+00 0.000000000000000000e+00 0.000000000000000000e+00 0.000000000000000000e+00 0.000000000000000000e+00 0.000000000000000000e+00
0.000000000000000000e+00 0.000000000000000000e+00 0.000000000000000000e+00 0.000000000000000000e+00 0.000000000000000000e+00 0.000000000000000000e+00 8.983679887232765005e-02 6.928930322206619530e-02 6.655429240997910029e-03 0.000000000000000000e+00 0.000000000000000000e+00 7.767943398174324832e-02 1.921096543795280942e-01 1.105984505560416165e-01 0.000000000000000000e+00 0.000000000000000000e+00 2.311826279834568610e-03 3.455930784256846383e-02 4.169597956248921045e-01 0.000000000000000000e+00 0.000000000000000000e+00 0.000000000000000000e+00 0.000000000000000000e+00 0.000000000000000000e+00 0.000000000000000000e+00
0.000000000000000000e+00 0.000000000000000000e+00 0.000000000000000000e+00 0.000000000000000000e+00 0.000000000000000000e+00 0.000000000000000000e+00 1.211540754828372146e-01 4.421062894143699962e-02 4.646035890750847830e-03 0.000000000000000000e+00 0.000000000000000000e+00 9.827641560703556656e-02 1.487571075651354102e-01 1.139578017620235389e-01 0.000000000000000000e+00 0.000000000000000000e+00 2.668999754749104818e-03 3.012423302769582853e-02 4.362047019683352178e-01 0.000000000000000000e+00 0.000000000000000000e+00 0.000000000000000000e+00 0.000000000000000000e+00 0.000000000000000000e+00 0.000000000000000000e+00
0.000000000000000000e+00 0.000000000000000000e+00 0.000000000000000000e+00 0.000000000000000000e+00 0.000000000000000000e+00 0.000000000000000000e+00 1.084854773969377850e-01 3.857152961260704865e-02 4.026079371620140158e-03 0.000000000000000000e+00 0.000000000000000000e+00 1.001356394265005417e-01 1.867266214894328924e-01 1.367668517540326367e-01 0.000000000000000000e+00 0.000000000000000000e+00 3.224944627510168815e-03 3.704008101385183188e-02 3.850227753075071147e-01 0.000000000000000000e+00 0.000000000000000000e+00 0.000000000000000000e+00 0.000000000000000000e+00 0.000000000000000000e+00 0.000000000000000000e+00
0.000000000000000000e+00 0.000000000000000000e+00 0.000000000000000000e+00 0.000000000000000000e+00 0.000000000000000000e+00 0.000000000000000000e+00 8.690890442639109814e-02 4.900408706690129179e-02 6.698473584280792946e-03 0.000000000000000000e+00 0.000000000000000000e+00 7.769387365684837787e-02 1.593147032413167741e-01 1.307030275216009563e-01 0.000000000000000000e+00 0.000000000000000000e+00 2.470916027832577039e-03 3.133446928892632405e-02 4.558715451859018386e-01 0.000000000000000000e+00 0.000000000000000000e+00 0.000000000000000000e+00 0.000000000000000000e+00 0.000000000000000000e+00 0.000000000000000000e+00
0.000000000000000000e+00 0.000000000000000000e+00 0.000000000000000000e+00 0.000000000000000000e+00 0.000000000000000000e+00 0.000000000000000000e+00 4.566529716408401079e-02 4.923342592164092757e-02 2.210109509097143380e-03 0.000000000000000000e+00 0.000000000000000000e+00 9.709407813726772529e-02 2.110240205483872589e-01 7.587772021616005780e-02 0.000000000000000000e+00 0.000000000000000000e+00 1.869288013327765523e-03 2.884883518245878048e-02 4.881772253075764012e-01 0.000000000000000000e+00 0.000000000000000000e+00 0.000000000000000000e+00 0.000000000000000000e+00 0.000000000000000000e+00 0.000000000000000000e+00
0.000000000000000000e+00 0.000000000000000000e+00 0.000000000000000000e+00 0.000000000000000000e+00 0.000000000000000000e+00 0.000000000000000000e+00 1.113074033084569675e-01 6.565429640587602811e-02 5.985111158214967593e-03 0.000000000000000000e+00 0.000000000000000000e+00 7.633774756738684331e-02 2.061185760928429533e-01 1.167857113159409543e-01 0.000000000000000000e+00 0.000000000000000000e+00 2.408386767013550971e-03 4.064981476569577007e-02 3.747529526185720550e-01 0.000000000000000000e+00 0.000000000000000000e+00 0.000000000000000000e+00 0.000000000000000000e+00 0.000000000000000000e+00 0.000000000000000000e+00
0.000000000000000000e+00 0.000000000000000000e+00 0.000000000000000000e+00 0.000000000000000000e+00 0.000000000000000000e+00 0.000000000000000000e+00 1.616517180757781613e-01 4.922339001533247022e-02 2.354056339917310649e-03 0.000000000000000000e+00 0.000000000000000000e+00 1.311965448282864100e-01 1.762137181323651658e-01 7.062883502776201583e-02 0.000000000000000000e+00 0.000000000000000000e+00 3.864622552585845854e-03 3.705949567118670129e-02 3.678076193567856311e-01 0.000000000000000000e+00 0.000000000000000000e+00 0.000000000000000000e+00 0.000000000000000000e+00 0.000000000000000000e+00 0.000000000000000000e+00
0.000000000000000000e+00 0.000000000000000000e+00 0.000000000000000000e+00 0.000000000000000000e+00 0.000000000000000000e+00 0.000000000000000000e+00 8.728476096514618809e-02 6.745409691350028047e-02 3.769928475211735061e-03 0.000000000000000000e+00 0.000000000000000000e+00 1.069253611194105613e-01 2.195711408900540562e-01 9.821441091901042530e-02 0.000000000000000000e+00 0.000000000000000000e+00 1.642010158856933421e-03 2.385271505937189632e-02 3.912855754994378210e-01 0.000000000000000000e+00 0.000000000000000000e+00 0.000000000000000000e+00 0.000000000000000000e+00 0.000000000000000000e+00 0.000000000000000000e+00
0.000000000000000000e+00 0.000000000000000000e+00 0.000000000000000000e+00 0.000000000000000000e+00 0.000000000000000000e+00 0.000000000000000000e+00 4.404933299348574860e-02 5.554473295909501812e-02 6.439432853478420024e-03 0.000000000000000000e+00 0.000000000000000000e+00 7.563353572590318652e-02 2.340212090239936205e-01 1.490657021706175145e-01 0.000000000000000000e+00 0.000000000000000000e+00 2.897804855466672679e-03 4.515267258957902236e-02 3.871955768283809052e-01 0.000000000000000000e+00 0.000000000000000000e+00 0.000000000000000000e+00 0.000000000000000000e+00 0.000000000000000000e+00 0.000000000000000000e+00
0.000000000000000000e+00 0.000000000000000000e+00 0.000000000000000000e+00 0.000000000000000000e+00 0.000000000000000000e+00 0.000000000000000000e+00 7.544359236547432124e-02 5.494353181361495003e-02 4.076237722662196493e-03 0.000000000000000000e+00 0.000000000000000000e+00 1.197325442189297040e-01 1.920892049095493381e-01 1.253341143651011402e-01 0.000000000000000000e+00 0.000000000000000000e+00 3.385214788433398101e-03 2.828505310948046733e-02 3.967105067067543955e-01 0.000000000000000000e+00 0.000000000000000000e+00 0.000000000000000000e+00 0.000000000000000000e+00 0.000000000000000000e+00 0.000000000000000000e+00
0.000000000000000000e+00 0.000000000000000000e+00 0.000000000000000000e+00 0.000000000000000000e+00 0.000000000000000000e+00 0.000000000000000000e+00 6.426106206091379558e-02 5.503447414057847931e-02 3.727238271122004527e-03 0.000000000000000000e+00 0.000000000000000000e+00 1.085661194919828321e-01 2.754099039537831750e-01 1.132946914609304079e-01 0.000000000000000000e+00 0.000000000000000000e+00 2.209909698080598020e-03 3.750621724311309357e-02 3.399903836794956336e-01 0.000000000000000000e+00 0.000000000000000000e+00 0.000000000000000000e+00 0.000000000000000000e+00 0.000000000000000000e+00 0.000000000000000000e+00
0.000000000000000000e+00 0.000000000000000000e+00 0.000000000000000000e+00 0.000000000000000000e+00 0.000000000000000000e+00 0.000000000000000000e+00 1.473310054775833766e-01 4.163763202997657759e-02 1.754483241803227222e-03 0.000000000000000000e+00 0.000000000000000000e+00 1.371324571751867671e-01 1.736614948815115578e-01 7.909855420571040852e-02 0.000000000000000000e+00 0.000000000000000000e+00 2.357052535549269100e-03 2.430384808817516451e-02 3.927234723645036674e-01 0.000000000000000000e+00 0.000000000000000000e+00 0.000000000000000000e+00 0.000000000000000000e+00 0.000000000000000000e+00 0.000000000000000000e+00
0.000000000000000000e+00 0.000000000000000000e+00 0.000000000000000000e+00 0.000000000000000000e+00 0.000000000000000000e+00 0.000000000000000000e+00 1.158849374617022671e-01 6.369147392520338458e-02 2.649964718844231414e-03 0.000000000000000000e+00 0.000000000000000000e+00 1.664349148302439740e-01 2.812324826485149143e-01 9.127275189880940109e-02 0.000000000000000000e+00 0.000000000000000000e+00 3.001518556036079487e-03 2.897153222124779215e-02 2.468604237393978995e-01 0.000000000000000000e+00 0.000000000000000000e+00 0.000000000000000000e+00 0.000000000000000000e+00 0.000000000000000000e+00 0.000000000000000000e+00
0.000000000000000000e+00 0.000000000000000000e+00 0.000000000000000000e+00 0.000000000000000000e+00 0.000000000000000000e+00 0.000000000000000000e+00 7.912797410640354245e-02 5.208720243634958058e-02 4.193413819024718707e-03 0.000000000000000000e+00 0.000000000000000000e+00 1.060009140591340049e-01 1.987422805274560167e-01 1.009137053814783552e-01 0.000000000000000000e+00 0.000000000000000000e+00 3.577994863224785629e-03 4.506997614737896091e-02 4.102865386595500041e-01 0.000000000000000000e+00 0.000000000000000000e+00 0.000000000000000000e+00 0.000000000000000000e+00 0.000000000000000000e+00 0.000000000000000000e+00
0.000000000000000000e+00 0.000000000000000000e+00 0.000000000000000000e+00 0.000000000000000000e+00 0.000000000000000000e+00 0.000000000000000000e+00 6.697992635791216731e-02 3.760129026352837522e-02 3.427480431909272780e-03 0.000000000000000000e+00 0.000000000000000000e+00 8.829796613954486728e-02 1.696393132292716710e-01 1.088954438209907699e-01 0.000000000000000000e+00 0.000000000000000000e+00 3.388774439256523295e-03 3.630296290874136106e-02 4.854668424088450229e-01 0.000000000000000000e+00 0.000000000000000000e+00 0.000000000000000000e+00 0.000000000000000000e+00 0.000000000000000000e+00 0.000000000000000000e+00
0.000000000000000000e+00 0.000000000000000000e+00 0.000000000000000000e+00 0.000000000000000000e+00 0.000000000000000000e+00 0.000000000000000000e+00 1.440843847288843516e-01 3.459167921570060339e-02 1.606064722914041058e-03 0.000000000000000000e+00 0.000000000000000000e+00 1.037177908926352338e-01 1.440231811645065196e-01 9.096650056038191323e-02 0.000000000000000000e+00 0.000000000000000000e+00 1.564328049978781993e-03 2.257655527815444901e-02 4.568695153868443937e-01 0.000000000000000000e+00 0.000000000000000000e+00 0.000000000000000000e+00 0.000000000000000000e+00 0.000000000000000000e+00 0.000000000000000000e+00
0.000000000000000000e+00 0.000000000000000000e+00 0.000000000000000000e+00 0.000000000000000000e+00 0.000000000000000000e+00 0.000000000000000000e+00 8.736419010675984531e-02 5.259087894127929819e-02 8.853920876606408488e-03 0.000000000000000000e+00 0.000000000000000000e+00 6.153942420097979760e-02 1.727550218974068519e-01 1.518464130388463285e-01 0.000000000000000000e+00 0.000000000000000000e+00 1.868737207973697814e-03 2.947703792038173717e-02 4.337043758097658963e-01 0.000000000000000000e+00 0.000000000000000000e+00 0.000000000000000000e+00 0.000000000000000000e+00 0.000000000000000000e+00 0.000000000000000000e+00
0.000000000000000000e+00 0.000000000000000000e+00 0.000000000000000000e+00 0.000000000000000000e+00 0.000000000000000000e+00 0.000000000000000000e+00 1.612789085663379196e-01 5.135922420369440355e-02 4.100225017254057434e-03 0.000000000000000000e+00 0.000000000000000000e+00 8.534504434314331422e-02 1.275822641398673962e-01 1.043103634606059732e-01 0.000000000000000000e+00 0.000000000000000000e+00 2.000590711202740370e-03 2.775979040908389470e-02 4.362635891488100826e-01 0.000000000000000000e+00 0.000000000000000000e+00 0.000000000000000000e+00 0.000000000000000000e+00 0.000000000000000000e+00 0.000000000000000000e+00
0.000000000000000000e+00 0.000000000000000000e+00 0.000000000000000000e+00 0.000000000000000000e+00 0.000000000000000000e+00 0.000000000000000000e+00 9.005299611744854715e-02 5.441452842600546375e-02 2.263130617792745696e-03 0.000000000000000000e+00 0.000000000000000000e+00 1.351170873047737864e-01 2.410377803339245895e-01 9.130797983996130629e-02 0.000000000000000000e+00 0.000000000000000000e+00 2.464643206133102209e-03 3.214169133481307311e-02 3.512001628191472880e-01 0.000000000000000000e+00 0.000000000000000000e+00 0.000000000000000000e+00 0.000000000000000000e+00 0.000000000000000000e+00 0.000000000000000000e+00
0.000000000000000000e+00 0.000000000000000000e+00 0.000000000000000000e+00 0.000000000000000000e+00 0.000000000000000000e+00 0.000000000000000000e+00 8.864947270466311258e-02 6.440174890319676215e-02 4.955288888498178210e-03 0.000000000000000000e+00 0.000000000000000000e+00 1.033769881898861237e-01 1.681288036788535778e-01 1.111515113076416983e-01 0.000000000000000000e+00 0.000000000000000000e+00 2.790437870012810271e-03 2.686314886638203892e-02 4.296825995908657436e-01 0.000000000000000000e+00 0.000000000000000000e+00 0.000000000000000000e+00 0.000000000000000000e+00 0.000000000000000000e+00 0.000000000000000000e+00
0.000000000000000000e+00 0.000000000000000000e+00 0.000000000000000000e+00 0.000000000000000000e+00 0.000000000000000000e+00 0.000000000000000000e+00 9.608484022411271919e-02 5.390230446899114264e-02 7.358722476719809294e-03 0.000000000000000000e+00 0.000000000000000000e+00 8.016160532153310259e-02 1.648010234878922731e-01 1.579844148767241274e-01 0.000000000000000000e+00 0.000000000000000000e+00 2.009301434859198793e-03 2.854255942920978437e-02 4.091552282799578166e-01 0.000000000000000000e+00 0.000000000000000000e+00 0.000000000000000000e+00 0.000000000000000000e+00 0.000000000000000000e+00 0.000000000000000000e+00
0.000000000000000000e+00 0.000000000000000000e+00 0.000000000000000000e+00 0.000000000000000000e+00 0.000000000000000000e+00 0.000000000000000000e+00 1.184027479027134344e-01 4.832359591567848833e-02 2.462144680556048459e-03 0.000000000000000000e+00 0.000000000000000000e+00 9.786563131664881288e-02 1.975558709383463674e-01 1.102108106997534004e-01 0.000000000000000000e+00 0.000000000000000000e+00 1.581960842422391921e-03 2.825736105410178028e-02 3.953398766497791539e-01 0.000000000000000000e+00 0.000000000000000000e+00 0.000000000000000000e+00 0.000000000000000000e+00 0.000000000000000000e+00 0.000000000000000000e+00
0.000000000000000000e+00 0.000000000000000000e+00 0.000000000000000000e+00 0.000000000000000000e+00 0.000000000000000000e+00 0.000000000000000000e+00 4.997690360284618577e-02 3.416586378148624842e-02 1.948675131606498676e-03 0.000000000000000000e+00 0.000000000000000000e+00 1.004894229591278138e-01 2.086476785397725076e-01 1.117493415611897495e-01 0.000000000000000000e+00 0.000000000000000000e+00 2.017129109491618780e-03 3.132118468931976984e-02 4.596838006251596775e-01 0.000000000000000000e+00 0.000000000000000000e+00 0.000000000000000000e+00 0.000000000000000000e+00 0.000000000000000000e+00 0.000000000000000000e+00
0.000000000000000000e+00 0.000000000000000000e+00 0.000000000000000000e+00 0.000000000000000000e+00 0.000000000000000000e+00 0.000000000000000000e+00 1.370513127845297552e-01 6.370316752198859622e-02 4.551262734276855827e-03 0.000000000000000000e+00 0.000000000000000000e+00 8.973476487206526186e-02 1.396868668677059278e-01 9.287658202564284815e-02 0.000000000000000000e+00 0.000000000000000000e+00 2.305671664066709196e-03 2.413000059926723173e-02 4.459603709304569841e-01 0.000000000000000000e+00 0.000000000000000000e+00 0.000000000000000000e+00 0.000000000000000000e+00 0.000000000000000000e+00 0.000000000000000000e+00
0.000000000000000000e+00 0.000000000000000000e+00 0.000000000000000000e+00 0.000000000000000000e+00 0.000000000000000000e+00 0.000000000000000000e+00 7.278436013486289102e-02 4.720668424063306085e-02 4.494755030188504058e-03 0.000000000000000000e+00 0.000000000000000000e+00 1.070577423413802270e-01 1.847100755708802056e-01 1.152767346062951587e-01 0.000000000000000000e+00 0.000000000000000000e+00 3.465978057861550388e-03 3.674339201938880278e-02 4.282602779985094643e-01 0.000000000000000000e+00 0.000000000000000000e+00 0.000000000000000000e+00 0.000000000000000000e+00 0.000000000000000000e+00 0.000000000000000000e+00
0.000000000000000000e+00 0.000000000000000000e+00 0.000000000000000000e+00 0.000000000000000000e+00 0.000000000000000000e+00 0.000000000000000000e+00 1.187146058855877567e-01 4.788442712340244822e-02 4.600808629117433129e-03 0.000000000000000000e+00 0.000000000000000000e+00 1.114070499683153664e-01 1.834433228264781279e-01 1.270818677476873160e-01 0.000000000000000000e+00 0.000000000000000000e+00 3.227356381577781326e-03 3.515279940260859770e-02 3.684877620352252636e-01 0.000000000000000000e+00 0.000000000000000000e+00 0.000000000000000000e+00 0.000000000000000000e+00 0.000000000000000000e+00 0.000000000000000000e+00
0.000000000000000000e+00 0.000000000000000000e+00 0.000000000000000000e+00 0.000000000000000000e+00 0.000000000000000000e+00 0.000000000000000000e+00 1.113582587296779308e-01 5.137572562452809299e-02 5.203391779273328945e-03 0.000000000000000000e+00 0.000000000000000000e+00 8.081485810316969831e-02 1.314358109617756176e-01 1.120101995403582212e-01 0.000000000000000000e+00 0.000000000000000000e+00 1.878154371389555979e-03 2.381264951928662582e-02 4.821109513705410521e-01 0.000000000000000000e+00 0.000000000000000000e+00 0.000000000000000000e+00 0.000000000000000000e+00 0.000000000000000000e+00 0.000000000000000000e+00
0.000000000000000000e+00 0.000000000000000000e+00 0.000000000000000000e+00 0.000000000000000000e+00 0.000000000000000000e+00 0.000000000000000000e+00 9.214333972236393722e-02 5.517605967996935812e-02 2.768816031433779957e-03 0.000000000000000000e+00 0.000000000000000000e+00 1.110435163407941794e-01 2.164675768102934383e-01 9.065898845139229445e-02 0.000000000000000000e+00 0.000000000000000000e+00 1.893735642942247091e-03 3.292050378282149886e-02 3.969274635379893557e-01 0.000000000000000000e+00 0.000000000000000000e+00 0.000000000000000000e+00 0.000000000000000000e+00 0.000000000000000000e+00 0.000000000000000000e+00
0.000000000000000000e+00 0.000000000000000000e+00 0.000000000000000000e+00 0.000000000000000000e+00 0.000000000000000000e+00 0.000000000000000000e+00 1.100739229782040501e-01 5.597835692283668896e-02 3.199143373433430224e-03 0.000000000000000000e+00 0.000000000000000000e+00 1.036332160446469391e-01 2.111371881432853315e-01 1.059389288223880204e-01 0.000000000000000000e+00 0.000000000000000000e+00 1.655391477659391188e-03 2.696099940230886963e-02 3.814228528352372471e-01 0.000000000000000000e+00 0.000000000000000000e+00 0.000000000000000000e+00 0.000000000000000000e+00 0.000000000000000000e+00 0.000000000000000000e+00
0.000000000000000000e+00 0.000000000000000000e+00 0.000000000000000000e+00 0.000000000000000000e+00 0.000000000000000000e+00 0.000000000000000000e+00 3.160814160475983181e-02 5.189987757813433605e-02 4.490840069151851195e-03 0.000000000000000000e+00 0.000000000000000000e+00 4.829696164277978709e-02 2.399146802184494165e-01 1.275002096205982149e-01 0.000000000000000000e+00 0.000000000000000000e+00 1.264048761020760336e-03 4.245423555188996417e-02 4.525710049532158941e-01 0.000000000000000000e+00 0.000000000000000000e+00 0.000000000000000000e+00 0.000000000000000000e+00 0.000000000000000000e+00 0.000000000000000000e+00
0.000000000000000000e+00 0.000000000000000000e+00 0.000000000000000000e+00 0.000000000000000000e+00 0.000000000000000000e+00 0.000000000000000000e+00 6.714279236997443279e-02 2.841141326957635771e-02 3.123293209421087319e-03 0.000000000000000000e+00 0.000000000000000000e+00 6.069421001973784174e-02 1.204153781294877712e-01 9.549768278339709759e-02 0.000000000000000000e+00 0.000000000000000000e+00 2.372366564815956910e-03 3.785369170563453178e-02 5.844891719479546888e-01 0.000000000000000000e+00 0.000000000000000000e+00 0.000000000000000000e+00 0.000000000000000000e+00 0.000000000000000000e+00 0.000000000000000000e+00
0.000000000000000000e+00 0.000000000000000000e+00 0.000000000000000000e+00 0.000000000000000000e+00 0.000000000000000000e+00 0.000000000000000000e+00 8.427820706488198255e-02 6.167687054589097301e-02 5.353201229444315250e-03 0.000000000000000000e+00 0.000000000000000000e+00 9.270021848930075359e-02 1.933144137694964015e-01 1.145626450320053613e-01 0.000000000000000000e+00 0.000000000000000000e+00 2.726402183235914888e-03 3.757720438084885539e-02 4.078108373048953683e-01 0.000000000000000000e+00 0.000000000000000000e+00 0.000000000000000000e+00 0.000000000000000000e+00 0.000000000000000000e+00 0.000000000000000000e+00
0.000000000000000000e+00 0.000000000000000000e+00 0.000000000000000000e+00 0.000000000000000000e+00 0.000000000000000000e+00 0.000000000000000000e+00 1.071786735370602595e-01 6.795976974475084753e-02 3.921706711100016174e-03 0.000000000000000000e+00 0.000000000000000000e+00 1.086963624122050387e-01 2.799780765342668731e-01 1.104735962490757673e-01 0.000000000000000000e+00 0.000000000000000000e+00 1.879925589426980270e-03 3.126757816170631921e-02 2.886443110604078877e-01 0.000000000000000000e+00 0.000000000000000000e+00 0.000000000000000000e+00 0.000000000000000000e+00 0.000000000000000000e+00 0.000000000000000000e+00
0.000000000000000000e+00 0.000000000000000000e+00 0.000000000000000000e+00 0.000000000000000000e+00 0.000000000000000000e+00 0.000000000000000000e+00 2.064013320487115000e-01 3.619289509890709355e-02 1.868786781815743757e-03 0.000000000000000000e+00 0.000000000000000000e+00 1.223609066250011812e-01 1.483680516321004561e-01 7.446831642735043943e-02 0.000000000000000000e+00 0.000000000000000000e+00 1.724384372918167296e-03 2.304347148397431488e-02 3.855718555292208527e-01 0.000000000000000000e+00 0.000000000000000000e+00 0.000000000000000000e+00 0.000000000000000000e+00 0.000000000000000000e+00 0.000000000000000000e+00
0.000000000000000000e+00 0.000000000000000000e+00 0.000000000000000000e+00 0.000000000000000000e+00 0.000000000000000000e+00 0.000000000000000000e+00 5.378600160458129470e-02 7.416308922915355872e-02 1.060769199416874108e-02 0.000000000000000000e+00 0.000000000000000000e+00 7.493785276873886347e-02 2.326243673422482561e-01 1.556173744959881700e-01 0.000000000000000000e+00 0.000000000000000000e+00 2.283561861115579374e-03 3.718547793192070877e-02 3.587945827720850356e-01 0.000000000000000000e+00 0.000000000000000000e+00 0.000000000000000000e+00 0.000000000000000000e+00 0.000000000000000000e+00 0.000000000000000000e+00
