#Lower limit for the Conditional distribution of Radius given Mass from initial fitting w/o bootstrap
5.203520404377511726e-09
2.084315133221091923e-03
5.281148412523394182e-03
8.498898067732725201e-03
1.173823081965582119e-02
1.499980118596096722e-02
1.828427603860252604e-02
2.159232504322088769e-02
2.492462200315722839e-02
2.828184473376713429e-02
3.166467489570456983e-02
3.507379778445743335e-02
3.850990207322197573e-02
4.197367950600306569e-02
4.546582453762822856e-02
4.898703391716712624e-02
5.253800621105218088e-02
5.611944126200157923e-02
5.973203957966766176e-02
6.337650165875068076e-02
6.705352722015966993e-02
7.076381443357987466e-02
7.450805875874262629e-02
7.828695225224495402e-02
8.210118225146451065e-02
8.595143020808997114e-02
8.983837036823431876e-02
9.376266834199674383e-02
9.772497955771121403e-02
1.017259475962788984e-01
1.057662024012024499e-01
1.098463633602849709e-01
1.139670172549388238e-01
1.181287462562806145e-01
1.223321067485796110e-01
1.265776280016811250e-01
1.308658133608560925e-01
1.351971363216058208e-01
1.395720376688311670e-01
1.439909224848122671e-01
1.484541570310781988e-01
1.529620655110274785e-01
1.575149267221337412e-01
1.621129706087122146e-01
1.667563747285360498e-01
1.714452606490480535e-01
1.761796902915317986e-01
1.809596622443008784e-01
1.857851080687747403e-01
1.906558886251379648e-01
1.955717904471124258e-01
2.005325221981462125e-01
2.055377112439836784e-01
2.105869003790534766e-01
2.156795447463568383e-01
2.208150089924726944e-01
2.259925647009032035e-01
2.312113881482463218e-01
2.364705584286919127e-01
2.417690559932397787e-01
2.471057616512682131e-01
2.524794560843024449e-01
2.578888149260862850e-01
2.633324269645650473e-01
2.688087691156291759e-01
2.743162269781000973e-01
2.798530933741776860e-01
2.854175659008366117e-01
2.910077570861863694e-01
2.966216954642553194e-01
3.022573311608506286e-01
3.079125414297952945e-01
3.135851367552982549e-01
3.192728674793323118e-01
3.249734309047020986e-01
3.306844788169443494e-01
3.364036253615096950e-01
3.421284552069786544e-01
3.478565319205542128e-01
3.535854064788463424e-01
3.593126258351069247e-01
3.650357414636388742e-01
3.707523178030844857e-01
3.764599405226582429e-01
3.821562245390562329e-01
3.878388217166214846e-01
3.935054281892485517e-01
3.991537912492776896e-01
4.047817207563043085e-01
4.103870750253758581e-01
4.159677968777862889e-01
4.215218976386816974e-01
4.270474649938494904e-01
4.325426688262473673e-01
4.380057633506082015e-01
4.434350895160069639e-01
4.488290768356771876e-01
4.541862446637097150e-01
4.595052029431368479e-01
5.203520404377511726e-09
