#Upper limit for the Conditional distribution of Radius given Mass from initial fitting w/o bootstrap
5.203520404377511726e-09
7.518441112751211852e-01
7.614098592493691031e-01
7.708177284233251880e-01
7.800636548788957292e-01
7.891440568940057965e-01
7.980558512421386252e-01
8.067964628376239622e-01
8.153638278561229358e-01
8.237563906235189082e-01
8.319730949364002592e-01
8.400133687626719636e-01
8.478771097349903085e-01
8.555646491391427633e-01
8.630767522258269153e-01
8.704145603687569732e-01
8.775795786567086587e-01
8.845736398569657988e-01
8.913988726812559493e-01
8.980576699936082541e-01
9.045526574686383325e-01
9.108866631112343404e-01
9.170626879666653464e-01
9.230838782772189388e-01
9.289534992755822396e-01
9.346749107462112294e-01
9.402515444340023842e-01
9.456868833348510694e-01
9.509844428650073844e-01
9.561477538752596317e-01
9.611803474513864742e-01
9.660857414234370610e-01
9.708674280148854585e-01
9.755288639161389108e-01
9.800734684109844164e-01
9.845045920405632867e-01
9.888255418798056473e-01
9.930395561486853317e-01
9.971498048152406257e-01
1.001159386085608283e+00
1.005071323686141938e+00
1.008888564848753111e+00
1.012613978969244322e+00
1.016250356537284238e+00
1.019800409119715257e+00
1.023266769144621113e+00
1.026651990367241529e+00
1.029958548569822163e+00
1.033188842519258133e+00
1.036345195141141984e+00
1.039429854873390457e+00
1.042444997166787513e+00
1.045392726103626435e+00
1.048275076109088211e+00
1.051094013733171684e+00
1.053851439483814323e+00
1.056549189694403035e+00
1.059189038411175954e+00
1.061772699288034749e+00
1.064301827478131068e+00
1.066778021513178354e+00
1.069202825162882897e+00
1.071577729268132995e+00
1.073904174608516060e+00
1.076183550324685267e+00
1.078417194080954378e+00
1.080606412687114881e+00
1.082752453634759471e+00
1.084856526696212242e+00
1.086919800473974185e+00
1.088943403903346985e+00
1.090928427707466675e+00
1.092875925804789317e+00
1.094786916669344912e+00
1.096662384644251587e+00
1.098503281209161297e+00
1.100310526202458394e+00
1.102085008999132310e+00
1.103827589645336671e+00
1.105539099950735960e+00
1.107220344539764145e+00
1.108872101862992787e+00
1.110495125169804087e+00
1.112090143443596357e+00
1.113657862300749146e+00
1.115198964854575925e+00
1.116714112545484694e+00
1.118203945938546218e+00
1.119669085489666926e+00
1.121110132281520899e+00
1.122527669366752301e+00
1.123922259265025314e+00
1.125294450970692139e+00
1.126644774156604134e+00
1.127973742921789313e+00
1.129281855743784702e+00
1.130569601046569339e+00
1.131837438843485311e+00
1.133085831641448271e+00
5.203520404377511726e-09
