#Upper limit for the Conditional distribution of mass given radius from initial fitting w/o bootstrap
9.268607885740029169e-09
-3.471185276564325295e-01
-3.457443167390906735e-01
-3.397436773182196945e-01
-3.235129782934018094e-01
-2.902008717206082111e-01
-2.380157159175050885e-01
-1.795527833219647817e-01
-1.303119566761765380e-01
-9.434113522465910340e-02
-6.914750137782620099e-02
-5.129228995599123542e-02
-3.794770913131531587e-02
-2.697934779198554386e-02
-1.671665047290078060e-02
-5.707709299570999130e-03
7.490309426032975074e-03
2.448534231457060242e-02
4.716620939505685589e-02
7.762521992215411226e-02
1.175089478912935137e-01
1.664064217961150616e-01
2.204630998123969787e-01
2.740829986536377216e-01
3.233485169880546128e-01
3.669833679855232234e-01
4.053507845470998849e-01
4.395020069968321175e-01
4.707238155827103143e-01
5.003844326957463950e-01
5.299092947713139878e-01
5.608080882730037686e-01
5.947044566340333738e-01
6.332881790534879984e-01
6.780073355322717710e-01
7.292449857312588435e-01
7.852289878046222471e-01
8.422005628222636320e-01
8.965467591094558042e-01
9.464673654864644847e-01
9.917702583499492519e-01
1.033032375041200490e+00
1.071047377216295615e+00
1.106590291338496401e+00
1.140336191503436902e+00
1.172832139102607085e+00
1.204481350961662756e+00
1.235529244210707978e+00
1.266056386062686556e+00
1.295990133812257916e+00
1.325144268599219632e+00
1.353283826297833503e+00
1.380197804394319272e+00
1.405757961303003123e+00
1.429950899203090486e+00
1.452885220722345050e+00
1.474784438552310784e+00
1.495977065716476373e+00
1.516891519160651569e+00
1.538059107393130232e+00
1.560124561313736669e+00
1.583858507477243549e+00
1.610154997268401722e+00
1.639970148861818577e+00
1.674107144025695826e+00
1.712723114088451792e+00
1.754653285997178624e+00
1.797290314394421440e+00
1.837712296068476636e+00
1.874064216080294276e+00
1.905834188077231151e+00
1.933348310678437931e+00
1.957287117501574913e+00
1.978449093685876958e+00
1.997683980626101530e+00
2.015912139576616635e+00
2.034197001765561286e+00
2.053879100127399049e+00
2.076819667868210928e+00
2.105845562675141114e+00
2.145326153241307932e+00
2.199276340521945539e+00
2.258439595179831283e+00
2.304736517117894845e+00
2.336977365910471338e+00
2.359783036403400036e+00
2.376308467054963458e+00
2.388401397025908590e+00
2.397213118242918828e+00
2.403531542900343876e+00
2.407944448156890793e+00
2.410917224958162741e+00
2.412828205559386596e+00
2.413984381049868677e+00
2.414629654744085752e+00
2.414951298388573697e+00
2.415086510571073930e+00
2.415129231738283533e+00
2.415136905793333177e+00
9.268607885740029169e-09
