#Conditional distribution of mass given radius from initial fitting w/o bootstrap
nan
-4.726530949045307795e-01
-4.718228202385431613e-01
-4.682589256507200814e-01
-4.590511959271912912e-01
-4.414741250309954790e-01
-4.148828499499983002e-01
-3.819398675003544685e-01
-3.475082648714948874e-01
-3.160060229675021870e-01
-2.897080759252915194e-01
-2.688444721539870463e-01
-2.525034637418789307e-01
-2.393935430345377480e-01
-2.282264200636585361e-01
-2.178355057537362804e-01
-2.071754555807538145e-01
-1.952918309688576048e-01
-1.813041533603192701e-01
-1.644214882925590926e-01
-1.439963852150607238e-01
-1.196107334600415434e-01
-9.117195374206465974e-02
-5.898329559182793197e-02
-2.374768112153137836e-02
1.351965366076949594e-02
5.165966526702223810e-02
8.957265096152450257e-02
1.263944611463161116e-01
1.615997616499943723e-01
1.950201585656989312e-01
2.267953124249391383e-01
2.572884661457852662e-01
2.869947819792562083e-01
3.164600343986025965e-01
3.462164797826861595e-01
3.767358573739637007e-01
4.083966775424984208e-01
4.414628701100109520e-01
4.760719887601732592e-01
5.122323880996383361e-01
5.498294659316728117e-01
5.886409457743909668e-01
6.283603355110501942e-01
6.686264624285848113e-01
7.090558245293290263e-01
7.492738720611006320e-01
7.889415193329145648e-01
8.277741775869312812e-01
8.655521175457453475e-01
9.021225920714361912e-01
9.373954720398485208e-01
9.713349165748198510e-01
1.003949749022681859e+00
1.035284839147981417e+00
1.065415084605739748e+00
1.094442741190210233e+00
1.122498037392875903e+00
1.149742330223266107e+00
1.176372556309629669e+00
1.202625388103456983e+00
1.228779266146684757e+00
1.255152288775507774e+00
1.282093789375328363e+00
1.309967410058664461e+00
1.339123835606357726e+00
1.369862491468176291e+00
1.402383901073864569e+00
1.436738265791240199e+00
1.472780658653056074e+00
1.510147276031426955e+00
1.548267627298272053e+00
1.586421716577065544e+00
1.623839068872540592e+00
1.659821984002044948e+00
1.693865750454453645e+00
1.725749320276524834e+00
1.755580873278041798e+00
1.783797468457952062e+00
1.811128550867509235e+00
1.838534577328583941e+00
1.867124498673025101e+00
1.898043150013080327e+00
1.932308426911932830e+00
1.970579042937379066e+00
2.012861747914663102e+00
2.058232828323107277e+00
2.104731620696936201e+00
2.149604216109529009e+00
2.189937546531000034e+00
2.223458228872392084e+00
2.249103643794320817e+00
2.267103799997238323e+00
2.278631468984015918e+00
2.285288003335266271e+00
2.288667937731356794e+00
2.290101337935648296e+00
2.290555787507799756e+00
2.290637498408917505e+00
nan
