#Lower limit for the Conditional distribution of mass given radius from initial fitting w/o bootstrap
9.870703410161704644e-09
-5.536311701712264277e-01
-5.535865324207019933e-01
-5.534539642781387547e-01
-5.531710341374753703e-01
-5.526598873653189026e-01
-5.518250696140174494e-01
-5.505514271008121741e-01
-5.487020980172970797e-01
-5.461164085083797248e-01
-5.426071235064412468e-01
-5.379560099969143971e-01
-5.319062169427301034e-01
-5.241499713942454619e-01
-5.143115567335488914e-01
-5.019311792845706499e-01
-4.864730729299993062e-01
-4.674254903952031470e-01
-4.446236018050575556e-01
-4.188214567005237310e-01
-3.919223167731044066e-01
-3.660669933635928852e-01
-3.424385531389164683e-01
-3.211050538724872228e-01
-3.015038027896512762e-01
-2.828318875224807849e-01
-2.642127536254654241e-01
-2.447365526973441230e-01
-2.234487532341412619e-01
-1.993158308000694545e-01
-1.711698758664716435e-01
-1.376189190088567271e-01
-9.690645291682056794e-02
-4.675723853991514689e-02
1.537303092137680231e-02
8.962972167729962858e-02
1.667021933871549455e-01
2.313573545379960517e-01
2.791265508524378158e-01
3.137799914506282928e-01
3.395905538666617596e-01
3.596108590100721147e-01
3.759150727459721342e-01
3.899643172302466598e-01
4.028526478594171567e-01
4.154590072959299940e-01
4.285425898743769890e-01
4.428050776135806776e-01
4.589330719930375113e-01
4.776282742855833541e-01
4.996294809602149778e-01
5.257259174280900504e-01
5.567509901159428676e-01
5.935173821003912886e-01
6.365896306629750256e-01
6.857032772719241498e-01
7.387918920746172624e-01
7.915747442677587564e-01
8.393243260329691369e-01
8.794911684313611033e-01
9.120886898097015916e-01
9.384228313100707597e-01
9.600719759407924103e-01
9.784911954778953147e-01
9.949452062034612743e-01
1.010553010143247610e+00
1.026358761893647165e+00
1.043403652479892862e+00
1.062793888831391476e+00
1.085765634496953291e+00
1.113748387213692403e+00
1.148424092565326848e+00
1.191754420334485642e+00
1.245840114492188677e+00
1.312113543372420255e+00
1.388826352567631428e+00
1.467959532622746810e+00
1.539142684420870433e+00
1.598259555672157495e+00
1.647153430625258652e+00
1.689183775985755531e+00
1.727207066404759184e+00
1.763187909487937466e+00
1.798195300487991810e+00
1.832452642756641215e+00
1.865495522320409716e+00
1.896538876806627361e+00
1.924971185991910971e+00
1.950728567509862454e+00
1.974428631816592672e+00
1.997389582821792242e+00
2.021733708164491272e+00
2.050705657765708789e+00
2.089189786357266598e+00
2.143664439328539117e+00
2.216512651947716517e+00
2.286973245464477777e+00
2.327416134805828207e+00
2.341686772002513628e+00
9.870703410161704644e-09
