#Weights for Beta densities from initial fitting w/o bootstrap
0.000000000000000000e+00
0.000000000000000000e+00
0.000000000000000000e+00
0.000000000000000000e+00
0.000000000000000000e+00
0.000000000000000000e+00
0.000000000000000000e+00
0.000000000000000000e+00
0.000000000000000000e+00
0.000000000000000000e+00
0.000000000000000000e+00
0.000000000000000000e+00
0.000000000000000000e+00
0.000000000000000000e+00
0.000000000000000000e+00
0.000000000000000000e+00
0.000000000000000000e+00
0.000000000000000000e+00
0.000000000000000000e+00
0.000000000000000000e+00
0.000000000000000000e+00
0.000000000000000000e+00
0.000000000000000000e+00
0.000000000000000000e+00
0.000000000000000000e+00
0.000000000000000000e+00
0.000000000000000000e+00
0.000000000000000000e+00
0.000000000000000000e+00
0.000000000000000000e+00
0.000000000000000000e+00
0.000000000000000000e+00
3.614962382204078145e-02
9.022748061437397410e-03
2.377347909758830385e-09
2.285702905998659798e-09
1.881687370807620698e-09
1.254350332980947312e-09
5.537794502345665582e-10
0.000000000000000000e+00
0.000000000000000000e+00
0.000000000000000000e+00
0.000000000000000000e+00
0.000000000000000000e+00
0.000000000000000000e+00
0.000000000000000000e+00
0.000000000000000000e+00
0.000000000000000000e+00
0.000000000000000000e+00
0.000000000000000000e+00
0.000000000000000000e+00
0.000000000000000000e+00
0.000000000000000000e+00
0.000000000000000000e+00
0.000000000000000000e+00
0.000000000000000000e+00
0.000000000000000000e+00
0.000000000000000000e+00
0.000000000000000000e+00
0.000000000000000000e+00
0.000000000000000000e+00
0.000000000000000000e+00
0.000000000000000000e+00
7.721755356506870276e-10
1.866039336033100955e-09
2.782043064000953534e-09
3.273028209297616029e-09
3.215118162781178120e-09
2.676867115814861568e-09
1.866288498529486812e-09
1.011454277573662228e-09
2.699762362376927850e-10
0.000000000000000000e+00
0.000000000000000000e+00
0.000000000000000000e+00
0.000000000000000000e+00
0.000000000000000000e+00
0.000000000000000000e+00
0.000000000000000000e+00
0.000000000000000000e+00
0.000000000000000000e+00
0.000000000000000000e+00
0.000000000000000000e+00
0.000000000000000000e+00
0.000000000000000000e+00
0.000000000000000000e+00
0.000000000000000000e+00
0.000000000000000000e+00
0.000000000000000000e+00
0.000000000000000000e+00
0.000000000000000000e+00
0.000000000000000000e+00
0.000000000000000000e+00
0.000000000000000000e+00
1.928408983183336519e-10
1.464410817311175846e-09
2.727682307824080291e-09
3.624881770744237376e-09
5.377477404309726622e-02
3.635582651829058450e-09
2.936796542300654317e-09
2.080848197271194181e-09
1.257861237416613389e-09
5.584733008037138638e-10
0.000000000000000000e+00
0.000000000000000000e+00
0.000000000000000000e+00
0.000000000000000000e+00
0.000000000000000000e+00
0.000000000000000000e+00
0.000000000000000000e+00
0.000000000000000000e+00
0.000000000000000000e+00
0.000000000000000000e+00
0.000000000000000000e+00
0.000000000000000000e+00
0.000000000000000000e+00
0.000000000000000000e+00
0.000000000000000000e+00
0.000000000000000000e+00
0.000000000000000000e+00
0.000000000000000000e+00
0.000000000000000000e+00
0.000000000000000000e+00
0.000000000000000000e+00
0.000000000000000000e+00
9.877623503195721654e-10
2.307501755120137442e-09
3.387323481117848608e-09
9.994154428877632945e-02
3.972130204652249131e-09
3.559396825522617419e-09
2.929972327898866329e-09
2.243382098710562333e-09
1.572550441272427337e-09
9.337910277552764313e-10
3.365267563173216710e-10
0.000000000000000000e+00
0.000000000000000000e+00
0.000000000000000000e+00
0.000000000000000000e+00
0.000000000000000000e+00
0.000000000000000000e+00
0.000000000000000000e+00
0.000000000000000000e+00
0.000000000000000000e+00
0.000000000000000000e+00
0.000000000000000000e+00
0.000000000000000000e+00
0.000000000000000000e+00
0.000000000000000000e+00
0.000000000000000000e+00
0.000000000000000000e+00
0.000000000000000000e+00
0.000000000000000000e+00
0.000000000000000000e+00
0.000000000000000000e+00
4.448248677212453171e-10
1.627207358677070850e-09
2.700633492497157400e-09
3.425661513599797632e-09
3.731665742683889494e-09
3.702567967654546557e-09
3.467693747324026880e-09
3.103086367762672944e-09
2.617543993786481117e-09
2.004541097142259859e-09
1.294746060706606141e-09
5.652680340051474860e-10
0.000000000000000000e+00
0.000000000000000000e+00
0.000000000000000000e+00
0.000000000000000000e+00
0.000000000000000000e+00
0.000000000000000000e+00
0.000000000000000000e+00
0.000000000000000000e+00
0.000000000000000000e+00
0.000000000000000000e+00
0.000000000000000000e+00
0.000000000000000000e+00
0.000000000000000000e+00
0.000000000000000000e+00
0.000000000000000000e+00
0.000000000000000000e+00
0.000000000000000000e+00
0.000000000000000000e+00
0.000000000000000000e+00
0.000000000000000000e+00
8.468085680719826480e-10
1.790992960537231462e-09
2.563447376115758559e-09
3.109846336568093193e-09
3.470988743244168031e-09
3.686811883942052986e-09
3.730674315116960642e-09
3.527244071492776090e-09
3.029101331290388256e-09
2.276316573604533897e-09
1.393314613532572497e-09
5.324984266177694287e-10
0.000000000000000000e+00
0.000000000000000000e+00
0.000000000000000000e+00
0.000000000000000000e+00
0.000000000000000000e+00
0.000000000000000000e+00
0.000000000000000000e+00
0.000000000000000000e+00
0.000000000000000000e+00
0.000000000000000000e+00
0.000000000000000000e+00
0.000000000000000000e+00
0.000000000000000000e+00
0.000000000000000000e+00
0.000000000000000000e+00
0.000000000000000000e+00
0.000000000000000000e+00
0.000000000000000000e+00
0.000000000000000000e+00
1.231264164026829650e-10
8.842404631485935399e-10
1.628142381447864662e-09
2.331608819708502061e-09
3.005195668566293203e-09
3.615099699195999846e-09
4.045419428174422334e-09
4.147024405259851442e-09
3.827708615659515179e-09
3.118852767778010867e-09
2.166998322368400513e-09
1.165782355842948254e-09
2.796502265476401717e-10
0.000000000000000000e+00
0.000000000000000000e+00
0.000000000000000000e+00
0.000000000000000000e+00
0.000000000000000000e+00
0.000000000000000000e+00
0.000000000000000000e+00
0.000000000000000000e+00
0.000000000000000000e+00
0.000000000000000000e+00
0.000000000000000000e+00
0.000000000000000000e+00
0.000000000000000000e+00
0.000000000000000000e+00
0.000000000000000000e+00
0.000000000000000000e+00
0.000000000000000000e+00
0.000000000000000000e+00
0.000000000000000000e+00
1.263007434294826319e-10
7.939945558758480833e-10
1.560238151181952391e-09
2.420459339416755458e-09
3.296918097862521497e-09
4.022975575891777560e-09
9.221449089948577371e-02
4.300543537615422932e-09
3.724223291103324274e-09
2.808098777026006313e-09
1.756873838507056348e-09
7.640268698675882490e-10
0.000000000000000000e+00
0.000000000000000000e+00
0.000000000000000000e+00
0.000000000000000000e+00
0.000000000000000000e+00
0.000000000000000000e+00
0.000000000000000000e+00
0.000000000000000000e+00
0.000000000000000000e+00
0.000000000000000000e+00
0.000000000000000000e+00
0.000000000000000000e+00
0.000000000000000000e+00
0.000000000000000000e+00
0.000000000000000000e+00
0.000000000000000000e+00
0.000000000000000000e+00
0.000000000000000000e+00
0.000000000000000000e+00
0.000000000000000000e+00
1.329944242987054324e-10
8.766483654464842012e-10
1.794239464832745315e-09
2.797037517850276501e-09
3.707485425106230437e-09
4.310551970176950948e-09
8.563554541833341693e-02
4.070942559292803006e-09
3.285910710238852473e-09
2.276553416115811613e-09
1.245428962766905324e-09
3.466498259869427758e-10
0.000000000000000000e+00
0.000000000000000000e+00
0.000000000000000000e+00
0.000000000000000000e+00
0.000000000000000000e+00
0.000000000000000000e+00
0.000000000000000000e+00
0.000000000000000000e+00
0.000000000000000000e+00
0.000000000000000000e+00
0.000000000000000000e+00
0.000000000000000000e+00
0.000000000000000000e+00
0.000000000000000000e+00
0.000000000000000000e+00
0.000000000000000000e+00
0.000000000000000000e+00
0.000000000000000000e+00
0.000000000000000000e+00
0.000000000000000000e+00
3.053886836500104812e-10
1.178976106989819065e-09
2.192540810254226567e-09
3.185885459167702125e-09
3.951661859719921601e-09
4.308043502506719792e-09
4.171171544347547164e-09
3.583702957535281252e-09
2.693457989147914078e-09
1.693204774376582073e-09
7.541893552486528489e-10
0.000000000000000000e+00
0.000000000000000000e+00
0.000000000000000000e+00
0.000000000000000000e+00
0.000000000000000000e+00
0.000000000000000000e+00
0.000000000000000000e+00
0.000000000000000000e+00
0.000000000000000000e+00
0.000000000000000000e+00
0.000000000000000000e+00
0.000000000000000000e+00
0.000000000000000000e+00
0.000000000000000000e+00
0.000000000000000000e+00
0.000000000000000000e+00
0.000000000000000000e+00
0.000000000000000000e+00
0.000000000000000000e+00
0.000000000000000000e+00
0.000000000000000000e+00
6.097360454624007518e-10
1.552569857205023032e-09
2.544939775841961124e-09
3.402784503114183526e-09
3.939220696245355013e-09
4.033753471426030841e-09
3.675165591761682778e-09
2.963626858340134822e-09
2.064270796002333080e-09
1.147442781628077661e-09
3.402917035105194106e-10
0.000000000000000000e+00
0.000000000000000000e+00
0.000000000000000000e+00
0.000000000000000000e+00
0.000000000000000000e+00
0.000000000000000000e+00
0.000000000000000000e+00
0.000000000000000000e+00
0.000000000000000000e+00
0.000000000000000000e+00
0.000000000000000000e+00
0.000000000000000000e+00
0.000000000000000000e+00
0.000000000000000000e+00
0.000000000000000000e+00
0.000000000000000000e+00
0.000000000000000000e+00
0.000000000000000000e+00
0.000000000000000000e+00
0.000000000000000000e+00
1.079393590626781141e-10
9.292491177700190690e-10
1.852854904743254821e-09
2.727679683249258148e-09
3.378504454657148070e-09
3.667052929254305458e-09
3.540836419361617699e-09
3.049715521640162659e-09
2.318482286057694121e-09
1.496125710894565433e-09
7.112245737344280983e-10
4.414949269031991754e-11
0.000000000000000000e+00
0.000000000000000000e+00
0.000000000000000000e+00
0.000000000000000000e+00
0.000000000000000000e+00
0.000000000000000000e+00
0.000000000000000000e+00
0.000000000000000000e+00
0.000000000000000000e+00
0.000000000000000000e+00
0.000000000000000000e+00
0.000000000000000000e+00
0.000000000000000000e+00
0.000000000000000000e+00
0.000000000000000000e+00
0.000000000000000000e+00
0.000000000000000000e+00
0.000000000000000000e+00
0.000000000000000000e+00
0.000000000000000000e+00
3.582331531136634222e-10
1.162851981417574263e-09
1.985836297040679777e-09
2.678904116640065219e-09
3.106673505105235351e-09
6.809218641818867437e-08
2.946034699392032857e-09
2.438887750344927024e-09
1.783487361801742721e-09
1.088227899699713200e-09
4.376021861494810766e-10
0.000000000000000000e+00
0.000000000000000000e+00
0.000000000000000000e+00
0.000000000000000000e+00
0.000000000000000000e+00
0.000000000000000000e+00
0.000000000000000000e+00
0.000000000000000000e+00
0.000000000000000000e+00
0.000000000000000000e+00
0.000000000000000000e+00
0.000000000000000000e+00
0.000000000000000000e+00
0.000000000000000000e+00
0.000000000000000000e+00
0.000000000000000000e+00
0.000000000000000000e+00
0.000000000000000000e+00
0.000000000000000000e+00
0.000000000000000000e+00
0.000000000000000000e+00
5.226726291439723386e-10
1.242941778837470565e-09
1.914670190071522777e-09
2.423719847417190922e-09
2.688997380799010182e-09
0.000000000000000000e+00
2.435744995306756753e-09
2.004975773352456951e-09
1.465607536120212600e-09
8.886498344371233589e-10
3.347824009568700172e-10
0.000000000000000000e+00
0.000000000000000000e+00
0.000000000000000000e+00
0.000000000000000000e+00
0.000000000000000000e+00
0.000000000000000000e+00
0.000000000000000000e+00
0.000000000000000000e+00
0.000000000000000000e+00
0.000000000000000000e+00
0.000000000000000000e+00
0.000000000000000000e+00
0.000000000000000000e+00
0.000000000000000000e+00
0.000000000000000000e+00
0.000000000000000000e+00
0.000000000000000000e+00
0.000000000000000000e+00
0.000000000000000000e+00
0.000000000000000000e+00
0.000000000000000000e+00
5.616790392301459323e-10
1.167372860826180959e-09
1.704202780000191022e-09
2.100884764301381780e-09
2.314413723881798245e-09
1.503079760816735388e-01
2.159344028743592961e-09
1.830004394561392777e-09
1.386183740362279442e-09
8.830557158870406623e-10
3.773313442823605621e-10
0.000000000000000000e+00
0.000000000000000000e+00
0.000000000000000000e+00
0.000000000000000000e+00
0.000000000000000000e+00
0.000000000000000000e+00
0.000000000000000000e+00
0.000000000000000000e+00
0.000000000000000000e+00
0.000000000000000000e+00
0.000000000000000000e+00
0.000000000000000000e+00
0.000000000000000000e+00
0.000000000000000000e+00
0.000000000000000000e+00
0.000000000000000000e+00
0.000000000000000000e+00
0.000000000000000000e+00
0.000000000000000000e+00
0.000000000000000000e+00
0.000000000000000000e+00
5.000585641088124055e-10
1.020964906137979656e-09
1.497553350186334527e-09
1.883544655080940498e-09
2.140014293256170651e-09
0.000000000000000000e+00
2.150255655424273506e-09
1.893474720625064006e-09
1.499029928906703433e-09
1.022170820031278108e-09
5.227976821549026881e-10
4.892288383263763388e-11
0.000000000000000000e+00
0.000000000000000000e+00
0.000000000000000000e+00
0.000000000000000000e+00
0.000000000000000000e+00
0.000000000000000000e+00
0.000000000000000000e+00
0.000000000000000000e+00
0.000000000000000000e+00
0.000000000000000000e+00
0.000000000000000000e+00
0.000000000000000000e+00
0.000000000000000000e+00
0.000000000000000000e+00
0.000000000000000000e+00
0.000000000000000000e+00
0.000000000000000000e+00
0.000000000000000000e+00
0.000000000000000000e+00
0.000000000000000000e+00
4.183553118534566036e-10
9.226725384793017760e-10
1.422655792120369335e-09
1.869544508854463387e-09
2.204808553225897592e-09
0.000000000000000000e+00
2.342519923947614781e-09
2.114715987410454469e-09
1.727620155988632872e-09
1.239682064522148927e-09
7.092429457604520676e-10
1.836915058223908465e-10
0.000000000000000000e+00
0.000000000000000000e+00
0.000000000000000000e+00
0.000000000000000000e+00
0.000000000000000000e+00
0.000000000000000000e+00
0.000000000000000000e+00
0.000000000000000000e+00
0.000000000000000000e+00
0.000000000000000000e+00
0.000000000000000000e+00
0.000000000000000000e+00
0.000000000000000000e+00
0.000000000000000000e+00
0.000000000000000000e+00
0.000000000000000000e+00
0.000000000000000000e+00
0.000000000000000000e+00
0.000000000000000000e+00
0.000000000000000000e+00
3.997624185614828693e-10
9.486791192150790982e-10
1.518005817606002620e-09
2.040426789135811042e-09
2.438512158077879371e-09
1.312828247625054600e-07
2.630532064940521589e-09
2.399480609024361249e-09
1.990850217755517532e-09
1.458688325420226300e-09
8.577837777449150828e-10
2.447540321577818157e-10
0.000000000000000000e+00
0.000000000000000000e+00
0.000000000000000000e+00
0.000000000000000000e+00
0.000000000000000000e+00
0.000000000000000000e+00
0.000000000000000000e+00
0.000000000000000000e+00
0.000000000000000000e+00
0.000000000000000000e+00
0.000000000000000000e+00
0.000000000000000000e+00
0.000000000000000000e+00
0.000000000000000000e+00
0.000000000000000000e+00
0.000000000000000000e+00
0.000000000000000000e+00
0.000000000000000000e+00
0.000000000000000000e+00
0.000000000000000000e+00
4.764127441542042442e-10
1.091986133512079217e-09
1.727320359923899320e-09
2.301249606332116358e-09
2.729452059523416162e-09
1.680988700833170590e-01
2.931042716152684083e-09
2.679446415453444014e-09
2.223618690238512541e-09
1.610466375632571903e-09
9.054614662169751098e-10
1.936983308256106426e-10
0.000000000000000000e+00
0.000000000000000000e+00
0.000000000000000000e+00
0.000000000000000000e+00
0.000000000000000000e+00
0.000000000000000000e+00
0.000000000000000000e+00
0.000000000000000000e+00
0.000000000000000000e+00
0.000000000000000000e+00
0.000000000000000000e+00
0.000000000000000000e+00
0.000000000000000000e+00
0.000000000000000000e+00
0.000000000000000000e+00
0.000000000000000000e+00
0.000000000000000000e+00
0.000000000000000000e+00
0.000000000000000000e+00
2.500248720095315322e-11
6.163716780188352766e-10
1.284535052464797495e-09
1.961987313256880534e-09
2.565174006213361564e-09
3.014193761179967467e-09
3.621892068169667131e-08
3.223102103713962795e-09
2.934318809633749374e-09
2.398481127046882952e-09
1.671352498480196032e-09
8.506352530217217004e-10
5.970987286358720648e-11
0.000000000000000000e+00
0.000000000000000000e+00
0.000000000000000000e+00
0.000000000000000000e+00
0.000000000000000000e+00
0.000000000000000000e+00
0.000000000000000000e+00
0.000000000000000000e+00
0.000000000000000000e+00
0.000000000000000000e+00
0.000000000000000000e+00
0.000000000000000000e+00
0.000000000000000000e+00
0.000000000000000000e+00
0.000000000000000000e+00
0.000000000000000000e+00
0.000000000000000000e+00
0.000000000000000000e+00
0.000000000000000000e+00
1.339829236521489361e-10
7.658244088946702367e-10
1.472241569906565648e-09
2.187884792060592657e-09
2.831820562527467589e-09
3.320591060956826050e-09
0.000000000000000000e+00
3.541034391957228481e-09
3.185512183883054511e-09
2.531728678431132665e-09
1.665329705543846340e-09
7.270476300677822567e-10
0.000000000000000000e+00
0.000000000000000000e+00
0.000000000000000000e+00
0.000000000000000000e+00
0.000000000000000000e+00
0.000000000000000000e+00
0.000000000000000000e+00
0.000000000000000000e+00
0.000000000000000000e+00
0.000000000000000000e+00
0.000000000000000000e+00
0.000000000000000000e+00
0.000000000000000000e+00
0.000000000000000000e+00
0.000000000000000000e+00
0.000000000000000000e+00
0.000000000000000000e+00
0.000000000000000000e+00
0.000000000000000000e+00
0.000000000000000000e+00
2.417958465421997542e-10
9.143728443313156449e-10
1.673239331922462680e-09
2.454699067940934875e-09
3.171644725621299366e-09
3.721958705044239024e-09
0.000000000000000000e+00
3.921058333728724965e-09
3.445366387970327814e-09
2.616178758218013713e-09
1.566538369504984958e-09
4.919992510167357972e-10
0.000000000000000000e+00
0.000000000000000000e+00
0.000000000000000000e+00
0.000000000000000000e+00
0.000000000000000000e+00
0.000000000000000000e+00
0.000000000000000000e+00
0.000000000000000000e+00
0.000000000000000000e+00
0.000000000000000000e+00
0.000000000000000000e+00
0.000000000000000000e+00
0.000000000000000000e+00
0.000000000000000000e+00
0.000000000000000000e+00
0.000000000000000000e+00
0.000000000000000000e+00
0.000000000000000000e+00
0.000000000000000000e+00
0.000000000000000000e+00
3.626074407794488509e-10
1.097750543663199313e-09
1.940544153199173628e-09
2.821659191977612102e-09
3.634517483116331738e-09
4.243296257430246283e-09
1.096094289054938105e-10
4.297975738204179027e-09
3.598607424993240953e-09
2.500502424249877617e-09
1.223211055442678736e-09
3.788648858251230331e-11
0.000000000000000000e+00
0.000000000000000000e+00
0.000000000000000000e+00
0.000000000000000000e+00
0.000000000000000000e+00
0.000000000000000000e+00
0.000000000000000000e+00
0.000000000000000000e+00
0.000000000000000000e+00
0.000000000000000000e+00
0.000000000000000000e+00
0.000000000000000000e+00
0.000000000000000000e+00
0.000000000000000000e+00
0.000000000000000000e+00
0.000000000000000000e+00
0.000000000000000000e+00
0.000000000000000000e+00
0.000000000000000000e+00
0.000000000000000000e+00
5.141752135713090125e-10
1.333170376734754469e-09
2.281701310229698061e-09
3.274463683713087766e-09
4.166664932406810621e-09
1.354954755971538727e-07
1.576568764031596181e-01
4.412373506924850046e-09
3.361418086850053349e-09
1.955774787050409796e-09
5.315765430154790979e-10
0.000000000000000000e+00
0.000000000000000000e+00
0.000000000000000000e+00
0.000000000000000000e+00
0.000000000000000000e+00
0.000000000000000000e+00
0.000000000000000000e+00
0.000000000000000000e+00
0.000000000000000000e+00
0.000000000000000000e+00
0.000000000000000000e+00
0.000000000000000000e+00
0.000000000000000000e+00
0.000000000000000000e+00
0.000000000000000000e+00
0.000000000000000000e+00
0.000000000000000000e+00
0.000000000000000000e+00
0.000000000000000000e+00
0.000000000000000000e+00
0.000000000000000000e+00
6.702047118724526811e-10
1.574864971187053697e-09
2.618878581366689976e-09
3.681009136666026811e-09
4.563496465723395170e-09
9.069192208684824091e-09
4.812708793060786442e-09
3.933616892735710772e-09
2.543201991260235347e-09
9.971577275040587241e-10
0.000000000000000000e+00
0.000000000000000000e+00
0.000000000000000000e+00
0.000000000000000000e+00
0.000000000000000000e+00
0.000000000000000000e+00
0.000000000000000000e+00
0.000000000000000000e+00
0.000000000000000000e+00
0.000000000000000000e+00
0.000000000000000000e+00
0.000000000000000000e+00
0.000000000000000000e+00
0.000000000000000000e+00
0.000000000000000000e+00
0.000000000000000000e+00
0.000000000000000000e+00
0.000000000000000000e+00
0.000000000000000000e+00
0.000000000000000000e+00
0.000000000000000000e+00
1.096758212896254695e-11
7.669810471961659477e-10
1.722061683988522002e-09
2.791197329506106105e-09
3.796337718419515434e-09
4.490460097688410124e-09
4.606485679325590207e-09
4.025792095106592084e-09
2.842962755484429891e-09
1.361070438075170806e-09
0.000000000000000000e+00
0.000000000000000000e+00
0.000000000000000000e+00
0.000000000000000000e+00
0.000000000000000000e+00
0.000000000000000000e+00
0.000000000000000000e+00
0.000000000000000000e+00
0.000000000000000000e+00
0.000000000000000000e+00
0.000000000000000000e+00
0.000000000000000000e+00
0.000000000000000000e+00
0.000000000000000000e+00
0.000000000000000000e+00
0.000000000000000000e+00
0.000000000000000000e+00
0.000000000000000000e+00
0.000000000000000000e+00
0.000000000000000000e+00
0.000000000000000000e+00
0.000000000000000000e+00
0.000000000000000000e+00
7.161983643168637135e-10
1.623779791821367384e-09
2.579131850738040461e-09
3.366306165079601977e-09
3.747217919294937767e-09
3.544712338060490940e-09
2.747143021808674558e-09
1.529185657705390715e-09
1.931832577185935746e-10
0.000000000000000000e+00
0.000000000000000000e+00
0.000000000000000000e+00
0.000000000000000000e+00
0.000000000000000000e+00
0.000000000000000000e+00
0.000000000000000000e+00
0.000000000000000000e+00
0.000000000000000000e+00
0.000000000000000000e+00
0.000000000000000000e+00
0.000000000000000000e+00
0.000000000000000000e+00
0.000000000000000000e+00
0.000000000000000000e+00
0.000000000000000000e+00
0.000000000000000000e+00
0.000000000000000000e+00
0.000000000000000000e+00
0.000000000000000000e+00
0.000000000000000000e+00
0.000000000000000000e+00
0.000000000000000000e+00
4.416261627713704252e-10
1.195252693691635701e-09
1.934725358111422592e-09
2.474878601119577799e-09
2.627410222241766038e-09
2.274130036718696577e-09
1.420988909267456268e-09
2.375089471383569519e-10
0.000000000000000000e+00
0.000000000000000000e+00
0.000000000000000000e+00
0.000000000000000000e+00
0.000000000000000000e+00
0.000000000000000000e+00
0.000000000000000000e+00
0.000000000000000000e+00
0.000000000000000000e+00
0.000000000000000000e+00
0.000000000000000000e+00
0.000000000000000000e+00
0.000000000000000000e+00
0.000000000000000000e+00
0.000000000000000000e+00
0.000000000000000000e+00
0.000000000000000000e+00
0.000000000000000000e+00
0.000000000000000000e+00
0.000000000000000000e+00
0.000000000000000000e+00
0.000000000000000000e+00
0.000000000000000000e+00
0.000000000000000000e+00
1.428041823528274128e-10
8.026131090790141915e-10
1.433042472446805926e-09
1.831397130267434253e-09
9.005895126757310252e-09
1.138051484359902110e-01
3.339229759301749062e-02
0.000000000000000000e+00
0.000000000000000000e+00
0.000000000000000000e+00
0.000000000000000000e+00
0.000000000000000000e+00
0.000000000000000000e+00
0.000000000000000000e+00
0.000000000000000000e+00
0.000000000000000000e+00
0.000000000000000000e+00
0.000000000000000000e+00
0.000000000000000000e+00
0.000000000000000000e+00
0.000000000000000000e+00
0.000000000000000000e+00
0.000000000000000000e+00
0.000000000000000000e+00
0.000000000000000000e+00
0.000000000000000000e+00
0.000000000000000000e+00
0.000000000000000000e+00
0.000000000000000000e+00
0.000000000000000000e+00
0.000000000000000000e+00
0.000000000000000000e+00
0.000000000000000000e+00
0.000000000000000000e+00
0.000000000000000000e+00
0.000000000000000000e+00
0.000000000000000000e+00
0.000000000000000000e+00
0.000000000000000000e+00
