-1.260715380566312271e+00
-1.228555034322010409e+00
-1.140089714199750359e+00
-1.017563765659583286e+00
-8.855404994588592649e-01
-7.611874990968346966e-01
-6.526004023354641248e-01
-5.615342470924932217e-01
-4.865399086935852102e-01
-4.250294297895653717e-01
-3.743140154197548974e-01
-3.320165486910549024e-01
-2.961769941913803272e-01
-2.652306688531361201e-01
-2.379456159130908244e-01
-2.133554759070211138e-01
-1.907008649936967337e-01
-1.693823010507057303e-01
-1.489239374746905709e-01
-1.289462386959548679e-01
-1.091456488369379613e-01
-8.927957135323207061e-02
-6.915531298211198552e-02
-4.862194943918479034e-02
-2.756431648204856269e-02
-5.898519602035906008e-03
1.643150113722273778e-02
3.945670640146010238e-02
6.318526535588922521e-02
8.760464285348593116e-02
1.126836196521402433e-01
1.383743542524169257e-01
1.646145560071200775e-01
1.913298051914255338e-01
2.184360264589153278e-01
2.458420977849894995e-01
2.734525580958643842e-01
3.011703637754560292e-01
3.288996374105734866e-01
3.565483514213592109e-01
3.840308941801733322e-01
4.112704760163722328e-01
4.382013459911536790e-01
4.647708061548704306e-01
4.909410267352762314e-01
5.166906819433417786e-01
5.420164405221206128e-01
5.669343566323128414e-01
5.914812140900643778e-01
6.157158792730952346e-01
6.397207139627230088e-01
6.636030874117244682e-01
6.874970048595862027e-01
7.115648345874310277e-01
7.359990634689330680e-01
7.610239369045914692e-01
7.868967374563153871e-01
8.139083221868489426e-01
8.423823687796423432e-01
8.726725781297608453e-01
9.051568613365807980e-01
9.402273372543774599e-01
9.782748486427944590e-01
1.019666775134835168e+00
1.064717323613803002e+00
1.113650374635797746e+00
1.166556485836082402e+00
1.223347794745432982e+00
1.283717054698705340e+00
1.347109237738270737e+00
1.412715057651937833e+00
1.479494333178152710e+00
1.546232709003815042e+00
1.611628328971717705e+00
1.674397399221084104e+00
1.733381855569828822e+00
1.787640930054643418e+00
1.836512092026959753e+00
1.879634318153853068e+00
1.916935170692697366e+00
1.948589924557658115e+00
1.974964342780697546e+00
1.996552589883395346e+00
2.013919266682616893e+00
2.027651082620909762e+00
2.038320418966526937e+00
2.046460612689090297e+00
2.052551354912532044e+00
2.057011997980124463e+00
2.060200536258147253e+00
2.062416312166575061e+00
2.063904908999536492e+00
2.064864106875969885e+00
2.065450137364000849e+00
2.065783754877934530e+00
2.065955849956978785e+00
2.066032472297349099e+00
2.066059224191606258e+00
2.066065041334901764e+00
nan
