-1.708778160176455563e+00
-1.703403248099363498e+00
-1.687045865693990176e+00
-1.659577124081536903e+00
-1.620981062158659780e+00
-1.571162677956345455e+00
-1.509989105457210323e+00
-1.437815737896500190e+00
-1.356691746951671940e+00
-1.271636692184345829e+00
-1.189853606912411488e+00
-1.117255815018932452e+00
-1.056086930665178114e+00
-1.005692092427109996e+00
-9.642560467749065056e-01
-9.298625276180715327e-01
-9.008731768187471234e-01
-8.759871349020404985e-01
-8.541965918053080475e-01
-8.347232097360754999e-01
-8.169616426894854566e-01
-8.004353772615920848e-01
-7.847637932302942154e-01
-7.696380130561695232e-01
-7.548032741162213899e-01
-7.400460502182251155e-01
-7.251846206972826225e-01
-7.100621567788647504e-01
-6.945416677712671349e-01
-6.785023449556037978e-01
-6.618369798285614891e-01
-6.444502321808895928e-01
-6.262575941864119144e-01
-6.071849471476391535e-01
-5.871686426731030917e-01
-5.661560623536687764e-01
-5.441066200657227458e-01
-5.209931679572022967e-01
-4.968037490419249247e-01
-4.715436039714079319e-01
-4.452372858866284755e-01
-4.179306672027020553e-01
-3.896925433709330089e-01
-3.606154663955322692e-01
-3.308153993012880600e-01
-3.004298011509137778e-01
-2.696138568840130700e-01
-2.385347667846848818e-01
-2.073642863772671985e-01
-1.762700034704094143e-01
-1.454060757869777010e-01
-1.149042546752882671e-01
-8.486594870120388323e-02
-5.535585180661604238e-02
-2.639733998561660799e-02
2.030484905493231112e-03
2.999448122579431372e-02
5.760840713634413773e-02
8.503367353225195491e-02
1.124804209173506930e-01
1.402093309149809730e-01
1.685344644883438325e-01
1.978273050318718196e-01
2.285220909045219129e-01
2.611224603632376073e-01
2.962094141817516735e-01
3.344506395776847274e-01
3.766113342592862234e-01
4.235667720011022097e-01
4.763167551914091469e-01
5.360011665014891014e-01
6.039122669483131256e-01
6.814883484607120456e-01
7.702422533809758498e-01
8.714979220639896829e-01
9.856363739538525071e-01
1.110387318375364751e+00
1.238450975349901340e+00
1.357813115065777509e+00
1.458117320589475741e+00
1.536357471353149595e+00
1.595182999756811659e+00
1.638846629990547976e+00
1.671157157568186058e+00
1.695040413990269723e+00
1.712648951685479037e+00
1.725560179861863830e+00
1.734941658726462332e+00
1.741669422120626143e+00
1.746409136096706449e+00
1.749671493473015094e+00
1.751850454015786651e+00
1.753250161844054134e+00
1.754104354246066810e+00
1.754590733428606608e+00
1.754841903314839691e+00
1.754953913984065750e+00
1.754993095835212902e+00
1.755001632767561714e+00
1.107631632704243424e-12
