2.102083649050832670e-01
2.147801198833234892e-01
2.273501005281774734e-01
2.447410172703589348e-01
2.634429729925524821e-01
2.809999036763803915e-01
2.962493626914935452e-01
3.089332227487711080e-01
3.192503217843518648e-01
3.275617993484107315e-01
3.342429780605236100e-01
3.396244997840114910e-01
3.439773062761808387e-01
3.475157865001022861e-01
3.504067847068717545e-01
3.527792744769385203e-01
3.547328405858530265e-01
3.563445331755932810e-01
3.576741978744223949e-01
3.587685455772328669e-01
3.596642365404295050e-01
3.603902144151097664e-01
3.609694768671535825e-01
3.614204249419272763e-01
3.617578972210604427e-01
3.619939670012314870e-01
3.621385598632302361e-01
3.621999335791039054e-01
3.621850510009728685e-01
3.620998683352456005e-01
3.619495552317179565e-01
3.617386588129486436e-01
3.614712206926761762e-01
3.611508538508095278e-01
3.607807846935657259e-01
3.603638645342289171e-01
3.599025539283449149e-01
3.593988826654581636e-01
3.588543876638882746e-01
3.582700304662271851e-01
3.576460954445707108e-01
3.569820691702704774e-01
3.562765006768883747e-01
3.555268415585780550e-01
3.547292640277439624e-01
3.538784542513633280e-01
3.529673775605854380e-01
3.519870115750841078e-01
3.509260430304796952e-01
3.497705243247951623e-01
3.485034867636482292e-01
3.471045095421899651e-01
3.455492471499882479e-01
3.438089237904476958e-01
3.418498124349246825e-01
3.396327293478340614e-01
3.371125935241282012e-01
3.342381256337105255e-01
3.309517935033849945e-01
3.271901504972306585e-01
3.228847567323600010e-01
3.179639143421200131e-01
3.123554745199131344e-01
3.059909656755863683e-01
2.988112205370503927e-01
2.907735127571404732e-01
2.818599236075301495e-01
2.720862445142709363e-01
2.615102299458630930e-01
2.502375686095385521e-01
2.384237307597570077e-01
2.262700884870455231e-01
2.140135250087362440e-01
2.019100760921524185e-01
1.902146472304447888e-01
1.791600085030018996e-01
1.689386128418595701e-01
1.596901355831334413e-01
1.514962236960933906e-01
1.443822944284710585e-01
1.383248841407613838e-01
1.332623514080975569e-01
1.291067142375804389e-01
1.257548534886396840e-01
1.230979695008898173e-01
1.210288084762988076e-01
1.194466513120324147e-01
1.182603463880955857e-01
1.173897948693266718e-01
1.167663116848584454e-01
1.163322363499753598e-01
1.160400924467282074e-01
1.158515164413710385e-01
1.157361078398237292e-01
1.156702980445779017e-01
1.156362948328341911e-01
1.156211311840259215e-01
1.156158286307377020e-01
1.156146738552718822e-01
nan
