4.323541673135660175e-10
1.623514756148266777e-02
2.963770902873314947e-02
4.061559236939368128e-02
4.957373942841457326e-02
5.690474527002521016e-02
6.298136236941406785e-02
6.815068358261711090e-02
7.272981146493592841e-02
7.700283501808793951e-02
8.121894790213078641e-02
8.559155456024780673e-02
9.029822258298324245e-02
9.548135099371790613e-02
1.012494349793346543e-01
1.076788179293762110e-01
1.148158314938087926e-01
1.226792337340070621e-01
1.312628643340306156e-01
1.405384442699062209e-01
1.504584553137272296e-01
1.609590422871658155e-01
1.719628880857189679e-01
1.833820181809291960e-01
1.951204975831822286e-01
2.070769891227237369e-01
2.191471473915222457e-01
2.312258277937791484e-01
2.432090948884743087e-01
2.549960185836455673e-01
2.664902507692879507e-01
2.776013786641838843e-01
2.882460545117798145e-01
2.983489043017474307e-01
3.078432209272844999e-01
3.166714496238256515e-01
3.247854756828567613e-01
3.321467263052401697e-01
3.387261000620698237e-01
3.445037387778750460e-01
3.494686577512111092e-01
3.536182510915459321e-01
3.569576895891532486e-01
3.594992289566880661e-01
3.612614464974919226e-01
3.622684242767114093e-01
3.625488967072723057e-01
3.621353801238511028e-01
3.610633014145069319e-01
3.593701421218132852e-01
3.570946136234121049e-01
3.542758780661367513e-01
3.509528286685079101e-01
3.471634418336831951e-01
3.429442122391380687e-01
3.383296807006989648e-01
3.333520631572874371e-01
3.280409875991238122e-01
3.224233441764162156e-01
3.165232520879950329e-01
3.103621451701665812e-01
3.039589763955279911e-01
2.973305397598317024e-01
2.904919062924868345e-01
2.834569691831571037e-01
2.762390912834409296e-01
2.688518465290110626e-01
2.613098451441358550e-01
2.536296308474220718e-01
2.458306366851630009e-01
2.379361845871186265e-01
2.299745122791007901e-01
2.219798098076904425e-01
2.139932466449602777e-01
2.060639691555309627e-01
1.982500471348439819e-01
1.906193471764715541e-01
1.832503098078438475e-01
1.762326066581962336e-01
1.696676534000925995e-01
1.636689538467843152e-01
1.583622504022035860e-01
1.538854560587789022e-01
1.503883433307695583e-01
1.480319659076866912e-01
1.469877894238512117e-01
1.474365085764766936e-01
1.495665288961189610e-01
1.535720927901379762e-01
1.596510310522317455e-01
1.680021228693688862e-01
1.788220494718165965e-01
1.923019289726858316e-01
2.086234226407335246e-01
2.279544058543433727e-01
2.504442003058662269e-01
2.762183676741307159e-01
3.053730689691431244e-01
3.379689980870438926e-01
3.740249028055674385e-01
