-2.747634022625622952e-01
-2.747595270909192755e-01
-2.747314263590673877e-01
-2.746520314353286807e-01
-2.744907950836968369e-01
-2.742131800631200655e-01
-2.737800143422251531e-01
-2.731466764587907603e-01
-2.722620675561843173e-01
-2.710673219167157866e-01
-2.694942113244031545e-01
-2.674632241451670445e-01
-2.648813781172129067e-01
-2.616400207461369032e-01
-2.576133100662008624e-01
-2.526589765865920323e-01
-2.466246504476087842e-01
-2.393655795912774664e-01
-2.307816494591617418e-01
-2.208780430935344818e-01
-2.098352659679890153e-01
-1.980416037190372014e-01
-1.860335774314692825e-01
-1.743538400091037832e-01
-1.634158463989927035e-01
-1.534506682110819975e-01
-1.445307450075127842e-01
-1.366235899073827420e-01
-1.296408338054301224e-01
-1.234715392549061014e-01
-1.180013211262386091e-01
-1.131219189371713008e-01
-1.087351858797341309e-01
-1.047540948047432086e-01
-1.011022787434112391e-01
-9.771293451884426051e-02
-9.452751927213863536e-02
-9.149445037218296994e-02
-8.856790250658515273e-02
-8.570673563747180368e-02
-8.287355784605904274e-02
-8.003391354686639758e-02
-7.715558238319117357e-02
-7.420797319328953368e-02
-7.116159859647501473e-02
-6.798761791428349632e-02
-6.465743876391967515e-02
-6.114237063122908433e-02
-5.741332698588823974e-02
-5.344057624148495361e-02
-4.919354629176056481e-02
-4.464069278425712023e-02
-3.974944805881111543e-02
-3.448627614248145345e-02
-2.881686952174041319e-02
-2.270653552966111002e-02
-1.612083318650232855e-02
-9.026533010120522255e-03
-1.392978171637858018e-03
6.806082380605858219e-03
1.559015138198589258e-02
2.496916734167258997e-02
3.494037891283204023e-02
4.548525722659718662e-02
5.656700958666126960e-02
6.812943818803424145e-02
8.009792521878100757e-02
9.238311331533129167e-02
1.048873578197059425e-01
1.175133733562672284e-01
1.301739376633982703e-01
1.428013144066251905e-01
1.553553181144379236e-01
1.678295453631130363e-01
1.802559789342676744e-01
1.927087096360920460e-01
2.053078267555475678e-01
2.182246536813436388e-01
2.316895759960464762e-01
2.460038724911791930e-01
2.615573781717696611e-01
2.788547122873553663e-01
2.985546036016260008e-01
3.215303216466560143e-01
3.489657475886569493e-01
3.825125956470335487e-01
4.245434966595214576e-01
4.784683009726169445e-01
5.483810236973650776e-01
6.336831483082330241e-01
7.162960509546938415e-01
7.764375967822327862e-01
8.151867574578421927e-01
8.396513937955043527e-01
8.548874495883996838e-01
8.640215497027767810e-01
8.690816052919260182e-01
8.714901958672298665e-01
8.723215554977790109e-01
8.724340856438885794e-01
