-1.662637442309161384e-01
-1.662257155933076769e-01
-1.659502661891471276e-01
-1.651751173059357591e-01
-1.636151179009155687e-01
-1.609731987633772066e-01
-1.569593075237807334e-01
-1.513172242457102579e-01
-1.438568912386954668e-01
-1.344871036678371712e-01
-1.232411242995348627e-01
-1.102873987697041563e-01
-9.592006283785899090e-02
-8.052906843584084484e-02
-6.455565818503894437e-02
-4.844301306628789189e-02
-3.259242948868617401e-02
-1.733246369864960279e-02
-2.903835727331535287e-03
1.054138558192051905e-02
2.293035663500019722e-02
3.425447794698537052e-02
4.455283760584981267e-02
5.389677231952452741e-02
6.237696204665735961e-02
7.009350417290560742e-02
7.714881296800316091e-02
8.364289724076945376e-02
8.967048332204889671e-02
9.531948095722479752e-02
1.006703716384664965e-01
1.057961932859636800e-01
1.107628820608555636e-01
1.156298035969246935e-01
1.204503608335656950e-01
1.252726057578880670e-01
1.301398106060629445e-01
1.350909733447852590e-01
1.401612450586472436e-01
1.453822751909420175e-01
1.507824759118588376e-01
1.563872102945640663e-01
1.622189112197499616e-01
1.682971395144938209e-01
1.746385910948990428e-01
1.812570640259817956e-01
1.881633975412037307e-01
1.953653962089262341e-01
2.028677535685556588e-01
2.106719906172800638e-01
2.187764254108237882e-01
2.271761906330451997e-01
2.358633161713373227e-01
2.448268934035182087e-01
2.540533369851782353e-01
2.635267584024253429e-01
2.732294634677970291e-01
2.831425834077871406e-01
2.932468464193083157e-01
3.035234938308055130e-01
3.139553426122688728e-01
3.245279942706824627e-01
3.352311894388629310e-01
3.460603079064902277e-01
3.570180154540416040e-01
3.681160613413768101e-01
3.793772329519995989e-01
3.908374755689033031e-01
4.025481833594083958e-01
4.145786589508673181e-01
4.270187183465407599e-01
4.399813778728061120e-01
4.536054898183166650e-01
4.680580792603522000e-01
4.835359586609251914e-01
5.002659401838178699e-01
5.185026142471801380e-01
5.385222213820851644e-01
5.606106631698853926e-01
5.850433149604894467e-01
6.120542987588433181e-01
6.417937127668980057e-01
6.742736011988983424e-01
7.093076968305467300e-01
7.464560521934747728e-01
7.849920410084946232e-01
8.239123860455237480e-01
8.620062997567118357e-01
8.979848411868136537e-01
9.306493595631416538e-01
9.590585402893045952e-01
9.826490639919075454e-01
1.001279937682403531e+00
1.015197737019059465e+00
1.024944809908010956e+00
1.031243887598918940e+00
1.034889203785882117e+00
1.036662422231182878e+00
1.037279086506462500e+00
1.037362557690838960e+00
