1.513378824449784429e-02
1.513691791958440315e-02
1.515958545045888173e-02
1.522336687844998843e-02
1.535170312762361260e-02
1.556898598522738278e-02
1.589898544206141268e-02
1.636262848729947220e-02
1.697532702830910692e-02
1.774428259892254708e-02
1.866638299532273615e-02
1.972733598313541892e-02
2.090247527118889795e-02
2.215924829731270168e-02
2.346090789233232221e-02
2.477059341652212976e-02
2.605494574452433751e-02
2.728664394694574682e-02
2.844563652138427934e-02
2.951919271690526050e-02
3.050111012324378465e-02
3.139046676960956239e-02
3.219024662224576755e-02
3.290606043270020986e-02
3.354507815027129441e-02
3.411520899230215814e-02
3.462451582825883806e-02
3.508082652788045708e-02
3.549149800521877313e-02
3.586329133789835366e-02
3.620232320381205210e-02
3.651406673448590740e-02
3.680338209673794658e-02
3.707456303973007128e-02
3.733139018609199500e-02
3.757718515888792271e-02
3.781486196119018123e-02
3.804697360314374804e-02
3.827575300951411436e-02
3.850314790193998249e-02
3.873084975644366240e-02
3.896031717601117217e-02
3.919279415156843444e-02
3.942932375408594869e-02
3.967075783317721566e-02
3.991776331054636140e-02
4.017082565982817849e-02
4.043025016240319597e-02
4.069616152258061920e-02
4.096850241338275550e-02
4.124703150246009087e-02
4.153132147171191557e-02
4.182075748882213562e-02
4.211453650919371600e-02
4.241166767860955755e-02
4.271097396782067013e-02
4.301109499968970573e-02
4.331049082949180173e-02
4.360744621408885885e-02
4.390007466304108458e-02
4.418632131350294645e-02
4.446396342174997046e-02
4.473060702926604654e-02
4.498367815330092667e-02
4.522040668512863210e-02
4.543780107202668311e-02
4.563261183727689019e-02
4.580128209740383372e-02
4.593988353508383221e-02
4.604403689061562638e-02
4.610881712204208116e-02
4.612864522803560019e-02
4.609717173364404064e-02
4.600716157335299483e-02
4.585039730028286908e-02
4.561762803195455046e-02
4.529860600208795995e-02
4.488227103344080010e-02
4.435716394991080086e-02
4.371216769702317151e-02
4.293767873287458042e-02
4.202728236675778994e-02
4.097991885347487123e-02
3.980235924190035635e-02
3.851156233570780796e-02
3.713621443448704429e-02
3.571659935423206894e-02
3.430209591104175365e-02
3.294617618247384222e-02
3.169967348685061304e-02
3.060390770462821999e-02
2.968550360125575549e-02
2.895419297676511683e-02
2.840382035777859818e-02
2.801575014860349308e-02
2.776336446180343795e-02
2.761642731870760786e-02
2.754453808031332926e-02
2.751939843177188955e-02
2.751597862635972100e-02
