1.195011720533644821e-09
4.487337716926488584e-02
8.191758594387579806e-02
1.122600696077976634e-01
1.370200731861372923e-01
1.572827156360981360e-01
1.740782716962722132e-01
1.883660938198891965e-01
2.010226423231553372e-01
2.128331292206475656e-01
2.244863170292203391e-01
2.365720481283348220e-01
2.495811130964782909e-01
2.639070978287283986e-01
2.798498792078549235e-01
2.976204676789648840e-01
3.173469222939353518e-01
3.390810896750316994e-01
3.628059429255384716e-01
3.884433198172453361e-01
4.158618816385581951e-01
4.448851349211880857e-01
4.752993779061042701e-01
5.068614520890919461e-01
5.393061965311215511e-01
5.723535188571506893e-01
6.057150120272842830e-01
6.391000600747308580e-01
6.722213890940025305e-01
7.048000318587658297e-01
7.365696855797532194e-01
7.672804525078280591e-01
7.967019623736799616e-01
8.246258840622767705e-01
8.508678414752740560e-01
8.752687552665514570e-01
8.976956380730845009e-01
9.180418760339505990e-01
9.362270338226126309e-01
9.521962241401163984e-01
9.659190856577982709e-01
9.773884157858270250e-01
9.866185064067584110e-01
9.936432318795664909e-01
9.985139392176626272e-01
1.001297190402590465e+00
1.002072406341619093e+00
1.000929461040793722e+00
9.979662731733985881e-01
9.932864404055752328e-01
9.869969596243590715e-01
9.792060736269854182e-01
9.700212819022910882e-01
9.595475498936735237e-01
9.478857476068293098e-01
9.351313446425404408e-01
9.213733847235450192e-01
9.066937585733423344e-01
8.911667896218773421e-01
8.748591424868894517e-01
8.578300595384967808e-01
8.401319261267317096e-01
8.218111602655182590e-01
8.029094177503739438e-01
7.834650988691613804e-01
7.635151380739736426e-01
7.430970532458656130e-01
7.222512265311430424e-01
7.010233841864972337e-01
6.794672384687814315e-01
6.576472503720489637e-01
6.356414679778457089e-01
6.135443913730863619e-01
5.914698115314103166e-01
5.695535672770566382e-01
5.479561614833832195e-01
5.268651750294067737e-01
5.064974147756380329e-01
4.871007299531865398e-01
4.689554299161002859e-01
4.523752352143701749e-01
4.377076934324237723e-01
4.253339912334780371e-01
4.156680945822084916e-01
4.091551502151369313e-01
4.062690831182420026e-01
4.075093270829232006e-01
4.133966283728892632e-01
4.244678661741603243e-01
4.412698378464584570e-01
4.643519620751663246e-01
4.942578588670932249e-01
5.315157719687775284e-01
5.766278067413879160e-01
6.300579648296968927e-01
6.922189661424711371e-01
7.634578587463084487e-01
8.440404282926511348e-01
9.341344305769522238e-01
1.033791683797853800e+00
