2.264112672703539829e+03
2.319119152292265881e+03
2.345642352850071802e+03
2.306961096007920332e+03
2.329004637366158477e+03
2.336568127468307466e+03
2.302101414526425742e+03
2.309094596885463034e+03
2.324633473945583319e+03
2.288235462211909180e+03
2.350198185681207633e+03
2.295689558718597709e+03
2.339160720911507724e+03
2.326499424433371132e+03
2.317917221985294873e+03
2.366503911050405350e+03
2.360933111976391956e+03
2.338675166381828149e+03
2.352416699392851569e+03
2.352961437831451349e+03
2.316556897902930359e+03
2.328146494734589851e+03
2.300436697843602815e+03
2.331217548716330839e+03
2.302558723417453621e+03
2.304445000568841806e+03
2.318940522700088877e+03
2.317533515588915179e+03
2.360163634158574496e+03
2.358682936984838761e+03
2.371021341849985220e+03
2.295849134187988511e+03
2.376895788182974684e+03
2.339959904844464290e+03
2.283110069379612014e+03
2.350517672234877409e+03
2.324342467449071137e+03
2.306631887005600220e+03
2.284277683133220307e+03
2.326061102939282137e+03
2.329124406130199077e+03
2.346239578991233429e+03
2.328379383279720969e+03
2.326858977564918860e+03
2.338898097614846392e+03
2.329283082569188082e+03
2.297084521349491297e+03
2.326546696112573954e+03
2.305137289651894207e+03
2.273814290509912553e+03
2.326700828731100955e+03
2.329185696518013629e+03
2.354807103559236111e+03
2.313732721471235436e+03
2.302397461877892056e+03
2.333070811441567002e+03
2.311885032485723968e+03
2.318727117140601877e+03
2.323458357760852323e+03
2.336574318572052107e+03
2.354166898378648511e+03
2.362299681546518514e+03
2.280356538230351362e+03
2.336597208548879735e+03
2.289681842738145860e+03
2.310495273452222591e+03
2.341086404195553769e+03
2.326436103854695830e+03
2.265100951996857475e+03
2.300249484759058760e+03
2.341525490649879885e+03
2.326954043131181606e+03
2.332543168786204660e+03
2.354596611029700398e+03
2.332487146787277197e+03
2.354900590334877052e+03
2.337534641354530777e+03
2.278834047457673023e+03
2.334540266348230489e+03
2.322448168006823380e+03
2.348045052705294438e+03
2.306464106293567056e+03
2.325120180391476424e+03
2.340000757081178563e+03
2.274054144171010194e+03
2.366335714002047098e+03
2.313246471530893814e+03
2.327677677213031984e+03
2.341857580431754741e+03
2.336273195307348942e+03
2.369520637929751501e+03
2.335703790106165798e+03
2.332464663409095920e+03
2.350032839157071521e+03
2.297429657754108575e+03
2.348581347264688247e+03
2.331631343033026951e+03
2.311200958749360325e+03
2.349269431762140812e+03
2.351334246548672127e+03
