7.051280103628200513e-02
7.051329106903363175e-02
7.054647187243780204e-02
7.092285035557922834e-02
7.291661979839676733e-02
7.938270837636239585e-02
9.249724105995872636e-02
1.085198675826438697e-01
1.210375476333857142e-01
1.284268998030147768e-01
1.323040015378341150e-01
1.342955264743946886e-01
1.353429207531851031e-01
1.359181122759641203e-01
1.362512844979019699e-01
1.364562489727220163e-01
1.365908207018735054e-01
1.366852144319075646e-01
1.367555585663260964e-01
1.368104622403416848e-01
1.368542506366957623e-01
1.368885305903126959e-01
1.369128609064943214e-01
1.369248896636170443e-01
1.369201278383729847e-01
1.368914483955701589e-01
1.368283971163706259e-01
1.367164788245446849e-01
1.365367613765772481e-01
1.362664231662185088e-01
1.358811619392042980e-01
1.353603623309991011e-01
1.346950159675987246e-01
1.338962328631979337e-01
1.329997121943654881e-01
1.320614948306345349e-01
1.311447683738534431e-01
1.303037631586235756e-01
1.295727768409459246e-01
1.289641152969170923e-01
1.284729255971145956e-01
1.280844366608928087e-01
1.277802143083988096e-01
1.275421786543836367e-01
1.273545729257556380e-01
1.272045659086527003e-01
1.270821220670944052e-01
1.269795620717293072e-01
1.268910430297914005e-01
1.268120579308631701e-01
1.267389784413408549e-01
1.266686229335581837e-01
1.265978039767014507e-01
1.265227823967495502e-01
1.264385164716830823e-01
1.263375316351136035e-01
1.262081301840277114e-01
1.260314858354193435e-01
1.257768896927205782e-01
1.253939992060334463e-01
1.248004080402053129e-01
1.238624345101775187e-01
1.223676159718389833e-01
1.199915645875882231e-01
1.162752121129280586e-01
1.106581164587712718e-01
1.026505223119586196e-01
9.219993582166755020e-02
8.008801930694858795e-02
6.789046842419985128e-02
5.725940961327125045e-02
4.911192435808858781e-02
4.345568939466330771e-02
3.977134988023062201e-02
3.743699157885893580e-02
3.594398566747148555e-02
3.494192958527753828e-02
3.421100503297229423e-02
3.362074427213661981e-02
3.309631579531963075e-02
3.259565969487474707e-02
3.209529795821226827e-02
3.158195919151560171e-02
3.104779301249070353e-02
3.048769921733431032e-02
2.989786352985730408e-02
2.927496345876620318e-02
2.861573600085206420e-02
2.791673378487249252e-02
2.717417378592389826e-02
2.638382620891490185e-02
2.554091479974326603e-02
2.464001216683985029e-02
2.367491959248834918e-02
2.263852304256000134e-02
2.152261712147538961e-02
2.031768727148106773e-02
1.901263780805573234e-02
1.759444937778162354e-02
nan
