-1.609971602349975273e+00
-1.609970622833049037e+00
-1.609904136965044641e+00
-1.609146713924213046e+00
-1.605020293818381294e+00
-1.590108526467239658e+00
-1.549458527832205279e+00
-1.457810633033033154e+00
-1.245659828092018140e+00
-7.665107247227798126e-01
-6.236657013670956484e-01
-5.729957034274821837e-01
-5.491452860483753140e-01
-5.361476346557494388e-01
-5.281501158124581874e-01
-5.226192133378444460e-01
-5.183458542522394463e-01
-5.147096054456321568e-01
-5.113695999249172619e-01
-5.081223151061228238e-01
-5.048305053975821188e-01
-5.013838594263350101e-01
-4.976735321418557789e-01
-4.935715805563267167e-01
-4.889101026252397619e-01
-4.834564668106465235e-01
-4.768817056993774894e-01
-4.687196426055372789e-01
-4.583151864109908935e-01
-4.447619567226278603e-01
-4.268320792513338180e-01
-4.029033258175799825e-01
-3.708865449239697187e-01
-3.281422320097061585e-01
-2.713470579413255757e-01
-1.962759495547469757e-01
-9.782635577285467288e-02
2.705257061338010860e-02
1.658533249334750437e-01
2.848007654530719246e-01
3.680110992462128361e-01
4.231223075978768899e-01
4.599568177528461921e-01
4.850918959371210426e-01
5.025975566781294424e-01
5.150263007614457322e-01
5.240218778335710148e-01
5.306682602535480742e-01
5.356939097469393118e-01
5.395957567416653777e-01
5.427171106123047650e-01
5.452981387518972545e-01
5.475095298948472466e-01
5.494757114122390540e-01
5.512916973885815253e-01
5.530364386577725222e-01
5.547850316795355230e-01
5.566221778126864139e-01
5.586598951484808007e-01
5.610638475840233896e-01
5.640950958207924248e-01
5.681780192921909167e-01
5.740108595870763164e-01
5.827419511367667448e-01
5.962381116320990548e-01
6.174618572477740264e-01
6.509423790440899138e-01
7.033201788798149057e-01
7.842615195132670580e-01
9.098175854900273363e-01
1.120920092957234937e+00
1.569324948485427917e+00
1.783193796120125629e+00
1.851266750719962717e+00
1.883755341810357864e+00
1.901755977710380074e+00
1.912889151582269465e+00
1.920632667895767920e+00
1.926744400019425152e+00
1.932157852110568008e+00
1.937384161610785416e+00
1.942713138613455293e+00
1.948319672687411241e+00
1.954321656861253587e+00
1.960812046325048241e+00
1.967876984808473395e+00
1.975606532369998281e+00
1.984101605210847774e+00
1.993479070444093448e+00
2.003875900184884262e+00
2.015452484554357770e+00
2.028394297783360223e+00
2.042909727309791368e+00
2.059219561393332842e+00
2.077530119092342975e+00
2.097978407579548232e+00
2.120539644857151629e+00
2.144908591571806245e+00
2.170417283062892277e+00
1.107631632704243424e-12
