-1.084822575156640267e+00
-1.084814262314765188e+00
-1.084251151753685249e+00
-1.077747398657799227e+00
-1.039042506804200405e+00
-8.039136061912948161e-01
-1.466434882698533781e-01
6.447709951197377887e-02
1.541746885618293927e-01
1.958428710369594095e-01
2.171549403190465855e-01
2.296656919565449040e-01
2.382922718876820112e-01
2.452089635988930205e-01
2.514344494954762199e-01
2.574847075829189702e-01
2.636520699683169711e-01
2.701323580626743825e-01
2.770894927904626326e-01
2.846956458784484778e-01
2.931650637465161857e-01
3.027923746435401409e-01
3.140045465114406076e-01
3.274373941367935137e-01
3.440523843537729998e-01
3.653180945138008173e-01
3.934919056955379912e-01
4.320335254506575962e-01
4.860493326052738317e-01
5.618820406073102847e-01
6.625570842796254523e-01
7.778319665274583405e-01
8.872899212699481009e-01
9.788290046934198241e-01
1.051101435335917822e+00
1.106721661990709871e+00
1.148877463622168582e+00
1.180463791027588139e+00
1.203931038580209334e+00
1.221281811159977027e+00
1.234103191087416951e+00
1.243617298713287411e+00
1.250742250630549002e+00
1.256154527127532283e+00
1.260345636568830141e+00
1.263669465169253714e+00
1.266379640980498600e+00
1.268657939210712682e+00
1.270635433693407368e+00
1.272408187395262180e+00
1.274049118239486633e+00
1.275617488749907658e+00
1.277167372860505301e+00
1.278756539001755010e+00
1.280457558551819863e+00
1.282373777797843672e+00
1.284664417527918712e+00
1.287586179442719692e+00
1.291564854672730744e+00
1.297323153702792053e+00
1.306119985234557968e+00
1.320231937862088811e+00
1.344045306568638409e+00
1.387114220554412025e+00
1.477086204781728362e+00
1.787004972221891919e+00
2.084143829021150029e+00
2.196162329099028199e+00
2.259880419383803130e+00
2.299201406840872597e+00
2.323630095551337593e+00
2.338835407946984191e+00
2.348528005954331643e+00
2.355032806302475024e+00
2.359732798740064919e+00
2.363422543675683940e+00
2.366547795960671330e+00
2.369353596931158545e+00
2.371971782456280486e+00
2.374471462149060574e+00
2.376887654282705320e+00
2.379237281121143965e+00
2.381527956235154342e+00
2.383762719070977809e+00
2.385942525956261218e+00
2.388067520800405852e+00
2.390137655415223605e+00
2.392152971380494098e+00
2.394113710860161337e+00
2.396020344260014756e+00
2.397873559752904171e+00
2.399674237103092800e+00
2.401423416600745320e+00
2.403122268096066882e+00
2.404772062285020606e+00
2.406374145052483815e+00
2.407929915055536441e+00
2.409440804442368744e+00
2.410908262413447911e+00
1.107631632704243424e-12
