5.855194551404303491e-03
2.101092057071764132e-03
2.100666131538816896e-03
2.100637300950156106e-03
2.100631544470969118e-03
2.100631608685676020e-03
2.100641816515618886e-03
2.100687298401091550e-03
2.100845722514598553e-03
2.101323382758930013e-03
2.102615672223686824e-03
2.105822854051848155e-03
2.113238310350464867e-03
2.129391536502970098e-03
2.162802842647277169e-03
2.228738975355465737e-03
2.353077550189082955e-03
2.576564833045471518e-03
2.956540050000527279e-03
3.559309044952473685e-03
4.434122097372120326e-03
5.569864961582763827e-03
6.864421041542506305e-03
8.151003800457587781e-03
9.276151461223904396e-03
1.016163456382987960e-02
1.080666147852315725e-02
1.125339518436932473e-02
1.155410276649652263e-02
1.175420279801365174e-02
1.188763618537518399e-02
1.197790941825401315e-02
1.204068773980101689e-02
1.208624225715777475e-02
1.212130515010961980e-02
1.215035599909900822e-02
1.217648059173065400e-02
1.220193970373764820e-02
1.222855200258695686e-02
1.225796288284301816e-02
1.229184660063074516e-02
1.233207186581564661e-02
1.238084857892214098e-02
1.244086302824855966e-02
1.251539814919046950e-02
1.260842222464685775e-02
1.272461216825305184e-02
1.286925661947023285e-02
1.304796404752649013e-02
1.326609403621966353e-02
1.352785772208159321e-02
1.383512255962831075e-02
1.418611833330394971e-02
1.457443550045612636e-02
1.498881717270359945e-02
1.541412137542865109e-02
1.583341894492704127e-02
1.623066895868830947e-02
1.659311377463309686e-02
1.691268036821559628e-02
1.718615659550959060e-02
1.741439968380448927e-02
1.760107096719623967e-02
1.775135039773880624e-02
1.787090082762191751e-02
1.796516657476862622e-02
1.803897188465972135e-02
1.809633552813848592e-02
1.814041267860016377e-02
1.817348829247454958e-02
1.819696017351286194e-02
1.821125541152290167e-02
1.821561565921250847e-02
1.820766009336385188e-02
1.818258481576736849e-02
1.813178314620864789e-02
1.804059868046077250e-02
1.788497751453475490e-02
1.762738180012900918e-02
1.721448307713210543e-02
1.658424812551085453e-02
1.569581371229709227e-02
1.458542414080454125e-02
1.340350041522550724e-02
1.235632022076808140e-02
1.157950203014050140e-02
1.108143326014715373e-02
1.079192115224327474e-02
1.062922115543048739e-02
1.053153849564728538e-02
1.045993458360753962e-02
1.039139005437473597e-02
1.031159806871563903e-02
1.021004113517479800e-02
1.007763870850754417e-02
9.907562172350841898e-03
9.701167693633723499e-03
9.480672589495225955e-03
9.300529297967902176e-03
9.230026246093776116e-03
