-1.500028866312928533e-01
-2.527862341211291608e-01
-2.527978891821900387e-01
-2.527986777486648240e-01
-2.527988348300518329e-01
-2.527988306106694338e-01
-2.527985384264797575e-01
-2.527972406257901761e-01
-2.527927214351772256e-01
-2.527790958065521121e-01
-2.527422305705513406e-01
-2.526507334572140051e-01
-2.524391641410255738e-01
-2.519782615498825651e-01
-2.510248451413144566e-01
-2.491431188839811073e-01
-2.455942690945959184e-01
-2.392147354503870171e-01
-2.283666650165249445e-01
-2.111551999924150824e-01
-1.861710953560180293e-01
-1.537275818199367039e-01
-1.167365766737297889e-01
-7.995869008890653384e-02
-4.777684099407516344e-02
-2.242733446103986963e-02
-3.935104516678477812e-03
8.902656524644289929e-03
1.757862724320282538e-02
2.339109317851129077e-02
2.731160666944678489e-02
3.001478453906012561e-02
3.195253942055423929e-02
3.342430655455948252e-02
3.463053949312806801e-02
3.571015736069162172e-02
3.676602503842592296e-02
3.788245476321208671e-02
3.913778042190483447e-02
4.061414282569394268e-02
4.240592644502878816e-02
4.462777521700843353e-02
4.742269611414248048e-02
5.097032733847826902e-02
5.549488793493864702e-02
6.127151922003445939e-02
6.862858506764406286e-02
7.794203953720250933e-02
8.961650054102009155e-02
1.040470185052130153e-01
1.215572319907887999e-01
1.423155905414979494e-01
1.662425584682642177e-01
1.929356417930083722e-01
2.216477176302113217e-01
2.513466910460507298e-01
2.808566011213479707e-01
3.090433410055590246e-01
3.349855580905094499e-01
3.580794465010019301e-01
3.780587741223246367e-01
3.949459529575749528e-01
4.089676634124317922e-01
4.204668751053285969e-01
4.298309559567463634e-01
4.374427853131648281e-01
4.436534199682576340e-01
4.487713637769061292e-01
4.530632754252782446e-01
4.567623238348804127e-01
4.600823192568732622e-01
4.632378298225958146e-01
4.664728304497090527e-01
4.701034118736964751e-01
4.745842126982160458e-01
4.806137006533733325e-01
4.892984237744611442e-01
5.023919455451097971e-01
5.225810035550367827e-01
5.536378572827270750e-01
5.998991749347971636e-01
6.641345910998383006e-01
7.436092529191471456e-01
8.275539888062136695e-01
9.013985128640225053e-01
9.557089045454237874e-01
9.900619554140140943e-01
1.009508199228612790e+00
1.019823301184663578e+00
1.025309101287638525e+00
1.028609111546752164e+00
1.031202918372107868e+00
1.033908475997953325e+00
1.037222642020360741e+00
1.041501160960009553e+00
1.046986222120918075e+00
1.053640517359022644e+00
1.060749191077290376e+00
1.066556926640755076e+00
1.068829911989446657e+00
