#Bayesian Information Criterion from bootstrap run
1.095593864100640985e+03
1.106729034392511494e+03
1.197451911759917493e+03
1.051124952810871946e+03
1.113853895178954417e+03
1.130574900233146536e+03
1.068159050808345000e+03
1.149706813625499990e+03
1.080646448084540680e+03
1.093058227935540799e+03
1.135798688467159081e+03
1.104318281592643416e+03
1.093131461940780355e+03
1.079191998764538084e+03
1.109129116393809454e+03
1.137272674198034110e+03
1.075287259016804910e+03
1.135296328616893788e+03
1.102447270524934538e+03
1.083857328373521341e+03
1.078457408052373239e+03
1.128968984118403569e+03
1.103343286409872007e+03
1.118028496315153461e+03
1.135790264541447868e+03
1.113548993884880474e+03
1.090880214376736149e+03
1.139434870980951246e+03
1.095393623800158593e+03
1.123212116008100793e+03
1.130668881682611755e+03
1.081601347026870371e+03
1.072194927869111780e+03
1.156635756436019847e+03
1.134323260129547862e+03
1.132816785680209478e+03
1.091453256387099145e+03
1.057215169309454041e+03
1.098110760840676221e+03
1.088526691499523849e+03
1.099727619414464925e+03
1.101927047203797883e+03
1.156058835738019752e+03
1.128321288903687446e+03
1.152933088549988042e+03
1.082971934684107282e+03
1.112399872302317590e+03
1.147539772807193685e+03
1.073552591866360672e+03
1.107857067191369651e+03
