#Akaike Information Criterion from bootstrap run
7.494626390934176925e+02
7.496254111551678534e+02
7.620405197337960317e+02
7.823024157316363016e+02
6.815711396396969803e+02
7.969306939531172702e+02
7.755963039854719909e+02
7.477135998395801835e+02
7.543615691967810335e+02
7.515824001892025308e+02
7.698216132760779828e+02
7.344425810103984986e+02
7.699592930903959314e+02
7.473126174569553086e+02
7.699560352540256645e+02
7.385215320697836887e+02
8.124052678747835898e+02
8.162229504719434772e+02
7.931283148603230302e+02
7.950659228153423328e+02
7.961196691897002893e+02
8.174250142811094975e+02
8.124786670630901426e+02
7.550585818206145632e+02
7.209454959629658788e+02
7.519042667745972039e+02
7.571191041876036252e+02
7.480196826156600309e+02
7.823702221778793273e+02
7.772445092981533890e+02
8.143296519067480403e+02
7.388138303218859164e+02
7.600811779040457168e+02
8.059918558976312397e+02
8.024524766064698724e+02
8.066041109247273653e+02
7.452038646897510716e+02
7.471369605103756157e+02
8.046001848934949976e+02
7.512878932290045668e+02
7.395626626448072329e+02
7.511694424608147074e+02
7.136788811994937305e+02
7.845879525362972799e+02
7.863281849011482336e+02
8.264327701073375465e+02
7.627235187253994582e+02
7.337711659503312376e+02
7.459139525543163245e+02
7.479528461922509450e+02
