#Marginalized radius distribution from initial fitting w/o bootstrap
4.664293096651165892e-10
6.836604597007724105e-02
1.172359418744752385e-01
1.505511721379141077e-01
1.716191853814489909e-01
1.832290916800544123e-01
1.877518168209211247e-01
1.872232196969443319e-01
1.834101513585697230e-01
1.778604809085676253e-01
1.719388122024366472e-01
1.668500341093358263e-01
1.636530444475528534e-01
1.632670138222163392e-01
1.664724531800517160e-01
1.739091540253736856e-01
1.860728130795808455e-01
2.033118586578291365e-01
2.258256845236757127e-01
2.536651847678331184e-01
2.867361831135418759e-01
3.248060716832425476e-01
3.675137247232800330e-01
4.143825368550859145e-01
4.648362559471584388e-01
5.182171388960989944e-01
5.738058543235969866e-01
6.308424881834403530e-01
6.885479743781206530e-01
7.461452698586388266e-01
8.028796189469284972e-01
8.580373010282079660e-01
9.109623253216706518e-01
9.610706220444922288e-01
1.007861376811936882e+00
1.050925260516071491e+00
1.089949416299872853e+00
1.124719174913906494e+00
1.155116576305365905e+00
1.181115875661928216e+00
1.202776303591605922e+00
1.220232430329899254e+00
1.233682550901761932e+00
1.243375560527859136e+00
1.249596826185366494e+00
1.252653580479111017e+00
1.252860367646509099e+00
1.250525058824578428e+00
1.245935925269565647e+00
1.239350215040826209e+00
1.230984622099189352e+00
1.221007968509334241e+00
1.209536342448678248e+00
1.196630849234068261e+00
1.182298042009077177e+00
1.166493005672759153e+00
1.149124974763525930e+00
1.130065276077759640e+00
1.109157302531847744e+00
1.086228148830461926e+00
1.061101474415126145e+00
1.033611107274339469e+00
1.003614865582778570e+00
9.710080545666938123e-01
9.357360948494806152e-01
8.978057567616275492e-01
8.572945131545800512e-01
8.143575810476666454e-01
7.692322992834172979e-01
7.222395839701999387e-01
6.737823139066292377e-01
6.243406218042263367e-01
5.744642006899158826e-01
5.247618744733006935e-01
4.758888227962290163e-01
4.285319878887245415e-01
3.833943197172478001e-01
3.411786293573207951e-01
3.025719131712686361e-01
2.682310759077597417e-01
2.387710133299248139e-01
2.147560089307940789e-01
1.966953499629464641e-01
1.850439717533236827e-01
1.802087939736621847e-01
1.825612180694695386e-01
1.924560138364897477e-01
2.102565407561991229e-01
2.363659356058500915e-01
2.712635661360912054e-01
3.155457208792510904e-01
3.699692035394643863e-01
4.354962606420508808e-01
5.133391357029543078e-01
6.050025647658457961e-01
7.123227709805393104e-01
8.375020573901468257e-01
9.831390296339160839e-01
1.152255913101311924e+00
1.348326490389797572e+00
