1.112738949967378543e+00
-1.861453971358196235e-01
-1.861453492157285894e-01
-1.861444498088976052e-01
-1.861376879307511667e-01
-1.861055701376112259e-01
-1.859906316330284248e-01
-1.856505068536271896e-01
-1.847696645165243512e-01
-1.826913142288894842e-01
-1.780640341783742975e-01
-1.679511081000394090e-01
-1.450868624013167962e-01
-9.187978060164818384e-02
-1.302502902476406106e-02
4.814909358844941117e-02
8.922240416075295777e-02
1.165579701406128932e-01
1.346223571976192801e-01
1.465100083030822509e-01
1.543682217965154646e-01
1.596439564634323238e-01
1.632835006106103104e-01
1.658944457847868204e-01
1.678649483997230463e-01
1.694449547650073162e-01
1.707990163280075913e-01
1.720399265657009402e-01
1.732501397560420875e-01
1.744956860485573913e-01
1.758356294120093088e-01
1.773290203100306439e-01
1.790406300368312387e-01
1.810463850337837854e-01
1.834392580195108591e-01
1.863363729548929704e-01
1.898882350594137403e-01
1.942913304360003313e-01
1.998058996751380101e-01
2.067814903104314150e-01
2.156936619851529402e-01
2.271943601750551489e-01
2.421691748839961689e-01
2.617525156683380150e-01
2.871147829864264533e-01
3.186156077785209373e-01
3.544062794060137689e-01
3.906068437530739734e-01
4.239233611284775050e-01
4.530518708316637055e-01
4.779807501450372142e-01
4.991440742560139809e-01
5.170432904974863186e-01
5.321367532818054302e-01
5.448227262351016398e-01
5.554465283589732350e-01
5.643103453083447851e-01
5.716806029577008452e-01
5.777927190673831648e-01
5.828541969305448545e-01
5.870470028727424738e-01
5.905298578916879926e-01
5.934407749924588416e-01
5.958999794103068126e-01
5.980132685223218392e-01
5.998758847472877020e-01
6.015770722484506949e-01
6.032056677938458789e-01
6.048573680425327614e-01
6.066447988732589502e-01
6.087123582511855258e-01
6.112593822723751957e-01
6.145783425594283367e-01
6.191216516210628074e-01
6.256272379670926309e-01
6.353790416847489020e-01
6.508329212708118261e-01
6.775261738573307158e-01
7.331549290099342864e-01
8.977034264981835765e-01
1.012462560176492055e+00
1.065766694791334679e+00
1.098205215828103487e+00
1.119384697204867329e+00
1.133293970642089032e+00
1.142222627313334460e+00
1.147748887835060572e+00
1.151026170755977684e+00
1.152881745410973657e+00
1.153880803047911963e+00
1.154389095904432949e+00
1.154631060857866709e+00
1.154737241935316128e+00
1.154779256854278069e+00
1.154793753838350590e+00
1.154797889587409143e+00
1.154798780135603220e+00
1.154798901757580154e+00
1.154798908881318420e+00
1.154798908942228808e+00
