7.811385296909481178e-09
4.318881514647633212e-04
2.814283686687667554e-03
7.720253802204222159e-03
1.484222417693216271e-02
2.346004235405640612e-02
3.273545473683164841e-02
4.188581213231320349e-02
5.027613073397021320e-02
5.745795336422969413e-02
6.317519783883246420e-02
6.735088563130744999e-02
7.006393955225552472e-02
7.152181289611332649e-02
7.203230314324883532e-02
7.197628953375168059e-02
7.178212783202642111e-02
7.190187864669778106e-02
7.278930503399316798e-02
7.487954173757635501e-02
7.857042492102041253e-02
8.420561002475718260e-02
9.205974665445373906e-02
1.023260891918791327e-01
1.151069797437282438e-01
1.304076371253232447e-01
1.481336219611810445e-01
1.680922307409673799e-01
1.899979126911178762e-01
2.134816174080176598e-01
2.381037843529947851e-01
2.633704933051612684e-01
2.887521220875848282e-01
3.137037164476685347e-01
3.376861761587900967e-01
3.601873073223046395e-01
3.807417863374448208e-01
3.989491257877880726e-01
4.144888234342491429e-01
4.271320070368259114e-01
4.367490523412963510e-01
4.433128403583437849e-01
4.468975232879663917e-01
4.476728760595976575e-01
4.458945126250908331e-01
4.418904336514019038e-01
4.360445369085466649e-01
4.287778565211187720e-01
4.205283969279290934e-01
4.117304880770672471e-01
4.027946079565173365e-01
3.940885965822820136e-01
3.859211232140878911e-01
3.785281685386634454e-01
3.720631499345354865e-01
3.665911560230203370e-01
3.620875728866842502e-01
3.584411858367404502e-01
3.554616353408861507e-01
3.528909020440689215e-01
3.504183023149495813e-01
3.476983009985299966e-01
3.443703003300241372e-01
3.400794509644049501e-01
3.344974595985391597e-01
3.273423432677890488e-01
3.183961070527652759e-01
3.075194016507340478e-01
2.946623497746233000e-01
2.798709127704639421e-01
2.632883954911844349e-01
2.451519496652182772e-01
2.257842221231743940e-01
2.055805898754514693e-01
1.849927123391100214e-01
1.645093933662001850e-01
1.446359625629989043e-01
1.258735373141572911e-01
1.086995960426584557e-01
9.355126466075262825e-02
8.081258162889166929e-02
7.080675847271412915e-02
6.379409556824297556e-02
5.997575973439642216e-02
5.950310208640675197e-02
6.249162196969909600e-02
6.903810333825438628e-02
7.923890617287752958e-02
9.320693059277802839e-02
1.110844232690631067e-01
1.330485904319675672e-01
1.593069244447211652e-01
1.900792174954228919e-01
2.255633647979690404e-01
2.658821458609181287e-01
3.110080668730976217e-01
3.606628648333063958e-01
4.141872146960561829e-01
4.703743713781615154e-01
5.272588433357796589e-01
