6.921065630027043447e-01
-2.357898234070240351e-01
-2.358039870005803895e-01
-2.358051936330301246e-01
-2.358032578305808702e-01
-2.357944388408501346e-01
-2.357678136787492162e-01
-2.357003939204788123e-01
-2.355487411653142404e-01
-2.352364955849319261e-01
-2.346368037365719195e-01
-2.335489702452402949e-01
-2.316700431257442405e-01
-2.285654511417610502e-01
-2.236495347139719481e-01
-2.161973682959440479e-01
-2.054203441860511514e-01
-1.906374786148075096e-01
-1.715407439355631225e-01
-1.484738824826647985e-01
-1.225606539045762944e-01
-9.553383483544883314e-02
-6.928806293257099014e-02
-4.538204614572934059e-02
-2.474095008397778767e-02
-7.640973506758248768e-03
6.117975536321721731e-03
1.699359932214495814e-02
2.552710051827498938e-02
3.223843273978621582e-02
3.757879127654915191e-02
4.191887833490579029e-02
4.555526129713440009e-02
4.872374845204757027e-02
5.161399541892876253e-02
5.438282825376625218e-02
5.716549546538654547e-02
6.008484308428296145e-02
6.325868125169502310e-02
6.680563527385859068e-02
7.084968291840336441e-02
7.552343604884062533e-02
8.097005637159825076e-02
8.734351730571643380e-02
9.480675439947558458e-02
1.035271167964372102e-01
1.136684958988597588e-01
1.253796435995979675e-01
1.387785951306737819e-01
1.539338567161740445e-01
1.708441029192779848e-01
1.894193921085221832e-01
2.094679762803391965e-01
2.306931029018646218e-01
2.527032491939361636e-01
2.750368086739174434e-01
2.971988242456446994e-01
3.187040355999230523e-01
3.391185971483410833e-01
3.580931649886641144e-01
3.753825160528741489e-01
3.908504194519952790e-01
4.044617859019803974e-01
4.162661943804388254e-01
4.263774575818518597e-01
4.349532686451939578e-01
4.421777702856614090e-01
4.482486554505878962e-01
4.533694926530474900e-01
4.577475090568801086e-01
4.615970717109277865e-01
4.651495545711307189e-01
4.686711619858557887e-01
4.724916352819659715e-01
4.770486189011460265e-01
4.829545771871467386e-01
4.910943664593780955e-01
5.027580141085538079e-01
5.197945667735900388e-01
5.447166448284440632e-01
5.805600703844093768e-01
6.301222198712072009e-01
6.942044255227539651e-01
7.692749595444468014e-01
8.466668759961359925e-01
9.156341608748780336e-01
9.687087308436531652e-01
1.004466443781261153e+00
1.025979421278363724e+00
1.037737291014981800e+00
1.043630071868745679e+00
1.046337921602317200e+00
1.047467486736499920e+00
1.047886396016550759e+00
1.048019745809883663e+00
1.048054143454637321e+00
1.048060657939867246e+00
1.048061410725273257e+00
1.048061447241754873e+00
1.048061448847732890e+00
