#Lower limit for the Conditional distribution of mass given radius from initial fitting w/o bootstrap
1.851057615886459173e-01
-6.024709467693066811e-01
-5.978366055975616877e-01
-5.931122452317159066e-01
-5.881922876775022013e-01
-5.829585597863387036e-01
-5.772833611521980268e-01
-5.710307554097588945e-01
-5.640563605725271712e-01
-5.562063324205883674e-01
-5.473166024002138474e-01
-5.372142077255075421e-01
-5.257235045866016643e-01
-5.126810194501973950e-01
-4.979623536459941713e-01
-4.815205353152812728e-01
-4.634252492654905020e-01
-4.438803540207397202e-01
-4.231968645771221338e-01
-4.017224329186501741e-01
-3.797600890622378489e-01
-3.575149305462430038e-01
-3.350830774660955580e-01
-3.124713123296945505e-01
-2.896283966643538044e-01
-2.664747762713401413e-01
-2.429251635832008760e-01
-2.189032768142146756e-01
-1.943501047290012440e-01
-1.692276037885638296e-01
-1.435198911189421722e-01
-1.172336258516855634e-01
-9.039861161058562744e-02
-6.306862369770800669e-02
-3.532135723485868573e-02
-7.255700032064224883e-03
2.101536684012890108e-02
4.937662163208793309e-02
7.772583133054448978e-02
1.059892655145914520e-01
1.341340560371972468e-01
1.621749307355240255e-01
1.901746623997217778e-01
2.182390674934067687e-01
2.465080898892259564e-01
2.751442973207635645e-01
3.043195562448324232e-01
3.341999193348904607e-01
3.649286707778390815e-01
3.966078904511308734e-01
4.292803270669140470e-01
4.629154249888295936e-01
4.974050915866837785e-01
5.325743765727215528e-01
5.682081845314010948e-01
6.040883960875972347e-01
6.400303449184002735e-01
6.759075772659847159e-01
7.116592376320681756e-01
7.472813008898926412e-01
7.828072483983207208e-01
8.182847380826516748e-01
8.537537198675559935e-01
8.892299700196548695e-01
9.246966285673078323e-01
9.601051111095154633e-01
9.953848295617968578e-01
1.030459148495717070e+00
1.065263246569562394e+00
1.099759147328595033e+00
1.133944513150490829e+00
1.167853992427550613e+00
1.201554180252373927e+00
1.235134622598220711e+00
1.268697592765192894e+00
1.302348952024041218e+00
1.336191494548209624e+00
1.370321046030597012e+00
1.404824351168954433e+00
1.439776708517305437e+00
1.475236630998954857e+00
1.511235334275971010e+00
1.547760879023640346e+00
1.584741028217072634e+00
1.622034847197932894e+00
1.659447696191671318e+00
1.696782632623772047e+00
1.733928242445947898e+00
1.770963278401634922e+00
1.808244931418857560e+00
1.846446612103761931e+00
1.886507133235075795e+00
1.929416976133899730e+00
1.975702003870968726e+00
2.024547477084599922e+00
2.073217312353586195e+00
2.118385692248445196e+00
2.159601014951419096e+00
2.203624261380963567e+00
2.274887993529543184e+00
