#Conditional distribution of radius given mass from initial fitting w/o bootstrap
-1.788149311881930270e-01
-1.599573006728699232e-01
-1.473630489047757786e-01
-1.359069705334942368e-01
-1.239305737060812096e-01
-1.109775238164883715e-01
-9.710476231163067684e-02
-8.257587054072922095e-02
-6.769605102556680576e-02
-5.272628761967105421e-02
-3.784962245178968843e-02
-2.316943824162332605e-02
-8.723792905696647199e-03
5.495035207552902493e-03
1.952179308965579577e-02
3.340282614170372172e-02
4.718456071500982257e-02
6.090562930498773231e-02
7.459213667300676476e-02
8.825557893967959922e-02
1.018929841341826570e-01
1.154888588769656804e-01
1.290184944126100131e-01
1.424521349694155836e-01
1.557594794004248384e-01
1.689140003999428097e-01
1.818966331137644998e-01
1.946984972917353285e-01
2.073224530777497132e-01
2.197834261363265096e-01
2.321075543080328152e-01
2.443302961620877345e-01
2.564937021828733177e-01
2.686430889859294791e-01
2.808233848823416534e-01
2.930754375414659219e-01
3.054325917531375278e-01
3.179178508048513541e-01
3.305419170889600244e-01
3.433023537493913313e-01
3.561840120863044024e-01
3.691607324215426256e-01
3.821981661337950364e-01
3.952574121173529353e-01
4.082990448877562017e-01
4.212870609664491339e-01
4.341922969439114266e-01
4.469949693926789647e-01
4.596861296691570620e-01
4.722679833962255547e-01
4.847531646036020159e-01
4.971631572527577814e-01
5.095261141301452579e-01
5.218743382073198767e-01
5.342416750131536718e-01
5.466610290178518516e-01
5.591621735252086944e-01
5.717699794822194148e-01
5.845031473762264396e-01
5.973734884028990555e-01
6.103857651874703416e-01
6.235380672538666236e-01
6.368226618770504999e-01
6.502272281529407616e-01
6.637363537270919434e-01
6.773331530805677403e-01
6.910008568710725996e-01
7.047242257468866455e-01
7.184906596748530383e-01
7.322909035670801536e-01
7.461192886812730851e-01
7.599734929502457437e-01
7.738538482789976136e-01
7.877622660873261351e-01
8.017008923947046561e-01
8.156706399703910204e-01
8.296697771209669003e-01
8.436927791835534540e-01
8.577296661632196617e-01
8.717660516229024381e-01
8.857841043374882206e-01
8.997645638827542758e-01
9.136898428616593293e-01
9.275480828097982799e-01
9.413378024858795046e-01
9.550724837228143915e-01
9.687840801987380734e-01
9.825240117540396945e-01
9.963597499156923165e-01
1.010364724724282404e+00
1.024599320485066078e+00
1.039081922036372729e+00
1.053752625315224734e+00
1.068439930910630276e+00
1.082853152661195084e+00
1.096638211759334958e+00
1.109548660368323780e+00
1.121812461915377090e+00
1.134938000604198249e+00
1.154219456736719662e+00
