#Conditional distribution of radius given mass from initial fitting w/o bootstrap
-1.485187951561315889e-01
-1.482934345278999200e-01
-1.469089085610986167e-01
-1.434047600975052739e-01
-1.370326308598829035e-01
-1.274851877257849597e-01
-1.150393225021881655e-01
-1.004759595860748034e-01
-8.479464529834963848e-02
-6.888823803982570271e-02
-5.334228092258876119e-02
-3.840370976702026096e-02
-2.406121947967383712e-02
-1.015888291502168618e-02
3.506291468129832129e-03
1.711950218285380673e-02
3.081443399987828999e-02
4.466310656850419614e-02
5.868135268763279011e-02
7.284313506649554848e-02
8.709817486035256739e-02
1.013886374221961567e-01
1.156620286370662332e-01
1.298789473377609249e-01
1.440156952156176617e-01
1.580627386873846851e-01
1.720205395430212947e-01
1.858943559482781060e-01
1.996893842030467991e-01
2.134072070434621660e-01
2.270440553984667820e-01
2.405909600200798193e-01
2.540355186953187072e-01
2.673647629211359233e-01
2.805684867398846594e-01
2.936423953226970363e-01
3.065905219512426449e-01
3.194265182380465196e-01
3.321736090735317726e-01
3.448631908569840254e-01
3.575322192386354292e-01
3.702196720554072895e-01
3.829624826825088757e-01
3.957914176370118664e-01
4.087274138861457518e-01
4.217788828333101092e-01
4.349404129600873969e-01
4.481931508345288195e-01
4.615069164914678557e-01
4.748438437265105061e-01
4.881630801061599967e-01
5.014258954743386898e-01
5.146004794597591747e-01
5.276657755410241180e-01
5.406138816027399319e-01
5.534507950321345682e-01
5.661955340461330977e-01
5.788778756998046449e-01
5.915350873557375655e-01
6.042080894588479634e-01
6.169374879347075957e-01
6.297598756095492689e-01
6.427047419106045600e-01
6.557922587619812171e-01
6.690321296835153309e-01
6.824235953952872968e-01
6.959565798746037979e-01
7.096138382171347514e-01
7.233738421980477895e-01
7.372140288561755961e-01
7.511139629735605894e-01
7.650579449585821479e-01
7.790366426878343464e-01
7.930474402599291261e-01
8.070933696957836023e-01
8.211807083102269367e-01
8.353155662249560631e-01
8.495000330928644816e-01
8.637286704604650867e-01
8.779862823183617326e-01
8.922479113812634699e-01
9.064818253838742290e-01
9.206558239744674355e-01
9.347465038790956360e-01
9.487502194395944777e-01
9.626934649714952164e-01
9.766393844577552219e-01
9.906861596255326363e-01
1.004952288879947586e+00
1.019543805298468886e+00
1.034500828721255594e+00
1.049728327922191173e+00
1.064931246975022949e+00
1.079594565065506773e+00
1.093059632176514029e+00
1.104727769784668245e+00
1.114380098034608801e+00
1.122658472372702221e+00
1.132527789940182661e+00
1.164318333598692856e+00
