#Marginalized radius distribution from initial fitting w/o bootstrap
6.617159149152604558e-11
5.662441193633481473e-02
9.912349218277080598e-02
1.300142073034993018e-01
1.515217166001192883e-01
1.656330107352063652e-01
1.741349263471212716e-01
1.786398901696977237e-01
1.806022922039285661e-01
1.813279688115176369e-01
1.819788922711205181e-01
1.835748124027404005e-01
1.869932772934933540e-01
1.929691728461861711e-01
2.020946636507209015e-01
2.148201893143954211e-01
2.314569695904586111e-01
2.521812970726272085e-01
2.770407464885377702e-01
3.059623032992498937e-01
3.387623099334031163e-01
3.751580440649244785e-01
4.147806783736370240e-01
4.571893236865899324e-01
5.018858257559766223e-01
5.483299686593176014e-01
5.959547333889417819e-01
6.441812671254407707e-01
6.924332354799056510e-01
7.401502551878558211e-01
7.868001369241979237e-01
8.318897057069111201e-01
8.749740084390906780e-01
9.156637632321874554e-01
9.536309520463364109e-01
9.886125057328259969e-01
1.020412077697979480e+00
1.048899948134240256e+00
1.074011144173075527e+00
1.095741901583580979e+00
1.114144630039037631e+00
1.129321575866371941e+00
1.141417403042661816e+00
1.150610934572415367e+00
1.157106311935856002e+00
1.161123839812396197e+00
1.162890786631048945e+00
1.162632408661339323e+00
1.160563456420411033e+00
1.156880407323000570e+00
1.151754648031596107e+00
1.145326804262367437e+00
1.137702385352534762e+00
1.128948876269767698e+00
1.119094371602694871e+00
1.108127805150478595e+00
1.096000785836468427e+00
1.082631006677108987e+00
1.067907149366710495e+00
1.051695163658599608e+00
1.033845759132639985e+00
1.014202908155927396e+00
9.926131238906229504e-01
9.689352470941592355e-01
9.430504511793991185e-01
9.148721575003452289e-01
8.843555429845015858e-01
8.515063208459033861e-01
8.163884828797940418e-01
7.791307093307393572e-01
7.399311799604246787e-01
6.990605579626569810e-01
6.568629668212623285e-01
6.137548388894189522e-01
5.702215829322475615e-01
5.268120953694792608e-01
4.841312254058323661e-01
4.428303962044352060e-01
4.035966809050622883e-01
3.671407313378616810e-01
3.341840559802030097e-01
3.054462387745665031e-01
2.816327780299820449e-01
2.634243003198319943e-01
2.514679629584505305e-01
2.463718944746208783e-01
2.487035289300738583e-01
2.589926595716349755e-01
2.777399619056095115e-01
3.054316066661874052e-01
3.425603891553467006e-01
3.896535318528843161e-01
4.473069597145033494e-01
5.162253886998335872e-01
5.972669930626064438e-01
6.914907097389012547e-01
8.002033813450085686e-01
9.250029139400741673e-01
1.067812411375220982e+00
1.230898822675430271e+00
