#Conditional distribution of mass given radius from initial fitting w/o bootstrap
nan
-1.674534768165855322e-02
-1.654496603324625073e-02
-1.617639784518666579e-02
-1.560785722767610989e-02
-1.480423018962159429e-02
-1.372682458535316556e-02
-1.233311831805469945e-02
-1.057651039615471744e-02
-8.406080651562064521e-03
-5.766365319356155962e-03
-2.597157246631404213e-03
1.166658767881395943e-03
5.595223128420728775e-03
1.076375674913570939e-02
1.675253818176386869e-02
2.364678432088008694e-02
3.153641474652454230e-02
4.051567845756288977e-02
5.068262105102416121e-02
6.213837057109054124e-02
7.498622157856853210e-02
8.933049979041836341e-02
1.052751942207986458e-01
1.229223503983263993e-01
1.423702271412835008e-01
1.637112306181563726e-01
1.870296528944716263e-01
2.123992575142202577e-01
2.398807712386513413e-01
2.695193578995229156e-01
3.013421661356900372e-01
3.353560560260746559e-01
3.715456186085977497e-01
4.098716052936542953e-01
4.502698797757263005e-01
4.926509922141180109e-01
5.369004538844188712e-01
5.828797607621419852e-01
6.304281781158629361e-01
6.793652576024885592e-01
7.294940167410447485e-01
7.806046715619837650e-01
8.324787802327562325e-01
8.848936316180180395e-01
9.376267002328129152e-01
9.904599889056227013e-01
1.043184092410078367e+00
1.095601837851627236e+00
1.147531388229417360e+00
1.198808731236031377e+00
1.249289512709150785e+00
1.298850210108730696e+00
1.347388673380693458e+00
1.394824086732980639e+00
1.441096424151709021e+00
1.486165483661033626e+00
1.530009590772915873e+00
1.572624061157799513e+00
1.614019507463786418e+00
1.654220066705671011e+00
1.693261613992301351e+00
1.731190016682576660e+00
1.768059471281477002e+00
1.803930954208687876e+00
1.838870807475158742e+00
1.872949471571330848e+00
1.906240370626021807e+00
1.938818949132998348e+00
1.970761855171000665e+00
2.002146261914627079e+00
2.033049317171564230e+00
2.063547709501118987e+00
2.093717338990928045e+00
2.123633080829348430e+00
2.153368630267049166e+00
2.182996418292064700e+00
2.212587588249415482e+00
2.242212024642123325e+00
2.271938426395768040e+00
2.301834417910892494e+00
2.331966692236443706e+00
2.362401181654110616e+00
2.393203251856798719e+00
2.424437916730428633e+00
2.456170071506973418e+00
2.488464742752192205e+00
2.521387354290206773e+00
2.555004008757030043e+00
2.589381785025638205e+00
2.624589052266357747e+00
2.660695801908806057e+00
2.697773999266620759e+00
2.735897957085489107e+00
2.775144733790904095e+00
2.815594559757836901e+00
2.857331295514512703e+00
2.900442926442579950e+00
2.945022099263967519e+00
nan
