#Upper limit for the Conditional distribution of radius given mass from initial fitting w/o bootstrap
9.074443897988730139e-09
3.796366199915200412e-01
3.803265999002796716e-01
3.815128548327328395e-01
3.832279484428587346e-01
3.855072045890239885e-01
3.883888993366854669e-01
3.919144131619711202e-01
3.961283071924336374e-01
4.010783077390618900e-01
4.068150553482585141e-01
4.133916384750498385e-01
4.208626918442406328e-01
4.292829405156105005e-01
4.387049784971616684e-01
4.491760547538280468e-01
4.607336543319149325e-01
4.733997547698777231e-01
4.871738631098522787e-01
5.020253433632834161e-01
5.178861229066029637e-01
5.346454903334028064e-01
5.521490635441195227e-01
5.702037042767529318e-01
5.885889048850589944e-01
6.070732978495421150e-01
6.254330286581332166e-01
6.434682252314661843e-01
6.610144637200987550e-01
6.779480267254464065e-01
6.941855345533362032e-01
7.096796300505612276e-01
7.244126274488315032e-01
7.383896816981599942e-01
7.516324726381632404e-01
7.641738861614901790e-01
7.760538171176862843e-01
7.873160153029447050e-01
7.980058076412532841e-01
8.081685099690890661e-01
8.178483572902728316e-01
8.270878102754909422e-01
8.359271266420943425e-01
8.444041136283974014e-01
8.525540003512492859e-01
8.604093864049172646e-01
8.680002363235838070e-01
8.753538970486746118e-01
8.824951426784779507e-01
8.894461811525306016e-01
8.962267238145656956e-01
9.028540004244977046e-01
9.093427991489783091e-01
9.157055044396205101e-01
9.219521417134274310e-01
9.280904334459886273e-01
9.341258715337080742e-01
9.400618105515419209e-01
9.458995841795565518e-01
9.516386587526889373e-01
9.572767929934091757e-01
9.628102531610295278e-01
9.682340355783025654e-01
9.735421168289111193e-01
9.787277026812413183e-01
9.837835207058280851e-01
9.887020550639654681e-01
9.934758143839670375e-01
9.980975579501373263e-01
1.002560500192941850e+00
1.006858482643700148e+00
1.010986110804211302e+00
1.014938849931422027e+00
1.018713108660929345e+00
1.022306246116081230e+00
1.025716593481039940e+00
1.028943427127561927e+00
1.031986928203164400e+00
1.034848126213916419e+00
1.037528831689219055e+00
1.040031561881465061e+00
1.042359462880308119e+00
1.044516230909940724e+00
1.046506034979972410e+00
1.048333442511615310e+00
1.050003349081706672e+00
1.051520913026438020e+00
1.052891495324627114e+00
1.054120604931175542e+00
1.055213849545946436e+00
1.056176891671185114e+00
1.057015409721329569e+00
1.057735063892908833e+00
1.058341466470890335e+00
1.058840156234366559e+00
1.059236576623465487e+00
1.059536057336639470e+00
1.059743799040028689e+00
1.059864860886241544e+00
9.074443897988730139e-09
