#Conditional distribution of radius given mass from initial fitting w/o bootstrap
nan
1.255019778690540655e-01
1.259051931832051163e-01
1.265965334276162313e-01
1.275918927099542466e-01
1.289071292746327979e-01
1.305579462568587645e-01
1.325597601605354725e-01
1.349275575094638913e-01
1.376757404561839426e-01
1.408179625049804373e-01
1.443669559087191467e-01
1.483343527242052817e-01
1.527305019456324520e-01
1.575642855654783292e-01
1.628429368192464144e-01
1.685718642348149887e-01
1.747544854073310727e-01
1.813920746344634405e-01
1.884836286528861760e-01
1.960257546955801733e-01
2.040125849249268819e-01
2.124357209776948918e-01
2.212842118804723701e-01
2.305445679611058674e-01
2.402008126049672010e-01
2.502345728047875584e-01
2.606252084580659711e-01
2.713499793127203685e-01
2.823842473913438789e-01
2.937017116821588614e-01
3.052746709163105532e-01
3.170743094000956219e-01
3.290710001757428116e-01
3.412346192765631225e-01
3.535348645431923287e-01
3.659415723878645665e-01
3.784250260322846726e-01
3.909562490896608122e-01
4.035072788906722274e-01
4.160514146362490062e-01
4.285634362606927095e-01
4.410197907672456785e-01
4.533987437144199606e-01
4.656804944467199392e-01
4.778472545433541940e-01
4.898832897743072290e-01
5.017749265826703109e-01
5.135105247407705242e-01
5.250804183480157761e-01
5.364768277500655547e-01
5.476937452675364471e-01
5.587267978383757550e-01
5.695730898153761323e-01
5.802310292352347298e-01
5.907001409051173546e-01
6.009808696532842331e-01
6.110743770767453897e-01
6.209823351029402083e-01
6.307067196723045166e-01
6.402496078480448549e-01
6.496129816673774648e-01
6.587985420587946228e-01
6.678075361514925756e-01
6.766406012804201398e-01
6.852976289243459806e-01
6.937776516834416318e-01
7.020787561851369318e-01
7.101980244818404397e-01
7.181315060548832951e-01
7.258742219554298325e-01
7.334202018935864764e-01
7.407625542407516583e-01
7.478935679587912499e-01
7.548048444466748386e-01
7.614874562461787511e-01
7.679321285278427611e-01
7.741294383470401774e-01
7.800700258793252795e-01
7.857448112714183752e-01
7.911452104266680774e-01
7.962633430141013990e-01
8.010922262619762924e-01
8.056259486628529753e-01
8.098598185492230650e-01
8.137904835492748568e-01
8.174160181388092639e-01
8.207359777954481572e-01
8.237514195594035638e-01
8.264648900386217800e-01
8.288803830011569618e-01
8.310032696235403193e-01
8.328402051762223701e-01
8.343990164086241279e-01
8.356885741463527806e-01
8.367186556458365843e-01
8.374998010926212322e-01
8.380431683127165243e-01
8.383603893297165710e-01
nan
