#Weights for Beta densities from initial fitting w/o bootstrap
0.000000000000000000e+00
0.000000000000000000e+00
0.000000000000000000e+00
0.000000000000000000e+00
0.000000000000000000e+00
0.000000000000000000e+00
0.000000000000000000e+00
0.000000000000000000e+00
3.479099290819223089e-01
7.181784754186623654e-02
1.688069613317397244e-02
0.000000000000000000e+00
6.202816674517119704e-13
0.000000000000000000e+00
0.000000000000000000e+00
8.640086019632296485e-12
0.000000000000000000e+00
0.000000000000000000e+00
3.413766875020955898e-11
0.000000000000000000e+00
0.000000000000000000e+00
0.000000000000000000e+00
1.577946361948794544e-11
0.000000000000000000e+00
3.856872237211564358e-02
2.901596818249814747e-01
0.000000000000000000e+00
0.000000000000000000e+00
0.000000000000000000e+00
2.734175228521272121e-11
8.537495118877097161e-12
0.000000000000000000e+00
0.000000000000000000e+00
0.000000000000000000e+00
0.000000000000000000e+00
0.000000000000000000e+00
4.258230880017090796e-11
3.058897138973734005e-11
2.142412052609463954e-11
1.108194288904035044e-11
2.346631229153633424e-01
0.000000000000000000e+00
0.000000000000000000e+00
0.000000000000000000e+00
0.000000000000000000e+00
0.000000000000000000e+00
0.000000000000000000e+00
0.000000000000000000e+00
0.000000000000000000e+00
