-1.306920669537679824e+00
-1.306907273960226323e+00
-1.306216820645357934e+00
-1.299271981469350301e+00
-1.264902632957398465e+00
-1.157292783164625138e+00
-9.379580899872678179e-01
-6.560123243523801051e-01
-4.178697068577765794e-01
-2.660761942619384590e-01
-1.812602405904469305e-01
-1.354225528252225030e-01
-1.102467498398670004e-01
-9.587511073556237440e-02
-8.725549943446775369e-02
-8.178344091905584423e-02
-7.807343689521502317e-02
-7.534873016648978294e-02
-7.313483860640233869e-02
-7.109796300053151941e-02
-6.895129153968203306e-02
-6.639135023685807657e-02
-6.304494329287926857e-02
-5.841627722856830573e-02
-5.182931819549885244e-02
-4.236569862972550116e-02
-2.880627082910105011e-02
-9.597124517464075341e-03
1.712048951712651437e-02
5.335668995475059684e-02
1.009308624378498914e-01
1.609173677498447474e-01
2.329758689965749363e-01
3.148392167023591481e-01
4.023277714676950501e-01
4.900905787939551228e-01
5.728496583440882972e-01
6.465754167398689578e-01
7.090869578980625310e-01
7.599736068928295563e-01
8.000907438799211846e-01
8.309641073629873143e-01
8.543155331110885431e-01
8.717718128036400227e-01
8.847286118305670577e-01
8.943149451417689022e-01
9.014106887295144643e-01
9.066857653328397326e-01
9.106437879005048197e-01
9.136623444082064838e-01
9.160274692582653921e-01
9.179626071757214234e-01
9.196537426942380522e-01
9.212731628830129749e-01
9.230050785720740336e-01
9.250774363422102908e-01
9.278060443430942161e-01
9.316599081810265082e-01
9.373605228902163189e-01
9.460320366190595465e-01
9.594202467321152339e-01
9.801857754251244170e-01
1.012224594524352206e+00
1.060828690910702310e+00
1.132226393710456858e+00
1.231751545007060633e+00
1.360198286787628996e+00
1.509814776291266147e+00
1.664044438747519505e+00
1.803802452842228066e+00
1.916144416612131529e+00
1.997986004057700216e+00
2.053515103186276836e+00
2.089608824799176201e+00
2.112722636460557801e+00
2.127739346917668861e+00
2.137952125882149446e+00
2.145436006684150243e+00
2.151443045263832232e+00
2.156706849690823713e+00
2.161648501866714867e+00
2.166506558105831814e+00
2.171415760847555720e+00
2.176453330922881957e+00
2.181665571534796122e+00
2.187082848384983791e+00
2.192727866613921606e+00
2.198620169336438224e+00
2.204778558986586479e+00
2.211222410942124128e+00
2.217972420479049855e+00
2.225051078588430542e+00
2.232483034861887372e+00
2.240295431125866710e+00
2.248518250703213983e+00
2.257184709270491307e+00
2.266331705217885517e+00
2.276000345171096839e+00
2.286236560747178181e+00
nan
