-2.817500438169758814e-01
-2.909988799401320714e-01
-2.909992248655752234e-01
-2.909992479956188260e-01
-2.909992511402602067e-01
-2.909992441608902358e-01
-2.909992122677505511e-01
-2.909991097485556399e-01
-2.909988248313225556e-01
-2.909981079895055389e-01
-2.909964365726356306e-01
-2.909927694205137194e-01
-2.909851160157480576e-01
-2.909697997203860020e-01
-2.909402250275060497e-01
-2.908848502341357389e-01
-2.907838939765241548e-01
-2.906040168359410591e-01
-2.902897115132888062e-01
-2.897491615589245506e-01
-2.888302775965863600e-01
-2.872778300399605467e-01
-2.846500309519600647e-01
-2.801347802356213834e-01
-2.720637199947318896e-01
-2.561911004444389905e-01
-2.155230239339082643e-01
-1.406639568175836186e-01
-1.089381032102617053e-01
-9.328503015169194168e-02
-8.421425082918919391e-02
-7.856828022808268197e-02
-7.489691771444791091e-02
-7.242696182712891895e-02
-7.071175031912825537e-02
-6.948007964672084369e-02
-6.856115202918962315e-02
-6.784377616356587759e-02
-6.725277351688581373e-02
-6.673465855547894288e-02
-6.624853681118811344e-02
-6.575999308030687496e-02
-6.523667168163946317e-02
-6.464474833063484083e-02
-6.394576844998250964e-02
-6.309348217211233067e-02
-6.203039622735359582e-02
-6.068381831359138251e-02
-5.896120791742941181e-02
-5.674467377817118963e-02
-5.388445618704797158e-02
-5.019114438114686411e-02
-4.542606786932448792e-02
-3.928848483923540885e-02
-3.139633442732235602e-02
-2.125337012501044703e-02
-8.187114767400768475e-03
8.776669510142854139e-03
3.118185543854556582e-02
6.172259614916947301e-02
1.050924365127610810e-01
1.630715388019802481e-01
2.148423639109054706e-01
2.477778713399544364e-01
2.685121841186191016e-01
2.822532038977725866e-01
2.917072675329102638e-01
2.983726926816206437e-01
3.031543775758771542e-01
3.066375760391947258e-01
3.092216625501719163e-01
3.111928784582432828e-01
3.127686996192883817e-01
3.141290229282957536e-01
3.154427138326134084e-01
3.168959983696629790e-01
3.187296908722529465e-01
3.212948286304520562e-01
3.251409117253478143e-01
3.311572187584043148e-01
3.407946164700295100e-01
3.564092462996087951e-01
3.818575524333418514e-01
4.240382508254543215e-01
5.001064061987402498e-01
7.195730351106538469e-01
8.481983832207935503e-01
8.798515975877478912e-01
8.935920332962937751e-01
9.006265675967283224e-01
9.049589442340925105e-01
9.084503296650544568e-01
9.120896453976409246e-01
9.164736437568081762e-01
9.219988408401835756e-01
9.288587551428406641e-01
9.368300685048702725e-01
9.448984378845287635e-01
9.511341296912159127e-01
9.534858965803365560e-01
