-1.870310340031157703e-01
-2.498439195486363562e-01
-2.498484834192023496e-01
-2.498487855954044101e-01
-2.498488046953804276e-01
-2.498486001528719969e-01
-2.498477449745710177e-01
-2.498449912993534749e-01
-2.498372628197148004e-01
-2.498176086251129580e-01
-2.497713070787156431e-01
-2.496687629551307408e-01
-2.494530418522560578e-01
-2.490187926704497678e-01
-2.481780664045001861e-01
-2.466078674207311805e-01
-2.437763968525394620e-01
-2.388553056016642917e-01
-2.306539917371159265e-01
-2.176687569865285998e-01
-1.984049362029055297e-01
-1.720942547209762530e-01
-1.396056230734653292e-01
-1.038204988550900792e-01
-6.877739031580464013e-02
-3.799329803845862691e-02
-1.327737794423087050e-02
5.278780007304118525e-03
1.859711023688224649e-02
2.790743068649809838e-02
3.434181244667129651e-02
3.879209382162648878e-02
4.190737081441908013e-02
4.414163847248230715e-02
4.580790176636617694e-02
4.712342952349318770e-02
4.824357557079196612e-02
4.928598520291530005e-02
5.034787728801083662e-02
5.151877685175559884e-02
5.289050186873351517e-02
5.456568143406780036e-02
5.666565060521399494e-02
5.933818935542901907e-02
6.276517498882729085e-02
6.716970873864515357e-02
7.282156239798648345e-02
8.003879552410743392e-02
8.918213385487369638e-02
1.006374162147896101e-01
1.147807761815358013e-01
1.319224786738898425e-01
1.522301445874097159e-01
1.756415465982758550e-01
2.017896966777466827e-01
2.299724147896229920e-01
2.591953632845268030e-01
2.882955392621065482e-01
3.161180160531507077e-01
3.416921257599033757e-01
3.643530117058911277e-01
3.837810116653030401e-01
3.999662294705665921e-01
4.131284482969689864e-01
4.236259328434431870e-01
4.318767337778013915e-01
4.383029208983896252e-01
4.432983206558325229e-01
4.472155146709906326e-01
4.503669385780398327e-01
4.530361660737292073e-01
4.554976286334261881e-01
4.580455637516488432e-01
4.610358744566853684e-01
4.649479930097803471e-01
4.704776061929177855e-01
4.786733479522692902e-01
4.911240933410241927e-01
5.101676237338884645e-01
5.389812270396785454e-01
5.811790065590365373e-01
6.392872015337225378e-01
7.118738764368185423e-01
7.911696164460138014e-01
8.650055582885848304e-01
9.233537067097089546e-01
9.631925524560949192e-01
9.874712005546869564e-01
1.001243106414678286e+00
1.008967990222152666e+00
1.013708448216436908e+00
1.017314131768709107e+00
1.020835727683370830e+00
1.024860946857198529e+00
1.029701071155492365e+00
1.035423656436491813e+00
1.041742473672995439e+00
1.047842561007360951e+00
1.052393676841741232e+00
1.054079589661974126e+00
