1.693797464042954535e-08
2.203435768904285627e-04
2.700074212439559224e-03
1.044060243221178394e-02
2.513285405349050677e-02
4.660071153433952701e-02
7.317308734667364589e-02
1.023457728173195469e-01
1.314144119673511524e-01
1.579479057038174206e-01
1.800747286472471065e-01
1.966052640746884517e-01
2.070327414474291972e-01
2.114575602363919504e-01
2.104734020522660565e-01
2.050438108455244768e-01
1.963878436421340468e-01
1.858845219063047505e-01
1.749988366141658758e-01
1.652271596755456595e-01
1.580569868744408912e-01
1.549347286423280734e-01
1.572354465163996462e-01
1.662296466294743980e-01
1.830441245261554550e-01
2.086160597896130897e-01
2.436417660573983457e-01
2.885234381063070952e-01
3.433186866118013714e-01
4.076984651275415983e-01
4.809190998396734584e-01
5.618135337153342679e-01
6.488056667461805649e-01
7.399499472149647650e-01
8.329963238637810852e-01
9.254785094445554527e-01
1.014821441110501876e+00
1.098462046015503013e+00
1.173976092241299174e+00
1.239203140648548640e+00
1.292361473029383978e+00
1.332145359674823837e+00
1.357798094735512384e+00
1.369155773744186400e+00
1.366658682617393650e+00
1.351329258378412224e+00
1.324717709088768736e+00
1.288818391587351231e+00
1.245961807265923316e+00
1.198688482990862614e+00
1.149611984692734623e+00
1.101278828711812041e+00
1.056033108070457249e+00
1.015893264127717632e+00
9.824476582164802796e-01
9.567744982019217304e-01
9.393903252154578443e-01
9.302297420769455316e-01
9.286574406419958461e-01
9.335119289547738619e-01
9.431787334467978123e-01
9.556893147603284788e-01
9.688405440373264454e-01
9.803283958095387884e-01
9.878885820251693817e-01
9.894362395260243304e-01
9.831965508753540695e-01
9.678183817079515361e-01
9.424637007345397777e-01
9.068667339179427023e-01
8.613584832185094964e-01
8.068543621819254108e-01
7.448051658860160851e-01
6.771142493525963424e-01
6.060264349142812090e-01
5.339965645218247570e-01
4.635474963865921505e-01
3.971284614839904470e-01
3.369848280479683655e-01
2.850493305658834409e-01
2.428626751915052839e-01
2.115282506554916619e-01
1.917017325769478642e-01
1.836121222683630705e-01
1.871068249984273457e-01
2.017105013868822905e-01
2.266864729721540517e-01
2.610913412639515041e-01
3.038191301803216948e-01
3.536416586283078201e-01
4.092680608432051614e-01
4.694697047709596172e-01
5.333490179957574018e-01
6.008746035921510575e-01
6.738646029953714311e-01
7.576816657471113770e-01
8.640149984937716132e-01
1.015280165793406075e+00
1.251382180957678614e+00
1.639883376999742737e+00
