4.392773105653005738e-10
1.807712573271913252e-10
7.686005575621665159e-11
5.726526479866759927e-11
5.302785074803515373e-11
4.180940400023846130e-11
2.405630123484799746e-11
3.792417010563703878e-12
0.000000000000000000e+00
0.000000000000000000e+00
0.000000000000000000e+00
0.000000000000000000e+00
0.000000000000000000e+00
0.000000000000000000e+00
0.000000000000000000e+00
0.000000000000000000e+00
0.000000000000000000e+00
0.000000000000000000e+00
0.000000000000000000e+00
0.000000000000000000e+00
0.000000000000000000e+00
0.000000000000000000e+00
0.000000000000000000e+00
0.000000000000000000e+00
0.000000000000000000e+00
0.000000000000000000e+00
0.000000000000000000e+00
0.000000000000000000e+00
0.000000000000000000e+00
0.000000000000000000e+00
0.000000000000000000e+00
5.020411609910542456e-10
2.091256680793022055e-10
8.796171836879655900e-11
6.277261640603751849e-11
5.660087880130489717e-11
4.446159877028058927e-11
2.581980768193784884e-11
4.849182719364179885e-12
0.000000000000000000e+00
0.000000000000000000e+00
0.000000000000000000e+00
0.000000000000000000e+00
0.000000000000000000e+00
0.000000000000000000e+00
0.000000000000000000e+00
0.000000000000000000e+00
0.000000000000000000e+00
0.000000000000000000e+00
0.000000000000000000e+00
0.000000000000000000e+00
0.000000000000000000e+00
0.000000000000000000e+00
0.000000000000000000e+00
0.000000000000000000e+00
0.000000000000000000e+00
0.000000000000000000e+00
0.000000000000000000e+00
0.000000000000000000e+00
0.000000000000000000e+00
0.000000000000000000e+00
0.000000000000000000e+00
5.676931198324909349e-10
2.388824245668182351e-10
1.005275986668048550e-10
6.993321966696975260e-11
6.169645215885915580e-11
4.811339465799863850e-11
2.842312744114727844e-11
6.522251477068515821e-12
0.000000000000000000e+00
0.000000000000000000e+00
0.000000000000000000e+00
0.000000000000000000e+00
0.000000000000000000e+00
0.000000000000000000e+00
0.000000000000000000e+00
0.000000000000000000e+00
0.000000000000000000e+00
0.000000000000000000e+00
0.000000000000000000e+00
0.000000000000000000e+00
0.000000000000000000e+00
0.000000000000000000e+00
0.000000000000000000e+00
0.000000000000000000e+00
0.000000000000000000e+00
0.000000000000000000e+00
0.000000000000000000e+00
0.000000000000000000e+00
0.000000000000000000e+00
0.000000000000000000e+00
0.000000000000000000e+00
6.166530543456196894e-10
2.624391636867282805e-10
1.120028512500340540e-10
7.850790141886256699e-11
6.870077151546467344e-11
5.331402538700775699e-11
3.194672266353581242e-11
8.854851669200711583e-12
0.000000000000000000e+00
0.000000000000000000e+00
0.000000000000000000e+00
0.000000000000000000e+00
0.000000000000000000e+00
0.000000000000000000e+00
0.000000000000000000e+00
0.000000000000000000e+00
0.000000000000000000e+00
0.000000000000000000e+00
0.000000000000000000e+00
0.000000000000000000e+00
0.000000000000000000e+00
0.000000000000000000e+00
0.000000000000000000e+00
0.000000000000000000e+00
0.000000000000000000e+00
0.000000000000000000e+00
0.000000000000000000e+00
0.000000000000000000e+00
0.000000000000000000e+00
0.000000000000000000e+00
0.000000000000000000e+00
5.205739458744530757e-02
2.701719338938950106e-10
1.212493647787533132e-10
8.815610488010880675e-11
7.780498732186657009e-11
6.036234406477351013e-11
3.676882399207469119e-11
1.199169313124173320e-11
0.000000000000000000e+00
0.000000000000000000e+00
0.000000000000000000e+00
0.000000000000000000e+00
0.000000000000000000e+00
0.000000000000000000e+00
0.000000000000000000e+00
0.000000000000000000e+00
0.000000000000000000e+00
0.000000000000000000e+00
0.000000000000000000e+00
0.000000000000000000e+00
0.000000000000000000e+00
0.000000000000000000e+00
0.000000000000000000e+00
0.000000000000000000e+00
0.000000000000000000e+00
0.000000000000000000e+00
0.000000000000000000e+00
0.000000000000000000e+00
0.000000000000000000e+00
0.000000000000000000e+00
0.000000000000000000e+00
5.856933351107776190e-10
2.572798484905928906e-10
1.252034351496356709e-10
9.874036651170067782e-11
8.899442755820114628e-11
6.914180656583248636e-11
4.291747766844310496e-11
1.595691721623502847e-11
0.000000000000000000e+00
0.000000000000000000e+00
0.000000000000000000e+00
0.000000000000000000e+00
0.000000000000000000e+00
0.000000000000000000e+00
0.000000000000000000e+00
0.000000000000000000e+00
0.000000000000000000e+00
0.000000000000000000e+00
0.000000000000000000e+00
0.000000000000000000e+00
0.000000000000000000e+00
0.000000000000000000e+00
0.000000000000000000e+00
0.000000000000000000e+00
0.000000000000000000e+00
0.000000000000000000e+00
0.000000000000000000e+00
0.000000000000000000e+00
0.000000000000000000e+00
0.000000000000000000e+00
0.000000000000000000e+00
4.956744069760479227e-10
2.243859923390426698e-10
1.239666128129343605e-10
1.102646314374574980e-10
1.017617446595844545e-10
7.953118298623897174e-11
5.001947546252702175e-11
2.061404809465399744e-11
0.000000000000000000e+00
0.000000000000000000e+00
0.000000000000000000e+00
0.000000000000000000e+00
0.000000000000000000e+00
0.000000000000000000e+00
0.000000000000000000e+00
0.000000000000000000e+00
0.000000000000000000e+00
0.000000000000000000e+00
0.000000000000000000e+00
0.000000000000000000e+00
0.000000000000000000e+00
0.000000000000000000e+00
0.000000000000000000e+00
0.000000000000000000e+00
0.000000000000000000e+00
0.000000000000000000e+00
0.000000000000000000e+00
0.000000000000000000e+00
0.000000000000000000e+00
0.000000000000000000e+00
0.000000000000000000e+00
3.753644772466081342e-10
1.786543561832788274e-10
1.196922804925601022e-10
1.208524449483471049e-10
1.148976896008328637e-10
9.000006540880178817e-11
5.734312038457335052e-11
2.563268573597033895e-11
0.000000000000000000e+00
0.000000000000000000e+00
0.000000000000000000e+00
0.000000000000000000e+00
0.000000000000000000e+00
0.000000000000000000e+00
0.000000000000000000e+00
0.000000000000000000e+00
0.000000000000000000e+00
0.000000000000000000e+00
0.000000000000000000e+00
0.000000000000000000e+00
0.000000000000000000e+00
0.000000000000000000e+00
0.000000000000000000e+00
0.000000000000000000e+00
0.000000000000000000e+00
0.000000000000000000e+00
0.000000000000000000e+00
0.000000000000000000e+00
0.000000000000000000e+00
0.000000000000000000e+00
0.000000000000000000e+00
2.502224248972006693e-10
1.300999188702479906e-10
1.128667161020487403e-10
1.281919014766783159e-10
1.251026916700325770e-10
9.876564044570438066e-11
6.390382360909175283e-11
3.066833165137315272e-11
1.804337281288996042e-12
0.000000000000000000e+00
0.000000000000000000e+00
0.000000000000000000e+00
0.000000000000000000e+00
0.000000000000000000e+00
0.000000000000000000e+00
0.000000000000000000e+00
0.000000000000000000e+00
0.000000000000000000e+00
0.000000000000000000e+00
0.000000000000000000e+00
0.000000000000000000e+00
0.000000000000000000e+00
0.000000000000000000e+00
0.000000000000000000e+00
0.000000000000000000e+00
0.000000000000000000e+00
0.000000000000000000e+00
0.000000000000000000e+00
0.000000000000000000e+00
0.000000000000000000e+00
0.000000000000000000e+00
1.408881448900310159e-10
8.595822272262400164e-11
1.021317087724306822e-10
1.311512964404903031e-10
1.301366544683134962e-10
1.037008604415543037e-10
6.878357899103343835e-11
3.572606732319629342e-11
6.934543971415101742e-12
0.000000000000000000e+00
0.000000000000000000e+00
0.000000000000000000e+00
0.000000000000000000e+00
0.000000000000000000e+00
0.000000000000000000e+00
0.000000000000000000e+00
0.000000000000000000e+00
0.000000000000000000e+00
0.000000000000000000e+00
0.000000000000000000e+00
0.000000000000000000e+00
0.000000000000000000e+00
0.000000000000000000e+00
0.000000000000000000e+00
0.000000000000000000e+00
0.000000000000000000e+00
0.000000000000000000e+00
0.000000000000000000e+00
0.000000000000000000e+00
0.000000000000000000e+00
0.000000000000000000e+00
5.853998834540901866e-11
4.989248812200889160e-11
8.853977064945656218e-11
1.252041460157845645e-10
1.270260807291304342e-10
1.035702440912208538e-10
7.180497926292986415e-11
4.143765959233208169e-11
1.430116644044214583e-11
0.000000000000000000e+00
0.000000000000000000e+00
0.000000000000000000e+00
0.000000000000000000e+00
0.000000000000000000e+00
0.000000000000000000e+00
0.000000000000000000e+00
0.000000000000000000e+00
0.000000000000000000e+00
0.000000000000000000e+00
0.000000000000000000e+00
0.000000000000000000e+00
0.000000000000000000e+00
0.000000000000000000e+00
0.000000000000000000e+00
0.000000000000000000e+00
0.000000000000000000e+00
0.000000000000000000e+00
0.000000000000000000e+00
0.000000000000000000e+00
0.000000000000000000e+00
0.000000000000000000e+00
3.457465139063727826e-12
2.092079451211475188e-11
7.011419981703222250e-11
1.090216664229192177e-10
1.155012665213525102e-10
2.053147375259314553e-02
7.370311965338020661e-11
4.932133977501190306e-11
2.577600567950889293e-11
2.593520811219907815e-12
0.000000000000000000e+00
0.000000000000000000e+00
0.000000000000000000e+00
0.000000000000000000e+00
0.000000000000000000e+00
0.000000000000000000e+00
0.000000000000000000e+00
0.000000000000000000e+00
0.000000000000000000e+00
0.000000000000000000e+00
0.000000000000000000e+00
0.000000000000000000e+00
0.000000000000000000e+00
0.000000000000000000e+00
0.000000000000000000e+00
0.000000000000000000e+00
0.000000000000000000e+00
0.000000000000000000e+00
0.000000000000000000e+00
0.000000000000000000e+00
0.000000000000000000e+00
0.000000000000000000e+00
0.000000000000000000e+00
4.713922136811350687e-11
8.528524354884896469e-11
9.697650849218165190e-11
0.000000000000000000e+00
2.077231804137986014e-08
6.172390673972129479e-11
4.402775702966607625e-11
2.300372395763356914e-11
1.134280659436490424e-12
0.000000000000000000e+00
0.000000000000000000e+00
0.000000000000000000e+00
0.000000000000000000e+00
0.000000000000000000e+00
0.000000000000000000e+00
0.000000000000000000e+00
0.000000000000000000e+00
0.000000000000000000e+00
0.000000000000000000e+00
0.000000000000000000e+00
0.000000000000000000e+00
0.000000000000000000e+00
0.000000000000000000e+00
0.000000000000000000e+00
0.000000000000000000e+00
0.000000000000000000e+00
0.000000000000000000e+00
0.000000000000000000e+00
0.000000000000000000e+00
0.000000000000000000e+00
0.000000000000000000e+00
2.257713801473767353e-11
5.816338238950015409e-11
7.542237332565689990e-11
8.144391086717208145e-11
4.582890126519580387e-01
8.124742803597123386e-11
7.201316880814337252e-11
5.455845286307547059e-11
3.284354001095397927e-11
1.240727130782473827e-11
0.000000000000000000e+00
0.000000000000000000e+00
0.000000000000000000e+00
0.000000000000000000e+00
0.000000000000000000e+00
0.000000000000000000e+00
0.000000000000000000e+00
0.000000000000000000e+00
0.000000000000000000e+00
0.000000000000000000e+00
0.000000000000000000e+00
0.000000000000000000e+00
0.000000000000000000e+00
0.000000000000000000e+00
0.000000000000000000e+00
0.000000000000000000e+00
0.000000000000000000e+00
0.000000000000000000e+00
0.000000000000000000e+00
0.000000000000000000e+00
0.000000000000000000e+00
0.000000000000000000e+00
3.058599151361524816e-11
5.506110629244512411e-11
7.604612861741779313e-11
9.600690118231691523e-11
1.100925929124596006e-10
1.118145519589675413e-10
9.996475786231077539e-11
7.989532545060525509e-11
5.932217034472287451e-11
4.260573772309733885e-11
2.954571025113617889e-11
1.705816045647604220e-11
2.612759012645498668e-12
0.000000000000000000e+00
0.000000000000000000e+00
0.000000000000000000e+00
0.000000000000000000e+00
0.000000000000000000e+00
0.000000000000000000e+00
0.000000000000000000e+00
0.000000000000000000e+00
0.000000000000000000e+00
0.000000000000000000e+00
0.000000000000000000e+00
0.000000000000000000e+00
0.000000000000000000e+00
0.000000000000000000e+00
0.000000000000000000e+00
0.000000000000000000e+00
0.000000000000000000e+00
0.000000000000000000e+00
7.328258279759182777e-12
3.918395303638014144e-11
7.590211745344186970e-11
1.157847659151118931e-10
1.483376527626975315e-10
1.636208256829847861e-10
1.596101491423633998e-10
1.431753597241249521e-10
1.243050711665272381e-10
1.086343730493222740e-10
9.497135645654534661e-11
7.888934542091178692e-11
5.672720495217777075e-11
2.929821640672506510e-11
5.212191727716388444e-13
0.000000000000000000e+00
0.000000000000000000e+00
0.000000000000000000e+00
0.000000000000000000e+00
0.000000000000000000e+00
0.000000000000000000e+00
0.000000000000000000e+00
0.000000000000000000e+00
0.000000000000000000e+00
0.000000000000000000e+00
0.000000000000000000e+00
0.000000000000000000e+00
0.000000000000000000e+00
0.000000000000000000e+00
0.000000000000000000e+00
0.000000000000000000e+00
0.000000000000000000e+00
2.861128760355630672e-11
8.110034237795579209e-11
1.407259413891565714e-10
1.925512822870805022e-10
2.228332145543088779e-10
2.284459661523418869e-10
2.178210947048093241e-10
2.029390592964197901e-10
1.902775600357217702e-10
1.776678110906566447e-10
1.583729812505325608e-10
1.278453186966358746e-10
8.776807652422379901e-11
4.438259594253589739e-11
4.961362260707967193e-12
0.000000000000000000e+00
0.000000000000000000e+00
0.000000000000000000e+00
0.000000000000000000e+00
0.000000000000000000e+00
0.000000000000000000e+00
0.000000000000000000e+00
0.000000000000000000e+00
0.000000000000000000e+00
0.000000000000000000e+00
0.000000000000000000e+00
0.000000000000000000e+00
0.000000000000000000e+00
0.000000000000000000e+00
0.000000000000000000e+00
0.000000000000000000e+00
2.284201865683921581e-11
8.811256646848890196e-11
1.647447193882589678e-10
2.339839602043514687e-10
0.000000000000000000e+00
2.944490561329946413e-10
2.909197558277049508e-10
2.819720985916966314e-10
2.744938192722286175e-10
2.649180628243526183e-10
2.443280005203537908e-10
2.071634740196533080e-10
1.554784874960180543e-10
9.779122533490899815e-11
4.373639945547133103e-11
0.000000000000000000e+00
0.000000000000000000e+00
0.000000000000000000e+00
0.000000000000000000e+00
0.000000000000000000e+00
0.000000000000000000e+00
0.000000000000000000e+00
0.000000000000000000e+00
0.000000000000000000e+00
0.000000000000000000e+00
0.000000000000000000e+00
0.000000000000000000e+00
0.000000000000000000e+00
0.000000000000000000e+00
0.000000000000000000e+00
0.000000000000000000e+00
1.820409959171020322e-11
9.124018019685379955e-11
1.789610975622314844e-10
2.602339093593467910e-10
3.157349990083416013e-10
0.000000000000000000e+00
3.438470558267028317e-10
3.416285625555760370e-10
3.408475864778413085e-10
3.367029866412977124e-10
3.186848802128656292e-10
2.799949959954291510e-10
2.223791584156607432e-10
1.548753758738617862e-10
8.876554772200117488e-11
3.256668643805979206e-11
0.000000000000000000e+00
0.000000000000000000e+00
0.000000000000000000e+00
0.000000000000000000e+00
0.000000000000000000e+00
0.000000000000000000e+00
0.000000000000000000e+00
0.000000000000000000e+00
0.000000000000000000e+00
0.000000000000000000e+00
0.000000000000000000e+00
0.000000000000000000e+00
0.000000000000000000e+00
0.000000000000000000e+00
0.000000000000000000e+00
1.115851275426356620e-11
8.486563443216065323e-11
1.747379869406231825e-10
2.594808367450062252e-10
3.193969142084496362e-10
3.489718155881945938e-10
3.584058030255185675e-10
3.626324092085398390e-10
3.691000515408350419e-10
0.000000000000000000e+00
0.000000000000000000e+00
3.305723385500319076e-10
2.762594477911223961e-10
2.077284374503116572e-10
1.357161260864053454e-10
6.986639088060395320e-11
1.637039674783580667e-11
0.000000000000000000e+00
0.000000000000000000e+00
0.000000000000000000e+00
0.000000000000000000e+00
0.000000000000000000e+00
0.000000000000000000e+00
0.000000000000000000e+00
0.000000000000000000e+00
0.000000000000000000e+00
0.000000000000000000e+00
0.000000000000000000e+00
0.000000000000000000e+00
0.000000000000000000e+00
0.000000000000000000e+00
0.000000000000000000e+00
6.623203537370753992e-11
1.483038233122012642e-10
2.265474114487750997e-10
2.832690158387087716e-10
3.134198938535112172e-10
3.262209036286160584e-10
3.357074194248477299e-10
3.492261229912421833e-10
3.626264147009617726e-10
2.985326812552178688e-01
1.489216359064182066e-08
3.074467663002889119e-10
2.478762461579040669e-10
1.778260698487078527e-10
1.071317321164862241e-10
4.455362964166856948e-11
0.000000000000000000e+00
0.000000000000000000e+00
0.000000000000000000e+00
0.000000000000000000e+00
0.000000000000000000e+00
0.000000000000000000e+00
0.000000000000000000e+00
0.000000000000000000e+00
0.000000000000000000e+00
0.000000000000000000e+00
0.000000000000000000e+00
0.000000000000000000e+00
0.000000000000000000e+00
0.000000000000000000e+00
0.000000000000000000e+00
3.733105777485905880e-11
1.035298041134294357e-10
1.672887994686094327e-10
2.143484819843727789e-10
2.407798857465824336e-10
2.544542972851080412e-10
2.672639018011541109e-10
2.864887037536977564e-10
3.094472418993515574e-10
3.271141985717462331e-10
2.049418833374067744e-02
0.000000000000000000e+00
2.670264457098613187e-10
2.060897469048172562e-10
1.361008788103037790e-10
6.845998802133211704e-11
1.249987444270941655e-11
0.000000000000000000e+00
0.000000000000000000e+00
0.000000000000000000e+00
0.000000000000000000e+00
0.000000000000000000e+00
0.000000000000000000e+00
0.000000000000000000e+00
0.000000000000000000e+00
0.000000000000000000e+00
0.000000000000000000e+00
0.000000000000000000e+00
0.000000000000000000e+00
0.000000000000000000e+00
0.000000000000000000e+00
4.311792245903098659e-12
5.098092293420813268e-11
9.636011905178547564e-11
1.303883693387433180e-10
1.505634156654663458e-10
1.629842422759965615e-10
1.773047673013579915e-10
1.995893744755790078e-10
2.291908506983279729e-10
2.593298509741736852e-10
2.798738395780198387e-10
3.067843878362666642e-09
4.878752057472397857e-09
2.108328071524633541e-10
1.473401388519968524e-10
8.038306566524485006e-11
2.186235416791134854e-11
0.000000000000000000e+00
0.000000000000000000e+00
0.000000000000000000e+00
0.000000000000000000e+00
0.000000000000000000e+00
0.000000000000000000e+00
0.000000000000000000e+00
0.000000000000000000e+00
0.000000000000000000e+00
0.000000000000000000e+00
0.000000000000000000e+00
0.000000000000000000e+00
0.000000000000000000e+00
0.000000000000000000e+00
0.000000000000000000e+00
2.699762733686565064e-12
3.054000151029418152e-11
5.185905525075628042e-11
6.525016540838953013e-11
7.521702879946183213e-11
8.863359580484195007e-11
1.106850929615724835e-10
1.418545141902792400e-10
1.774649942315506019e-10
2.087317635011063536e-10
2.250420174707548975e-10
2.179273212369275740e-10
1.854610590397622320e-10
1.329821444911986525e-10
7.358671643483788041e-11
2.008034678155454758e-11
0.000000000000000000e+00
0.000000000000000000e+00
0.000000000000000000e+00
0.000000000000000000e+00
0.000000000000000000e+00
0.000000000000000000e+00
0.000000000000000000e+00
0.000000000000000000e+00
0.000000000000000000e+00
0.000000000000000000e+00
0.000000000000000000e+00
0.000000000000000000e+00
0.000000000000000000e+00
0.000000000000000000e+00
0.000000000000000000e+00
0.000000000000000000e+00
0.000000000000000000e+00
0.000000000000000000e+00
3.587389064464300700e-13
7.455400687766532206e-12
1.817796302509580912e-11
3.661874675517155317e-11
6.380658893547549124e-11
9.671600079034648713e-11
1.290325398501002538e-10
1.502691165372326843e-10
1.522770991979313722e-10
1.325638839269562800e-10
9.450063676778864594e-11
4.889699743552382623e-11
7.370898126094104843e-12
0.000000000000000000e+00
0.000000000000000000e+00
0.000000000000000000e+00
0.000000000000000000e+00
0.000000000000000000e+00
0.000000000000000000e+00
0.000000000000000000e+00
0.000000000000000000e+00
0.000000000000000000e+00
0.000000000000000000e+00
0.000000000000000000e+00
0.000000000000000000e+00
0.000000000000000000e+00
0.000000000000000000e+00
0.000000000000000000e+00
0.000000000000000000e+00
0.000000000000000000e+00
0.000000000000000000e+00
0.000000000000000000e+00
0.000000000000000000e+00
0.000000000000000000e+00
0.000000000000000000e+00
3.893584698132888913e-12
2.826951896999591990e-11
5.303526073490037809e-11
7.147031429444396059e-11
7.688561143968827966e-11
6.655838147581764645e-11
4.276505693161199732e-11
1.375657413448818024e-11
0.000000000000000000e+00
0.000000000000000000e+00
0.000000000000000000e+00
0.000000000000000000e+00
0.000000000000000000e+00
0.000000000000000000e+00
0.000000000000000000e+00
0.000000000000000000e+00
0.000000000000000000e+00
0.000000000000000000e+00
0.000000000000000000e+00
0.000000000000000000e+00
0.000000000000000000e+00
0.000000000000000000e+00
0.000000000000000000e+00
0.000000000000000000e+00
0.000000000000000000e+00
0.000000000000000000e+00
0.000000000000000000e+00
0.000000000000000000e+00
0.000000000000000000e+00
0.000000000000000000e+00
0.000000000000000000e+00
0.000000000000000000e+00
0.000000000000000000e+00
0.000000000000000000e+00
5.015130471580235145e-12
9.531697401353935508e-12
5.112205651862882630e-12
0.000000000000000000e+00
0.000000000000000000e+00
0.000000000000000000e+00
0.000000000000000000e+00
0.000000000000000000e+00
1.656923469776589014e-11
3.377036275593977827e-11
3.779827328421857949e-11
1.161693825791210794e-11
0.000000000000000000e+00
0.000000000000000000e+00
0.000000000000000000e+00
0.000000000000000000e+00
0.000000000000000000e+00
0.000000000000000000e+00
0.000000000000000000e+00
0.000000000000000000e+00
0.000000000000000000e+00
0.000000000000000000e+00
0.000000000000000000e+00
0.000000000000000000e+00
0.000000000000000000e+00
0.000000000000000000e+00
0.000000000000000000e+00
0.000000000000000000e+00
0.000000000000000000e+00
0.000000000000000000e+00
0.000000000000000000e+00
0.000000000000000000e+00
0.000000000000000000e+00
0.000000000000000000e+00
0.000000000000000000e+00
0.000000000000000000e+00
0.000000000000000000e+00
0.000000000000000000e+00
3.850330748170351046e-12
3.870872390980156490e-11
6.537122351127489969e-11
6.401325354889989474e-11
3.445820750728033223e-11
0.000000000000000000e+00
0.000000000000000000e+00
0.000000000000000000e+00
0.000000000000000000e+00
0.000000000000000000e+00
0.000000000000000000e+00
0.000000000000000000e+00
0.000000000000000000e+00
0.000000000000000000e+00
0.000000000000000000e+00
0.000000000000000000e+00
0.000000000000000000e+00
0.000000000000000000e+00
0.000000000000000000e+00
0.000000000000000000e+00
0.000000000000000000e+00
0.000000000000000000e+00
0.000000000000000000e+00
0.000000000000000000e+00
0.000000000000000000e+00
0.000000000000000000e+00
0.000000000000000000e+00
0.000000000000000000e+00
0.000000000000000000e+00
0.000000000000000000e+00
0.000000000000000000e+00
5.399461887733717677e-12
4.270535465061606118e-11
6.520033422695860337e-02
2.404728669665566016e-10
3.976944147701416244e-11
0.000000000000000000e+00
0.000000000000000000e+00
0.000000000000000000e+00
0.000000000000000000e+00
0.000000000000000000e+00
0.000000000000000000e+00
0.000000000000000000e+00
0.000000000000000000e+00
0.000000000000000000e+00
0.000000000000000000e+00
0.000000000000000000e+00
0.000000000000000000e+00
0.000000000000000000e+00
0.000000000000000000e+00
0.000000000000000000e+00
0.000000000000000000e+00
0.000000000000000000e+00
0.000000000000000000e+00
0.000000000000000000e+00
0.000000000000000000e+00
0.000000000000000000e+00
0.000000000000000000e+00
0.000000000000000000e+00
0.000000000000000000e+00
0.000000000000000000e+00
0.000000000000000000e+00
0.000000000000000000e+00
1.785965998646423724e-11
3.841475544018448420e-11
3.942147988133228740e-11
1.764212057290463224e-11
0.000000000000000000e+00
0.000000000000000000e+00
0.000000000000000000e+00
0.000000000000000000e+00
0.000000000000000000e+00
0.000000000000000000e+00
0.000000000000000000e+00
0.000000000000000000e+00
0.000000000000000000e+00
0.000000000000000000e+00
0.000000000000000000e+00
0.000000000000000000e+00
0.000000000000000000e+00
0.000000000000000000e+00
0.000000000000000000e+00
0.000000000000000000e+00
0.000000000000000000e+00
0.000000000000000000e+00
0.000000000000000000e+00
0.000000000000000000e+00
0.000000000000000000e+00
0.000000000000000000e+00
0.000000000000000000e+00
0.000000000000000000e+00
0.000000000000000000e+00
0.000000000000000000e+00
0.000000000000000000e+00
0.000000000000000000e+00
0.000000000000000000e+00
8.489491460822190527e-02
0.000000000000000000e+00
0.000000000000000000e+00
0.000000000000000000e+00
0.000000000000000000e+00
