#Conditional distribution of radius given mass from initial fitting w/o bootstrap
-1.316875478618220741e-01
-1.300150139258348936e-01
-1.264919492285941360e-01
-1.210837592267035301e-01
-1.138151420674194531e-01
-1.047707096511347469e-01
-9.409066428024108475e-02
-8.196194427560903051e-02
-6.860592383586146259e-02
-5.426420338103832980e-02
-3.918416665390277165e-02
-2.360581097144087703e-02
-7.750958215945974276e-03
8.184550166117764147e-03
2.403555919172867955e-02
3.966947777798306152e-02
5.498584070248878353e-02
6.991417063933902387e-02
8.441074712685049664e-02
9.845480898706190920e-02
1.120446021018903920e-01
1.251935640981046705e-01
1.379268293691967295e-01
1.502781506729559402e-01
1.622872693327159221e-01
1.739977228831631473e-01
1.854550530108889095e-01
1.967053635710173387e-01
2.077941743980559197e-01
2.187655183682664650e-01
2.296612342947419172e-01
2.405204150369579241e-01
2.513789775486032219e-01
2.622693287631275849e-01
2.732201078164102626e-01
2.842559909173520416e-01
2.953975501080881028e-01
3.066611611832050777e-01
3.180589591757309598e-01
3.295988420984878875e-01
3.412845250940107489e-01
3.531156478437491586e-01
3.650879380768123905e-01
3.771934333731543632e-01
3.894207622665879498e-01
4.017554840301041930e-01
4.141804846000693985e-01
4.266764240137386754e-01
4.392222286526766828e-01
4.517956196603317154e-01
4.643736672819513411e-01
4.769333596842948997e-01
4.894521741438442319e-01
5.019086383975586152e-01
5.142828704364331704e-01
5.265570860500264905e-01
5.387160649180252614e-01
5.507475678759112814e-01
5.626427000136174916e-01
5.743962163423317335e-01
5.860067687260975822e-01
5.974770944691533137e-01
6.088141482388632619e-01
6.200291797679149397e-01
6.311377599182590448e-01
6.421597571213858435e-01
6.531192648685549829e-01
6.640444787558210660e-01
6.749675185471922800e-01
6.859241867717100760e-01
6.969536505030954343e-01
7.080980272085353189e-01
7.194018489911988556e-01
7.309113724053379890e-01
7.426736937046232168e-01
7.547356225997694512e-01
7.671422624761856657e-01
7.799352432409627500e-01
7.931505569028213243e-01
8.068159587636347663e-01
8.209479225111913081e-01
8.355481796572429287e-01
8.505999362886729198e-01
8.660639447557305637e-01
8.818747125775249218e-01
8.979372469644552046e-01
9.141248436062123783e-01
9.302785055010790449e-01
9.462085862489472143e-01
9.616991553498851486e-01
9.765153536049394623e-01
9.904136429400361985e-01
1.003154394143153105e+00
1.014515778992303163e+00
1.024307552655404407e+00
1.032383142406744891e+00
1.038648575457047363e+00
1.043067185215950099e+00
1.045659651731515760e+00
1.046499617102192081e+00
