#Variance for the Conditional distribution of radius given mass from initial fitting w/o bootstrap
6.495641803857315696e-03
7.371789065638941450e-03
7.943939025232882312e-03
8.446283220667013050e-03
8.954504983592596543e-03
9.489840170603692018e-03
1.005054588441486353e-02
1.062570136504286354e-02
1.120249771288836689e-02
1.176995953458317284e-02
1.232037103469565097e-02
1.284932335762732809e-02
1.335509232832095966e-02
1.383781964636181944e-02
1.429875331742238610e-02
1.473964905021882266e-02
1.516234757432814544e-02
1.556850509092346131e-02
1.595944410037048941e-02
1.633609404157277192e-02
1.669899666706638197e-02
1.704835600306041019e-02
1.738411616199981441e-02
1.770605259386301075e-02
1.801386434962609639e-02
1.830725718097962751e-02
1.858601002959305720e-02
1.885002052214899970e-02
1.909932812763461343e-02
1.933411626571995834e-02
1.955469660741693608e-02
1.976147998620000554e-02
1.995493880679947984e-02
2.013556576709692181e-02
2.030383328626443953e-02
2.046015741160737283e-02
2.060486924068642353e-02
2.073819606126976398e-02
2.086025346048015969e-02
2.097104857586069501e-02
2.107049349612405767e-02
2.115842668316143468e-02
2.123463935718740078e-02
2.129890325711443141e-02
2.135099619972933085e-02
2.139072244250407942e-02
2.141792589671807565e-02
2.143249551822910479e-02
2.143436345434986817e-02
2.142349751065248525e-02
2.139989007679105742e-02
2.136354578442779817e-02
2.131446992800884246e-02
2.125265918139604415e-02
2.117809552384113114e-02
2.109074366207655538e-02
2.099055168235155339e-02
2.087745423443759796e-02
2.075137726103722449e-02
2.061224314733179838e-02
2.045997517498822013e-02
2.029450031555640049e-02
2.011574967575996756e-02
1.992365628794943652e-02
1.971815038738130091e-02
1.949915278723457143e-02
1.926656739840375276e-02
1.902027428949287433e-02
1.876012489485359355e-02
1.848594101813364615e-02
1.819751912135966765e-02
1.789464102046515667e-02
1.757709151734839978e-02
1.724468267679747646e-02
1.689728339755241018e-02
1.653485163828554219e-02
1.615746518615536823e-02
1.576534531118019625e-02
1.535886624972036645e-02
1.493854254706453166e-02
1.450498633104563284e-02
1.405882814520933652e-02
1.360059862228776839e-02
1.313057454816853216e-02
1.264860216360603681e-02
1.215392318358587270e-02
1.164504521111389863e-02
1.111971792958670741e-02
1.057509832586547675e-02
1.000820672138928898e-02
9.416774986099829547e-03
8.800534307574338008e-03
8.162821603547839103e-03
7.512025984012697145e-03
6.861814923897553882e-03
6.228362533983697845e-03
5.622066782347414499e-03
5.029668892062153472e-03
4.374249076489764368e-03
3.389031975169750320e-03
