#Conditional distribution of radius given mass from initial fitting w/o bootstrap
6.413080601355866106e-01
-8.147376552269162964e-02
-7.957743414649126601e-02
-7.628477212876626223e-02
-7.156951151191426330e-02
-6.548630499128058058e-02
-5.816690955427997883e-02
-4.980554048954230484e-02
-4.063657423951397979e-02
-3.090940618744679805e-02
-2.086527026118406222e-02
-1.071946589587915999e-02
-6.504800715580804716e-04
9.204277371134167093e-03
1.874752937201424122e-02
2.791778906531464099e-02
3.668330525348310195e-02
4.503558509532485515e-02
5.298332529993811379e-02
6.054718844745709400e-02
6.775557614513427751e-02
7.464137385246695511e-02
8.123955015284826942e-02
8.758545856907258564e-02
9.371368936845451969e-02
9.965733539814847219e-02
1.054475591573895699e-01
1.111133719988684349e-01
1.166815575881955946e-01
1.221766894297385275e-01
1.276212062919808432e-01
1.330355201183598957e-01
1.384381390452719962e-01
1.438457940343547958e-01
1.492735618661534258e-01
1.547349802547373643e-01
1.602421529580105586e-01
1.658058442292122681e-01
1.714355629706040551e-01
1.771396376495668334e-01
1.829252835209160821e-01
1.887986640391587645e-01
1.947649485916133349e-01
2.008283688735839068e-01
2.069922763852776459e-01
2.132592036746961683e-01
2.196309320944753729e-01
2.261085689940223187e-01
2.326926374405896558e-01
2.393831817636289938e-01
2.461798924565709590e-01
2.530822542619790005e-01
2.600897216256055633e-01
2.672019261515821698e-01
2.744189212479601903e-01
2.817414698461376266e-01
2.891713819395572149e-01
2.967119097483897905e-01
3.043682096081716804e-01
3.121478812252725388e-01
3.200615967482938751e-01
3.281238341488554866e-01
3.363537316096446572e-01
3.447760818115047643e-01
3.534224868733479852e-01
3.623326956674750021e-01
3.715561443738981673e-01
3.811537169469059738e-01
3.911997322944736899e-01
4.017841458379071695e-01
4.130149194343672447e-01
4.250204578534574895e-01
4.379519218038487871e-01
4.519850938116822814e-01
4.673212792609136024e-01
4.841864577290983518e-01
5.028275568080347036e-01
5.235043259506561020e-01
5.464749196565678035e-01
5.719731280176921784e-01
6.001755196181410845e-01
6.311580238283115429e-01
6.648441519678419676e-01
7.009513645052832809e-01
7.389474908572568612e-01
7.780337228100234759e-01
8.171712759286071659e-01
8.551619665047456298e-01
8.907779069816809114e-01
9.229167153418166292e-01
9.507451664145564196e-01
9.737946391912186694e-01
9.919873788679344218e-01
1.005595732782429863e+00
1.015155586270414689e+00
1.021362711625148689e+00
1.024976772916903922e+00
1.026747665667150367e+00
1.027368608808752359e+00
1.027453353298498628e+00
