#Bayesian Information Criterion from bootstrap run
1.741645956895003110e+04
1.741896918067424849e+04
1.741767123544660717e+04
1.741646080385379901e+04
1.741843174839250787e+04
1.741797623980657227e+04
1.741743299126512284e+04
1.741882071723623812e+04
1.741320549684116122e+04
1.741975313069795811e+04
1.741904623370178160e+04
1.741894847585745811e+04
1.741741721757029154e+04
1.741628189826188827e+04
1.741722359680815498e+04
1.742037264693761244e+04
1.741908025197043025e+04
1.741729492379390285e+04
1.741505505711740261e+04
1.741940657160254341e+04
