#Variance for the Conditional distribution of Mass given Radius from initial fitting w/o bootstrap
nan
3.620429684737208609e-02
3.621500758315515656e-02
3.631706961649205229e-02
3.689183036536560628e-02
3.920562602862161239e-02
4.620832945133386549e-02
6.115818910191676144e-02
8.120490857979759114e-02
9.765273589638562290e-02
1.070801746532294707e-01
1.116424061165852410e-01
1.138078115717707645e-01
1.149431927098308048e-01
1.156723676154850500e-01
1.162625287476746205e-01
1.168210362961831505e-01
1.173825242676608122e-01
1.179481560639068505e-01
1.185052763288446526e-01
1.190382735249909257e-01
1.195343916774286724e-01
1.199860540074281778e-01
1.203908907073242274e-01
1.207505806356231476e-01
1.210693622840088302e-01
1.213527085669845740e-01
1.216063514565944720e-01
1.218356569757702151e-01
1.220452752006682268e-01
1.222389803614132853e-01
1.224196347995797213e-01
1.225892343128787559e-01
1.227490104840683327e-01
1.228995747116687492e-01
1.230410899064429270e-01
1.231734527033940957e-01
1.232964659681408393e-01
1.234099819087939864e-01
1.235140014918484769e-01
1.236087246911505844e-01
1.236945553266866893e-01
1.237720709305864114e-01
1.238419707051354457e-01
1.239050134243219470e-01
1.239619533904270099e-01
1.240134778153614420e-01
1.240601443646453667e-01
1.241023136030564855e-01
1.241400678257684048e-01
1.241731053038534066e-01
1.242005977383499882e-01
1.242209998695218143e-01
1.242318057810533616e-01
1.242292587965781597e-01
1.242080414181475495e-01
1.241609930893416425e-01
1.240789121122242572e-01
1.239504741955711198e-01
1.237622372347058353e-01
1.234986300300334044e-01
1.231418071744707354e-01
1.226713465484929183e-01
1.220639531224950586e-01
1.212935277979689946e-01
1.203320716007725694e-01
1.191518711440944511e-01
1.177292183981726165e-01
1.160495165569018911e-01
1.141130081456876028e-01
1.119396696246512668e-01
1.095714049585033156e-01
1.070699925491892662e-01
1.045104832225041552e-01
1.019714828966040432e-01
9.952504411097713721e-02
9.722895027868141971e-02
9.512301792318439420e-02
9.322943618896668838e-02
9.155598048734549244e-02
9.010056361618318244e-02
8.885586704561419802e-02
8.781334486377546933e-02
8.696640460434953979e-02
8.631291079596489779e-02
8.585732717677856118e-02
8.561285415404486232e-02
8.560383878224336884e-02
8.586843586244953530e-02
8.646064880482048909e-02
8.744872535715708661e-02
8.890230411339614114e-02
9.085414343441274021e-02
9.322364050095371946e-02
9.572865293164975475e-02
9.789968500120226069e-02
9.929961509937675068e-02
9.977332410910813576e-02
9.939735777402063099e-02
nan
