9.278485413632507743e+02
9.643897142113468135e+02
9.259609035341036360e+02
9.473741407083051627e+02
9.491396339526194197e+02
9.960045074969543748e+02
9.489959863073668203e+02
9.142524212136304413e+02
9.456914402172398013e+02
9.513516185854671221e+02
8.969510709185688029e+02
9.261033635471138723e+02
9.559537212005898255e+02
9.378138909444159026e+02
9.228293264242056466e+02
9.595326625667042890e+02
9.492310681460830892e+02
9.154761473670680516e+02
9.398193571522793945e+02
8.874825781765209740e+02
9.462943294007055783e+02
9.238697527685201294e+02
9.158130636219011649e+02
9.699132122339703983e+02
8.697085980756130539e+02
9.147612356592431979e+02
8.786436469811017105e+02
9.103028981163702156e+02
9.224375509972564942e+02
9.329014410384460234e+02
9.252171618803831734e+02
9.338332355400760889e+02
9.232169062405776003e+02
9.259011775737853895e+02
9.287012196657542518e+02
9.175781509622881913e+02
9.658618323133140393e+02
9.078840234148134414e+02
9.630203094298648239e+02
8.823616786133288770e+02
9.288765550741309198e+02
9.375253039679032554e+02
9.584271361708962331e+02
8.816307231194666656e+02
9.193554134421752906e+02
9.093121839487905618e+02
9.267802304031798712e+02
9.944643098232476177e+02
9.509478655894737358e+02
9.521873870973361136e+02
9.214284704620923776e+02
9.269638831114356208e+02
9.822264124853395515e+02
9.445060509623584721e+02
9.335728819571427266e+02
9.303703852414984112e+02
9.466061479265855496e+02
9.524211000108580265e+02
1.005045689728727780e+03
9.379890601185445576e+02
9.424867700512039619e+02
9.031912565507030877e+02
8.958300977828964733e+02
9.247730424785358991e+02
8.963707780073044660e+02
9.242943443665442373e+02
9.942299387211287467e+02
9.932093401071617791e+02
9.633713756388078764e+02
9.367552873277620620e+02
9.482035570136187062e+02
8.910939337281295138e+02
9.181753994885336851e+02
9.316892111884276346e+02
9.324738066334575706e+02
9.224263899326356295e+02
9.069263858635712268e+02
9.554505682214098670e+02
9.767210615030396639e+02
9.090396847527933915e+02
8.943207439566633639e+02
9.616569865536338284e+02
9.802949019236593813e+02
9.182097124552570904e+02
9.263242747318487318e+02
9.237664342952405150e+02
9.031011198853985888e+02
8.874697461132485614e+02
9.581269522496074842e+02
9.645764822863312702e+02
9.466478545070804103e+02
9.209217393164744863e+02
9.736735230291778862e+02
9.334058469219851304e+02
9.551779024554402895e+02
9.565957685162169355e+02
9.744598624998833429e+02
9.549671381595117055e+02
9.190189737821026483e+02
9.179334231214536430e+02
