-1.151207908380111000e+00
-1.145209332564775861e+00
-1.098932225575242949e+00
-9.335038180584082079e-01
-4.792801269017243349e-01
-1.213924986826028091e-01
5.897758754757388699e-02
1.609758646503217372e-01
2.229333346172645003e-01
2.625111312920103690e-01
2.889698325246989330e-01
3.075332072660071359e-01
3.213129108747069806e-01
3.322629303698341752e-01
3.416857234788156505e-01
3.505138775471289825e-01
3.594739615358145679e-01
3.691866144833039765e-01
3.802313847583593809e-01
3.931917545036127115e-01
4.086885986582938224e-01
4.274057173373214669e-01
4.501069468673621343e-01
4.776387876423666690e-01
5.109032533377079188e-01
5.507709461609366919e-01
5.978880098848909919e-01
6.523373040778952525e-01
7.132058097514045736e-01
7.783242926111096915e-01
8.445712653458160579e-01
9.087608273270663117e-01
9.685154221990380785e-01
1.022571478885390128e+00
1.070577045152415696e+00
1.112735480854470493e+00
1.149518170849785470e+00
1.181490919381750437e+00
1.209225262462544359e+00
1.233259169883857531e+00
1.254083051901750068e+00
1.272137702428395523e+00
1.287817482747348086e+00
1.301475630349450130e+00
1.313430362792197492e+00
1.323971301578028781e+00
1.333366147594976070e+00
1.341867747588929571e+00
1.349721828117519173e+00
1.357175808864808042e+00
1.364489288604548767e+00
1.371947074124675092e+00
1.379876069920857651e+00
1.388668099836708025e+00
1.398812057576998003e+00
1.410941240290980669e+00
1.425906559691281661e+00
1.444896568959127992e+00
1.469648858084311005e+00
1.502857719983099472e+00
1.549057637222823969e+00
1.616841483253670608e+00
1.725189739542820400e+00
1.907675090918401928e+00
2.089160475439979070e+00
2.191229903599894779e+00
2.251532239944232128e+00
2.290695331161941795e+00
2.317558937627205662e+00
2.336583695865730892e+00
2.350318829161326395e+00
2.360350024049508555e+00
2.367723393905003526e+00
2.373158517480456364e+00
2.377165426753719668e+00
2.380113479999583781e+00
2.382274245313363625e+00
2.383849457058350829e+00
2.384989946778404590e+00
2.385808871018071375e+00
2.386391194407400107e+00
2.386800629745249758e+00
2.387084799681612690e+00
2.387279122844776946e+00
2.387409765359643110e+00
2.387495895494302189e+00
2.387551411451194205e+00
2.387586266628325404e+00
2.387607485010392327e+00
2.387619936840006396e+00
2.387626928340579990e+00
2.387630647095964509e+00
2.387632495493726914e+00
2.387633337584331716e+00
2.387633679236726092e+00
2.387633797191433871e+00
2.387633829245685124e+00
2.387633835146893091e+00
2.387633835666906013e+00
2.236424623746091189e+00
