-1.800716904842379895e+00
-1.800234848436090829e+00
-1.796751543863601031e+00
-1.787016262066207561e+00
-1.767639738693108420e+00
-1.735103699372536834e+00
-1.685205112971754238e+00
-1.611373559004490197e+00
-1.500819482395609805e+00
-1.330698254553104087e+00
-1.122857533002334707e+00
-9.780761158085103935e-01
-8.929250109426077886e-01
-8.394119826241167592e-01
-8.034001411154778616e-01
-7.778456035130975055e-01
-7.588863488069870211e-01
-7.442224629348976883e-01
-7.323894140988710388e-01
-7.223990784929555931e-01
-7.135476834523546419e-01
-7.053062749440608403e-01
-6.972549430703345319e-01
-6.890416298253412286e-01
-6.803554484648047795e-01
-6.709089640643000063e-01
-6.604262524358133213e-01
-6.486348475804027958e-01
-6.352604163123253267e-01
-6.200234212607536044e-01
-6.026372953657591625e-01
-5.828078497508916156e-01
-5.602338577658640961e-01
-5.346090972387091966e-01
-5.056267159428095015e-01
-4.729877787264249456e-01
-4.364174514936412508e-01
-3.956945778441546269e-01
-3.507029988242370000e-01
-3.015138588480005266e-01
-2.485018915738123613e-01
-1.924758812802038754e-01
-1.347597107252921644e-01
-7.712281711562386788e-02
-2.149897600898800776e-02
3.041955752660124856e-02
7.750160538100168972e-02
1.192628819655068839e-01
1.557490808111481884e-01
1.873429042585615933e-01
2.145934803504610522e-01
2.381025247771357545e-01
2.584622441845191299e-01
2.762286284236425971e-01
2.919156920546299716e-01
3.060011682042632075e-01
3.189383120322814569e-01
3.311711875544417483e-01
3.431523984722600895e-01
3.553630844144545220e-01
3.683354223652296477e-01
3.826780124292992746e-01
3.991044845256675466e-01
4.184655446303853776e-01
4.417847135192058405e-01
4.702987234467096433e-01
5.055060277496992160e-01
5.492332518997007362e-01
6.037436462698335671e-01
6.719419020420507316e-01
7.577959619439339489e-01
8.672509697931750638e-01
1.010245468650895706e+00
1.204014623898991054e+00
1.455493617216306212e+00
1.664403108363390782e+00
1.778483233323562729e+00
1.842423859142506393e+00
1.881466376892929171e+00
1.906577827268554737e+00
1.923182921091339148e+00
1.934304193477715650e+00
1.941774663246094601e+00
1.946772199051007846e+00
1.950083157023210001e+00
1.952245035009700924e+00
1.953629798758326652e+00
1.954495762692953553e+00
1.955021631843167462e+00
1.955329779678951718e+00
1.955502652813952524e+00
1.955594560468116638e+00
1.955640231834304688e+00
1.955661036293171895e+00
1.955669476628481451e+00
1.955672390578456321e+00
1.955673182444392699e+00
1.955673328235651542e+00
1.955673341111680674e+00
1.586915627346099811e+00
