1.134688752506070319e-01
1.140490775222574305e-01
1.181260543018189391e-01
1.285325649352086486e-01
1.456780866708268507e-01
1.668586422416690473e-01
1.880850158557885454e-01
2.064913235332962171e-01
2.210696754610009529e-01
2.320508548173485786e-01
2.401317376264343884e-01
2.460367573438262956e-01
2.503608155057731044e-01
2.535480920252593529e-01
2.559165935097315603e-01
2.576901237513355425e-01
2.590254347086945463e-01
2.600324330064158751e-01
2.607884275242793870e-01
2.613479603055714473e-01
2.617495562690320132e-01
2.620203826812578796e-01
2.621795100278524471e-01
2.622402443721407184e-01
2.622118466244757751e-01
2.621008477477097531e-01
2.619120947642420427e-01
2.616496090784269368e-01
2.613172989487076436e-01
2.609195383089760178e-01
2.604616035595250234e-01
2.599499490516780087e-01
2.593923017570280432e-01
2.587975659943230755e-01
2.581755479028448597e-01
2.575365319854936441e-01
2.568907622967485094e-01
2.562478927572279241e-01
2.556164709637559485e-01
2.550035076403860401e-01
2.544141629196690624e-01
2.538515563646390194e-01
2.533166854662696754e-01
2.528084210501448381e-01
2.523235389850093657e-01
2.518567450442865119e-01
2.514006516585131079e-01
2.509456691753799151e-01
2.504797780291796450e-01
2.499881505583583796e-01
2.494525915888199941e-01
2.488507656591120165e-01
2.481551771370116288e-01
2.473318698324149523e-01
2.463388190689135282e-01
2.451240080911595565e-01
2.436232224885670761e-01
2.417576765065092836e-01
2.394317251654485279e-01
2.365311418341939642e-01
2.329227745605425004e-01
2.284568339420955940e-01
2.229735421394818951e-01
2.163161856758284707e-01
2.083523612690236226e-01
1.990037877210851791e-01
1.882819287088214333e-01
1.763219533722557852e-01
1.634028999713378061e-01
1.499407093304187533e-01
1.364465671303850547e-01
1.234557641103587039e-01
1.114461505909300626e-01
1.007712690783926501e-01
9.162677552254663849e-02
8.405404763205211183e-02
7.797128314390251724e-02
7.321654002931582417e-02
6.958918538048054769e-02
6.688205429504634481e-02
6.490223975034632720e-02
6.348193161101745030e-02
6.248207209795253458e-02
6.179157271819461783e-02
6.132422450787031187e-02
6.101472313806798053e-02
6.081464362662561407e-02
6.068878937824318670e-02
6.061208515002039499e-02
6.056704038149619135e-02
6.054173824495162615e-02
6.052827712795282034e-02
6.052158554069248658e-02
6.051853682593836409e-02
6.051729987303852004e-02
6.051687281344073771e-02
6.051675675867885379e-02
6.051673539122259110e-02
6.051673350260620976e-02
1.134688752452352317e-01
