-1.478152033031461920e+00
-1.473148831643520174e+00
-1.437992177007129113e+00
-1.348253711216658157e+00
-1.200397805304252996e+00
-1.017728748785988069e+00
-8.346234970359919236e-01
-6.757631216615169745e-01
-5.497989357171121361e-01
-4.546924731050906998e-01
-3.843756952323925669e-01
-3.325302417788327802e-01
-2.939397043485565408e-01
-2.646700666909875821e-01
-2.418557956401398701e-01
-2.234220367362962922e-01
-2.078485985545807380e-01
-1.939942501202130132e-01
-1.809731164581963592e-01
-1.680702447851392944e-01
-1.546852823984569969e-01
-1.402962486534331532e-01
-1.244379973451535809e-01
-1.066918403517191083e-01
-8.668399445878768872e-02
-6.409114321509111478e-02
-3.865158664136329747e-02
-1.018028641783520760e-02
2.141428039418956028e-02
5.611401708358927654e-02
9.377876369186090300e-02
1.341404481211894706e-01
1.768062818933901215e-01
2.212723922403956878e-01
2.669477529040775732e-01
3.131865599532368538e-01
3.593256970933287331e-01
4.047230366707807447e-01
4.487922637073972765e-01
4.910306846251726864e-01
5.310378496498076029e-01
5.685244022860945767e-01
6.033119962110602419e-01
6.353261291746113981e-01
6.645842377754378472e-01
6.911814246604853773e-01
7.152758875285588624e-01
7.370756485516594125e-01
7.568276819868360317e-01
7.748100998779066106e-01
7.913277260895772436e-01
8.067111741039746375e-01
8.213194241809691487e-01
8.355458337480852204e-01
8.498274614480604283e-01
8.646574756648157667e-01
8.806001665986740168e-01
8.983075701392330137e-01
9.185357878193451953e-01
9.421575691944334974e-01
9.701654572510102215e-01
1.003656799845256575e+00
1.043788675321988491e+00
1.091688657228518489e+00
1.148309127181684541e+00
1.214222641410465320e+00
1.289377434350976737e+00
1.372864634191048649e+00
1.462780802623221188e+00
1.556277522873932506e+00
1.649849835719537250e+00
1.739827284644247074e+00
1.822935911617130866e+00
1.896758422858109805e+00
1.959964600293143233e+00
2.012285493550237447e+00
2.054298502971072526e+00
2.087130587297159501e+00
2.112172785736420089e+00
2.130858967323927544e+00
2.144523000710694571e+00
2.154324480233983152e+00
2.161223891840873268e+00
2.165988289208228057e+00
2.169212794175451986e+00
2.171348138048475818e+00
2.172728505390408849e+00
2.173596765747597637e+00
2.174125934255752401e+00
2.174436686052118706e+00
2.174611237172539902e+00
2.174704100424111441e+00
2.174750263013108142e+00
2.174771294824262569e+00
2.174779828033091444e+00
2.174782774132445695e+00
2.174783574744627135e+00
2.174783722151714560e+00
2.174783735187956868e+00
1.913859751972055045e+00
