8.839331066353146100e-12
2.779346340609381225e-02
4.815219141262605529e-02
6.247847034479907941e-02
7.196488466888159574e-02
7.762981089773930699e-02
8.034853369165675940e-02
8.087940192011328078e-02
7.988491250409807121e-02
7.794794961284648438e-02
7.558363939472677318e-02
7.324742609954376649e-02
7.134005175258874287e-02
7.021014361210672905e-02
7.015509445088441431e-02
7.142087126651308626e-02
7.420131761346866750e-02
7.863743107616377737e-02
8.481700679647047325e-02
9.277494554284021477e-02
1.024944346007800877e-01
1.139091248810267382e-01
1.269063503772102641e-01
1.413313680577508447e-01
1.569925384528668144e-01
1.736673201031956049e-01
1.911089147629083940e-01
2.090533745493970141e-01
2.272269665839669051e-01
2.453535843426258023e-01
2.631619970436360756e-01
2.803927379382636920e-01
2.968044482711973964e-01
3.121795148297989986e-01
3.263288642929541572e-01
3.390958059266795943e-01
3.503588445008022911e-01
3.600334166227980304e-01
3.680725350759467829e-01
3.744663563660420302e-01
3.792407157697837428e-01
3.824547010792525015e-01
3.841973603886036925e-01
3.845836602080578981e-01
3.837498275515875967e-01
3.818482231593923748e-01
3.790419025090854266e-01
3.754990266539069976e-01
3.713872862003863573e-01
3.668684989787822648e-01
3.620935353176045202e-01
3.571977145261340802e-01
3.522968024945106191e-01
3.474837235727104012e-01
3.428260804689966523e-01
3.383645542387155869e-01
3.341122329752344022e-01
3.300548930560758820e-01
3.261522312531633938e-01
3.223400202194085518e-01
3.185331343612802790e-01
3.146293684528294055e-01
3.105139480984010492e-01
3.060646098636555790e-01
3.011571101143791229e-01
2.956710058629434257e-01
2.894955387364482324e-01
2.825354450351528213e-01
2.747165111977345475e-01
2.659906952417642745e-01
2.563406412628205233e-01
2.457834261507159945e-01
2.343733955388560553e-01
2.222039697765253174e-01
2.094083304328992201e-01
1.961589334111419891e-01
1.826658359317941682e-01
1.691738710279435953e-01
1.559587541746876305e-01
1.433222614175659326e-01
1.315866757698978540e-01
1.210887573133919148e-01
1.121735506058606918e-01
1.051883985191503779e-01
1.004775818866214532e-01
9.837804619893013303e-02
9.921670632500999287e-02
1.033098334594031303e-01
1.109650200614678006e-01
1.224861824633276253e-01
1.381819901386452665e-01
1.583779973379253192e-01
1.834325877175569941e-01
2.137566152100754402e-01
2.498363227294466693e-01
2.922587307839349391e-01
3.417381952959295810e-01
3.991422205439694726e-01
4.655138596159035247e-01
5.420871191773520836e-01
