-1.439089138038974203e-01
-2.055978538340551276e-01
-2.055951329368468083e-01
-2.055755121632728832e-01
-2.054983861077984419e-01
-2.052778721986324439e-01
-2.047592964912699487e-01
-2.036918295749879371e-01
-2.017006230738984107e-01
-1.982668620885841004e-01
-1.927319813434019702e-01
-1.843506554462045754e-01
-1.724182219685173323e-01
-1.564778352795974103e-01
-1.365608408460456391e-01
-1.133497792011288058e-01
-8.813890542409771878e-02
-6.255683242776571840e-02
-3.816594011742929782e-02
-1.613034947997531166e-02
2.921923208849018690e-03
1.884942992919302895e-02
3.184927164204686550e-02
4.229916475813681048e-02
5.063702842836390050e-02
5.728778559026694028e-02
6.262805928573975112e-02
6.697513767923507499e-02
7.058899497567584780e-02
7.368004412725277785e-02
7.641850900443214467e-02
7.894340886078213271e-02
8.137035028548154914e-02
8.379793481099177821e-02
8.631286323729349397e-02
8.899391139294031416e-02
9.191495918141721899e-02
9.514722478786133419e-02
9.876081355589474975e-02
1.028256479768364928e-01
1.074118069105560180e-01
1.125892715176013831e-01
1.184270548295043024e-01
1.249916842240720166e-01
1.323450147566869739e-01
1.405413800741600605e-01
1.496241395839756627e-01
1.596217564946408041e-01
1.705436377845317153e-01
1.823760741624391446e-01
1.950787179588839848e-01
2.085821048034591785e-01
2.227867326182502161e-01
2.375641343003159489e-01
2.527602070906129206e-01
2.682008027650052973e-01
2.836992753563111758e-01
2.990653857333743781e-01
3.141147414400535798e-01
3.286778603450656866e-01
3.426080126541029003e-01
3.557872039249197482e-01
3.681299642256838367e-01
3.795849399079761488e-01
3.901345816612706296e-01
3.997934421468193888e-01
4.086057226959824429e-01
4.166427513440510433e-01
4.240010616204444305e-01
4.308017081739162202e-01
4.371914349544679390e-01
4.433463294879366745e-01
4.494786639464982692e-01
4.558477284300495036e-01
4.627755495990999446e-01
4.706683184797100794e-01
4.800438147213532680e-01
4.915634832630936257e-01
5.060639438790949240e-01
5.245747969852498915e-01
5.482956730656705080e-01
5.784859507789895661e-01
6.162050096822306866e-01
6.618589751301788837e-01
7.146118202646528639e-01
7.719236586506352804e-01
8.296548563828912703e-01
8.830154244493174653e-01
9.280348840076982908e-01
9.627024921901213839e-01
9.871478706951338777e-01
1.002986864664818345e+00
1.012420774269848778e+00
1.017555861872078804e+00
1.020070379772003655e+00
1.021143598616955472e+00
1.021519523466831947e+00
1.021615204508685260e+00
1.021628474520299257e+00
1.021628880541453732e+00
