2.443160035117285933e-11
7.682015587100143872e-02
1.330909644401201963e-01
1.726882958176726435e-01
1.989084115472271042e-01
2.145660685128271683e-01
2.220805227478826749e-01
2.235478238704930731e-01
2.207990900824758629e-01
2.154453927383128964e-01
2.089105224046094722e-01
2.024533109782524487e-01
1.971813953304420164e-01
1.940583689481772678e-01
1.939062150016225561e-01
1.974047776259973686e-01
2.050898335919713322e-01
2.173510952665766160e-01
2.344312253358121767e-01
2.564266882968609940e-01
2.832910143978577544e-01
3.148408170883533752e-01
3.507646914871245247e-01
3.906349332943443442e-01
4.339218577519617925e-01
4.800103680889746260e-01
5.282183226292567202e-01
5.778161787034559183e-01
6.280473482569972621e-01
6.781486825631395376e-01
7.273705092753433021e-01
7.749956714207669739e-01
8.203570618838669226e-01
8.628532053943525071e-01
9.019615099388865742e-01
9.372488878366582732e-01
9.683795305422197019e-01
9.951197078111672090e-01
1.017339548628160673e+00
1.035011845921226747e+00
1.048208007487013926e+00
1.057091349905806110e+00
1.061907998979669143e+00
1.062975718101601519e+00
1.060671033949631470e+00
1.055415066253954537e+00
1.047658494623039172e+00
1.037866110296919109e+00
1.026501404217456948e+00
1.014011635179338455e+00
1.000813803467238694e+00
9.872819268953250127e-01
9.737359783145931313e-01
9.604327973619438685e-01
9.475592355466739836e-01
9.352277338757591929e-01
9.234744673791996927e-01
9.122601224644509843e-01
9.014733024258294591e-01
8.909364851336749602e-01
8.804143864397638852e-01
8.696245146922455538e-01
8.582496374960278951e-01
8.459518230163468600e-01
8.323876662155919037e-01
8.172242669097151690e-01
8.001554928493512797e-01
7.809180385170837457e-01
7.593067802381382458e-01
7.351889316618307468e-01
7.085165216784282682e-01
6.793367502110941869e-01
6.477998266802245109e-01
6.141639616473755225e-01
5.787972642882051044e-01
5.421763966569689286e-01
5.048819495274021740e-01
4.675906327966980469e-01
4.310645143461979134e-01
3.961376925578779518e-01
3.637009463518005581e-01
3.346850687561698234e-01
3.100437507999275755e-01
2.907370359712141972e-01
2.777165043914311959e-01
2.719134615525957144e-01
2.742314886608733793e-01
2.855447481805545307e-01
3.067034148569526275e-01
3.385475027489259769e-01
3.819301634314654081e-01
4.377512174092293429e-01
5.070012245107332616e-01
5.908157705633509948e-01
6.905388138890898864e-01
8.077928585381076720e-01
9.445523591691734611e-01
1.103215067114033054e+00
1.286663944442576257e+00
1.498309742201317407e+00
