1.453749084974772907e-12
5.497972759352738750e-13
3.065436385906732856e-13
1.233376543167091886e-13
1.711541124194069244e-14
0.000000000000000000e+00
0.000000000000000000e+00
0.000000000000000000e+00
0.000000000000000000e+00
0.000000000000000000e+00
0.000000000000000000e+00
0.000000000000000000e+00
0.000000000000000000e+00
0.000000000000000000e+00
0.000000000000000000e+00
0.000000000000000000e+00
5.862152064647960931e-02
6.193953901082851827e-13
3.447312281438101683e-13
1.474845238064876105e-13
2.048254270510375772e-14
0.000000000000000000e+00
0.000000000000000000e+00
0.000000000000000000e+00
0.000000000000000000e+00
0.000000000000000000e+00
0.000000000000000000e+00
0.000000000000000000e+00
0.000000000000000000e+00
0.000000000000000000e+00
0.000000000000000000e+00
0.000000000000000000e+00
1.637930255433910409e-12
6.783669521264348997e-13
3.970038590263776334e-13
1.852964033886723745e-13
5.400263983448320052e-14
0.000000000000000000e+00
0.000000000000000000e+00
0.000000000000000000e+00
0.000000000000000000e+00
0.000000000000000000e+00
0.000000000000000000e+00
0.000000000000000000e+00
0.000000000000000000e+00
0.000000000000000000e+00
0.000000000000000000e+00
0.000000000000000000e+00
1.301507232656322144e-12
6.523802138283715010e-13
4.580216699591297006e-13
2.420816847340492735e-13
3.065553327123197038e-14
0.000000000000000000e+00
0.000000000000000000e+00
0.000000000000000000e+00
0.000000000000000000e+00
0.000000000000000000e+00
0.000000000000000000e+00
0.000000000000000000e+00
0.000000000000000000e+00
0.000000000000000000e+00
0.000000000000000000e+00
0.000000000000000000e+00
9.809129143987310704e-13
5.856548994915941513e-13
4.402630693258592101e-13
2.472078371093608028e-13
4.613204447788838904e-14
0.000000000000000000e+00
0.000000000000000000e+00
0.000000000000000000e+00
0.000000000000000000e+00
0.000000000000000000e+00
0.000000000000000000e+00
0.000000000000000000e+00
0.000000000000000000e+00
0.000000000000000000e+00
0.000000000000000000e+00
0.000000000000000000e+00
4.699708016934846094e-13
4.503429616640856963e-13
4.015873726278677502e-13
2.278784558257438417e-13
7.798670696860944218e-14
0.000000000000000000e+00
0.000000000000000000e+00
0.000000000000000000e+00
0.000000000000000000e+00
0.000000000000000000e+00
0.000000000000000000e+00
0.000000000000000000e+00
0.000000000000000000e+00
0.000000000000000000e+00
0.000000000000000000e+00
0.000000000000000000e+00
2.037593757987757381e-13
3.247349215922212439e-13
3.348839104104094153e-13
4.668275972366975335e-01
8.813146408135757337e-14
7.812728070998044531e-14
0.000000000000000000e+00
0.000000000000000000e+00
0.000000000000000000e+00
0.000000000000000000e+00
0.000000000000000000e+00
0.000000000000000000e+00
0.000000000000000000e+00
0.000000000000000000e+00
0.000000000000000000e+00
0.000000000000000000e+00
1.964566050823636944e-14
1.622148008712369837e-13
2.848812974644734566e-13
2.902204450407771807e-13
2.531967063438107719e-13
2.380122848555644897e-13
2.023525761512743722e-13
1.024402697227686103e-13
1.752337308513717822e-14
0.000000000000000000e+00
0.000000000000000000e+00
0.000000000000000000e+00
0.000000000000000000e+00
0.000000000000000000e+00
0.000000000000000000e+00
0.000000000000000000e+00
0.000000000000000000e+00
4.185221392838681437e-14
2.097881626348464011e-13
3.391756962039553974e-13
4.214432611219778200e-13
3.712134176021341716e-13
4.873899292001601768e-13
2.203274241488921978e-13
2.100870659656945997e-13
1.842559529894626912e-13
7.069518087994316508e-14
0.000000000000000000e+00
0.000000000000000000e+00
0.000000000000000000e+00
0.000000000000000000e+00
0.000000000000000000e+00
0.000000000000000000e+00
0.000000000000000000e+00
1.979499577081674080e-13
3.742947048114667808e-13
5.632907501432633450e-13
6.162422323048617562e-13
6.416205690658234261e-13
6.548157660965592992e-13
5.816318525584951551e-13
3.547634503920549007e-13
2.528693288457624210e-13
6.036221167404503461e-14
0.000000000000000000e+00
0.000000000000000000e+00
0.000000000000000000e+00
0.000000000000000000e+00
0.000000000000000000e+00
0.000000000000000000e+00
1.191566775396839088e-13
3.596483859680991340e-13
5.430122097480005866e-13
6.849304183714376726e-13
7.750780189123465469e-13
3.242671309157020287e-01
8.948719534219364529e-13
7.689352469020513261e-13
5.368463621216955304e-13
1.801293839162971583e-13
0.000000000000000000e+00
0.000000000000000000e+00
0.000000000000000000e+00
0.000000000000000000e+00
0.000000000000000000e+00
0.000000000000000000e+00
5.444201254816173168e-14
2.106908602847461777e-13
3.843418291964564797e-13
5.219508947198041635e-13
7.525940527813621370e-13
9.498486632803076558e-13
1.059897660275289080e-12
9.694598277550987975e-13
6.852194795873719022e-13
4.228644576484140803e-13
1.572327225625387357e-13
5.936778262099194723e-14
0.000000000000000000e+00
0.000000000000000000e+00
0.000000000000000000e+00
0.000000000000000000e+00
0.000000000000000000e+00
4.034505178899912719e-14
1.571913572625878508e-13
2.927337678260988914e-13
4.617536583853764617e-13
7.650461471050137189e-13
9.000885284170209219e-13
9.053260460223791212e-13
6.926231291032141994e-13
5.100024307966390253e-13
3.898297353501931469e-13
3.111197603318974703e-13
1.443153110150025464e-13
0.000000000000000000e+00
0.000000000000000000e+00
0.000000000000000000e+00
0.000000000000000000e+00
0.000000000000000000e+00
0.000000000000000000e+00
4.438319440703529041e-14
2.149338547937238723e-13
3.726305537941463174e-13
4.973547462594505078e-13
5.483747800253400678e-13
5.015792382494354633e-13
5.363496517980109850e-13
6.542142267376062825e-13
7.217799352176383913e-13
4.632403440635159416e-13
0.000000000000000000e+00
0.000000000000000000e+00
0.000000000000000000e+00
0.000000000000000000e+00
0.000000000000000000e+00
0.000000000000000000e+00
0.000000000000000000e+00
0.000000000000000000e+00
2.237399993299548897e-14
8.604558122787478229e-14
1.181563208410160257e-13
2.250820854183952221e-13
3.846739378403570206e-13
7.146798118265661644e-13
8.773055849277480967e-13
5.500405573615573351e-13
8.617616491832981853e-15
0.000000000000000000e+00
0.000000000000000000e+00
0.000000000000000000e+00
0.000000000000000000e+00
0.000000000000000000e+00
0.000000000000000000e+00
0.000000000000000000e+00
0.000000000000000000e+00
0.000000000000000000e+00
0.000000000000000000e+00
7.889826627515094136e-15
0.000000000000000000e+00
1.049923492235317926e-13
1.502837511781462687e-01
0.000000000000000000e+00
0.000000000000000000e+00
