#Bayesian Information Criterion from bootstrap run
7.493365162383953475e+02
7.698494456754320936e+02
7.973176151132387304e+02
7.721653242344475530e+02
8.205546130957961850e+02
7.892338144607691675e+02
8.220099158022575239e+02
7.549048880586844916e+02
7.824392482276205101e+02
7.894994153071827441e+02
7.012676267385572828e+02
7.778769819174480062e+02
7.941433482341964236e+02
7.779536634612187527e+02
7.652076135697038808e+02
7.512212798010530150e+02
7.696548758069861833e+02
7.299471063989167305e+02
7.553646963470484934e+02
7.537377169602057165e+02
7.936059591001077251e+02
7.462714944690285392e+02
7.614464461849757981e+02
7.664393943081690850e+02
7.278772111748507996e+02
7.416488797755540645e+02
7.784443952179678945e+02
7.471305775738496777e+02
7.716481751732975454e+02
7.491743903728611258e+02
7.788498449083997457e+02
7.661773838683614031e+02
7.578888515791749114e+02
7.901033003803190695e+02
7.974768665408782908e+02
7.415470265261759550e+02
7.264412035875616311e+02
8.100624218687007669e+02
7.986122369978788811e+02
7.685261865608737253e+02
8.431359124190747707e+02
7.416420142221586502e+02
7.565592677521128735e+02
8.077815758806427766e+02
7.289249107680468569e+02
7.356952771500276640e+02
7.896844480971549274e+02
7.662033305423026377e+02
7.534823997987389248e+02
7.706340029136988505e+02
