-9.814012113967518491e-01
-9.814012035869702499e-01
-9.814007184109344584e-01
-9.813882696133771066e-01
-9.812615369206740823e-01
-9.804932256069279761e-01
-9.770813176983564885e-01
-9.642524158295999737e-01
-9.134153243359510732e-01
-2.467004367678590770e-01
-1.092819489340530331e-01
-7.234644729286313081e-02
-5.636332323337226585e-02
-4.640151529888177778e-02
-3.734367756503871594e-02
-2.685001210168014990e-02
-1.356206466926412196e-02
3.400392668989009933e-03
2.450412168527668980e-02
4.969432749660385173e-02
7.825719382233027599e-02
1.088032155418985208e-01
1.395118421518551366e-01
1.686212143184632473e-01
1.949073414988195252e-01
2.178771759366723293e-01
2.376536975921542949e-01
2.547299041047799695e-01
2.697485000190686932e-01
2.833597366288853059e-01
2.961450964608019487e-01
3.085794611510574437e-01
3.210113548811548423e-01
3.336517559886990059e-01
3.465705940844240329e-01
3.597047859036704986e-01
3.728818742735331981e-01
3.858592589379196691e-01
3.983727675553685454e-01
4.101836978447553350e-01
4.211136202253730199e-01
4.310611621838294494e-01
4.400015904083621754e-01
4.479747234059262562e-01
4.550680510660012335e-01
4.614006706199667018e-01
4.671114088337215975e-01
4.723525431854341816e-01
4.772893471822796108e-01
4.821051926756493300e-01
4.870118139806675628e-01
4.922641421851876031e-01
4.981783077250128144e-01
5.051492414881416648e-01
5.136598805383615352e-01
5.242668666490100104e-01
5.375397808302769809e-01
5.539303058864692986e-01
5.735701782521210879e-01
5.960565811267364289e-01
6.203611466005670705e-01
6.450101708201433359e-01
6.685387239268701931e-01
6.899931744151918123e-01
7.091984216115112538e-01
7.267107410157112035e-01
7.436034714539806467e-01
7.612686027129350608e-01
7.813227986213961973e-01
8.056210454072234572e-01
8.363526459152686998e-01
8.762064832433600348e-01
9.286304633457628244e-01
9.982837679071491221e-01
1.091907737801340650e+00
1.219704155893285069e+00
1.392249128147749149e+00
1.584511756881312294e+00
1.732887176975544952e+00
1.833135733859441840e+00
1.904262894239882042e+00
1.958288545527737678e+00
2.001787906728329069e+00
2.038463255112934469e+00
2.070383418751208904e+00
2.098576728458529495e+00
2.123336317362398695e+00
2.144362929772003934e+00
2.160756413986598901e+00
2.170801355503156671e+00
2.171469766272557056e+00
2.157759097817759208e+00
2.123184632336193367e+00
2.065725865589742138e+00
1.999167218839275950e+00
1.947608199402588225e+00
1.921280824365080742e+00
1.912761226690890881e+00
1.911345834287146550e+00
1.879581923545576849e+00
