-2.639662895681443855e-01
-2.639652666031929162e-01
-2.639635174232579096e-01
-2.639602151132175445e-01
-2.639485625053434315e-01
-2.638606849920330233e-01
-2.632170442136261834e-01
-2.595329125614316834e-01
-2.432664839339543916e-01
-1.924482790677987387e-01
-1.013153528735031422e-01
-1.858125877989595665e-02
2.842602524970181885e-02
5.408514577621373332e-02
7.243153256123639749e-02
8.956110218006677059e-02
1.075764332766127179e-01
1.269843249374887906e-01
1.476343601767479419e-01
1.690940260980436927e-01
1.908328565580367231e-01
2.123330831437474087e-01
2.331578895827576270e-01
2.529857930002375466e-01
2.716176920350314439e-01
2.889651011884042942e-01
3.050285383951931162e-01
3.198733875201456023e-01
3.336079426781891066e-01
3.463658752250900474e-01
3.582936032781333102e-01
3.695420511526166241e-01
3.802618806554325381e-01
3.906012278313437114e-01
4.007051040090305882e-01
4.107158039719880360e-01
4.207738494086369352e-01
4.310191634741812328e-01
4.415923254142862797e-01
4.526359066771835082e-01
4.642960586634828912e-01
4.767247197042691620e-01
4.900830326987485885e-01
5.045467804185416183e-01
5.203147557422690417e-01
5.376207809504723878e-01
5.567491850770652784e-01
5.780513017619413052e-01
6.019560985834949696e-01
6.289607229575063796e-01
6.595775079287290454e-01
6.942085449408555986e-01
7.329314610676310737e-01
7.752298705705847892e-01
8.197890292067185891e-01
8.645399964380159341e-01
9.070611791146457881e-01
9.452108994845960233e-01
9.776626165107684674e-01
1.004075891065827397e+00
1.024903708430925375e+00
1.041035965750531034e+00
1.053476822531721924e+00
1.063143057355568910e+00
1.070777747246603795e+00
1.076938285580476107e+00
1.082020236718485018e+00
1.086292566573391793e+00
1.089932089677644100e+00
1.093052459639840324e+00
1.095726692811938019e+00
1.098003683323814483e+00
1.099919615734316958e+00
1.101505244478052870e+00
1.102789957779718888e+00
1.103803457076530048e+00
1.104575763948008937e+00
1.105136101505531432e+00
1.105510977799782912e+00
1.105721523610447177e+00
1.105779818412588877e+00
1.105683664800240162e+00
1.105409444276037378e+00
1.104904631528607961e+00
1.104088169677914566e+00
1.102879322490687430e+00
1.101274867419258285e+00
1.099430474202657271e+00
1.097616290406930872e+00
1.096038211582375688e+00
1.094736771259334551e+00
1.093655978590565958e+00
1.092766183264287427e+00
1.092175038110576590e+00
1.092266550079724174e+00
1.093835553480025924e+00
1.097600297442032913e+00
1.102245430218416589e+00
1.104840760343219319e+00
1.105249222308792190e+00
