-2.338556617210398869e-01
-2.338549456099013324e-01
-2.338537675066011123e-01
-2.338516488074991184e-01
-2.338443491637432203e-01
-2.337885678126032929e-01
-2.333747694600463163e-01
-2.308815379143064617e-01
-2.161036358400921786e-01
-1.923179061984474705e-02
8.348574072066523855e-02
1.291400683575897879e-01
1.565255470331599619e-01
1.801173405664186766e-01
2.058766379219474918e-01
2.353287900318442871e-01
2.676046027430429852e-01
3.010755619625055113e-01
3.343166095781394120e-01
3.661384216147617887e-01
3.955279059571387701e-01
4.218503671056818005e-01
4.449688612183772540e-01
4.651178959690742687e-01
4.827022947854413548e-01
4.981596043479001312e-01
5.118978611853922667e-01
5.242780142979525104e-01
5.356163341261113153e-01
5.461942397761406776e-01
5.562704392897930283e-01
5.660938670166175690e-01
5.759175400399005884e-01
5.860142910610049993e-01
5.966958423423884827e-01
6.083367364705215552e-01
6.214028487403281398e-01
6.364752717316602970e-01
6.542281305969831484e-01
6.752352775184080613e-01
6.994181137111068480e-01
7.254204638167036645e-01
7.511181552249704962e-01
7.750731784439934824e-01
7.969930933026136977e-01
8.172621499762267039e-01
8.365456975663948525e-01
8.556710721927801577e-01
8.756682828245520023e-01
8.978921076831547499e-01
9.241482275745106501e-01
9.564220231614287693e-01
9.947599033590357465e-01
1.033949761412490398e+00
1.067921859896119985e+00
1.095476805221347716e+00
1.117768519020346796e+00
1.135967189830161317e+00
1.150866427713061135e+00
1.162996129106972809e+00
1.172758834134289163e+00
1.180506705246282317e+00
1.186564006092085011e+00
1.191222450990352399e+00
1.194733174780656881e+00
1.197305209405986615e+00
1.199110156068479371e+00
1.200289501856224517e+00
1.200961677092698743e+00
1.201227481076216241e+00
1.201173662673866716e+00
1.200875031919875990e+00
1.200395646239672320e+00
1.199789545450373973e+00
1.199101346039091354e+00
1.198366835980838152e+00
1.197613576819763104e+00
1.196861423976142147e+00
1.196122802248267947e+00
1.195402496677330229e+00
1.194696626117061511e+00
1.193990404386684245e+00
1.193254517972026640e+00
1.192441292546995379e+00
1.191486058841144224e+00
1.190326867784293308e+00
1.188955190880271129e+00
1.187469639039399283e+00
1.186047123792357993e+00
1.184821087725846489e+00
1.183809607667978936e+00
1.182964207705048398e+00
1.182261421837783377e+00
1.181790185052344011e+00
1.181863302144218197e+00
1.183102585309499633e+00
1.185962010991474358e+00
1.189276509733675713e+00
1.191030597401974367e+00
1.191300484266724524e+00
