2.152449230536520597e-01
1.376999197393815599e-01
8.768913332756059220e-02
5.558134773746868651e-02
3.506315270580551841e-02
2.201753575437515389e-02
1.378328660467282619e-02
8.675218407942867152e-03
5.681118495125544489e-03
4.274051871221045025e-03
4.295167306744088372e-03
5.876597884779913294e-03
9.387138805112424378e-03
1.539370159409714570e-02
2.463733121559614700e-02
3.802317582581534600e-02
5.662020242237380402e-02
8.166096146215011398e-02
1.145271159527696953e-01
1.567051262806763434e-01
2.096996565592774142e-01
2.748997682136702370e-01
3.534033442775491585e-01
4.458161715145200765e-01
5.520512061091645828e-01
6.711586489737888517e-01
8.012172787695011067e-01
9.393118246458274090e-01
1.081610862926534411e+00
1.223546500867462195e+00
1.360083166370303465e+00
1.486050424694369321e+00
1.596505829319126546e+00
1.687089678856379393e+00
1.754334671836049075e+00
1.795899461614250958e+00
1.810704926577117790e+00
1.798964000217602832e+00
1.762108352449951454e+00
1.702626357860092865e+00
1.623835239910333073e+00
1.529615161035920545e+00
1.424134043104233083e+00
1.311589326844993630e+00
1.195987457203398607e+00
1.080974667363487463e+00
9.697248021562040465e-01
8.648825852388135615e-01
7.685547949170176141e-01
6.823378581806546217e-01
6.073686322069371535e-01
5.443855052387774895e-01
4.937890204217848522e-01
4.556944236434188333e-01
4.299721942035629740e-01
4.162760924909947313e-01
4.140610209061259539e-01
4.225946885247111595e-01
4.409675531274355187e-01
4.681048589692633488e-01
5.027830608939233281e-01
5.436509375040011749e-01
5.892537418278878114e-01
6.380573144331422863e-01
6.884686077581751995e-01
7.388497957240360847e-01
7.875250921236719437e-01
8.327823221810422005e-01
8.728746508906153334e-01
9.060309017353418426e-01
9.304847027730250852e-01
9.445324081446579978e-01
9.466267310401949020e-01
9.355071079403699530e-01
9.103594426040314547e-01
8.709882224087537317e-01
8.179748993461923856e-01
7.527901585367389181e-01
6.778265472418640858e-01
5.963236428010429968e-01
5.121710719537032608e-01
4.295941687206910053e-01
3.527499216131313453e-01
2.852825623147500766e-01
2.299033650337707901e-01
1.880632098447978240e-01
1.597766535990932935e-01
1.436336984064864875e-01
1.370054264395982047e-01
1.364208676872236958e-01
1.380743567913115810e-01
1.384212148854948032e-01
1.348325089868815663e-01
1.262926870046574279e-01
1.141117026232547627e-01
1.025574457211139018e-01
9.918205650597360090e-02
1.144517643521535816e-01
1.602268400272859050e-01
2.469876640343875440e-01
