#Variance for the Conditional distribution of radius given mass from initial fitting w/o bootstrap
nan
5.484859349094277706e-03
5.498399779742741897e-03
5.559339361986204847e-03
5.724780807950224579e-03
6.056327431048384724e-03
6.579334466859926636e-03
7.245583026796534494e-03
7.948302920044551800e-03
8.585175956940771860e-03
9.104206452788849921e-03
9.502059466229754656e-03
9.800429155004022896e-03
1.002694527203456219e-02
1.020644535955978448e-02
1.035885020754247557e-02
1.049971469836081910e-02
1.064139136629148330e-02
1.079400394254947763e-02
1.096598319614789166e-02
1.116411530052759810e-02
1.139313843924131230e-02
1.165501689755602671e-02
1.194815590484048402e-02
1.226694711205402431e-02
1.260204158171102616e-02
1.294153579373803244e-02
1.327286451404924641e-02
1.358483847778945049e-02
1.386919008465809997e-02
1.412124664732779776e-02
1.433974596816547757e-02
1.452609455044324462e-02
1.468343663208252631e-02
1.481580768096259042e-02
1.492750233404834502e-02
1.502267298003245877e-02
1.510511444194423923e-02
1.517817180008253219e-02
1.524471323268711091e-02
1.530712354360666896e-02
1.536728988710361031e-02
1.542656745833210531e-02
1.548572990573073883e-02
1.554492592469613327e-02
1.560367530580816960e-02
1.566093701381487957e-02
1.571526304596716078e-02
1.576501863991315242e-02
1.580861759469088731e-02
1.584471019179669107e-02
1.587227824539131499e-02
1.589062673553065172e-02
1.589929429854857260e-02
1.589792123061200407e-02
1.588611236828917084e-02
1.586332118854281992e-02
1.582876977367368015e-02
1.578141210229931299e-02
1.571994625758191613e-02
1.564288257287903619e-02
1.554867606451938548e-02
1.543592866038032835e-02
1.530365560054367489e-02
1.515158838748857650e-02
1.498045592277113744e-02
1.479215640072848760e-02
1.458972407055656242e-02
1.437702656340988407e-02
1.415820390621959184e-02
1.393695468954867477e-02
1.371584149756182452e-02
1.349578846096870059e-02
1.327587904635883602e-02
1.305347149487355932e-02
1.282458074290343704e-02
1.258445267899275209e-02
1.232826847676257373e-02
1.205193195975508801e-02
1.175287956231232250e-02
1.143079535209952369e-02
1.108802864626234376e-02
1.072945376140890805e-02
1.036155877465427984e-02
9.990749713409494831e-03
9.621153871772319607e-03
9.252442169968438240e-03
8.878222854187930307e-03
8.485422969082157679e-03
8.055017179742125083e-03
7.564778851275698671e-03
6.995427049149177158e-03
6.341781661108677678e-03
5.627918345844047827e-03
4.917307538463014729e-03
4.300869861388681437e-03
3.856607559479504135e-03
3.607351880318962218e-03
3.513507342379378669e-03
nan
