#Bayesian Information Criterion from bootstrap run
2.466242145931567393e+03
2.461966000918748250e+03
2.582056222361962227e+03
2.514666213404103473e+03
2.490331607390559839e+03
2.600150584996321413e+03
2.523736473529910654e+03
2.550914453238184251e+03
2.454867924888690595e+03
2.564136322672345159e+03
2.571350077425232030e+03
2.484933740860244143e+03
2.589439223910532746e+03
2.500448134846067660e+03
2.527020577600037996e+03
2.502428294320752229e+03
2.543180789986339278e+03
2.470064499808557684e+03
2.523631863823776712e+03
2.516342934325905844e+03
2.510515770011266795e+03
2.546002662027697170e+03
2.539094889193067502e+03
2.611411181714724989e+03
2.529040692375902381e+03
2.544746301582560136e+03
2.475922262597089684e+03
2.513110987848645436e+03
2.475164725634028855e+03
2.532393983977779499e+03
