2.943810565193287403e+03
3.278699020459508120e+03
3.168201389277060571e+03
3.169972245238270261e+03
3.203485303781481434e+03
3.134010559932364686e+03
3.314594868278532431e+03
3.019657122710962540e+03
3.141243232332957632e+03
2.893789074333504686e+03
3.080322331959668190e+03
3.116922861181827557e+03
3.030135557983052422e+03
3.014222191127016231e+03
2.921327312248572525e+03
3.042470325119561039e+03
2.995687905199058605e+03
3.204720527459563073e+03
3.012877010409507875e+03
3.266154343439231525e+03
