-1.964078839029651524e-01
-1.963537392210885357e-01
-1.953969314970999405e-01
-1.905363224493705210e-01
-1.757176405595186619e-01
-1.426818585587908139e-01
-8.575133149721679560e-02
-8.822315038044439839e-03
7.424526887339105707e-02
1.489711948381057804e-01
2.082764965221637343e-01
2.521812686332135511e-01
2.838417327176505078e-01
3.067370702252163461e-01
3.236373469720988938e-01
3.364943603290367902e-01
3.466160719656884992e-01
3.548644562648595180e-01
3.618079122806441283e-01
3.678251202706941947e-01
3.731724986553872636e-01
3.780272989944432616e-01
3.825151114082659398e-01
3.867275582243457355e-01
3.907338322437715616e-01
3.945883616720122222e-01
3.983360249459810820e-01
4.020158090162969655e-01
4.056634784959725071e-01
4.093136213034694881e-01
4.130013104418355785e-01
4.167635417789026242e-01
4.206405559931654103e-01
4.246771179002983287e-01
4.289238008365737209e-01
4.334383025809953049e-01
4.382867986077835232e-01
4.435453150277693934e-01
4.493010743969362286e-01
4.556537297774412854e-01
4.627163534811282175e-01
4.706159851301717767e-01
4.794934693151831073e-01
4.895022302356820676e-01
5.008055495705517890e-01
5.135718541315531516e-01
5.279675135258459218e-01
5.441467400484525374e-01
5.622384269593165840e-01
5.823302059092260174e-01
6.044506675456987610e-01
6.285515217923151043e-01
6.544923230017111182e-01
6.820309827637214273e-01
7.108233037144101596e-01
7.404339080210130541e-01
7.703591453854062854e-01
8.000601506908086025e-01
8.290018376874225270e-01
8.566920579019029480e-01
8.827150075009195795e-01
9.067543088043642507e-01
9.286035532265816128e-01
9.481646715060590980e-01
9.654365406850485831e-01
9.804973189865869854e-01
9.934840979357247859e-01
1.004572846851481405e+00
1.013960673251059985e+00
1.021851457086965231e+00
1.028445135125126253e+00
1.033930386694768666e+00
1.038480188795558812e+00
1.042249609921696241e+00
1.045375231920374626e+00
1.047975671391041086e+00
1.050152776269457355e+00
1.051993174350918103e+00
1.053569935107845579e+00
1.054944167853515857e+00
1.056166414848972890e+00
1.057277703945831204e+00
1.058310095384257910e+00
1.059286479497332456e+00
1.060219238034767475e+00
1.061107153626714261e+00
1.061929655756220114e+00
1.062637295745995525e+00
1.063137902259458922e+00
1.063281051193603721e+00
1.062853091461273713e+00
1.061613735679198589e+00
1.059417468120874783e+00
1.056407815527628191e+00
1.053113099597178470e+00
1.050229912315393088e+00
1.048224085411191719e+00
1.047146101791407435e+00
1.046751887658520230e+00
1.046697096592354770e+00
