-9.168701360732584016e-01
-9.167856256264962367e-01
-9.161246494869080825e-01
-9.140993286680190177e-01
-9.096367663466861098e-01
-9.012847321443143711e-01
-8.870485475814772203e-01
-8.640950762591922407e-01
-8.281953248600015804e-01
-7.726875644727305703e-01
-6.870902351798934271e-01
-5.603909884634915572e-01
-4.075795475772746035e-01
-2.761313761375829290e-01
-1.827801805704850902e-01
-1.185794673417071149e-01
-7.371812350278446335e-02
-4.165587842114804040e-02
-1.826151031358444476e-02
-8.845091215722969457e-04
1.222197555658603892e-02
2.223977538414550689e-02
2.998724004749467320e-02
3.604261284170208468e-02
4.082178892146032939e-02
4.462864810233463375e-02
4.768841684446885332e-02
5.017025043757714076e-02
5.220280723693985353e-02
5.388517303772041855e-02
5.529464439365521650e-02
5.649235660252380914e-02
5.752741261737684408e-02
5.843995745095800776e-02
5.926350419496505262e-02
6.002672581565508120e-02
6.075486498477446207e-02
6.147087207956100641e-02
6.219635259352659928e-02
6.295238531145519456e-02
6.376025894813865114e-02
6.464216569797942569e-02
6.562188406876214020e-02
6.672547965810153581e-02
6.798205062575934932e-02
6.942454415258848821e-02
7.109067091522031090e-02
7.302394638757188361e-02
7.527489050561722572e-02
7.790242083831509790e-02
8.097547885813692614e-02
8.457493418321751499e-02
8.879581778093720290e-02
9.374994214245191415e-02
9.956897452612503696e-02
1.064080388919901449e-01
1.144499338322572668e-01
1.239100689486615642e-01
1.350422428944427211e-01
1.481454159131721793e-01
1.635716722995320671e-01
1.817356274798874183e-01
2.031256092544438674e-01
2.283170155010534330e-01
2.579882580716293949e-01
2.929394664570618145e-01
3.341131883775959044e-01
3.826135753649922422e-01
4.397133831615742672e-01
5.068209027968768599e-01
5.853413799093015735e-01
6.763004617179186884e-01
7.795382326472508616e-01
8.924548307980286754e-01
1.009106461268219679e+00
1.121341194734193358e+00
1.222080725170854532e+00
1.307776532610145148e+00
1.378190405753387582e+00
1.434880814858529030e+00
1.479973184656163454e+00
1.515545895182778047e+00
1.543413025409724693e+00
1.565086901030192879e+00
1.581805347764669856e+00
1.594575097287495691e+00
1.604213818802459945e+00
1.611385769449467098e+00
1.616630598201768132e+00
1.620386237114791905e+00
1.623007063765675051e+00
1.624778395344752768e+00
1.625928164817650901e+00
1.626636429984294363e+00
1.627043203193997423e+00
1.627254964473461074e+00
1.627350127832447590e+00
1.627383662464014336e+00
1.627391021377806224e+00
1.753195181849167783e+00
