1.593117524380232020e-01
1.595806946404669802e-01
1.616654201174046179e-01
1.678530980947681717e-01
1.805058474248837919e-01
2.011051164543152525e-01
2.291772087190419860e-01
2.620182589467666689e-01
2.957372469682782445e-01
3.268851955715252333e-01
3.534606350596776747e-01
3.749181021481282627e-01
3.916438454121792812e-01
4.044195738053443789e-01
4.140826501070977717e-01
4.213703567481823509e-01
4.268750602329708377e-01
4.310506286943266430e-01
4.342363418259007068e-01
4.366828684400040350e-01
4.385746665906414821e-01
4.400475580461841174e-01
4.412018961343242007e-01
4.421122045285379998e-01
4.428341550691837214e-01
4.434095991008260573e-01
4.438701962476042651e-01
4.442400390346583627e-01
4.445375594819722664e-01
4.447769212269402916e-01
4.449690414923702653e-01
4.451223452380005385e-01
4.452433242418865067e-01
4.453369530158649003e-01
4.454069987508678108e-01
4.454562520684906546e-01
4.454866979371384095e-01
4.454996407995114316e-01
4.454957941324380055e-01
4.454753418898455553e-01
4.454379772671409055e-01
4.453829227654522716e-01
4.453089344880836187e-01
4.452142928782644171e-01
4.450967816523676013e-01
4.449536564707087805e-01
4.447816049178813236e-01
4.445766996571215435e-01
4.443343472189780763e-01
4.440492358410189078e-01
4.437152871612699556e-01
4.433256184529195676e-01
4.428725245214293338e-01
4.423474913639177664e-01
4.417412571041607894e-01
4.410439392711285045e-01
4.402452506092605078e-01
4.393348273301003748e-01
4.383026926018572800e-01
4.371398722303956319e-01
4.358391667642873002e-01
4.343960627889206783e-01
4.328097353171107553e-01
4.310840548330232558e-01
4.292284724781360583e-01
4.272586253634249043e-01
4.251964947233759506e-01
4.230699759807061144e-01
4.209117888559630316e-01
4.187577619314931665e-01
4.166446485228842977e-01
4.146077365616050447e-01
4.126785709693203685e-01
4.108830924507257953e-01
4.092404143284888440e-01
4.077623339446946327e-01
4.064535440098395180e-01
4.053124058338979374e-01
4.043320900102008175e-01
4.035018825784084107e-01
4.028084842665256016e-01
4.022371796832693858e-01
4.017728061335046896e-01
4.014004970533163186e-01
4.011062077978693186e-01
4.008770511835325068e-01
4.007014789950849587e-01
4.005693468137060398e-01
4.004718960703163022e-01
4.004016815948264196e-01
4.003524667519068880e-01
4.003191024869864889e-01
4.002974017108701932e-01
4.002840165618276602e-01
4.002763231504458674e-01
4.002723162782186317e-01
4.002705151614132095e-01
4.002698802203936701e-01
4.002697402484690081e-01
3.386165709289308823e-01
