-5.760748278013816392e-01
-5.751088854702722797e-01
-5.654520632235991995e-01
-5.289190612652903134e-01
-4.342971386469154926e-01
-2.690126961417222962e-01
-1.041661194892417319e-01
1.150714105408810750e-02
8.512427768091035407e-02
1.315389011479362880e-01
1.613819023174027645e-01
1.812429378130542001e-01
1.950899676809198513e-01
2.053428684205619581e-01
2.135394470287855784e-01
2.207275532893738235e-01
2.276964143062109036e-01
2.351187491699857912e-01
2.436455476498992634e-01
2.539779800350582817e-01
2.669314189622949973e-01
2.835012760409379440e-01
3.049359849373138309e-01
3.328139493455156694e-01
3.690970208223141036e-01
4.160668182692033312e-01
4.759066942242244358e-01
5.495508970447683383e-01
6.348666072456596865e-01
7.259105919322202949e-01
8.152836622077671569e-01
8.975453495822167671e-01
9.702635084195371240e-01
1.033091739370103790e+00
1.086673467554617467e+00
1.131999768918683147e+00
1.170120958312477422e+00
1.202034531867806733e+00
1.228647119719481706e+00
1.250765056845420942e+00
1.269095726817966563e+00
1.284253157771227283e+00
1.296765538682905561e+00
1.307083715330166207e+00
1.315590143762889630e+00
1.322607922556276350e+00
1.328409623928751282e+00
1.333225752315503998e+00
1.337252777378308499e+00
1.340660808714584817e+00
1.343601100377558311e+00
1.346213702434940096e+00
1.348635731158140505e+00
1.351010936628911807e+00
1.353501549749760891e+00
1.356303859843137394e+00
1.359669728910318121e+00
1.363937505194563915e+00
1.369577967788589534e+00
1.377264839824131171e+00
1.387986798540188360e+00
1.403232715611446579e+00
1.425313413115016248e+00
1.457954462852121935e+00
1.507458397741586742e+00
1.585036612865024619e+00
1.710232035767716097e+00
1.900882851517221583e+00
2.114873580883855908e+00
2.287936081672597322e+00
2.415605863033565726e+00
2.509914438239998713e+00
2.579915420795995562e+00
2.631724761511188060e+00
2.669827657921683084e+00
2.697752225338179155e+00
2.718341442754772075e+00
2.733868290983666682e+00
2.746117738543314424e+00
2.756476269979924343e+00
2.766031162070647031e+00
2.775672490841596840e+00
2.786194860147335195e+00
2.798404046143986079e+00
2.813244591944976669e+00
2.831982965562441112e+00
2.856523832935351059e+00
2.890058547595434124e+00
2.938662771588634204e+00
3.016315916723318669e+00
3.166407967317443450e+00
3.430632795788670197e+00
3.584137336983995059e+00
3.665739989558179257e+00
3.716927923696059288e+00
3.751117872350192783e+00
3.774111250021803254e+00
3.788883997132064252e+00
3.797100743896506536e+00
3.799709560557230859e+00
