#Variance for the Conditional distribution of radius given mass from initial fitting w/o bootstrap
1.189897837893754209e-02
1.338789730814700547e-02
1.338809733607442681e-02
1.338953915380740149e-02
1.339520455826641830e-02
1.341138452319549056e-02
1.344932855636839751e-02
1.352697005095071514e-02
1.367014904075952719e-02
1.391212845541404779e-02
1.428956204965892499e-02
1.483326306304177597e-02
1.555450504277941341e-02
1.643239588711463070e-02
1.741145528487192395e-02
1.841471913420636430e-02
1.936669386716610708e-02
2.021297978212173094e-02
2.092752664339696603e-02
2.150845605031803318e-02
2.196893884879315764e-02
2.232867473321968957e-02
2.260822750563263456e-02
2.282613258359544525e-02
2.299787322794556027e-02
2.313586147217406089e-02
2.324984917177391405e-02
2.334745616496754564e-02
2.343467168348819726e-02
2.351627696573849874e-02
2.359618044633470663e-02
2.367767425199842832e-02
2.376362552213176146e-02
2.385661547894274773e-02
2.395903669270068106e-02
2.407315618757597392e-02
2.420114954883638078e-02
2.434510925289181185e-02
2.450702912581343221e-02
2.468876618251610033e-02
2.489198114602550818e-02
2.511805972714490146e-02
2.536801825504923433e-02
2.564239939730359255e-02
2.594116625949303631e-02
2.626360569291869354e-02
2.660825356493021210e-02
2.697285535214342944e-02
2.735437404113257032e-02
2.774905357447922730e-02
2.815254007194818719e-02
2.856005553049972834e-02
2.896661098437480070e-02
2.936723980224131836e-02
2.975722836757820414e-02
3.013232166468345422e-02
3.048888520494975191e-02
3.082401132143315972e-02
3.113556561072974502e-02
3.142217659055571849e-02
3.168317719355122353e-02
3.191850985658344769e-02
3.212860763718712598e-02
3.231426240523041504e-02
3.247648834992300504e-02
3.261638543270718033e-02
3.273500345946515205e-02
3.283320334823749964e-02
3.291150787916468506e-02
3.296992944725686547e-02
3.300775663404746652e-02
3.302327423557027686e-02
3.301338236228811007e-02
3.297306975791830519e-02
3.289468717930260633e-02
3.276696665532714825e-02
3.257376219491694286e-02
3.229259248575192670e-02
3.189333398484627685e-02
3.133797755719447409e-02
3.058332357019203501e-02
2.958957883165317868e-02
2.833764517132666971e-02
2.685346578587101754e-02
2.522727197213132933e-02
2.360646060187618356e-02
2.215153958269722514e-02
2.097750544864622133e-02
2.012134307145336393e-02
1.955204368803767009e-02
1.920401116911747003e-02
1.900759349930330674e-02
1.890549943013049988e-02
1.885714681523386824e-02
1.883673293513752484e-02
1.882934310812961129e-02
1.882720267300525691e-02
1.882676867670665319e-02
1.882672319813188944e-02
1.882672221909985344e-02
