2.618504777365131542e-01
1.513425285399497000e-01
8.698144333998975020e-02
4.970495687181185340e-02
2.823777073447623215e-02
1.594810719368217403e-02
8.963255212847302117e-03
5.054413666340527682e-03
2.992464819253790476e-03
2.188177002899497833e-03
2.494027854713126886e-03
4.084598665736719272e-03
7.364249464844798733e-03
1.288064704841270815e-02
2.124852401012793449e-02
3.310385473017007918e-02
4.910982680986072935e-02
7.002265443459047833e-02
9.680278775267490976e-02
1.307341375661686123e-01
1.734994628675716466e-01
2.271601500247146521e-01
2.940047105170068287e-01
3.762590644099326198e-01
4.756860576266023766e-01
5.931331387666434196e-01
7.281078901237961754e-01
8.784659778093152349e-01
1.040283565303773416e+00
1.207958670677282242e+00
1.374548812137215359e+00
1.532312854751261444e+00
1.673390732997406705e+00
1.790531877350354240e+00
1.877775494001469481e+00
1.930994120995599639e+00
1.948233964435720500e+00
1.929816937676774424e+00
1.878204297396544264e+00
1.797654344978688590e+00
1.693731811047082703e+00
1.572740959061289523e+00
1.441156949344306604e+00
1.305121511308428461e+00
1.170052081251490073e+00
1.040391907939908434e+00
9.195061148102033899e-01
8.097088198512002455e-01
7.123916952078734877e-01
6.282161302345704579e-01
5.573295517785390452e-01
4.995705399124836799e-01
4.546355627439032654e-01
4.221905594434390840e-01
4.019214166555046264e-01
3.935271363081878637e-01
3.966671850952319112e-01
4.108796433606330956e-01
4.354892431936586705e-01
4.695243918410895168e-01
5.116601470098777193e-01
5.602002105015002620e-01
6.131056923850578544e-01
6.680720401762469951e-01
7.226485845403169961e-01
7.743882599222918772e-01
8.210090841097932302e-01
8.605450046088836125e-01
8.914628935667265885e-01
9.127257598007572081e-01
9.237900706961044150e-01
9.245369638447391569e-01
9.151514513954913665e-01
8.959776864096202775e-01
8.673883510023785437e-01
8.297085318324919356e-01
7.832263332963784741e-01
7.283033518759224334e-01
6.655704844964324129e-01
5.961642074857910201e-01
5.219338677451003106e-01
4.455407456422014190e-01
3.703815060252743652e-01
3.003036196431823068e-01
2.391323533139800561e-01
1.900844815206815808e-01
1.551852691171111687e-01
1.348170150285108448e-01
1.275040337630598541e-01
1.299907114764486671e-01
1.376217339992320543e-01
1.450166460618712849e-01
1.470573226906671527e-01
1.402457956210560741e-01
1.244491959523442576e-01
1.047919752726255288e-01
9.289442399406570849e-02
1.059949459666299360e-01
1.627923648480094077e-01
2.792722904657081728e-01
