2.230522124221580305e-02
2.045922016906204580e-02
1.932764055549479609e-02
1.933634148313949364e-02
2.079098157576636866e-02
2.389314812891051021e-02
2.875513709799486575e-02
3.541345665834674111e-02
4.384112468280773611e-02
5.395882815158558471e-02
6.564501021458085672e-02
7.874494836864529002e-02
9.307888499108842029e-02
1.084492692862513569e-01
1.246471675540986451e-01
1.414578965785579789e-01
1.586659328587483597e-01
1.760591483682880654e-01
1.934324215265600111e-01
2.105906701011423798e-01
2.273513508325715471e-01
2.435464686812146562e-01
2.590241367412505213e-01
2.736497260486620564e-01
2.873066427286353197e-01
2.998967681829214360e-01
3.113405963095151052e-01
3.215771000754257258e-01
3.305633581283801137e-01
3.382739705350125692e-01
3.447002911714274753e-01
3.498495027670122104e-01
3.537435591139838076e-01
3.564180175034215026e-01
3.579207830334180662e-01
3.583107850565312447e-01
3.576566046918662756e-01
3.560350710219460924e-01
3.535298423259622402e-01
3.502299874690779080e-01
3.462285813721902583e-01
3.416213273279093410e-01
3.365052178064942834e-01
3.309772443101572925e-01
3.251331657853795409e-01
3.190663440908180770e-01
3.128666540429254628e-01
3.066194746225843204e-01
3.004047670238882972e-01
2.942962443606623180e-01
2.883606370174148226e-01
2.826570568391471028e-01
2.772364625988276154e-01
2.721412284623501709e-01
2.674048164884382794e-01
2.630515535552630513e-01
2.590965124964491051e-01
2.555454966567258790e-01
2.523951265416709000e-01
2.496330267368384315e-01
2.472381108090443980e-01
2.451809614766940482e-01
2.434243029467903496e-01
2.419235619636565526e-01
2.406275137984361379e-01
2.394790091290965039e-01
2.384157775179706340e-01
2.373713029878174730e-01
2.362757670279577726e-01
2.350570542292610976e-01
2.336418156506217814e-01
2.319565849600514207e-01
2.299289423706478153e-01
2.274887214054754081e-01
2.245692535757929931e-01
2.211086461441189588e-01
2.170510882673014064e-01
2.123481809750850935e-01
2.069602866366270222e-01
2.008578938010097681e-01
1.940229935680349849e-01
1.864504639524573459e-01
1.781494590483229390e-01
1.691448001802341172e-01
1.594783666451411175e-01
1.492104841016897165e-01
1.384213091542188245e-01
1.272122092051941600e-01
1.157071372132121023e-01
1.040540015936772811e-01
9.242603213587406719e-02
8.102314348340038108e-02
7.007329843482987264e-02
5.983387406798541114e-02
5.059303447438115442e-02
4.267111471018683599e-02
3.642202142651458641e-02
3.223465653490344834e-02
3.053437119359504737e-02
3.178445836654891082e-02
