#Akaike Information Criterion from bootstrap run
4.412020412363809783e+02
4.624028325615188919e+02
4.833799930978622683e+02
4.747973000147352423e+02
4.960513837130607158e+02
4.587181091586949151e+02
4.589932723759240503e+02
4.859236450774820923e+02
5.009156132482975181e+02
5.161853199340936271e+02
4.584002567420760101e+02
5.037933039206465082e+02
5.151387079672331311e+02
4.936745778936762008e+02
4.802123071622802968e+02
4.897571288654232262e+02
5.121168436281914182e+02
4.958491980182170664e+02
5.016228749551470401e+02
4.571664115602282550e+02
4.784152369210589768e+02
5.141055458282195332e+02
4.473782456842475881e+02
4.527086475143241842e+02
4.482884437229530477e+02
5.043130857292270548e+02
4.927000649456018664e+02
4.939477211832487455e+02
3.915283120918516033e+02
4.706892323162192042e+02
4.890273629001385416e+02
4.854668576318943565e+02
4.474329836019509798e+02
5.096603115450145651e+02
4.638514524926497984e+02
4.686836752394491441e+02
4.326556556580575830e+02
5.142191826988075718e+02
5.265329325319230520e+02
4.803120063225052263e+02
4.077323391728122033e+02
4.549049536242613954e+02
4.763664470419789723e+02
5.009173464723703546e+02
4.496786649891204775e+02
4.961467268192013762e+02
4.702933637297934411e+02
4.769694520793444781e+02
4.311617598347430658e+02
4.898203961959702610e+02
