#Marginalized radius distribution from initial fitting w/o bootstrap
5.557898481817409255e-12
3.488798884607104828e-02
6.371055181049521676e-02
8.739238218177043660e-02
1.068725535490002709e-01
1.230764742762777419e-01
1.368933943950147447e-01
1.491588200503275174e-01
1.606412395328825904e-01
1.720326115548970747e-01
1.839421108325251797e-01
1.968926682664366989e-01
2.113198831178220716e-01
2.275729226081278922e-01
2.459170603773614960e-01
2.665375392675700672e-01
2.895444760049519228e-01
3.149785555857398389e-01
3.428172915773620710e-01
3.729816551772040523e-01
4.053429007763817982e-01
4.397294390050920931e-01
4.759336298391408926e-01
5.137183883739325774e-01
5.528235143724078426e-01
5.929716737168416740e-01
6.338739754909731294e-01
6.752351026383598409e-01
7.167579670349155663e-01
7.581478714282505749e-01
7.991161710832490606e-01
8.393834371823498675e-01
8.786821321098283732e-01
9.167588137519733227e-01
9.533758919191267500e-01
9.883129649908980463e-01
1.021367768952371247e+00
1.052356774176512966e+00
1.081115467666049712e+00
1.107498360046750285e+00
1.131378757452903283e+00
1.152648338614888024e+00
1.171216576997656800e+00
1.187010046797633667e+00
1.199971650033780257e+00
1.210059799916032297e+00
1.217247593191104871e+00
1.221522001301103222e+00
1.222883106994867575e+00
1.221343409554698445e+00
1.216927218092454854e+00
1.209670148478247498e+00
1.199618735442328887e+00
1.186830167285784832e+00
1.171372146498205202e+00
1.153322875460501606e+00
1.132771162358083394e+00
1.109816638493680507e+00
1.084570074419913599e+00
1.057153778759065466e+00
1.027702060291253217e+00
9.963617309221044493e-01
9.632926245368960139e-01
9.286681045597645623e-01
8.926755313138091674e-01
8.555166590704907925e-01
8.174079320345072341e-01
7.785806484830506413e-01
7.392809629159278195e-01
6.997696974250789959e-01
6.603219356085960889e-01
6.212263752849842557e-01
5.827844200581365763e-01
5.453089944919530252e-01
5.091230733256164598e-01
4.745579218460249660e-01
4.419510522825659815e-01
4.116439099510830202e-01
3.839793128984184123e-01
3.592986800359823651e-01
3.379390952503339984e-01
3.202302687905012046e-01
3.064914724054934592e-01
2.970285412910427247e-01
2.921310539518005567e-01
2.920698206438265832e-01
2.970948321820482407e-01
3.074338436282482712e-01
3.232917917668280405e-01
3.448512713779429140e-01
3.722743231803718467e-01
4.057058159895020610e-01
4.452787371688533558e-01
4.911217388964853603e-01
5.433693231701384185e-01
6.021750858870045242e-01
6.677284798052085524e-01
7.402755977744361893e-01
8.201445213622449160e-01
9.077758259504596916e-01
