1.711920187396064875e+03
1.651371300183978747e+03
1.709762004258160914e+03
1.759536429605868307e+03
1.689874650799963092e+03
1.750013219262299117e+03
1.706530630823020829e+03
1.758595888564465440e+03
1.751137901055345765e+03
1.757742993431947525e+03
1.706680596267716965e+03
1.765288932264455752e+03
1.778878501748170493e+03
1.692314490541312125e+03
1.709012334758747102e+03
1.758244840451089431e+03
1.733125254969699199e+03
1.750405731505160247e+03
1.681541413984333303e+03
1.745551241523425688e+03
1.694312714155620142e+03
1.775090932460925842e+03
1.766599802802466002e+03
1.723225696701877951e+03
1.755287174216374979e+03
1.676965839306318230e+03
1.713634032379524115e+03
1.705840974882098635e+03
1.670543161092406535e+03
1.791506971278237870e+03
1.757212845871533546e+03
1.722303312584974037e+03
1.708067448639842269e+03
1.741204072379215177e+03
1.712525509654789630e+03
1.708000073432344152e+03
1.689348612476295102e+03
1.758212025723914849e+03
1.781356367061146102e+03
1.772979330898622266e+03
1.661874260291038127e+03
1.766706831436034463e+03
1.726573036149858808e+03
1.711957137979830350e+03
1.738678292920711101e+03
1.757442698502875828e+03
1.742435192375156475e+03
1.711623275781217217e+03
1.704736862723120339e+03
1.688503630526106008e+03
1.693865328904023954e+03
1.699960905180823374e+03
1.755052591449545389e+03
1.704946314445379585e+03
1.696284937000573336e+03
1.706256839709180440e+03
1.689164537274619761e+03
1.650058684318496262e+03
1.681594687055848226e+03
1.746611894328503695e+03
1.695863350043378205e+03
1.693105302519179531e+03
1.734556495420109513e+03
1.715364202041563658e+03
1.713082563659872449e+03
1.708888607825713734e+03
1.703240100614338644e+03
1.711058917535020328e+03
1.725103043650884956e+03
1.760928980727542694e+03
1.726315734489504848e+03
1.717761109315649037e+03
1.670189585492517836e+03
1.699049127731164845e+03
1.710483928253383510e+03
1.735936454237297085e+03
1.683891542838882742e+03
1.739692125811872074e+03
1.682478497317843676e+03
1.704103097728875127e+03
1.743536985972744787e+03
1.710176728390648805e+03
1.725881441535272188e+03
1.715866667155570894e+03
1.687455368282798418e+03
1.696288318137022770e+03
1.759958965872093131e+03
1.706583605019238576e+03
1.739989275502985038e+03
1.709961475640137905e+03
1.699894593190361320e+03
1.691912054817140188e+03
1.697621806501680112e+03
1.660560418748177426e+03
1.681689787234254254e+03
1.724236883309268251e+03
1.695792969484170953e+03
1.706294982094881561e+03
1.706807028991320976e+03
1.746954053284121755e+03
