2.491578557588839431e+03
2.431029670376753529e+03
2.489420374450935924e+03
2.539194799798643089e+03
2.469533020992737875e+03
2.529671589455073899e+03
2.486189001015795839e+03
2.538254258757240223e+03
2.530796271248120320e+03
2.537401363624722308e+03
2.486338966460491520e+03
2.544947302457230307e+03
2.558536871940945275e+03
2.471972860734086680e+03
2.488670704951521657e+03
2.537903210643864440e+03
2.512783625162473982e+03
2.530064101697934802e+03
2.461199784177108086e+03
2.525209611716200470e+03
2.473971084348394925e+03
2.554749302653700852e+03
2.546258172995240784e+03
2.502884066894652733e+03
2.534945544409149534e+03
2.456624209499093013e+03
2.493292402572299125e+03
2.485499345074873418e+03
2.450201531285181318e+03
2.571165341471012653e+03
2.536871216064308101e+03
2.501961682777748592e+03
2.487725818832617279e+03
2.520862442571989959e+03
2.492183879847564640e+03
2.487658443625119162e+03
2.469006982669070112e+03
2.537870395916689631e+03
2.561014737253920885e+03
2.552637701091397048e+03
2.441532630483812682e+03
2.546365201628809245e+03
2.506231406342633818e+03
2.491615508172605132e+03
2.518336663113485884e+03
2.537101068695650611e+03
2.522093562567931258e+03
2.491281645973991999e+03
2.484395232915895122e+03
2.468162000718880790e+03
2.473523699096798737e+03
2.479619275373598157e+03
2.534710961642319944e+03
2.484604684638154595e+03
2.475943307193348119e+03
2.485915209901955222e+03
2.468822907467394543e+03
2.429717054511271272e+03
2.461253057248623008e+03
2.526270264521278477e+03
2.475521720236153215e+03
2.472763672711954314e+03
2.514214865612884296e+03
2.495022572234338440e+03
2.492740933852647231e+03
2.488546978018488517e+03
2.482898470807113426e+03
2.490717287727795338e+03
2.504761413843659739e+03
2.540587350920317476e+03
2.505974104682279631e+03
2.497419479508423592e+03
2.449847955685292618e+03
2.478707497923939627e+03
2.490142298446158293e+03
2.515594824430071640e+03
2.463549913031657525e+03
2.519350496004647084e+03
2.462136867510618686e+03
2.483761467921649910e+03
2.523195356165519570e+03
2.489835098583423587e+03
2.505539811728046971e+03
2.495525037348345450e+03
2.467113738475572973e+03
2.475946688329797780e+03
2.539617336064867686e+03
2.486241975212013585e+03
2.519647645695759820e+03
2.489619845832912688e+03
2.479552963383136102e+03
2.471570425009915198e+03
2.477280176694454894e+03
2.440218788940951981e+03
2.461348157427029037e+03
2.503895253502043033e+03
2.475451339676945736e+03
2.485953352287656344e+03
2.486465399184095531e+03
2.526612423476896765e+03
