-1.112596419537922987e+00
-1.112518162826559687e+00
-1.109921571795065676e+00
-1.090266570534997870e+00
-9.954334067657920615e-01
-4.410862735656711497e-01
-3.849730093661699742e-02
1.193473348927083094e-01
1.955904788953439777e-01
2.352956679765062231e-01
2.577007802453594176e-01
2.716252953778913737e-01
2.812287820553161510e-01
2.885431561174232051e-01
2.946062609511605479e-01
2.999793878617238452e-01
3.049927269175061739e-01
3.098690925489275272e-01
3.147928905687296108e-01
3.199555795703156735e-01
3.255935731174995351e-01
3.320282402934631172e-01
3.397157697100376406e-01
3.493155145468652134e-01
3.617889043650734382e-01
3.785479833514430736e-01
4.016842537078129105e-01
4.343206040115805133e-01
4.810967693290438829e-01
5.484443276683527158e-01
6.424882295303818713e-01
7.593621174580825750e-01
8.774784308178962267e-01
9.774798903640176118e-01
1.055719174709430552e+00
1.115513385604044450e+00
1.160864420963440891e+00
1.195083382314991116e+00
1.220765158590901178e+00
1.239937712519888269e+00
1.254184147319744813e+00
1.264731577010400398e+00
1.272521035931779121e+00
1.278266149878572344e+00
1.282502939595967506e+00
1.285631277310605114e+00
1.287948463920342013e+00
1.289675798948101360e+00
1.290979324088715297e+00
1.291986035252578713e+00
1.292796845032219366e+00
1.293497533666016386e+00
1.294168936362362521e+00
1.294897755603809264e+00
1.295789752523949678e+00
1.296987811633110832e+00
1.298698767465970905e+00
1.301235496866610886e+00
1.305085857236253144e+00
1.311030560540558332e+00
1.320355975886420286e+00
1.335269725851666589e+00
1.359818136877104289e+00
1.402366591785876748e+00
1.485315826203880807e+00
1.737027462683315759e+00
2.099495177446114802e+00
2.211472478677183773e+00
2.269228515009439118e+00
2.303686465861453314e+00
2.325311868079653621e+00
2.339174016490443986e+00
2.348194676640814826e+00
2.354193219030497719e+00
2.358329032972965589e+00
2.361339228460005657e+00
2.363686994586699175e+00
2.365659300266226062e+00
2.367431386339638788e+00
2.369108723210099132e+00
2.370753837426003763e+00
2.372403180398039879e+00
2.374077566982517595e+00
2.375788529655611381e+00
2.377542116775294812e+00
2.379341115008458463e+00
2.381186315785683849e+00
2.383077212874232576e+00
2.385012369811970512e+00
2.386989602674505218e+00
2.389006065749668117e+00
2.391058292307067124e+00
2.393142221187329000e+00
2.395253227002697827e+00
2.397386163756208610e+00
2.399535426325932086e+00
2.401695029152977945e+00
2.403858685357401992e+00
2.406019587448952279e+00
1.550105797298179988e+00
