7.798455546562420293e-02
7.798985407540673376e-02
7.816461872488726648e-02
7.941827518659687335e-02
8.404983511204847102e-02
9.488360718226053481e-02
1.113830319468028379e-01
1.281647934781528775e-01
1.407079526874426278e-01
1.485587036193932453e-01
1.531256521549818894e-01
1.557490899558267305e-01
1.572821538477094105e-01
1.582060688788561598e-01
1.587840329654766902e-01
1.591606088677011976e-01
1.594165915875271899e-01
1.595980426802396102e-01
1.597316040406711324e-01
1.598326503073209948e-01
1.599096588639520866e-01
1.599665237729643308e-01
1.600037022717857027e-01
1.600186598934051352e-01
1.600058727422683513e-01
1.599565598696171542e-01
1.598583174207026947e-01
1.596948983244967091e-01
1.594465181996808922e-01
1.590912288622049753e-01
1.586079619971042243e-01
1.579815689257830780e-01
1.572093038378895302e-01
1.563067650634988592e-01
1.553101348362916356e-01
1.542720815196657325e-01
1.532515766146416436e-01
1.523014908040969118e-01
1.514591570853468516e-01
1.507429767503619955e-01
1.501546234445650385e-01
1.496842145122973533e-01
1.493157828780232177e-01
1.490315232198095030e-01
1.488144293828684017e-01
1.486495815201241411e-01
1.485245278086948784e-01
1.484291518507274421e-01
1.483552910880890363e-01
1.482962547028382760e-01
1.482463040758097150e-01
1.482001012890437897e-01
1.481520900701187859e-01
1.480957372401868755e-01
1.480225203435277803e-01
1.479204879910166748e-01
1.477721317144970459e-01
1.475511788068728514e-01
1.472177344030511092e-01
1.467109749621801629e-01
1.459383906310787737e-01
1.447606205491376308e-01
1.429718416178262230e-01
1.402788468247646858e-01
1.362898242792377479e-01
1.305386740264774248e-01
1.225879085873330526e-01
1.122463104385307137e-01
9.985477968952122252e-02
8.643441152443126496e-02
7.344610268723669733e-02
6.221126895464171302e-02
5.342377826369054672e-02
4.708809941291310780e-02
4.278360726762069771e-02
3.996625078947921295e-02
3.814985115033536073e-02
3.696768752476934511e-02
3.616849630522173814e-02
3.559007565949260515e-02
3.513171883664254619e-02
3.473250090913022198e-02
3.435612541075849097e-02
3.398102079448704627e-02
3.359412531066882646e-02
3.318709271628596941e-02
3.275402000143864956e-02
3.229010068927599258e-02
3.179082259609201239e-02
3.125147208012802463e-02
3.066679791579200384e-02
3.003074373768986616e-02
2.933619045591778773e-02
2.857466703736858196e-02
2.773599445304028924e-02
2.680782634700655878e-02
2.577504475318929608e-02
2.461898988411158687e-02
2.331731794975760649e-02
1.173853321253750803e-01
