1.402785811526102508e-08
7.785041997127432629e-04
4.869004562514447042e-03
1.281448527308659199e-02
2.362513062937765529e-02
3.579372437949866065e-02
4.784936477749270750e-02
5.861991348078172959e-02
6.731950613601206390e-02
7.353867470147065766e-02
7.718717270432010058e-02
7.842042643840041460e-02
7.756738490158784916e-02
7.506872650615419029e-02
7.142867012709518126e-02
6.718013815531809207e-02
6.286108248571183055e-02
5.899893929532283587e-02
5.610007713073886237e-02
5.464148368074456946e-02
5.506259937457833042e-02
5.775599558757198160e-02
6.305639239247924632e-02
7.122822629868796884e-02
8.245255010247705407e-02
9.681443738049079484e-02
1.142922583135399378e-01
1.347501961814419336e-01
1.579352061242925709e-01
1.834793131004701650e-01
2.109077459028126933e-01
2.396529537725604342e-01
2.690740962154447580e-01
2.984811756056568455e-01
3.271626296516452759e-01
3.544149415225923971e-01
3.795726742999555592e-01
4.020372984567457952e-01
4.213032521984364509e-01
4.369798429351129943e-01
4.488078462394958223e-01
4.566699649315889564e-01
4.605946522706625967e-01
4.607531567196477829e-01
4.574499903379667942e-01
4.511073406178133238e-01
4.422442224430468971e-01
4.314513929457112762e-01
4.193632215765396021e-01
4.066278185449676563e-01
3.938767777202959453e-01
3.816958880419459854e-01
3.705981146746976651e-01
3.610000523201433165e-01
3.532029129973507375e-01
3.473789336367935077e-01
3.435638790121513519e-01
3.416560767216646477e-01
3.414221572640975255e-01
3.425093887573435469e-01
3.444641990865972003e-01
3.467561769585054132e-01
3.488065487732093795e-01
3.500198544307708826e-01
3.498173086786095509e-01
3.476701537143501719e-01
3.431312024838347186e-01
3.358627585376494085e-01
3.256591926443024865e-01
3.124626687814593962e-01
2.963708455834238031e-01
2.776358275369995021e-01
2.566541861771378108e-01
2.339484867224505826e-01
2.101414002237439738e-01
1.859241057603521208e-01
1.620212348242952016e-01
1.391550211059413567e-01
1.180115360068874908e-01
9.921186422200414801e-02
8.329077013718017009e-02
7.068481054545688869e-02
6.173097322292310507e-02
5.667580222288437497e-02
5.569367306012944219e-02
5.891148798131213421e-02
6.643566618733165452e-02
7.837599232112969772e-02
9.485971732525660949e-02
1.160282858320702409e-01
1.420081240048416127e-01
1.728458932258411240e-01
2.083972176929222708e-01
2.481557338259977874e-01
2.910058965117049423e-01
3.348777655055951152e-01
3.762744432723816868e-01
4.096324793635091610e-01
4.264620722173437239e-01
4.141971093411687121e-01
