7.310906661336394885e-01
-2.446432807934068032e-01
-2.446580493836485737e-01
-2.446597841826991526e-01
-2.446601926905941637e-01
-2.446599051518522361e-01
-2.446578899808480312e-01
-2.446505737009059822e-01
-2.446286973722172631e-01
-2.445710084959556996e-01
-2.444327161420216110e-01
-2.441255613175453976e-01
-2.434851997577439919e-01
-2.422210010072315678e-01
-2.398453917518537093e-01
-2.355895210387048133e-01
-2.283385631880836542e-01
-2.166721865972951744e-01
-1.991558370992113081e-01
-1.749977810407615242e-01
-1.448968185299751577e-01
-1.114261148133950940e-01
-7.830362328622270107e-02
-4.886974172173857989e-02
-2.494778970853128719e-02
-6.760526698643911162e-03
6.462630379655750872e-03
1.583342415305894618e-02
2.240953726396204340e-02
2.704282955546449471e-02
3.036423785835320674e-02
3.282160609885391434e-02
3.472750620391849147e-02
3.630081747880698623e-02
3.769846282510998930e-02
3.903836333965211153e-02
4.041581046351311324e-02
4.191531877037778242e-02
4.361955637301570543e-02
4.561648359990168322e-02
4.800544350337127009e-02
5.090262895659888182e-02
5.444606180247664462e-02
5.879991559788782379e-02
6.415765515044417888e-02
7.074302837189257176e-02
7.880743877092342975e-02
8.862172878788740493e-02
1.004601087756392258e-01
1.145742203917765045e-01
1.311566028608013579e-01
1.502955705280694387e-01
1.719277108547180577e-01
1.957989043510807159e-01
2.214477271051343843e-01
2.482234596878028776e-01
2.753430362454515334e-01
3.019788294347404700e-01
3.273575820204653319e-01
3.508462875992930385e-01
3.720060254342263395e-01
3.906066645477790922e-01
4.066076461198748770e-01
4.201175181805963388e-01
4.313461097362724650e-01
4.405600305771156244e-01
4.480474594329426075e-01
4.540941016425867338e-01
4.589696610161377865e-01
4.629231528690688213e-01
4.661854790074235200e-01
4.689784963702878784e-01
4.715311388351127730e-01
4.741050367878741345e-01
4.770347876047161262e-01
4.807919617315388749e-01
4.860872198883049444e-01
4.940299601940222329e-01
5.063616587836841099e-01
5.257407437142852524e-01
5.559166018131804776e-01
6.012915003261770641e-01
6.649481874832080530e-01
7.447710593674824464e-01
8.304843711165003084e-01
9.071699395723100690e-01
9.643378439167802352e-01
1.000755791061564315e+00
1.021343711529643539e+00
1.032126974891254045e+00
1.037681154440101228e+00
1.040809024203644517e+00
1.043034185385322887e+00
1.045141650844118475e+00
1.047561885076990551e+00
1.050614332037305809e+00
1.054679590105360942e+00
1.060389481202695716e+00
1.069000705836125942e+00
1.083478482395315634e+00
