1.632005031307666790e-02
2.858501507292499945e-03
2.858297831742808836e-03
2.858274121655852984e-03
2.858270636554296248e-03
2.858287580459777186e-03
2.858371932264453311e-03
2.858670205531800134e-03
2.859558621865820448e-03
2.861899602338553381e-03
2.867510158040183135e-03
2.879970045933461821e-03
2.905944027607135476e-03
2.957216349186328648e-03
3.053553123103445923e-03
3.226116599497551654e-03
3.520079157689525676e-03
3.992969120072259286e-03
4.702847504387897351e-03
5.681668146461605826e-03
6.900937336767659983e-03
8.256211173100762302e-03
9.596726990966199591e-03
1.078712122783900482e-02
1.175357307246717442e-02
1.248712780902941355e-02
1.301904729033110351e-02
1.339436549797914759e-02
1.365587277364655253e-02
1.383796863756638594e-02
1.396604905720577085e-02
1.405803315142911333e-02
1.412628910477728601e-02
1.417930151508352277e-02
1.422293390415234511e-02
1.426132869417733040e-02
1.429753274302255316e-02
1.433393084591432116e-02
1.437255075246375580e-02
1.441528469580291745e-02
1.446405759955985727e-02
1.452096087454741828e-02
1.458836189010338444e-02
1.466899154530012551e-02
1.476600480723323609e-02
1.488300094031167267e-02
1.502398140734342163e-02
1.519321525178109200e-02
1.539497722743039636e-02
1.563312851806050383e-02
1.591053105443358470e-02
1.622833080345955498e-02
1.658521242464513698e-02
1.697680123193344437e-02
1.739543259300190686e-02
1.783047857039725057e-02
1.826929200291571229e-02
1.869862880625869014e-02
1.910622754816007629e-02
1.948215965798755916e-02
1.981965299981081063e-02
2.011528497171590976e-02
2.036863673307569636e-02
2.058161555736846143e-02
2.075766708877129635e-02
2.090104437585494149e-02
2.101622250202868358e-02
2.110748035932703479e-02
2.117862786634831448e-02
2.123283583037453501e-02
2.127251829504855224e-02
2.129921446204688373e-02
2.131341132096553972e-02
2.131423212902494937e-02
2.129888281991873175e-02
2.126169101452589361e-02
2.119248851621539920e-02
2.107400536796689289e-02
2.087799731593682762e-02
2.056046980706211294e-02
2.005871937971571636e-02
1.929863079190648201e-02
1.822782438642203337e-02
1.688111910319286049e-02
1.543095596366305354e-02
1.412878426418871444e-02
1.315223128950867952e-02
1.252300558547233406e-02
1.215861812799761202e-02
1.195734478159483916e-02
1.184144955441860346e-02
1.176274296691818752e-02
1.169424398391952051e-02
1.162090973522891986e-02
1.153282796908252153e-02
1.142047469934331753e-02
1.127053545128376029e-02
1.105988522740272012e-02
1.074219352080274699e-02
1.020806837451675338e-02
