3.877250672956318272e-08
2.151758242373286948e-03
1.345775745771096016e-02
3.541878684573458724e-02
6.529903059953412470e-02
9.893259597988296461e-02
1.322539622654387015e-01
1.620233802798003719e-01
1.860687485746522207e-01
2.032583118761372987e-01
2.133426321056370589e-01
2.167513020758491393e-01
2.143935252538352598e-01
2.074873212805833922e-01
1.974263334025041783e-01
1.856835403750152214e-01
1.737458223257439538e-01
1.630709943078454405e-01
1.550586411844463719e-01
1.510271401604894870e-01
1.521910891353745743e-01
1.596355415910256648e-01
1.742856520426023237e-01
1.968723137066987761e-01
2.278959501479425054e-01
2.675917017417100419e-01
3.158997844280836409e-01
3.724448055666480517e-01
4.365273580595477321e-01
5.071303718266356730e-01
5.829415959402615144e-01
6.623923400535044470e-01
7.437113435667441763e-01
8.249914772967403831e-01
9.042660080821619539e-01
9.795904401323319854e-01
1.049125529195550577e+00
1.111216960698459655e+00
1.164467379612270648e+00
1.207796925351911854e+00
1.240489110712523768e+00
1.262219730411776153e+00
1.273067428258115141e+00
1.273505528983432500e+00
1.264375693215899155e+00
1.246844832343392051e+00
1.222347485260718791e+00
1.192516483914816572e+00
1.159105203168439235e+00
1.123904996858388294e+00
1.088661568237903721e+00
1.054994017344148549e+00
1.024320161861059120e+00
9.977914548998823019e-01
9.762404358932509352e-01
9.601431616625987209e-01
9.495984847851880462e-01
9.443253863164982054e-01
9.436788411584159375e-01
9.466839107878712856e-01
9.520869378233062230e-01
9.584218840946754359e-01
9.640890397167608539e-01
9.674425739046810246e-01
9.668827445655056030e-01
9.609480837201265224e-01
9.484025820701732501e-01
9.283128585000200994e-01
9.001105610420118142e-01
8.636358329634428177e-01
8.191585992966691210e-01
7.673756679813592552e-01
7.093831488000099661e-01
6.466253936478851827e-01
5.808234434215572284e-01
5.138876928002871214e-01
4.478209977560946298e-01
3.846195868215211977e-01
3.261797372341039281e-01
2.742181052583725909e-01
2.302127608591253427e-01
1.953703316666765555e-01
1.706222400484932455e-01
1.566499251015049110e-01
1.539353546190168620e-01
1.628292819499695399e-01
1.836258460248476332e-01
2.166284877376406515e-01
2.621889242204906711e-01
3.206981034652355289e-01
3.925054629430788644e-01
4.777399730743986939e-01
5.760025842170930499e-01
6.858937252352694802e-01
8.043300686487375728e-01
9.255903723834565389e-01
1.040009334573285038e+00
1.132209773742338665e+00
1.178726176803987613e+00
1.144826250546750135e+00
