-8.826925184582813388e-01
-8.826914692148675190e-01
-8.825824338087802090e-01
-8.806838895369712983e-01
-8.666985726281399849e-01
-8.049137618710746622e-01
-6.299664689341646362e-01
-3.354899069369847719e-01
-5.205228875870587801e-02
1.262808628060065608e-01
2.183160320422731504e-01
2.655839595530974928e-01
2.937206262558297309e-01
3.152729916747522565e-01
3.361431562834124032e-01
3.590030066612715509e-01
3.847343557240698320e-01
4.130525553813728656e-01
4.429093679248036208e-01
4.728948586421306555e-01
5.016342215924108894e-01
5.280862901670616560e-01
5.516781484554378334e-01
5.722866759065113884e-01
5.901299496348654250e-01
6.056351525526764146e-01
6.193244543704301552e-01
6.317328262301197261e-01
6.433548430448443600e-01
6.546116191301163401e-01
6.658298580060810767e-01
6.772285840157458159e-01
6.889129072452008229e-01
7.008766456638674258e-01
7.130159537264453284e-01
7.251542123512684235e-01
7.370752320178524108e-01
7.485589770692984146e-01
7.594131039466252009e-01
7.694951274118184692e-01
7.787231646684884545e-01
7.870764489823796062e-01
7.945889313352859640e-01
8.013399196050556839e-01
8.074451930927003529e-01
8.130510116386203689e-01
8.183324358156873757e-01
8.234966324737349463e-01
8.287913371917524641e-01
8.345181600706682579e-01
8.410495659434347182e-01
8.488465825336103387e-01
8.584709401913415139e-01
8.705800564261092500e-01
8.858870819592188361e-01
9.050656742863358861e-01
9.285901066206878607e-01
9.565371066254191312e-01
9.884327462598125891e-01
1.023264973211895912e+00
1.059735516216934181e+00
1.096685313186791966e+00
1.133502118104403378e+00
1.170332963833620399e+00
1.208060880032242990e+00
1.248128146347139644e+00
1.292310453549468052e+00
1.342494987876168500e+00
1.400457455900027126e+00
1.467606893609131768e+00
1.544679978047926339e+00
1.631412939102757642e+00
1.726283656752384488e+00
1.826463971629133543e+00
1.928101159286205624e+00
2.026929297904365601e+00
2.119042886709104678e+00
2.201562379034400774e+00
2.272970918811955787e+00
2.333068942930990985e+00
2.382655505147848185e+00
2.423109496080389391e+00
2.456011095317126802e+00
2.482871148070986411e+00
2.504974433295778624e+00
2.523310017733524813e+00
2.538552488727765510e+00
2.551059127864399922e+00
2.560848997670568838e+00
2.567521985275699858e+00
2.570051313523680214e+00
2.566340987329728929e+00
2.552445959400518216e+00
2.521835206521708450e+00
2.467499186643468345e+00
2.393496096657295347e+00
2.327197637296220201e+00
2.293479769646201927e+00
2.285128185550257207e+00
1.696079203234466481e+00
