#Akaike Information Criterion from bootstrap run
3.180278280846286521e+02
3.263005015605615426e+02
2.619087321887539019e+02
3.038642938405117775e+02
3.275276364277414700e+02
3.532159333031340225e+02
2.723077523779965077e+02
3.484015929631805193e+02
3.535011337792352037e+02
3.581820991224552699e+02
3.273369760771021220e+02
3.036250889129852908e+02
3.378953810276812533e+02
3.056481367123904533e+02
2.914435404045146925e+02
2.627030374242141306e+02
3.218799739494797336e+02
2.797541774990151566e+02
2.807650224014628293e+02
3.331064407218906922e+02
2.484432778171298537e+02
3.587248096378152695e+02
3.275384455125544605e+02
3.628419749419222171e+02
