#Bayesian Information Criterion from bootstrap run
3.419254026499244219e+02
3.501980761258573125e+02
2.858063067540496718e+02
3.277618684058075473e+02
3.514252109930372399e+02
3.771135078684297923e+02
2.962053269432923344e+02
3.722991675284762891e+02
3.773987083445309736e+02
3.820796736877510398e+02
3.512345506423978918e+02
3.275226634782810606e+02
3.617929555929770231e+02
3.295457112776862232e+02
3.153411149698104623e+02
2.866006119895099005e+02
3.457775485147755035e+02
3.036517520643109265e+02
3.046625969667585991e+02
3.570040152871864620e+02
2.723408523824256235e+02
3.826223842031110394e+02
3.514360200778502303e+02
3.867395495072179870e+02
