#Variance for the Conditional distribution of mass given radius from initial fitting w/o bootstrap
nan
6.013535950332598023e-01
6.013557623718571721e-01
6.013594814707318159e-01
6.013648428276348046e-01
6.013719394394131390e-01
6.013808665796886999e-01
6.013917215302608810e-01
6.014046032624076332e-01
6.014196120643704457e-01
6.014368491115377191e-01
6.014564159761638384e-01
6.014784140739232177e-01
6.015029440452118736e-01
6.015301050698598218e-01
6.015599941148660479e-01
6.015927051158754812e-01
6.016283280944125789e-01
6.016669482143721659e-01
6.017086447829188556e-01
6.017534902027554811e-01
6.018015488846709671e-01
6.018528761313068909e-01
6.019075170051839674e-01
6.019655051960935976e-01
6.020268619049672365e-01
6.020915947631777509e-01
6.021596968078192225e-01
6.022311455347731934e-01
6.023059020522029128e-01
6.023839103574176734e-01
6.024650967597621198e-01
6.025493694712132919e-01
6.026366183846830760e-01
6.027267150575891241e-01
6.028195129150835108e-01
6.029148476834562675e-01
6.030125380597269880e-01
6.031123866184292526e-01
6.032141809511961661e-01
6.033176950291804230e-01
6.034226907727402445e-01
6.035289198074451633e-01
6.036361253804766180e-01
6.037440444071398016e-01
6.038524096136437258e-01
6.039609517396861138e-01
6.040694017628264190e-01
6.041774931061845155e-01
6.042849637917103722e-01
6.043915585030550375e-01
6.044970305248885678e-01
6.046011435292001357e-01
6.047036731835260248e-01
6.048044085610029263e-01
6.049031533374235048e-01
6.049997267658763223e-01
6.050939644248944926e-01
6.051857187411403549e-01
6.052748592923349324e-01
6.053612729003264858e-01
6.054448635277417390e-01
6.055255519945462739e-01
6.056032755330336137e-01
6.056779872012597599e-01
6.057496551757671766e-01
6.058182619446884631e-01
6.058838034219955482e-01
6.059462880028976262e-01
6.060057355792433098e-01
6.060621765323389587e-01
6.061156507189459086e-01
6.061662064644407488e-01
6.062138995752650583e-01
6.062587923809458212e-01
6.063009528141566351e-01
6.063404535355639835e-01
6.063773711085966855e-01
6.064117852278081422e-01
6.064437780031721736e-01
6.064734333014976109e-01
6.065008361451392771e-01
6.065260721673225719e-01
6.065492271227107546e-01
6.065703864512566046e-01
6.065896348929570303e-01
6.066070561507829195e-01
6.066227325988342578e-01
6.066367450326284327e-01
6.066491724583478184e-01
6.066600919178796181e-01
6.066695783465049230e-01
6.066777044601940894e-01
6.066845406695623444e-01
6.066901550176931890e-01
6.066946131391774966e-01
6.066979782378946195e-01
6.067003110812243527e-01
6.067016700085592351e-01
nan
