#Akaike Information Criterion from bootstrap run
8.175818210564141282e+02
7.306839587232364011e+02
7.672262068257587089e+02
7.665646893126183841e+02
7.854675152545605670e+02
8.414740312415344761e+02
7.082783497999599831e+02
7.631836994192418615e+02
7.773440265005999663e+02
7.668783453633415093e+02
8.142233263727767962e+02
7.804736285728492931e+02
7.583569530721372303e+02
7.889884923760973834e+02
8.258958967567918990e+02
7.851915544240915779e+02
8.279573772700719019e+02
8.503237096405622424e+02
7.584483257974125081e+02
7.658453947955067633e+02
7.977938642096955846e+02
7.401408679246590054e+02
8.222155591228842013e+02
7.503214961769928095e+02
7.626467747798200207e+02
7.463746521462765031e+02
7.829621921051980280e+02
7.450735898771910115e+02
7.434789845994241659e+02
7.586952843067033427e+02
7.897476931245078049e+02
7.137435822865455748e+02
8.063645856268777834e+02
7.348723078040630980e+02
7.783154261737892057e+02
7.705173865032189724e+02
7.105246655050797244e+02
7.903666790167440013e+02
8.000160302000335832e+02
8.439140081806031048e+02
7.300761340525594960e+02
8.071955556862723142e+02
7.355686865159017316e+02
7.626694107764330965e+02
8.031522385996493085e+02
7.647330225779653574e+02
7.397784223387766360e+02
7.960148168851383161e+02
7.827885846820490769e+02
7.921038757463054480e+02
